<?xml version="1.0" encoding="utf-8"?>
<COLLADA xmlns="http://www.collada.org/2005/11/COLLADASchema" version="1.4.1">
  <asset><contributor><author></author><authoring_tool>FBX COLLADA exporter</authoring_tool><comments></comments></contributor><created>2019-12-02T11:13:29Z</created><keywords></keywords><modified>2019-12-02T11:13:29Z</modified><revision></revision><subject></subject><title></title><unit meter="0.010000" name="centimeter"></unit><up_axis>Y_UP</up_axis></asset>
  <library_animations>
    <animation id="root_jnt-anim" name="root_jnt"><animation><source id="root_jnt-Matrix-animation-input"><float_array id="root_jnt-Matrix-animation-input-array" count="61">

0.000000 0.033333 0.066667 0.100000 0.133333 0.166667 0.200000 0.233333 0.266667 0.300000 0.333333 0.366667 0.400000 0.433333 0.466667 0.500000
0.533333 0.566667 0.600000 0.633333 0.666667 0.700000 0.733333 0.766667 0.800000 0.833333 0.866667 0.900000 0.933333 0.966667 1.000000 1.033333
1.066667 1.100000 1.133333 1.166667 1.200000 1.233333 1.266667 1.300000 1.333333 1.366667 1.400000 1.433333 1.466667 1.500000 1.533333 1.566667
1.600000 1.633333 1.666667 1.700000 1.733333 1.766667 1.800000 1.833333 1.866667 1.900000 1.933333 1.966667 2.000000</float_array><technique_common><accessor source="#root_jnt-Matrix-animation-input-array" count="61"><param name="TIME" type="float"/></accessor></technique_common></source><source id="root_jnt-Matrix-animation-output-transform"><float_array id="root_jnt-Matrix-animation-output-transform-array" count="976">

0.970911 0.179136 0.158876 0.000000 -0.162692 0.980393 -0.111183 1.982647 -0.175677 0.082101 0.981018 0.000000 0.000000 0.000000 0.000000 1.000000
0.970911 0.179136 0.158876 -0.000013 -0.162692 0.980393 -0.111183 1.984890 -0.175677 0.082101 0.981018 0.000000 0.000000 0.000000 0.000000 1.000000
0.970911 0.179136 0.158876 -0.000017 -0.162692 0.980393 -0.111183 1.985638 -0.175677 0.082101 0.981018 0.000000 0.000000 0.000000 0.000000 1.000000
0.970911 0.179136 0.158876 -0.000015 -0.162692 0.980393 -0.111183 1.985264 -0.175677 0.082101 0.981018 0.000000 0.000000 0.000000 0.000000 1.000000
0.970911 0.179136 0.158876 -0.000009 -0.162692 0.980393 -0.111183 1.984143 -0.175677 0.082101 0.981018 0.000000 0.000000 0.000000 0.000000 1.000000
0.970911 0.179136 0.158876 -0.000000 -0.162692 0.980393 -0.111183 1.982647 -0.175677 0.082101 0.981018 0.000000 0.000000 0.000000 0.000000 1.000000
0.970911 0.179136 0.158876 0.000009 -0.162692 0.980393 -0.111183 1.981152 -0.175677 0.082101 0.981018 0.000000 0.000000 0.000000 0.000000 1.000000
0.970911 0.179136 0.158876 0.000015 -0.162692 0.980393 -0.111183 1.980030 -0.175677 0.082101 0.981018 0.000000 0.000000 0.000000 0.000000 1.000000
0.970911 0.179136 0.158876 0.000017 -0.162692 0.980393 -0.111183 1.979656 -0.175677 0.082101 0.981018 0.000000 0.000000 0.000000 0.000000 1.000000
0.970911 0.179136 0.158876 0.000013 -0.162692 0.980393 -0.111183 1.980404 -0.175677 0.082101 0.981018 0.000000 0.000000 0.000000 0.000000 1.000000
0.970911 0.179136 0.158876 0.000000 -0.162692 0.980393 -0.111183 1.982647 -0.175677 0.082101 0.981018 0.000000 0.000000 0.000000 0.000000 1.000000
0.970911 0.179136 0.158876 -0.000049 -0.162692 0.980393 -0.111183 1.991095 -0.175677 0.082101 0.981018 0.000000 0.000000 0.000000 0.000000 1.000000
0.970911 0.179136 0.158876 -0.000140 -0.162692 0.980393 -0.111183 2.006736 -0.175677 0.082101 0.981018 0.000000 0.000000 0.000000 0.000000 1.000000
0.970911 0.179136 0.158876 -0.000242 -0.162692 0.980393 -0.111183 2.024358 -0.175677 0.082101 0.981018 0.000000 0.000000 0.000000 0.000000 1.000000
0.970911 0.179136 0.158876 -0.000326 -0.162692 0.980393 -0.111183 2.038753 -0.175677 0.082101 0.981018 0.000000 0.000000 0.000000 0.000000 1.000000
0.970911 0.179136 0.158876 -0.000361 -0.162692 0.980393 -0.111183 2.044709 -0.175677 0.082101 0.981018 0.000000 0.000000 0.000000 0.000000 1.000000
0.970911 0.179136 0.158876 -0.000129 -0.162692 0.980393 -0.111183 2.004795 -0.175677 0.082101 0.981018 0.000000 0.000000 0.000000 0.000000 1.000000
0.970911 0.179136 0.158876 0.000103 -0.162692 0.980393 -0.111183 1.964881 -0.175677 0.082101 0.981018 0.000000 0.000000 0.000000 0.000000 1.000000
0.970911 0.179136 0.158876 -0.000418 -0.162692 0.980393 -0.111183 2.054522 -0.175677 0.082101 0.981018 0.000000 0.000000 0.000000 0.000000 1.000000
0.970911 0.179136 0.158876 -0.000759 -0.162692 0.980393 -0.111183 2.113274 -0.175677 0.082101 0.981018 0.000000 0.000000 0.000000 0.000000 1.000000
0.971054 0.179523 0.157562 -0.000429 -0.163073 0.980252 -0.111862 2.047327 -0.174532 0.082930 0.981153 0.000000 0.000000 0.000000 0.000000 1.000000
0.971455 0.180622 0.153789 -0.000152 -0.164166 0.979846 -0.113804 1.973782 -0.171245 0.085309 0.981528 0.000000 0.000000 0.000000 0.000000 1.000000
0.972065 0.182326 0.147807 0.000074 -0.165894 0.979195 -0.116862 1.893750 -0.166039 0.089077 0.982088 0.000000 0.000000 0.000000 0.000000 1.000000
0.972827 0.184518 0.139862 0.000254 -0.168181 0.978317 -0.120880 1.808339 -0.159134 0.094073 0.982765 0.000000 0.000000 0.000000 0.000000 1.000000
0.973679 0.187074 0.130200 0.000392 -0.170947 0.977229 -0.125703 1.718659 -0.150751 0.100137 0.983487 0.000000 0.000000 0.000000 0.000000 1.000000
0.974562 0.189872 0.119069 0.000490 -0.174115 0.975949 -0.131174 1.625819 -0.141111 0.107106 0.984183 0.000000 0.000000 0.000000 0.000000 1.000000
0.975419 0.192793 0.106719 0.000555 -0.177607 0.974499 -0.137140 1.530929 -0.130437 0.114815 0.984786 0.000000 0.000000 0.000000 0.000000 1.000000
0.976199 0.195730 0.093407 0.000588 -0.181343 0.972901 -0.143452 1.435098 -0.118953 0.123099 0.985239 0.000000 0.000000 0.000000 0.000000 1.000000
0.976862 0.198588 0.079391 0.000595 -0.185245 0.971182 -0.149966 1.339435 -0.106884 0.131790 0.985498 0.000000 0.000000 0.000000 0.000000 1.000000
0.977378 0.201286 0.064936 0.000578 -0.189237 0.969372 -0.156548 1.245050 -0.094458 0.140718 0.985533 0.000000 0.000000 0.000000 0.000000 1.000000
0.977727 0.203762 0.050310 0.000543 -0.193241 0.967505 -0.163071 1.153052 -0.081903 0.149716 0.985331 0.000000 0.000000 0.000000 0.000000 1.000000
0.977904 0.205970 0.035785 0.000493 -0.197183 0.965618 -0.169415 1.064551 -0.069449 0.158616 0.984895 0.000000 0.000000 0.000000 0.000000 1.000000
0.977914 0.207884 0.021633 0.000431 -0.200991 0.963749 -0.175473 0.980656 -0.057327 0.167249 0.984247 0.000000 0.000000 0.000000 0.000000 1.000000
0.977776 0.209494 0.008129 0.000362 -0.204595 0.961940 -0.181141 0.902476 -0.045768 0.175453 0.983423 0.000000 0.000000 0.000000 0.000000 1.000000
0.977518 0.210804 -0.004453 0.000289 -0.207925 0.960234 -0.186327 0.831120 -0.035003 0.183064 0.982478 0.000000 0.000000 0.000000 0.000000 1.000000
0.977178 0.211833 -0.015839 0.000217 -0.210917 0.958674 -0.190943 0.767699 -0.025263 0.189926 0.981473 0.000000 0.000000 0.000000 0.000000 1.000000
0.976798 0.212609 -0.025759 0.000149 -0.213505 0.957302 -0.194905 0.713321 -0.016780 0.195882 0.980484 0.000000 0.000000 0.000000 0.000000 1.000000
0.976427 0.213164 -0.033940 0.000090 -0.215628 0.956163 -0.198132 0.669096 -0.009782 0.200780 0.979588 0.000000 0.000000 0.000000 0.000000 1.000000
0.976112 0.213533 -0.040116 0.000043 -0.217222 0.955299 -0.200543 0.636133 -0.004500 0.204467 0.978863 0.000000 0.000000 0.000000 0.000000 1.000000
0.975897 0.213744 -0.044017 0.000011 -0.218226 0.954752 -0.202056 0.615542 -0.001163 0.206792 0.978384 0.000000 0.000000 0.000000 0.000000 1.000000
0.975820 0.213814 -0.045377 0.000000 -0.218576 0.954560 -0.202582 0.608432 0.000000 0.207602 0.978213 0.000000 0.000000 0.000000 0.000000 1.000000
0.975820 0.213814 -0.045377 0.000001 -0.218576 0.954560 -0.202582 0.608284 0.000000 0.207602 0.978213 0.000000 0.000000 0.000000 0.000000 1.000000
0.975820 0.213814 -0.045377 0.000003 -0.218576 0.954560 -0.202582 0.607871 0.000000 0.207602 0.978213 0.000000 0.000000 0.000000 0.000000 1.000000
0.975820 0.213814 -0.045377 0.000007 -0.218576 0.954560 -0.202582 0.607240 0.000000 0.207602 0.978213 0.000000 0.000000 0.000000 0.000000 1.000000
0.975820 0.213814 -0.045377 0.000012 -0.218576 0.954560 -0.202582 0.606438 0.000000 0.207602 0.978213 0.000000 0.000000 0.000000 0.000000 1.000000
0.975820 0.213814 -0.045377 0.000017 -0.218576 0.954560 -0.202582 0.605511 0.000000 0.207602 0.978213 0.000000 0.000000 0.000000 0.000000 1.000000
0.975820 0.213814 -0.045377 0.000023 -0.218576 0.954560 -0.202582 0.604506 0.000000 0.207602 0.978213 0.000000 0.000000 0.000000 0.000000 1.000000
0.975820 0.213814 -0.045377 0.000029 -0.218576 0.954560 -0.202582 0.603471 0.000000 0.207602 0.978213 0.000000 0.000000 0.000000 0.000000 1.000000
0.975820 0.213814 -0.045377 0.000035 -0.218576 0.954560 -0.202582 0.602450 0.000000 0.207602 0.978213 0.000000 0.000000 0.000000 0.000000 1.000000
0.975820 0.213814 -0.045377 0.000040 -0.218576 0.954560 -0.202582 0.601492 0.000000 0.207602 0.978213 0.000000 0.000000 0.000000 0.000000 1.000000
0.975820 0.213814 -0.045377 0.000045 -0.218576 0.954560 -0.202582 0.600644 0.000000 0.207602 0.978213 0.000000 0.000000 0.000000 0.000000 1.000000
0.975820 0.213814 -0.045377 0.000049 -0.218576 0.954560 -0.202582 0.599950 0.000000 0.207602 0.978213 0.000000 0.000000 0.000000 0.000000 1.000000
0.975820 0.213814 -0.045377 0.000052 -0.218576 0.954560 -0.202582 0.599460 0.000000 0.207602 0.978213 0.000000 0.000000 0.000000 0.000000 1.000000
0.975820 0.213814 -0.045377 0.000054 -0.218576 0.954560 -0.202582 0.599218 0.000000 0.207602 0.978213 0.000000 0.000000 0.000000 0.000000 1.000000
0.975820 0.213814 -0.045377 0.000053 -0.218576 0.954560 -0.202582 0.599273 0.000000 0.207602 0.978213 0.000000 0.000000 0.000000 0.000000 1.000000
0.975820 0.213814 -0.045377 0.000051 -0.218576 0.954560 -0.202582 0.599670 0.000000 0.207602 0.978213 0.000000 0.000000 0.000000 0.000000 1.000000
0.975820 0.213814 -0.045377 0.000046 -0.218576 0.954560 -0.202582 0.600457 0.000000 0.207602 0.978213 0.000000 0.000000 0.000000 0.000000 1.000000
0.975820 0.213814 -0.045377 0.000039 -0.218576 0.954560 -0.202582 0.601679 0.000000 0.207602 0.978213 0.000000 0.000000 0.000000 0.000000 1.000000
0.975820 0.213814 -0.045377 0.000029 -0.218576 0.954560 -0.202582 0.603385 0.000000 0.207602 0.978213 0.000000 0.000000 0.000000 0.000000 1.000000
0.975820 0.213814 -0.045377 0.000016 -0.218576 0.954560 -0.202582 0.605620 0.000000 0.207602 0.978213 0.000000 0.000000 0.000000 0.000000 1.000000
0.975820 0.213814 -0.045377 0.000000 -0.218576 0.954560 -0.202582 0.608432 0.000000 0.207602 0.978213 0.000000 0.000000 0.000000 0.000000 1.000000</float_array><technique_common><accessor source="#root_jnt-Matrix-animation-output-transform-array" count="61" stride="16"><param type="float4x4"/></accessor></technique_common></source><source id="root_jnt-Interpolations"><Name_array id="root_jnt-Interpolations-array" count="61">
 LINEAR LINEAR LINEAR LINEAR LINEAR LINEAR LINEAR LINEAR LINEAR LINEAR LINEAR
LINEAR LINEAR LINEAR LINEAR LINEAR LINEAR LINEAR LINEAR LINEAR LINEAR LINEAR LINEAR
LINEAR LINEAR LINEAR LINEAR LINEAR LINEAR LINEAR LINEAR LINEAR LINEAR LINEAR LINEAR
LINEAR LINEAR LINEAR LINEAR LINEAR LINEAR LINEAR LINEAR LINEAR LINEAR LINEAR LINEAR
LINEAR LINEAR LINEAR LINEAR LINEAR LINEAR LINEAR LINEAR LINEAR LINEAR LINEAR LINEAR
LINEAR LINEAR</Name_array><technique_common><accessor source="#root_jnt-Interpolations-array" count="61"><param type="name"/></accessor></technique_common></source><sampler id="root_jnt-Matrix-animation-transform"><input semantic="INPUT" source="#root_jnt-Matrix-animation-input"/><input semantic="OUTPUT" source="#root_jnt-Matrix-animation-output-transform"/><input semantic="INTERPOLATION" source="#root_jnt-Interpolations"/></sampler><channel source="#root_jnt-Matrix-animation-transform" target="root_jnt/matrix"/></animation></animation>
    <animation id="jnt_spine1-anim" name="jnt_spine1"><animation><source id="jnt_spine1-Matrix-animation-input"><float_array id="jnt_spine1-Matrix-animation-input-array" count="61">

0.000000 0.033333 0.066667 0.100000 0.133333 0.166667 0.200000 0.233333 0.266667 0.300000 0.333333 0.366667 0.400000 0.433333 0.466667 0.500000
0.533333 0.566667 0.600000 0.633333 0.666667 0.700000 0.733333 0.766667 0.800000 0.833333 0.866667 0.900000 0.933333 0.966667 1.000000 1.033333
1.066667 1.100000 1.133333 1.166667 1.200000 1.233333 1.266667 1.300000 1.333333 1.366667 1.400000 1.433333 1.466667 1.500000 1.533333 1.566667
1.600000 1.633333 1.666667 1.700000 1.733333 1.766667 1.800000 1.833333 1.866667 1.900000 1.933333 1.966667 2.000000</float_array><technique_common><accessor source="#jnt_spine1-Matrix-animation-input-array" count="61"><param name="TIME" type="float"/></accessor></technique_common></source><source id="jnt_spine1-Matrix-animation-output-transform"><float_array id="jnt_spine1-Matrix-animation-output-transform-array" count="976">

0.919403 -0.215707 -0.328891 -0.000000 0.233556 0.972224 0.015254 0.479000 0.316465 -0.090839 0.944245 -0.000000 0.000000 0.000000 0.000000 1.000000
0.919403 -0.215707 -0.328891 -0.000000 0.233556 0.972224 0.015254 0.479000 0.316465 -0.090839 0.944245 0.000000 0.000000 0.000000 0.000000 1.000000
0.919403 -0.215707 -0.328891 0.000000 0.233556 0.972224 0.015254 0.479000 0.316465 -0.090839 0.944245 -0.000000 0.000000 0.000000 0.000000 1.000000
0.919403 -0.215707 -0.328891 0.000000 0.233556 0.972224 0.015254 0.479000 0.316465 -0.090839 0.944245 -0.000000 0.000000 0.000000 0.000000 1.000000
0.919403 -0.215707 -0.328891 -0.000000 0.233556 0.972224 0.015254 0.479000 0.316465 -0.090839 0.944245 -0.000000 0.000000 0.000000 0.000000 1.000000
0.919403 -0.215707 -0.328891 0.000000 0.233556 0.972224 0.015254 0.479000 0.316465 -0.090839 0.944245 0.000000 0.000000 0.000000 0.000000 1.000000
0.919403 -0.215707 -0.328891 0.000000 0.233556 0.972224 0.015254 0.479000 0.316465 -0.090839 0.944245 0.000000 0.000000 0.000000 0.000000 1.000000
0.919403 -0.215707 -0.328891 -0.000000 0.233556 0.972224 0.015254 0.479000 0.316465 -0.090839 0.944245 0.000000 0.000000 0.000000 0.000000 1.000000
0.919403 -0.215707 -0.328891 -0.000000 0.233556 0.972224 0.015254 0.479000 0.316465 -0.090839 0.944245 -0.000000 0.000000 0.000000 0.000000 1.000000
0.919403 -0.215707 -0.328891 -0.000000 0.233556 0.972224 0.015254 0.479000 0.316465 -0.090839 0.944245 0.000000 0.000000 0.000000 0.000000 1.000000
0.919403 -0.215707 -0.328891 -0.000000 0.233556 0.972224 0.015254 0.479000 0.316465 -0.090839 0.944245 -0.000000 0.000000 0.000000 0.000000 1.000000
0.919403 -0.215707 -0.328891 0.000000 0.233556 0.972224 0.015254 0.479000 0.316465 -0.090839 0.944245 -0.000000 0.000000 0.000000 0.000000 1.000000
0.919403 -0.215707 -0.328891 0.000000 0.233556 0.972224 0.015254 0.479000 0.316465 -0.090839 0.944245 0.000000 0.000000 0.000000 0.000000 1.000000
0.919403 -0.215707 -0.328891 0.000000 0.233556 0.972224 0.015254 0.479000 0.316465 -0.090839 0.944245 0.000000 0.000000 0.000000 0.000000 1.000000
0.919403 -0.215707 -0.328891 0.000000 0.233556 0.972224 0.015254 0.479000 0.316465 -0.090839 0.944245 -0.000000 0.000000 0.000000 0.000000 1.000000
0.919403 -0.215707 -0.328891 0.000000 0.233556 0.972224 0.015254 0.479000 0.316465 -0.090839 0.944245 0.000000 0.000000 0.000000 0.000000 1.000000
0.919403 -0.215707 -0.328891 -0.000000 0.233556 0.972224 0.015254 0.479000 0.316465 -0.090839 0.944245 0.000000 0.000000 0.000000 0.000000 1.000000
0.919403 -0.215707 -0.328891 0.000000 0.233556 0.972224 0.015254 0.479000 0.316465 -0.090839 0.944245 0.000000 0.000000 0.000000 0.000000 1.000000
0.919403 -0.215707 -0.328891 0.000000 0.233556 0.972224 0.015254 0.479000 0.316465 -0.090839 0.944245 0.000000 0.000000 0.000000 0.000000 1.000000
0.919403 -0.215707 -0.328891 0.000000 0.233556 0.972224 0.015254 0.479000 0.316465 -0.090839 0.944245 -0.000000 0.000000 0.000000 0.000000 1.000000
0.919669 -0.216005 -0.327949 0.000000 0.234070 0.972086 0.016135 0.479000 0.315310 -0.091602 0.944557 0.000000 0.000000 0.000000 0.000000 1.000000
0.920424 -0.216870 -0.325249 -0.000000 0.235545 0.971684 0.018669 0.479000 0.311991 -0.093794 0.945444 0.000000 0.000000 0.000000 0.000000 1.000000
0.921592 -0.218266 -0.320980 -0.000000 0.237878 0.971030 0.022690 0.479000 0.306728 -0.097265 0.946814 -0.000000 0.000000 0.000000 0.000000 1.000000
0.923088 -0.220167 -0.315332 0.000000 0.240965 0.970129 0.028040 0.479000 0.299739 -0.101867 0.948567 0.000000 0.000000 0.000000 0.000000 1.000000
0.924824 -0.222550 -0.308500 0.000000 0.244705 0.968982 0.034560 0.479000 0.291239 -0.107453 0.950596 -0.000000 0.000000 0.000000 0.000000 1.000000
0.926710 -0.225392 -0.300677 0.000000 0.248992 0.967591 0.042091 0.479000 0.281445 -0.113872 0.952797 0.000000 0.000000 0.000000 0.000000 1.000000
0.928663 -0.228664 -0.292058 0.000000 0.253721 0.965960 0.050472 0.479000 0.270575 -0.120973 0.955068 0.000000 0.000000 0.000000 0.000000 1.000000
0.930604 -0.232331 -0.282839 -0.000000 0.258789 0.964097 0.059538 0.479000 0.258852 -0.128602 0.957318 -0.000000 0.000000 0.000000 0.000000 1.000000
0.932467 -0.236347 -0.273213 -0.000000 0.264089 0.962018 0.069120 0.479000 0.246499 -0.136605 0.959467 0.000000 0.000000 0.000000 0.000000 1.000000
0.934196 -0.240654 -0.263371 -0.000000 0.269520 0.959745 0.079043 0.479000 0.233747 -0.144826 0.961451 0.000000 0.000000 0.000000 0.000000 1.000000
0.935747 -0.245181 -0.253503 0.000000 0.274976 0.957311 0.089128 0.479000 0.220828 -0.153109 0.963220 0.000000 0.000000 0.000000 0.000000 1.000000
0.937093 -0.249844 -0.243791 0.000000 0.280358 0.954757 0.099190 0.479000 0.207979 -0.161299 0.964742 -0.000000 0.000000 0.000000 0.000000 1.000000
0.938219 -0.254547 -0.234416 -0.000000 0.285566 0.952136 0.109038 0.479000 0.195441 -0.169243 0.966002 -0.000000 0.000000 0.000000 0.000000 1.000000
0.939123 -0.259180 -0.225551 -0.000000 0.290502 0.949511 0.118479 0.479000 0.183456 -0.176789 0.967000 -0.000000 0.000000 0.000000 0.000000 1.000000
0.939817 -0.263625 -0.217361 -0.000000 0.295072 0.946955 0.127314 0.479000 0.172268 -0.183789 0.967753 0.000000 0.000000 0.000000 0.000000 1.000000
0.940321 -0.267753 -0.210010 -0.000000 0.299183 0.944548 0.135343 0.479000 0.162126 -0.190097 0.968286 0.000000 0.000000 0.000000 0.000000 1.000000
0.940665 -0.271431 -0.203651 0.000000 0.302746 0.942379 0.142363 0.479000 0.153275 -0.195571 0.968638 0.000000 0.000000 0.000000 0.000000 1.000000
0.940882 -0.274522 -0.198440 -0.000000 0.305672 0.940537 0.148173 0.479000 0.145963 -0.200071 0.968848 -0.000000 0.000000 0.000000 0.000000 1.000000
0.941006 -0.276889 -0.194526 0.000000 0.307872 0.939115 0.152570 0.479000 0.140438 -0.203458 0.968959 0.000000 0.000000 0.000000 0.000000 1.000000
0.941066 -0.278399 -0.192063 0.000000 0.309258 0.938203 0.155352 0.479000 0.136944 -0.205594 0.969009 -0.000000 0.000000 0.000000 0.000000 1.000000
0.941084 -0.278928 -0.191206 0.000000 0.309741 0.937883 0.156323 0.479000 0.135725 -0.206338 0.969022 -0.000000 0.000000 0.000000 0.000000 1.000000
0.941084 -0.278928 -0.191206 0.000000 0.309741 0.937883 0.156323 0.479000 0.135725 -0.206338 0.969022 0.000000 0.000000 0.000000 0.000000 1.000000
0.942243 -0.275904 -0.189883 0.000000 0.305899 0.939786 0.152411 0.479000 0.136398 -0.201693 0.969905 0.000000 0.000000 0.000000 0.000000 1.000000
0.945462 -0.267213 -0.186276 0.000000 0.294905 0.945042 0.141159 0.479000 0.138319 -0.188395 0.972304 0.000000 0.000000 0.000000 0.000000 1.000000
0.950262 -0.253375 -0.181119 0.000000 0.277533 0.952781 0.123223 0.479000 0.141345 -0.167360 0.975711 0.000000 0.000000 0.000000 0.000000 1.000000
0.956080 -0.234903 -0.175306 0.000000 0.254541 0.961958 0.099222 0.479000 0.145329 -0.139487 0.979501 -0.000000 0.000000 0.000000 0.000000 1.000000
0.962326 -0.212360 -0.169798 0.000000 0.226695 0.971460 0.069824 0.479000 0.150124 -0.105686 0.983002 0.000000 0.000000 0.000000 0.000000 1.000000
0.968429 -0.186404 -0.165527 0.000000 0.194787 0.980192 0.035799 0.479000 0.155576 -0.066911 0.985555 0.000000 0.000000 0.000000 0.000000 1.000000
0.973870 -0.157815 -0.163315 0.000000 0.159644 0.987173 -0.001950 0.479000 0.161528 -0.024174 0.986572 0.000000 0.000000 0.000000 0.000000 1.000000
0.978223 -0.127481 -0.163791 0.000000 0.122129 0.991609 -0.042379 0.479000 0.167819 0.021453 0.985584 0.000000 0.000000 0.000000 0.000000 1.000000
0.981178 -0.096370 -0.167338 0.000000 0.083143 0.992962 -0.084337 0.479000 0.174288 0.068837 0.982286 0.000000 0.000000 0.000000 0.000000 1.000000
0.982558 -0.065477 -0.174050 0.000000 0.043612 0.990994 -0.126607 0.479000 0.180773 0.116808 0.976564 -0.000000 0.000000 0.000000 0.000000 1.000000
0.982328 -0.035764 -0.183721 0.000000 0.004475 0.985782 -0.167969 0.479000 0.187116 0.164178 0.968521 -0.000000 0.000000 0.000000 0.000000 1.000000
0.980599 -0.008094 -0.195856 0.000000 -0.033327 0.977717 -0.207265 0.479000 0.193169 0.209772 0.958479 -0.000000 0.000000 0.000000 0.000000 1.000000
0.977619 0.016821 -0.209709 0.000000 -0.068870 0.967464 -0.243457 0.479000 0.198790 0.252450 0.946969 0.000000 0.000000 0.000000 0.000000 1.000000
0.973752 0.038447 -0.224340 0.000000 -0.101250 0.955909 -0.275656 0.479000 0.203851 0.291135 0.934711 0.000000 0.000000 0.000000 0.000000 1.000000
0.969456 0.056437 -0.238684 0.000000 -0.129595 0.944092 -0.303143 0.479000 0.208231 0.324816 0.922570 0.000000 0.000000 0.000000 0.000000 1.000000
0.965248 0.070602 -0.251619 0.000000 -0.153062 0.933125 -0.325345 0.479000 0.211822 0.352552 0.911503 0.000000 0.000000 0.000000 0.000000 1.000000
0.961665 0.080855 -0.262038 0.000000 -0.170831 0.924118 -0.341793 0.479000 0.214518 0.373455 0.902504 0.000000 0.000000 0.000000 0.000000 1.000000
0.959215 0.087132 -0.268915 0.000000 -0.182093 0.918099 -0.352045 0.479000 0.216217 0.386655 0.896520 0.000000 0.000000 0.000000 0.000000 1.000000
0.958325 0.089285 -0.271370 0.000000 -0.186032 0.915938 -0.355598 0.479000 0.216809 0.391262 0.894376 -0.000000 0.000000 0.000000 0.000000 1.000000</float_array><technique_common><accessor source="#jnt_spine1-Matrix-animation-output-transform-array" count="61" stride="16"><param type="float4x4"/></accessor></technique_common></source><source id="jnt_spine1-Interpolations"><Name_array id="jnt_spine1-Interpolations-array" count="61">
 LINEAR LINEAR LINEAR LINEAR LINEAR LINEAR LINEAR LINEAR LINEAR LINEAR LINEAR
LINEAR LINEAR LINEAR LINEAR LINEAR LINEAR LINEAR LINEAR LINEAR LINEAR LINEAR LINEAR
LINEAR LINEAR LINEAR LINEAR LINEAR LINEAR LINEAR LINEAR LINEAR LINEAR LINEAR LINEAR
LINEAR LINEAR LINEAR LINEAR LINEAR LINEAR LINEAR LINEAR LINEAR LINEAR LINEAR LINEAR
LINEAR LINEAR LINEAR LINEAR LINEAR LINEAR LINEAR LINEAR LINEAR LINEAR LINEAR LINEAR
LINEAR LINEAR</Name_array><technique_common><accessor source="#jnt_spine1-Interpolations-array" count="61"><param type="name"/></accessor></technique_common></source><sampler id="jnt_spine1-Matrix-animation-transform"><input semantic="INPUT" source="#jnt_spine1-Matrix-animation-input"/><input semantic="OUTPUT" source="#jnt_spine1-Matrix-animation-output-transform"/><input semantic="INTERPOLATION" source="#jnt_spine1-Interpolations"/></sampler><channel source="#jnt_spine1-Matrix-animation-transform" target="jnt_spine1/matrix"/></animation></animation>
    <animation id="jnt_spine2-anim" name="jnt_spine2"><animation><source id="jnt_spine2-Matrix-animation-input"><float_array id="jnt_spine2-Matrix-animation-input-array" count="61">

0.000000 0.033333 0.066667 0.100000 0.133333 0.166667 0.200000 0.233333 0.266667 0.300000 0.333333 0.366667 0.400000 0.433333 0.466667 0.500000
0.533333 0.566667 0.600000 0.633333 0.666667 0.700000 0.733333 0.766667 0.800000 0.833333 0.866667 0.900000 0.933333 0.966667 1.000000 1.033333
1.066667 1.100000 1.133333 1.166667 1.200000 1.233333 1.266667 1.300000 1.333333 1.366667 1.400000 1.433333 1.466667 1.500000 1.533333 1.566667
1.600000 1.633333 1.666667 1.700000 1.733333 1.766667 1.800000 1.833333 1.866667 1.900000 1.933333 1.966667 2.000000</float_array><technique_common><accessor source="#jnt_spine2-Matrix-animation-input-array" count="61"><param name="TIME" type="float"/></accessor></technique_common></source><source id="jnt_spine2-Matrix-animation-output-transform"><float_array id="jnt_spine2-Matrix-animation-output-transform-array" count="976">

1.000000 -0.000000 -0.000000 0.000000 0.000000 1.000000 0.000000 0.449000 0.000000 0.000000 1.000000 0.000000 0.000000 0.000000 0.000000 1.000000
1.000000 -0.000000 -0.000000 0.000000 0.000000 1.000000 0.000000 0.449000 0.000000 0.000000 1.000000 -0.000000 0.000000 0.000000 0.000000 1.000000
1.000000 -0.000000 -0.000000 0.000000 0.000000 1.000000 0.000000 0.449000 0.000000 0.000000 1.000000 0.000000 0.000000 0.000000 0.000000 1.000000
1.000000 -0.000000 -0.000000 0.000000 0.000000 1.000000 0.000000 0.449000 0.000000 0.000000 1.000000 0.000000 0.000000 0.000000 0.000000 1.000000
1.000000 -0.000000 -0.000000 0.000000 0.000000 1.000000 0.000000 0.449000 0.000000 0.000000 1.000000 0.000000 0.000000 0.000000 0.000000 1.000000
1.000000 -0.000000 -0.000000 0.000000 0.000000 1.000000 0.000000 0.449000 0.000000 0.000000 1.000000 0.000000 0.000000 0.000000 0.000000 1.000000
1.000000 -0.000000 -0.000000 0.000000 0.000000 1.000000 0.000000 0.449000 0.000000 0.000000 1.000000 -0.000000 0.000000 0.000000 0.000000 1.000000
1.000000 -0.000000 -0.000000 0.000000 0.000000 1.000000 0.000000 0.449000 0.000000 0.000000 1.000000 0.000000 0.000000 0.000000 0.000000 1.000000
1.000000 -0.000000 -0.000000 0.000000 0.000000 1.000000 0.000000 0.449000 0.000000 0.000000 1.000000 -0.000000 0.000000 0.000000 0.000000 1.000000
1.000000 -0.000000 -0.000000 0.000000 0.000000 1.000000 0.000000 0.449000 0.000000 0.000000 1.000000 -0.000000 0.000000 0.000000 0.000000 1.000000
1.000000 -0.000000 -0.000000 0.000000 0.000000 1.000000 0.000000 0.449000 0.000000 0.000000 1.000000 0.000000 0.000000 0.000000 0.000000 1.000000
1.000000 -0.000000 -0.000000 -0.000000 0.000000 1.000000 0.000000 0.449000 0.000000 0.000000 1.000000 -0.000000 0.000000 0.000000 0.000000 1.000000
1.000000 -0.000000 -0.000000 0.000000 0.000000 1.000000 0.000000 0.449000 0.000000 0.000000 1.000000 -0.000000 0.000000 0.000000 0.000000 1.000000
1.000000 -0.000000 -0.000000 0.000000 0.000000 1.000000 0.000000 0.449000 0.000000 0.000000 1.000000 0.000000 0.000000 0.000000 0.000000 1.000000
1.000000 -0.000000 -0.000000 0.000000 0.000000 1.000000 0.000000 0.449000 0.000000 0.000000 1.000000 0.000000 0.000000 0.000000 0.000000 1.000000
1.000000 -0.000000 -0.000000 0.000000 0.000000 1.000000 0.000000 0.449000 0.000000 0.000000 1.000000 -0.000000 0.000000 0.000000 0.000000 1.000000
1.000000 -0.000000 -0.000000 0.000000 0.000000 1.000000 0.000000 0.449000 0.000000 0.000000 1.000000 0.000000 0.000000 0.000000 0.000000 1.000000
1.000000 -0.000000 -0.000000 0.000000 0.000000 1.000000 0.000000 0.449000 0.000000 0.000000 1.000000 -0.000000 0.000000 0.000000 0.000000 1.000000
1.000000 -0.000000 -0.000000 0.000000 0.000000 1.000000 0.000000 0.449000 0.000000 0.000000 1.000000 0.000000 0.000000 0.000000 0.000000 1.000000
1.000000 -0.000000 -0.000000 0.000000 0.000000 1.000000 0.000000 0.449000 0.000000 0.000000 1.000000 -0.000000 0.000000 0.000000 0.000000 1.000000
1.000000 0.000000 0.000000 0.000000 -0.000000 1.000000 -0.000000 0.449000 -0.000000 0.000000 1.000000 0.000000 0.000000 0.000000 0.000000 1.000000
1.000000 -0.000000 0.000000 0.000000 0.000000 1.000000 0.000000 0.449000 -0.000000 -0.000000 1.000000 0.000000 0.000000 0.000000 0.000000 1.000000
1.000000 0.000000 0.000000 -0.000000 -0.000000 1.000000 0.000000 0.449000 -0.000000 -0.000000 1.000000 0.000000 0.000000 0.000000 0.000000 1.000000
1.000000 0.000000 0.000000 0.000000 -0.000000 1.000000 -0.000000 0.449000 -0.000000 0.000000 1.000000 0.000000 0.000000 0.000000 0.000000 1.000000
1.000000 0.000000 0.000000 0.000000 -0.000000 1.000000 -0.000000 0.449000 -0.000000 0.000000 1.000000 -0.000000 0.000000 0.000000 0.000000 1.000000
1.000000 -0.000000 -0.000000 0.000000 0.000000 1.000000 -0.000000 0.449000 0.000000 0.000000 1.000000 0.000000 0.000000 0.000000 0.000000 1.000000
1.000000 -0.000000 0.000000 0.000000 0.000000 1.000000 0.000000 0.449000 0.000000 -0.000000 1.000000 0.000000 0.000000 0.000000 0.000000 1.000000
1.000000 -0.000000 -0.000000 0.000000 0.000000 1.000000 0.000000 0.449000 0.000000 -0.000000 1.000000 0.000000 0.000000 0.000000 0.000000 1.000000
1.000000 0.000000 -0.000000 -0.000000 -0.000000 1.000000 0.000000 0.449000 0.000000 0.000000 1.000000 0.000000 0.000000 0.000000 0.000000 1.000000
1.000000 0.000000 -0.000000 0.000000 -0.000000 1.000000 0.000000 0.449000 0.000000 -0.000000 1.000000 0.000000 0.000000 0.000000 0.000000 1.000000
1.000000 0.000000 0.000000 0.000000 -0.000000 1.000000 -0.000000 0.449000 0.000000 0.000000 1.000000 0.000000 0.000000 0.000000 0.000000 1.000000
1.000000 0.000000 0.000000 -0.000000 -0.000000 1.000000 -0.000000 0.449000 0.000000 0.000000 1.000000 -0.000000 0.000000 0.000000 0.000000 1.000000
1.000000 0.000000 0.000000 -0.000000 -0.000000 1.000000 0.000000 0.449000 0.000000 -0.000000 1.000000 0.000000 0.000000 0.000000 0.000000 1.000000
1.000000 0.000000 -0.000000 -0.000000 -0.000000 1.000000 -0.000000 0.449000 0.000000 0.000000 1.000000 0.000000 0.000000 0.000000 0.000000 1.000000
1.000000 -0.000000 0.000000 0.000000 0.000000 1.000000 0.000000 0.449000 0.000000 -0.000000 1.000000 -0.000000 0.000000 0.000000 0.000000 1.000000
1.000000 0.000000 0.000000 -0.000000 -0.000000 1.000000 -0.000000 0.449000 -0.000000 0.000000 1.000000 0.000000 0.000000 0.000000 0.000000 1.000000
1.000000 0.000000 0.000000 0.000000 -0.000000 1.000000 -0.000000 0.449000 -0.000000 0.000000 1.000000 0.000000 0.000000 0.000000 0.000000 1.000000
1.000000 0.000000 0.000000 0.000000 -0.000000 1.000000 0.000000 0.449000 0.000000 -0.000000 1.000000 -0.000000 0.000000 0.000000 0.000000 1.000000
1.000000 -0.000000 -0.000000 0.000000 0.000000 1.000000 -0.000000 0.449000 0.000000 0.000000 1.000000 0.000000 0.000000 0.000000 0.000000 1.000000
1.000000 -0.000000 0.000000 0.000000 0.000000 1.000000 -0.000000 0.449000 0.000000 0.000000 1.000000 0.000000 0.000000 0.000000 0.000000 1.000000
1.000000 0.000000 -0.000000 0.000000 -0.000000 1.000000 -0.000000 0.449000 0.000000 0.000000 1.000000 0.000000 0.000000 0.000000 0.000000 1.000000
1.000000 0.000000 -0.000000 0.000000 -0.000000 1.000000 -0.000000 0.449000 0.000000 0.000000 1.000000 0.000000 0.000000 0.000000 0.000000 1.000000
1.000000 -0.000000 0.000000 0.000000 0.000000 1.000000 0.000000 0.449000 -0.000000 0.000000 1.000000 0.000000 0.000000 0.000000 0.000000 1.000000
1.000000 0.000000 0.000000 0.000000 -0.000000 1.000000 -0.000000 0.449000 0.000000 0.000000 1.000000 -0.000000 0.000000 0.000000 0.000000 1.000000
1.000000 0.000000 -0.000000 0.000000 -0.000000 1.000000 -0.000000 0.449000 0.000000 0.000000 1.000000 0.000000 0.000000 0.000000 0.000000 1.000000
1.000000 0.000000 0.000000 -0.000000 -0.000000 1.000000 0.000000 0.449000 -0.000000 -0.000000 1.000000 0.000000 0.000000 0.000000 0.000000 1.000000
1.000000 0.000000 -0.000000 0.000000 -0.000000 1.000000 -0.000000 0.449000 0.000000 0.000000 1.000000 -0.000000 0.000000 0.000000 0.000000 1.000000
1.000000 0.000000 0.000000 0.000000 -0.000000 1.000000 -0.000000 0.449000 -0.000000 0.000000 1.000000 -0.000000 0.000000 0.000000 0.000000 1.000000
1.000000 0.000000 0.000000 0.000000 -0.000000 1.000000 0.000000 0.449000 0.000000 -0.000000 1.000000 0.000000 0.000000 0.000000 0.000000 1.000000
1.000000 -0.000000 -0.000000 -0.000000 -0.000000 1.000000 -0.000000 0.449000 0.000000 0.000000 1.000000 -0.000000 0.000000 0.000000 0.000000 1.000000
1.000000 -0.000000 -0.000000 -0.000000 0.000000 1.000000 0.000000 0.449000 0.000000 -0.000000 1.000000 -0.000000 0.000000 0.000000 0.000000 1.000000
1.000000 0.000000 0.000000 -0.000000 0.000000 1.000000 -0.000000 0.449000 -0.000000 0.000000 1.000000 -0.000000 0.000000 0.000000 0.000000 1.000000
1.000000 -0.000000 0.000000 0.000000 0.000000 1.000000 0.000000 0.449000 -0.000000 -0.000000 1.000000 -0.000000 0.000000 0.000000 0.000000 1.000000
1.000000 -0.000000 0.000000 -0.000000 0.000000 1.000000 0.000000 0.449000 0.000000 0.000000 1.000000 -0.000000 0.000000 0.000000 0.000000 1.000000
1.000000 0.000000 0.000000 0.000000 -0.000000 1.000000 0.000000 0.449000 -0.000000 -0.000000 1.000000 0.000000 0.000000 0.000000 0.000000 1.000000
1.000000 -0.000000 -0.000000 -0.000000 -0.000000 1.000000 0.000000 0.449000 0.000000 0.000000 1.000000 0.000000 0.000000 0.000000 0.000000 1.000000
1.000000 -0.000000 -0.000000 -0.000000 0.000000 1.000000 -0.000000 0.449000 0.000000 -0.000000 1.000000 0.000000 0.000000 0.000000 0.000000 1.000000
1.000000 -0.000000 -0.000000 0.000000 0.000000 1.000000 0.000000 0.449000 0.000000 0.000000 1.000000 -0.000000 0.000000 0.000000 0.000000 1.000000
1.000000 0.000000 -0.000000 0.000000 -0.000000 1.000000 -0.000000 0.449000 0.000000 0.000000 1.000000 0.000000 0.000000 0.000000 0.000000 1.000000
1.000000 -0.000000 -0.000000 0.000000 0.000000 1.000000 0.000000 0.449000 -0.000000 -0.000000 1.000000 0.000000 0.000000 0.000000 0.000000 1.000000
1.000000 0.000000 -0.000000 -0.000000 -0.000000 1.000000 -0.000000 0.449000 0.000000 0.000000 1.000000 0.000000 0.000000 0.000000 0.000000 1.000000</float_array><technique_common><accessor source="#jnt_spine2-Matrix-animation-output-transform-array" count="61" stride="16"><param type="float4x4"/></accessor></technique_common></source><source id="jnt_spine2-Interpolations"><Name_array id="jnt_spine2-Interpolations-array" count="61">
 LINEAR LINEAR LINEAR LINEAR LINEAR LINEAR LINEAR LINEAR LINEAR LINEAR LINEAR
LINEAR LINEAR LINEAR LINEAR LINEAR LINEAR LINEAR LINEAR LINEAR LINEAR LINEAR LINEAR
LINEAR LINEAR LINEAR LINEAR LINEAR LINEAR LINEAR LINEAR LINEAR LINEAR LINEAR LINEAR
LINEAR LINEAR LINEAR LINEAR LINEAR LINEAR LINEAR LINEAR LINEAR LINEAR LINEAR LINEAR
LINEAR LINEAR LINEAR LINEAR LINEAR LINEAR LINEAR LINEAR LINEAR LINEAR LINEAR LINEAR
LINEAR LINEAR</Name_array><technique_common><accessor source="#jnt_spine2-Interpolations-array" count="61"><param type="name"/></accessor></technique_common></source><sampler id="jnt_spine2-Matrix-animation-transform"><input semantic="INPUT" source="#jnt_spine2-Matrix-animation-input"/><input semantic="OUTPUT" source="#jnt_spine2-Matrix-animation-output-transform"/><input semantic="INTERPOLATION" source="#jnt_spine2-Interpolations"/></sampler><channel source="#jnt_spine2-Matrix-animation-transform" target="jnt_spine2/matrix"/></animation></animation>
    <animation id="jnt_head-anim" name="jnt_head"><animation><source id="jnt_head-Matrix-animation-input"><float_array id="jnt_head-Matrix-animation-input-array" count="61">

0.000000 0.033333 0.066667 0.100000 0.133333 0.166667 0.200000 0.233333 0.266667 0.300000 0.333333 0.366667 0.400000 0.433333 0.466667 0.500000
0.533333 0.566667 0.600000 0.633333 0.666667 0.700000 0.733333 0.766667 0.800000 0.833333 0.866667 0.900000 0.933333 0.966667 1.000000 1.033333
1.066667 1.100000 1.133333 1.166667 1.200000 1.233333 1.266667 1.300000 1.333333 1.366667 1.400000 1.433333 1.466667 1.500000 1.533333 1.566667
1.600000 1.633333 1.666667 1.700000 1.733333 1.766667 1.800000 1.833333 1.866667 1.900000 1.933333 1.966667 2.000000</float_array><technique_common><accessor source="#jnt_head-Matrix-animation-input-array" count="61"><param name="TIME" type="float"/></accessor></technique_common></source><source id="jnt_head-Matrix-animation-output-transform"><float_array id="jnt_head-Matrix-animation-output-transform-array" count="976">

0.986264 0.079833 0.144605 -0.000000 -0.085601 0.995746 0.034106 0.296642 -0.141267 -0.046016 0.988902 -0.000000 0.000000 0.000000 0.000000 1.000000
0.986324 0.079653 0.144296 0.000000 -0.085401 0.995764 0.034079 0.296642 -0.140970 -0.045936 0.988948 -0.000000 0.000000 0.000000 0.000000 1.000000
0.986500 0.079121 0.143382 -0.000000 -0.084810 0.995817 0.034000 0.296642 -0.140092 -0.045701 0.989083 0.000000 0.000000 0.000000 0.000000 1.000000
0.986786 0.078248 0.141884 0.000000 -0.083841 0.995903 0.033868 0.296642 -0.138652 -0.045316 0.989304 -0.000000 0.000000 0.000000 0.000000 1.000000
0.987175 0.077046 0.139823 -0.000000 -0.082507 0.996021 0.033681 0.296642 -0.136672 -0.044786 0.989604 0.000000 0.000000 0.000000 0.000000 1.000000
0.987657 0.075523 0.137220 -0.000000 -0.080820 0.996168 0.033438 0.296642 -0.134169 -0.044115 0.989976 -0.000000 0.000000 0.000000 0.000000 1.000000
0.988225 0.073691 0.134096 0.000000 -0.078793 0.996340 0.033134 0.296642 -0.131164 -0.043309 0.990414 -0.000000 0.000000 0.000000 0.000000 1.000000
0.988866 0.071559 0.130473 -0.000000 -0.076437 0.996536 0.032765 0.296642 -0.127676 -0.042373 0.990910 -0.000000 0.000000 0.000000 0.000000 1.000000
0.989571 0.069136 0.126370 0.000000 -0.073766 0.996752 0.032326 0.296642 -0.123725 -0.041311 0.991456 -0.000000 0.000000 0.000000 0.000000 1.000000
0.990328 0.066431 0.121810 0.000000 -0.070790 0.996984 0.031813 0.296642 -0.119330 -0.040128 0.992043 -0.000000 0.000000 0.000000 0.000000 1.000000
0.991125 0.063453 0.116815 -0.000000 -0.067524 0.997229 0.031219 0.296642 -0.114510 -0.038830 0.992663 -0.000000 0.000000 0.000000 0.000000 1.000000
0.991949 0.060212 0.111405 -0.000000 -0.063978 0.997484 0.030538 0.296642 -0.109286 -0.037420 0.993306 -0.000000 0.000000 0.000000 0.000000 1.000000
0.992790 0.056716 0.105602 -0.000000 -0.060165 0.997745 0.029765 0.296642 -0.103676 -0.035904 0.993963 -0.000000 0.000000 0.000000 0.000000 1.000000
0.993634 0.052974 0.099429 0.000000 -0.056098 0.998007 0.028893 0.296642 -0.097700 -0.034287 0.994625 -0.000000 0.000000 0.000000 0.000000 1.000000
0.994469 0.048995 0.092907 -0.000000 -0.051790 0.998268 0.027917 0.296642 -0.091378 -0.032574 0.995283 0.000000 0.000000 0.000000 0.000000 1.000000
0.995283 0.044787 0.086059 0.000000 -0.047253 0.998523 0.026830 0.296642 -0.084730 -0.030770 0.995929 -0.000000 0.000000 0.000000 0.000000 1.000000
0.996065 0.040361 0.078907 0.000000 -0.042501 0.998768 0.025627 0.296642 -0.077776 -0.028880 0.996553 -0.000000 0.000000 0.000000 0.000000 1.000000
0.996802 0.035726 0.071475 -0.000000 -0.037548 0.998999 0.024303 0.296642 -0.070535 -0.026909 0.997146 -0.000000 0.000000 0.000000 0.000000 1.000000
0.997486 0.030891 0.063784 -0.000000 -0.032406 0.999213 0.022854 0.296642 -0.063028 -0.024863 0.997702 0.000000 0.000000 0.000000 0.000000 1.000000
0.998104 0.025866 0.055858 -0.000000 -0.027091 0.999407 0.021275 0.296642 -0.055275 -0.022748 0.998212 -0.000000 0.000000 0.000000 0.000000 1.000000
0.998647 0.020662 0.047721 0.000000 -0.021616 0.999575 0.019563 0.296642 -0.047296 -0.020568 0.998669 0.000000 0.000000 0.000000 0.000000 1.000000
0.999107 0.015288 0.039394 0.000000 -0.015995 0.999715 0.017716 0.296642 -0.039112 -0.018330 0.999067 0.000000 0.000000 0.000000 0.000000 1.000000
0.999475 0.009755 0.030903 0.000000 -0.010245 0.999824 0.015731 0.296642 -0.030744 -0.016040 0.999399 -0.000000 0.000000 0.000000 0.000000 1.000000
0.999744 0.004076 0.022269 0.000000 -0.004379 0.999898 0.013608 0.296642 -0.022211 -0.013702 0.999659 -0.000000 0.000000 0.000000 0.000000 1.000000
0.999907 -0.001740 0.013516 0.000000 0.001586 0.999934 0.011347 0.296642 -0.013535 -0.011324 0.999844 -0.000000 0.000000 0.000000 0.000000 1.000000
0.999960 -0.007679 0.004669 0.000000 0.007637 0.999931 0.008948 0.296642 -0.004737 -0.008912 0.999949 0.000000 0.000000 0.000000 0.000000 1.000000
0.999897 -0.013730 -0.004251 -0.000000 0.013757 0.999885 0.006412 0.296642 0.004163 -0.006470 0.999970 -0.000000 0.000000 0.000000 0.000000 1.000000
0.999715 -0.019879 -0.013220 0.000000 0.019930 0.999794 0.003744 0.296642 0.013143 -0.004006 0.999906 -0.000000 0.000000 0.000000 0.000000 1.000000
0.999412 -0.026114 -0.022215 0.000000 0.026141 0.999658 0.000945 0.296642 0.022183 -0.001525 0.999753 0.000000 0.000000 0.000000 0.000000 1.000000
0.998987 -0.032420 -0.031214 0.000000 0.032374 0.999474 -0.001978 0.296642 0.031262 0.000965 0.999511 0.000000 0.000000 0.000000 0.000000 1.000000
0.998439 -0.038785 -0.040194 0.000000 0.038614 0.999242 -0.005020 0.296642 0.040358 0.003460 0.999179 -0.000000 0.000000 0.000000 0.000000 1.000000
