<?xml version="1.0" encoding="utf-8"?>
<COLLADA xmlns="http://www.collada.org/2005/11/COLLADASchema" version="1.4.1">
  <asset><contributor><author></author><authoring_tool>FBX COLLADA exporter</authoring_tool><comments></comments></contributor><created>2019-12-02T10:02:05Z</created><keywords></keywords><modified>2019-12-02T10:02:05Z</modified><revision></revision><subject></subject><title></title><unit meter="0.010000" name="centimeter"></unit><up_axis>Y_UP</up_axis></asset>
  <library_animations>
    <animation id="root_jnt-anim" name="root_jnt"><animation><source id="root_jnt-Matrix-animation-input"><float_array id="root_jnt-Matrix-animation-input-array" count="11">

0.000000 0.033333 0.066667 0.100000 0.133333 0.166667 0.200000 0.233333 0.266667 0.300000 0.333333</float_array><technique_common><accessor source="#root_jnt-Matrix-animation-input-array" count="11"><param name="TIME" type="float"/></accessor></technique_common></source><source id="root_jnt-Matrix-animation-output-transform"><float_array id="root_jnt-Matrix-animation-output-transform-array" count="176">

0.970911 0.179136 0.158876 0.002321 -0.162692 0.980393 -0.111183 3.228202 -0.175677 0.082101 0.981018 0.000000 0.000000 0.000000 0.000000 1.000000
0.970911 0.179136 0.158876 0.003325 -0.162692 0.980393 -0.111183 3.009437 -0.175677 0.082101 0.981018 0.000000 0.000000 0.000000 0.000000 1.000000
0.970911 0.179136 0.158876 0.005479 -0.162692 0.980393 -0.111183 2.513891 -0.175677 0.082101 0.981018 0.000000 0.000000 0.000000 0.000000 1.000000
0.970911 0.179136 0.158876 0.007495 -0.162692 0.980393 -0.111183 1.982691 -0.175677 0.082101 0.981018 0.000000 0.000000 0.000000 0.000000 1.000000
0.970911 0.179136 0.158876 0.008348 -0.162692 0.980393 -0.111183 1.612283 -0.175677 0.082101 0.981018 0.000000 0.000000 0.000000 0.000000 1.000000
0.970911 0.179136 0.158876 0.008065 -0.162692 0.980393 -0.111183 1.417501 -0.175677 0.082101 0.981018 0.000000 0.000000 0.000000 0.000000 1.000000
0.970911 0.179136 0.158876 0.006943 -0.162692 0.980393 -0.111183 1.367051 -0.175677 0.082101 0.981018 0.000000 0.000000 0.000000 0.000000 1.000000
0.970911 0.179136 0.158876 0.005279 -0.162692 0.980393 -0.111183 1.429636 -0.175677 0.082101 0.981018 0.000000 0.000000 0.000000 0.000000 1.000000
0.970911 0.179136 0.158876 0.003370 -0.162692 0.980393 -0.111183 1.573961 -0.175677 0.082101 0.981018 0.000000 0.000000 0.000000 0.000000 1.000000
0.970911 0.179136 0.158876 0.001511 -0.162692 0.980393 -0.111183 1.768730 -0.175677 0.082101 0.981018 0.000000 0.000000 0.000000 0.000000 1.000000
0.970911 0.179136 0.158876 0.000000 -0.162692 0.980393 -0.111183 1.982647 -0.175677 0.082101 0.981018 0.000000 0.000000 0.000000 0.000000 1.000000</float_array><technique_common><accessor source="#root_jnt-Matrix-animation-output-transform-array" count="11" stride="16"><param type="float4x4"/></accessor></technique_common></source><source id="root_jnt-Interpolations"><Name_array id="root_jnt-Interpolations-array" count="11">
 LINEAR LINEAR LINEAR LINEAR LINEAR LINEAR LINEAR LINEAR LINEAR LINEAR LINEAR</Name_array><technique_common><accessor source="#root_jnt-Interpolations-array" count="11"><param type="name"/></accessor></technique_common></source><sampler id="root_jnt-Matrix-animation-transform"><input semantic="INPUT" source="#root_jnt-Matrix-animation-input"/><input semantic="OUTPUT" source="#root_jnt-Matrix-animation-output-transform"/><input semantic="INTERPOLATION" source="#root_jnt-Interpolations"/></sampler><channel source="#root_jnt-Matrix-animation-transform" target="root_jnt/matrix"/></animation></animation>
    <animation id="jnt_spine1-anim" name="jnt_spine1"><animation><source id="jnt_spine1-Matrix-animation-input"><float_array id="jnt_spine1-Matrix-animation-input-array" count="11">

0.000000 0.033333 0.066667 0.100000 0.133333 0.166667 0.200000 0.233333 0.266667 0.300000 0.333333</float_array><technique_common><accessor source="#jnt_spine1-Matrix-animation-input-array" count="11"><param name="TIME" type="float"/></accessor></technique_common></source><source id="jnt_spine1-Matrix-animation-output-transform"><float_array id="jnt_spine1-Matrix-animation-output-transform-array" count="176">

0.919403 -0.188752 -0.345067 -0.000000 0.233556 0.967900 0.092848 0.479000 0.316465 -0.165958 0.933974 0.000000 0.000000 0.000000 0.000000 1.000000
0.919403 -0.189524 -0.344644 -0.000000 0.233556 0.968106 0.090682 0.479000 0.316465 -0.163867 0.934343 -0.000000 0.000000 0.000000 0.000000 1.000000
0.919403 -0.191615 -0.343486 0.000000 0.233556 0.968639 0.084798 0.479000 0.316465 -0.158187 0.935322 0.000000 0.000000 0.000000 0.000000 1.000000
0.919403 -0.194682 -0.341757 0.000000 0.233556 0.969359 0.076121 0.479000 0.316465 -0.149805 0.936701 0.000000 0.000000 0.000000 0.000000 1.000000
0.919403 -0.198387 -0.339620 0.000000 0.233556 0.970129 0.065577 0.479000 0.316465 -0.139612 0.938274 0.000000 0.000000 0.000000 0.000000 1.000000
0.919403 -0.202391 -0.337249 0.000000 0.233556 0.970837 0.054094 0.479000 0.316465 -0.128501 0.939860 -0.000000 0.000000 0.000000 0.000000 1.000000
0.919403 -0.206367 -0.334830 0.000000 0.233556 0.971410 0.042604 0.479000 0.316465 -0.117372 0.941315 -0.000000 0.000000 0.000000 0.000000 1.000000
0.919403 -0.209996 -0.332567 0.000000 0.233556 0.971815 0.032040 0.479000 0.316465 -0.107130 0.942535 -0.000000 0.000000 0.000000 0.000000 1.000000
0.919403 -0.212965 -0.330673 -0.000000 0.233556 0.972063 0.023337 0.479000 0.316465 -0.098687 0.943457 -0.000000 0.000000 0.000000 0.000000 1.000000
0.919403 -0.214970 -0.329373 0.000000 0.233556 0.972187 0.017430 0.479000 0.316465 -0.092952 0.944039 0.000000 0.000000 0.000000 0.000000 1.000000
0.919403 -0.215707 -0.328891 -0.000000 0.233556 0.972224 0.015254 0.479000 0.316465 -0.090839 0.944245 -0.000000 0.000000 0.000000 0.000000 1.000000</float_array><technique_common><accessor source="#jnt_spine1-Matrix-animation-output-transform-array" count="11" stride="16"><param type="float4x4"/></accessor></technique_common></source><source id="jnt_spine1-Interpolations"><Name_array id="jnt_spine1-Interpolations-array" count="11">
 LINEAR LINEAR LINEAR LINEAR LINEAR LINEAR LINEAR LINEAR LINEAR LINEAR LINEAR</Name_array><technique_common><accessor source="#jnt_spine1-Interpolations-array" count="11"><param type="name"/></accessor></technique_common></source><sampler id="jnt_spine1-Matrix-animation-transform"><input semantic="INPUT" source="#jnt_spine1-Matrix-animation-input"/><input semantic="OUTPUT" source="#jnt_spine1-Matrix-animation-output-transform"/><input semantic="INTERPOLATION" source="#jnt_spine1-Interpolations"/></sampler><channel source="#jnt_spine1-Matrix-animation-transform" target="jnt_spine1/matrix"/></animation></animation>
    <animation id="jnt_spine2-anim" name="jnt_spine2"><animation><source id="jnt_spine2-Matrix-animation-input"><float_array id="jnt_spine2-Matrix-animation-input-array" count="11">

0.000000 0.033333 0.066667 0.100000 0.133333 0.166667 0.200000 0.233333 0.266667 0.300000 0.333333</float_array><technique_common><accessor source="#jnt_spine2-Matrix-animation-input-array" count="11"><param name="TIME" type="float"/></accessor></technique_common></source><source id="jnt_spine2-Matrix-animation-output-transform"><float_array id="jnt_spine2-Matrix-animation-output-transform-array" count="176">

1.000000 -0.000000 0.000000 -0.000000 0.000000 1.000000 0.000000 0.449000 -0.000000 -0.000000 1.000000 0.000000 0.000000 0.000000 0.000000 1.000000
1.000000 -0.000000 0.000000 0.000000 0.000000 1.000000 0.000000 0.449000 -0.000000 -0.000000 1.000000 -0.000000 0.000000 0.000000 0.000000 1.000000
1.000000 -0.000000 -0.000000 -0.000000 0.000000 1.000000 0.000000 0.449000 0.000000 -0.000000 1.000000 -0.000000 0.000000 0.000000 0.000000 1.000000
1.000000 0.000000 0.000000 0.000000 -0.000000 1.000000 0.000000 0.449000 -0.000000 -0.000000 1.000000 0.000000 0.000000 0.000000 0.000000 1.000000
1.000000 -0.000000 -0.000000 -0.000000 0.000000 1.000000 0.000000 0.449000 0.000000 -0.000000 1.000000 0.000000 0.000000 0.000000 0.000000 1.000000
1.000000 -0.000000 -0.000000 0.000000 0.000000 1.000000 0.000000 0.449000 0.000000 -0.000000 1.000000 0.000000 0.000000 0.000000 0.000000 1.000000
1.000000 0.000000 0.000000 0.000000 -0.000000 1.000000 -0.000000 0.449000 -0.000000 0.000000 1.000000 0.000000 0.000000 0.000000 0.000000 1.000000
1.000000 0.000000 0.000000 0.000000 -0.000000 1.000000 -0.000000 0.449000 -0.000000 0.000000 1.000000 -0.000000 0.000000 0.000000 0.000000 1.000000
1.000000 -0.000000 -0.000000 -0.000000 0.000000 1.000000 0.000000 0.449000 0.000000 -0.000000 1.000000 0.000000 0.000000 0.000000 0.000000 1.000000
1.000000 0.000000 0.000000 0.000000 -0.000000 1.000000 -0.000000 0.449000 -0.000000 0.000000 1.000000 -0.000000 0.000000 0.000000 0.000000 1.000000
1.000000 -0.000000 -0.000000 0.000000 0.000000 1.000000 0.000000 0.449000 0.000000 0.000000 1.000000 0.000000 0.000000 0.000000 0.000000 1.000000</float_array><technique_common><accessor source="#jnt_spine2-Matrix-animation-output-transform-array" count="11" stride="16"><param type="float4x4"/></accessor></technique_common></source><source id="jnt_spine2-Interpolations"><Name_array id="jnt_spine2-Interpolations-array" count="11">
 LINEAR LINEAR LINEAR LINEAR LINEAR LINEAR LINEAR LINEAR LINEAR LINEAR LINEAR</Name_array><technique_common><accessor source="#jnt_spine2-Interpolations-array" count="11"><param type="name"/></accessor></technique_common></source><sampler id="jnt_spine2-Matrix-animation-transform"><input semantic="INPUT" source="#jnt_spine2-Matrix-animation-input"/><input semantic="OUTPUT" source="#jnt_spine2-Matrix-animation-output-transform"/><input semantic="INTERPOLATION" source="#jnt_spine2-Interpolations"/></sampler><channel source="#jnt_spine2-Matrix-animation-transform" target="jnt_spine2/matrix"/></animation></animation>
    <animation id="jnt_head-anim" name="jnt_head"><animation><source id="jnt_head-Matrix-animation-input"><float_array id="jnt_head-Matrix-animation-input-array" count="11">

0.000000 0.033333 0.066667 0.100000 0.133333 0.166667 0.200000 0.233333 0.266667 0.300000 0.333333</float_array><technique_common><accessor source="#jnt_head-Matrix-animation-input-array" count="11"><param name="TIME" type="float"/></accessor></technique_common></source><source id="jnt_head-Matrix-animation-output-transform"><float_array id="jnt_head-Matrix-animation-output-transform-array" count="176">

0.986264 0.065593 0.151596 -0.000000 -0.085601 0.987881 0.129471 0.296642 -0.141267 -0.140669 0.979926 -0.000000 0.000000 0.000000 0.000000 1.000000
0.986264 0.064730 0.151967 -0.000000 -0.085601 0.987130 0.135080 0.296642 -0.141267 -0.146233 0.979112 -0.000000 0.000000 0.000000 0.000000 1.000000
0.986264 0.062536 0.152882 0.000000 -0.085601 0.985084 0.149274 0.296642 -0.141267 -0.160311 0.976905 0.000000 0.000000 0.000000 0.000000 1.000000
0.986264 0.059599 0.154051 0.000000 -0.085601 0.982046 0.168102 0.296642 -0.141267 -0.178980 0.973658 0.000000 0.000000 0.000000 0.000000 1.000000
0.986264 0.056518 0.155208 -0.000000 -0.085601 0.978502 0.187634 0.296642 -0.141267 -0.198342 0.969899 0.000000 0.000000 0.000000 0.000000 1.000000
0.986264 0.056255 0.155304 -0.000000 -0.085601 0.978183 0.189288 0.296642 -0.141267 -0.199982 0.969562 0.000000 0.000000 0.000000 0.000000 1.000000
0.986264 0.060128 0.153846 0.000000 -0.085601 0.982618 0.164727 0.296642 -0.141267 -0.175633 0.974267 -0.000000 0.000000 0.000000 0.000000 1.000000
0.986264 0.066232 0.151318 0.000000 -0.085601 0.988420 0.125296 0.296642 -0.141267 -0.136528 0.980512 0.000000 0.000000 0.000000 0.000000 1.000000
0.986264 0.072701 0.148319 0.000000 -0.085601 0.992906 0.082522 0.296642 -0.141267 -0.094084 0.985491 -0.000000 0.000000 0.000000 0.000000 1.000000
0.986264 0.077781 0.145719 -0.000000 -0.085601 0.995164 0.048177 0.296642 -0.141267 -0.059989 0.988152 -0.000000 0.000000 0.000000 0.000000 1.000000
0.986264 0.079833 0.144605 -0.000000 -0.085601 0.995746 0.034106 0.296642 -0.141267 -0.046016 0.988902 -0.000000 0.000000 0.000000 0.000000 1.000000</float_array><technique_common><accessor source="#jnt_head-Matrix-animation-output-transform-array" count="11" stride="16"><param type="float4x4"/></accessor></technique_common></source><source id="jnt_head-Interpolations"><Name_array id="jnt_head-Interpolations-array" count="11">
 LINEAR LINEAR LINEAR LINEAR LINEAR LINEAR LINEAR LINEAR LINEAR LINEAR LINEAR</Name_array><technique_common><accessor source="#jnt_head-Interpolations-array" count="11"><param type="name"/></accessor></technique_common></source><sampler id="jnt_head-Matrix-animation-transform"><input semantic="INPUT" source="#jnt_head-Matrix-animation-input"/><input semantic="OUTPUT" source="#jnt_head-Matrix-animation-output-transform"/><input semantic="INTERPOLATION" source="#jnt_head-Interpolations"/></sampler><channel source="#jnt_head-Matrix-animation-transform" target="jnt_head/matrix"/></animation></animation>
    <animation id="jnt_06_upperleg-anim" name="jnt_06_upperleg"><animation><source id="jnt_06_upperleg-Matrix-animation-input"><float_array id="jnt_06_upperleg-Matrix-animation-input-array" count="11">

0.000000 0.033333 0.066667 0.100000 0.133333 0.166667 0.200000 0.233333 0.266667 0.300000 0.333333</float_array><technique_common><accessor source="#jnt_06_upperleg-Matrix-animation-input-array" count="11"><param name="TIME" type="float"/></accessor></technique_common></source><source id="jnt_06_upperleg-Matrix-animation-output-transform"><float_array id="jnt_06_upperleg-Matrix-animation-output-transform-array" count="176">

0.565168 -0.017395 -0.824793 0.236446 -0.229815 0.956882 -0.177655 0.000000 0.792320 0.289954 0.536801 0.409537 0.000000 0.000000 0.000000 1.000000
0.558530 0.053693 -0.827745 0.236446 -0.351139 0.919384 -0.177297 0.000000 0.751496 0.389679 0.532357 0.409537 0.000000 0.000000 0.000000 1.000000
0.559893 -0.122272 -0.819494 0.236446 -0.046291 0.982891 -0.178278 0.000000 0.827271 0.137752 0.544653 0.409537 0.000000 0.000000 0.000000 1.000000
0.520846 -0.270969 -0.809503 0.236446 0.220037 0.958855 -0.179388 -0.000000 0.824805 -0.084687 0.559039 0.409537 0.000000 0.000000 0.000000 1.000000
0.477200 -0.359811 -0.801758 0.236446 0.381014 0.906840 -0.180193 0.000000 0.791902 -0.219493 0.569837 0.409537 0.000000 0.000000 0.000000 1.000000
0.451805 -0.400193 -0.797319 0.236446 0.454039 0.872479 -0.180634 0.000000 0.767933 -0.280403 0.575894 0.409537 0.000000 0.000000 0.000000 1.000000
0.448619 -0.406391 -0.795982 0.236446 0.464567 0.866892 -0.180763 -0.000000 0.763492 -0.288693 0.577700 0.409537 0.000000 0.000000 0.000000 1.000000
0.463387 -0.386996 -0.797187 0.236446 0.428556 0.885272 -0.180647 -0.000000 0.775637 -0.257930 0.576073 0.409537 0.000000 0.000000 0.000000 1.000000
0.488503 -0.347955 -0.800182 0.236446 0.357323 0.916403 -0.180351 0.000000 0.796043 -0.197822 0.571998 0.409537 0.000000 0.000000 0.000000 1.000000
0.515947 -0.295118 -0.804179 0.236446 0.261878 0.948177 -0.179946 -0.000000 0.815610 -0.117754 0.566494 0.409537 0.000000 0.000000 0.000000 1.000000
0.539318 -0.235668 -0.808453 0.236446 0.155404 0.971406 -0.179500 0.000000 0.827639 -0.028829 0.560520 0.409537 0.000000 0.000000 0.000000 1.000000</float_array><technique_common><accessor source="#jnt_06_upperleg-Matrix-animation-output-transform-array" count="11" stride="16"><param type="float4x4"/></accessor></technique_common></source><source id="jnt_06_upperleg-Interpolations"><Name_array id="jnt_06_upperleg-Interpolations-array" count="11">
 LINEAR LINEAR LINEAR LINEAR LINEAR LINEAR LINEAR LINEAR LINEAR LINEAR LINEAR</Name_array><technique_common><accessor source="#jnt_06_upperleg-Interpolations-array" count="11"><param type="name"/></accessor></technique_common></source><sampler id="jnt_06_upperleg-Matrix-animation-transform"><input semantic="INPUT" source="#jnt_06_upperleg-Matrix-animation-input"/><input semantic="OUTPUT" source="#jnt_06_upperleg-Matrix-animation-output-transform"/><input semantic="INTERPOLATION" source="#jnt_06_upperleg-Interpolations"/></sampler><channel source="#jnt_06_upperleg-Matrix-animation-transform" target="jnt_06_upperleg/matrix"/></animation></animation>
    <animation id="jnt_06_lowerleg-anim" name="jnt_06_lowerleg"><animation><source id="jnt_06_lowerleg-Matrix-animation-input"><float_array id="jnt_06_lowerleg-Matrix-animation-input-array" count="11">

0.000000 0.033333 0.066667 0.100000 0.133333 0.166667 0.200000 0.233333 0.266667 0.300000 0.333333</float_array><technique_common><accessor source="#jnt_06_lowerleg-Matrix-animation-input-array" count="11"><param name="TIME" type="float"/></accessor></technique_common></source><source id="jnt_06_lowerleg-Matrix-animation-output-transform"><float_array id="jnt_06_lowerleg-Matrix-animation-output-transform-array" count="176">

0.724720 0.689043 -0.000000 1.972000 -0.689043 0.724720 -0.000000 -0.000000 0.000000 0.000000 1.000000 0.000000 0.000000 0.000000 0.000000 1.000000
0.841535 0.540203 -0.000000 1.972000 -0.540203 0.841535 0.000000 -0.000000 -0.000000 0.000000 1.000000 0.000000 0.000000 0.000000 0.000000 1.000000
0.536278 0.844042 -0.000000 1.972000 -0.844042 0.536278 0.000000 -0.000000 -0.000000 -0.000000 1.000000 0.000000 0.000000 0.000000 0.000000 1.000000
0.269765 0.962926 -0.000000 1.972000 -0.962926 0.269765 -0.000000 -0.000000 -0.000000 0.000000 1.000000 -0.000000 0.000000 0.000000 0.000000 1.000000
0.127425 0.991848 0.000000 1.972000 -0.991848 0.127425 0.000000 -0.000000 0.000000 0.000000 1.000000 0.000000 0.000000 0.000000 0.000000 1.000000
0.071788 0.997420 -0.000000 1.972000 -0.997420 0.071788 0.000000 -0.000000 0.000000 0.000000 1.000000 0.000000 0.000000 0.000000 0.000000 1.000000
0.068520 0.997650 0.000000 1.972000 -0.997650 0.068520 -0.000000 -0.000000 0.000000 0.000000 1.000000 -0.000000 0.000000 0.000000 0.000000 1.000000
0.101892 0.994795 -0.000000 1.972000 -0.994795 0.101892 0.000000 -0.000000 -0.000000 -0.000000 1.000000 -0.000000 0.000000 0.000000 0.000000 1.000000
0.165132 0.986272 0.000000 1.972000 -0.986272 0.165132 0.000000 -0.000000 0.000000 -0.000000 1.000000 -0.000000 0.000000 0.000000 0.000000 1.000000
0.252782 0.967523 -0.000000 1.972000 -0.967523 0.252782 0.000000 -0.000000 0.000000 0.000000 1.000000 -0.000000 0.000000 0.000000 0.000000 1.000000
0.355252 0.934771 -0.000000 1.972000 -0.934771 0.355252 -0.000000 -0.000000 0.000000 0.000000 1.000000 0.000000 0.000000 0.000000 0.000000 1.000000</float_array><technique_common><accessor source="#jnt_06_lowerleg-Matrix-animation-output-transform-array" count="11" stride="16"><param type="float4x4"/></accessor></technique_common></source><source id="jnt_06_lowerleg-Interpolations"><Name_array id="jnt_06_lowerleg-Interpolations-array" count="11">
 LINEAR LINEAR LINEAR LINEAR LINEAR LINEAR LINEAR LINEAR LINEAR LINEAR LINEAR</Name_array><technique_common><accessor source="#jnt_06_lowerleg-Interpolations-array" count="11"><param type="name"/></accessor></technique_common></source><sampler id="jnt_06_lowerleg-Matrix-animation-transform"><input semantic="INPUT" source="#jnt_06_lowerleg-Matrix-animation-input"/><input semantic="OUTPUT" source="#jnt_06_lowerleg-Matrix-animation-output-transform"/><input semantic="INTERPOLATION" source="#jnt_06_lowerleg-Interpolations"/></sampler><channel source="#jnt_06_lowerleg-Matrix-animation-transform" target="jnt_06_lowerleg/matrix"/></animation></animation>
    <animation id="jnt_06_legend-anim" name="jnt_06_legend"><animation><source id="jnt_06_legend-Matrix-animation-input"><float_array id="jnt_06_legend-Matrix-animation-input-array" count="11">

0.000000 0.033333 0.066667 0.100000 0.133333 0.166667 0.200000 0.233333 0.266667 0.300000 0.333333</float_array><technique_common><accessor source="#jnt_06_legend-Matrix-animation-input-array" count="11"><param name="TIME" type="float"/></accessor></technique_common></source><source id="jnt_06_legend-Matrix-animation-output-transform"><float_array id="jnt_06_legend-Matrix-animation-output-transform-array" count="176">

1.000000 0.000000 0.000000 2.122986 -0.000000 1.000000 0.000000 0.000000 -0.000000 0.000000 1.000000 -0.000000 0.000000 0.000000 0.000000 1.000000
1.000000 -0.000000 0.000000 2.118562 -0.000000 1.000000 0.000000 0.000000 -0.000000 -0.000000 1.000000 0.000000 0.000000 0.000000 0.000000 1.000000
1.000000 -0.000000 0.000000 2.106555 0.000000 1.000000 -0.000000 0.000000 0.000000 0.000000 1.000000 0.000000 0.000000 0.000000 0.000000 1.000000
1.000000 0.000000 0.000000 2.088861 0.000000 1.000000 -0.000000 0.000000 -0.000000 0.000000 1.000000 0.000000 0.000000 0.000000 0.000000 1.000000
1.000000 -0.000000 0.000000 2.067375 -0.000000 1.000000 -0.000000 0.000000 0.000000 0.000000 1.000000 0.000000 0.000000 0.000000 0.000000 1.000000
1.000000 -0.000000 0.000000 2.043993 -0.000000 1.000000 0.000000 0.000000 0.000000 0.000000 1.000000 0.000000 0.000000 0.000000 0.000000 1.000000
1.000000 0.000000 0.000000 2.020611 -0.000000 1.000000 -0.000000 0.000000 -0.000000 -0.000000 1.000000 0.000000 0.000000 0.000000 0.000000 1.000000
1.000000 0.000000 0.000000 1.999125 0.000000 1.000000 0.000000 0.000000 0.000000 0.000000 1.000000 0.000000 0.000000 0.000000 0.000000 1.000000
1.000000 0.000000 -0.000000 1.981431 -0.000000 1.000000 -0.000000 0.000000 0.000000 -0.000000 1.000000 0.000000 0.000000 0.000000 0.000000 1.000000
1.000000 0.000000 -0.000000 1.969424 -0.000000 1.000000 0.000000 0.000000 0.000000 0.000000 1.000000 0.000000 0.000000 0.000000 0.000000 1.000000
1.000000 -0.000000 0.000000 1.965000 -0.000000 1.000000 -0.000000 0.000000 0.000000 0.000000 1.000000 0.000000 0.000000 0.000000 0.000000 1.000000</float_array><technique_common><accessor source="#jnt_06_legend-Matrix-animation-output-transform-array" count="11" stride="16"><param type="float4x4"/></accessor></technique_common></source><source id="jnt_06_legend-Interpolations"><Name_array id="jnt_06_legend-Interpolations-array" count="11">
 LINEAR LINEAR LINEAR LINEAR LINEAR LINEAR LINEAR LINEAR LINEAR LINEAR LINEAR</Name_array><technique_common><accessor source="#jnt_06_legend-Interpolations-array" count="11"><param type="name"/></accessor></technique_common></source><sampler id="jnt_06_legend-Matrix-animation-transform"><input semantic="INPUT" source="#jnt_06_legend-Matrix-animation-input"/><input semantic="OUTPUT" source="#jnt_06_legend-Matrix-animation-output-transform"/><input semantic="INTERPOLATION" source="#jnt_06_legend-Interpolations"/></sampler><channel source="#jnt_06_legend-Matrix-animation-transform" target="jnt_06_legend/matrix"/></animation></animation>
    <animation id="jnt_06_cable-anim" name="jnt_06_cable"><animation><source id="jnt_06_cable-Matrix-animation-input"><float_array id="jnt_06_cable-Matrix-animation-input-array" count="11">

0.000000 0.033333 0.066667 0.100000 0.133333 0.166667 0.200000 0.233333 0.266667 0.300000 0.333333</float_array><technique_common><accessor source="#jnt_06_cable-Matrix-animation-input-array" count="11"><param name="TIME" type="float"/></accessor></technique_common></source><source id="jnt_06_cable-Matrix-animation-output-transform"><float_array id="jnt_06_cable-Matrix-animation-output-transform-array" count="176">

0.999959 -0.009044 -0.000000 1.025162 0.009044 0.999959 -0.000000 -0.572081 0.000000 0.000000 1.000000 0.000000 0.000000 0.000000 0.000000 1.000000
0.999959 -0.009044 -0.000000 1.025162 0.009044 0.999959 0.000000 -0.572081 -0.000000 0.000000 1.000000 0.000000 0.000000 0.000000 0.000000 1.000000
0.999959 -0.009044 -0.000000 1.025162 0.009044 0.999959 0.000000 -0.572081 0.000000 0.000000 1.000000 -0.000000 0.000000 0.000000 0.000000 1.000000
0.999959 -0.009044 -0.000000 1.025162 0.009044 0.999959 -0.000000 -0.572081 -0.000000 0.000000 1.000000 0.000000 0.000000 0.000000 0.000000 1.000000
0.999959 -0.009044 0.000000 1.025162 0.009044 0.999959 0.000000 -0.572081 0.000000 -0.000000 1.000000 -0.000000 0.000000 0.000000 0.000000 1.000000
0.999959 -0.009044 -0.000000 1.025162 0.009044 0.999959 0.000000 -0.572081 -0.000000 0.000000 1.000000 -0.000000 0.000000 0.000000 0.000000 1.000000
0.999959 -0.009044 0.000000 1.025162 0.009044 0.999959 -0.000000 -0.572081 0.000000 0.000000 1.000000 -0.000000 0.000000 0.000000 0.000000 1.000000
0.999959 -0.009044 -0.000000 1.025162 0.009044 0.999959 0.000000 -0.572081 -0.000000 0.000000 1.000000 0.000000 0.000000 0.000000 0.000000 1.000000
0.999959 -0.009044 0.000000 1.025162 0.009044 0.999959 0.000000 -0.572081 -0.000000 -0.000000 1.000000 0.000000 0.000000 0.000000 0.000000 1.000000
0.999959 -0.009044 -0.000000 1.025162 0.009044 0.999959 0.000000 -0.572081 0.000000 -0.000000 1.000000 -0.000000 0.000000 0.000000 0.000000 1.000000
0.999959 -0.009044 -0.000000 1.025162 0.009044 0.999959 -0.000000 -0.572081 -0.000000 0.000000 1.000000 0.000000 0.000000 0.000000 0.000000 1.000000</float_array><technique_common><accessor source="#jnt_06_cable-Matrix-animation-output-transform-array" count="11" stride="16"><param type="float4x4"/></accessor></technique_common></source><source id="jnt_06_cable-Interpolations"><Name_array id="jnt_06_cable-Interpolations-array" count="11">
 LINEAR LINEAR LINEAR LINEAR LINEAR LINEAR LINEAR LINEAR LINEAR LINEAR LINEAR</Name_array><technique_common><accessor source="#jnt_06_cable-Interpolations-array" count="11"><param type="name"/></accessor></technique_common></source><sampler id="jnt_06_cable-Matrix-animation-transform"><input semantic="INPUT" source="#jnt_06_cable-Matrix-animation-input"/><input semantic="OUTPUT" source="#jnt_06_cable-Matrix-animation-output-transform"/><input semantic="INTERPOLATION" source="#jnt_06_cable-Interpolations"/></sampler><channel source="#jnt_06_cable-Matrix-animation-transform" target="jnt_06_cable/matrix"/></animation></animation>
    <animation id="jnt_05_upperleg-anim" name="jnt_05_upperleg"><animation><source id="jnt_05_upperleg-Matrix-animation-input"><float_array id="jnt_05_upperleg-Matrix-animation-input-array" count="11">

0.000000 0.033333 0.066667 0.100000 0.133333 0.166667 0.200000 0.233333 0.266667 0.300000 0.333333</float_array><technique_common><accessor source="#jnt_05_upperleg-Matrix-animation-input-array" count="11"><param name="TIME" type="float"/></accessor></technique_common></source><source id="jnt_05_upperleg-Matrix-animation-output-transform"><float_array id="jnt_05_upperleg-Matrix-animation-output-transform-array" count="176">

0.984658 0.086597 0.151494 0.472892 -0.091354 0.995512 0.024715 0.000000 -0.148674 -0.038175 0.988149 0.000000 0.000000 0.000000 0.000000 1.000000
0.973883 0.173531 0.146420 0.472892 -0.179281 0.983429 0.026934 0.000000 -0.139320 -0.052481 0.988856 -0.000000 0.000000 0.000000 0.000000 1.000000
0.983803 -0.075506 0.162577 0.472892 0.073246 0.997116 0.019859 0.000000 -0.163607 -0.007629 0.986496 0.000000 0.000000 0.000000 0.000000 1.000000
0.925665 -0.330885 0.183463 0.472892 0.334704 0.942263 0.010670 0.000000 -0.176401 0.051529 0.982969 -0.000000 0.000000 0.000000 0.000000 1.000000
0.843491 -0.498276 0.200607 0.472892 0.508068 0.861311 0.003092 0.000000 -0.174325 0.099314 0.979667 0.000000 0.000000 0.000000 0.000000 1.000000
0.786350 -0.580783 0.210583 0.472892 0.594335 0.804216 -0.001334 0.000000 -0.168579 0.126206 0.977575 -0.000000 0.000000 0.000000 0.000000 1.000000
0.770045 -0.601328 0.213156 0.472892 0.615897 0.787823 -0.002477 0.000000 -0.166440 0.133190 0.977015 -0.000000 0.000000 0.000000 0.000000 1.000000
0.790282 -0.575792 0.209566 0.472892 0.589020 0.808118 -0.000882 0.000000 -0.168846 0.124136 0.977794 -0.000000 0.000000 0.000000 0.000000 1.000000
0.833131 -0.514912 0.201885 0.472892 0.525293 0.850918 0.002525 0.000000 -0.173088 0.103945 0.979406 -0.000000 0.000000 0.000000 0.000000 1.000000
0.882553 -0.429096 0.192294 0.472892 0.436053 0.899896 0.006771 0.000000 -0.175950 0.077875 0.981314 -0.000000 0.000000 0.000000 0.000000 1.000000
0.925764 -0.331071 0.182628 0.472892 0.334782 0.942231 0.011039 0.000000 -0.175733 0.050921 0.983120 -0.000000 0.000000 0.000000 0.000000 1.000000</float_array><technique_common><accessor source="#jnt_05_upperleg-Matrix-animation-output-transform-array" count="11" stride="16"><param type="float4x4"/></accessor></technique_common></source><source id="jnt_05_upperleg-Interpolations"><Name_array id="jnt_05_upperleg-Interpolations-array" count="11">
 LINEAR LINEAR LINEAR LINEAR LINEAR LINEAR LINEAR LINEAR LINEAR LINEAR LINEAR</Name_array><technique_common><accessor source="#jnt_05_upperleg-Interpolations-array" count="11"><param type="name"/></accessor></technique_common></source><sampler id="jnt_05_upperleg-Matrix-animation-transform"><input semantic="INPUT" source="#jnt_05_upperleg-Matrix-animation-input"/><input semantic="OUTPUT" source="#jnt_05_upperleg-Matrix-animation-output-transform"/><input semantic="INTERPOLATION" source="#jnt_05_upperleg-Interpolations"/></sampler><channel source="#jnt_05_upperleg-Matrix-animation-transform" target="jnt_05_upperleg/matrix"/></animation></animation>
    <animation id="jnt_05_lowerleg-anim" name="jnt_05_lowerleg"><animation><source id="jnt_05_lowerleg-Matrix-animation-input"><float_array id="jnt_05_lowerleg-Matrix-animation-input-array" count="11">

0.000000 0.033333 0.066667 0.100000 0.133333 0.166667 0.200000 0.233333 0.266667 0.300000 0.333333</float_array><technique_common><accessor source="#jnt_05_lowerleg-Matrix-animation-input-array" count="11"><param name="TIME" type="float"/></accessor></technique_common></source><source id="jnt_05_lowerleg-Matrix-animation-output-transform"><float_array id="jnt_05_lowerleg-Matrix-animation-output-transform-array" count="176">

0.268866 0.963178 0.000000 1.972000 -0.963178 0.268866 -0.000000 -0.000000 -0.000000 -0.000000 1.000000 0.000000 0.000000 0.000000 0.000000 1.000000
0.372608 0.927989 0.000000 1.972000 -0.927989 0.372608 -0.000000 -0.000000 0.000000 0.000000 1.000000 -0.000000 0.000000 0.000000 0.000000 1.000000
0.084217 0.996447 0.000000 1.972000 -0.996447 0.084217 -0.000000 -0.000000 0.000000 -0.000000 1.000000 0.000000 0.000000 0.000000 0.000000 1.000000
-0.169255 0.985572 -0.000000 1.972000 -0.985572 -0.169255 0.000000 -0.000000 -0.000000 -0.000000 1.000000 0.000000 0.000000 0.000000 0.000000 1.000000
-0.309199 0.950997 -0.000000 1.972000 -0.950997 -0.309199 -0.000000 -0.000000 0.000000 -0.000000 1.000000 -0.000000 0.000000 0.000000 0.000000 1.000000
-0.370455 0.928850 0.000000 1.972000 -0.928850 -0.370455 0.000000 -0.000000 0.000000 0.000000 1.000000 0.000000 0.000000 0.000000 0.000000 1.000000
-0.384551 0.923104 -0.000000 1.972000 -0.923104 -0.384551 0.000000 -0.000000 -0.000000 0.000000 1.000000 -0.000000 0.000000 0.000000 0.000000 1.000000
-0.365777 0.930703 -0.000000 1.972000 -0.930703 -0.365777 0.000000 -0.000000 -0.000000 0.000000 1.000000 -0.000000 0.000000 0.000000 0.000000 1.000000
-0.319962 0.947431 0.000000 1.972000 -0.947431 -0.319962 -0.000000 -0.000000 -0.000000 0.000000 1.000000 -0.000000 0.000000 0.000000 0.000000 1.000000
-0.251203 0.967934 0.000000 1.972000 -0.967934 -0.251203 0.000000 -0.000000 0.000000 0.000000 1.000000 0.000000 0.000000 0.000000 0.000000 1.000000
-0.166312 0.986073 0.000000 1.972000 -0.986073 -0.166312 0.000000 -0.000000 -0.000000 0.000000 1.000000 0.000000 0.000000 0.000000 0.000000 1.000000</float_array><technique_common><accessor source="#jnt_05_lowerleg-Matrix-animation-output-transform-array" count="11" stride="16"><param type="float4x4"/></accessor></technique_common></source><source id="jnt_05_lowerleg-Interpolations"><Name_array id="jnt_05_lowerleg-Interpolations-array" count="11">
 LINEAR LINEAR LINEAR LINEAR LINEAR LINEAR LINEAR LINEAR LINEAR LINEAR LINEAR</Name_array><technique_common><accessor source="#jnt_05_lowerleg-Interpolations-array" count="11"><param type="name"/></accessor></technique_common></source><sampler id="jnt_05_lowerleg-Matrix-animation-transform"><input semantic="INPUT" source="#jnt_05_lowerleg-Matrix-animation-input"/><input semantic="OUTPUT" source="#jnt_05_lowerleg-Matrix-animation-output-transform"/><input semantic="INTERPOLATION" source="#jnt_05_lowerleg-Interpolations"/></sampler><channel source="#jnt_05_lowerleg-Matrix-animation-transform" target="jnt_05_lowerleg/matrix"/></animation></animation>
    <animation id="jnt_05_legend-anim" name="jnt_05_legend"><animation><source id="jnt_05_legend-Matrix-animation-input"><float_array id="jnt_05_legend-Matrix-animation-input-array" count="11">

0.000000 0.033333 0.066667 0.100000 0.133333 0.166667 0.200000 0.233333 0.266667 0.300000 0.333333</float_array><technique_common><accessor source="#jnt_05_legend-Matrix-animation-input-array" count="11"><param name="TIME" type="float"/></accessor></technique_common></source><source id="jnt_05_legend-Matrix-animation-output-transform"><float_array id="jnt_05_legend-Matrix-animation-output-transform-array" count="176">

1.000000 0.000000 0.000000 2.315000 -0.000000 1.000000 0.000000 0.000000 0.000000 -0.000000 1.000000 0.000000 0.000000 0.000000 0.000000 1.000000
1.000000 0.000000 0.000000 2.315000 -0.000000 1.000000 0.000000 0.000000 -0.000000 0.000000 1.000000 0.000000 0.000000 0.000000 0.000000 1.000000
1.000000 0.000000 0.000000 2.315000 0.000000 1.000000 0.000000 0.000000 0.000000 0.000000 1.000000 -0.000000 0.000000 0.000000 0.000000 1.000000
1.000000 0.000000 -0.000000 2.315000 0.000000 1.000000 0.000000 0.000000 -0.000000 0.000000 1.000000 0.000000 0.000000 0.000000 0.000000 1.000000
1.000000 0.000000 -0.000000 2.315000 0.000000 1.000000 -0.000000 0.000000 -0.000000 -0.000000 1.000000 0.000000 0.000000 0.000000 0.000000 1.000000
1.000000 -0.000000 0.000000 2.315000 0.000000 1.000000 -0.000000 0.000000 -0.000000 0.000000 1.000000 -0.000000 0.000000 0.000000 0.000000 1.000000
1.000000 0.000000 0.000000 2.315000 -0.000000 1.000000 0.000000 0.000000 -0.000000 0.000000 1.000000 0.000000 0.000000 0.000000 0.000000 1.000000
1.000000 -0.000000 -0.000000 2.315000 0.000000 1.000000 0.000000 0.000000 0.000000 0.000000 1.000000 0.000000 0.000000 0.000000 0.000000 1.000000
1.000000 0.000000 -0.000000 2.315000 0.000000 1.000000 -0.000000 0.000000 -0.000000 -0.000000 1.000000 0.000000 0.000000 0.000000 0.000000 1.000000
1.000000 -0.000000 0.000000 2.315000 -0.000000 1.000000 -0.000000 0.000000 0.000000 -0.000000 1.000000 -0.000000 0.000000 0.000000 0.000000 1.000000
1.000000 0.000000 0.000000 2.315000 -0.000000 1.000000 0.000000 0.000000 -0.000000 0.000000 1.000000 -0.000000 0.000000 0.000000 0.000000 1.000000</float_array><technique_common><accessor source="#jnt_05_legend-Matrix-animation-output-transform-array" count="11" stride="16"><param type="float4x4"/></accessor></technique_common></source><source id="jnt_05_legend-Interpolations"><Name_array id="jnt_05_legend-Interpolations-array" count="11">
 LINEAR LINEAR LINEAR LINEAR LINEAR LINEAR LINEAR LINEAR LINEAR LINEAR LINEAR</Name_array><technique_common><accessor source="#jnt_05_legend-Interpolations-array" count="11"><param type="name"/></accessor></technique_common></source><sampler id="jnt_05_legend-Matrix-animation-transform"><input semantic="INPUT" source="#jnt_05_legend-Matrix-animation-input"/><input semantic="OUTPUT" source="#jnt_05_legend-Matrix-animation-output-transform"/><input semantic="INTERPOLATION" source="#jnt_05_legend-Interpolations"/></sampler><channel source="#jnt_05_legend-Matrix-animation-transform" target="jnt_05_legend/matrix"/></animation></animation>
    <animation id="jnt_05_cable-anim" name="jnt_05_cable"><animation><source id="jnt_05_cable-Matrix-animation-input"><float_array id="jnt_05_cable-Matrix-animation-input-array" count="11">

0.000000 0.033333 0.066667 0.100000 0.133333 0.166667 0.200000 0.233333 0.266667 0.300000 0.333333</float_array><technique_common><accessor source="#jnt_05_cable-Matrix-animation-input-array" count="11"><param name="TIME" type="float"/></accessor></technique_common></source><source id="jnt_05_cable-Matrix-animation-output-transform"><float_array id="jnt_05_cable-Matrix-animation-output-transform-array" count="176">

0.999959 -0.009044 0.000000 1.025162 0.009044 0.999959 -0.000000 -0.572081 -0.000000 -0.000000 1.000000 0.000000 0.000000 0.000000 0.000000 1.000000
0.999959 -0.009044 0.000000 1.025162 0.009044 0.999959 -0.000000 -0.572081 0.000000 0.000000 1.000000 0.000000 0.000000 0.000000 0.000000 1.000000
0.999959 -0.009044 0.000000 1.025162 0.009044 0.999959 -0.000000 -0.572081 0.000000 0.000000 1.000000 0.000000 0.000000 0.000000 0.000000 1.000000
0.999959 -0.009044 -0.000000 1.025162 0.009044 0.999959 0.000000 -0.572081 -0.000000 0.000000 1.000000 -0.000000 0.000000 0.000000 0.000000 1.000000
0.999959 -0.009044 -0.000000 1.025162 0.009044 0.999959 -0.000000 -0.572081 -0.000000 0.000000 1.000000 -0.000000 0.000000 0.000000 0.000000 1.000000
0.999959 -0.009044 0.000000 1.025162 0.009044 0.999959 0.000000 -0.572081 0.000000 -0.000000 1.000000 -0.000000 0.000000 0.000000 0.000000 1.000000
0.999959 -0.009044 -0.000000 1.025162 0.009044 0.999959 0.000000 -0.572081 0.000000 -0.000000 1.000000 0.000000 0.000000 0.000000 0.000000 1.000000
0.999959 -0.009044 -0.000000 1.025162 0.009044 0.999959 0.000000 -0.572081 0.000000 0.000000 1.000000 0.000000 0.000000 0.000000 0.000000 1.000000
0.999959 -0.009044 0.000000 1.025162 0.009044 0.999959 -0.000000 -0.572081 0.000000 -0.000000 1.000000 0.000000 0.000000 0.000000 0.000000 1.000000
0.999959 -0.009044 0.000000 1.025162 0.009044 0.999959 0.000000 -0.572081 0.000000 0.000000 1.000000 0.000000 0.000000 0.000000 0.000000 1.000000
0.999959 -0.009044 0.000000 1.025162 0.009044 0.999959 0.000000 -0.572081 0.000000 0.000000 1.000000 0.000000 0.000000 0.000000 0.000000 1.000000</float_array><technique_common><accessor source="#jnt_05_cable-Matrix-animation-output-transform-array" count="11" stride="16"><param type="float4x4"/></accessor></technique_common></source><source id="jnt_05_cable-Interpolations"><Name_array id="jnt_05_cable-Interpolations-array" count="11">
 LINEAR LINEAR LINEAR LINEAR LINEAR LINEAR LINEAR LINEAR LINEAR LINEAR LINEAR</Name_array><technique_common><accessor source="#jnt_05_cable-Interpolations-array" count="11"><param type="name"/></accessor></technique_common></source><sampler id="jnt_05_cable-Matrix-animation-transform"><input semantic="INPUT" source="#jnt_05_cable-Matrix-animation-input"/><input semantic="OUTPUT" source="#jnt_05_cable-Matrix-animation-output-transform"/><input semantic="INTERPOLATION" source="#jnt_05_cable-Interpolations"/></sampler><channel source="#jnt_05_cable-Matrix-animation-transform" target="jnt_05_cable/matrix"/></animation></animation>
    <animation id="jnt_04_upperleg-anim" name="jnt_04_upperleg"><animation><source id="jnt_04_upperleg-Matrix-animation-input"><float_array id="jnt_04_upperleg-Matrix-animation-input-array" count="11">

0.000000 0.033333 0.066667 0.100000 0.133333 0.166667 0.200000 0.233333 0.266667 0.300000 0.333333</float_array><technique_common><accessor source="#jnt_04_upperleg-Matrix-animation-input-array" count="11"><param name="TIME" type="float"/></accessor></technique_common></source><source id="jnt_04_upperleg-Matrix-animation-output-transform"><float_array id="jnt_04_upperleg-Matrix-animation-output-transform-array" count="176">

0.505700 0.129887 0.852875 0.236446 -0.650572 0.706684 0.278124 0.000000 -0.566589 -0.695505 0.441872 -0.409537 0.000000 0.000000 0.000000 1.000000
0.498919 0.142677 0.854824 0.236446 -0.671221 0.687556 0.277000 0.000000 -0.548217 -0.711976 0.438802 -0.409537 0.000000 0.000000 0.000000 1.000000
0.526857 0.024455 0.849602 0.236446 -0.489826 0.825638 0.279987 0.000000 -0.694616 -0.563671 0.446971 -0.409537 0.000000 0.000000 0.000000 1.000000
0.509412 -0.171126 0.843336 0.236446 -0.151167 0.946991 0.283471 0.000000 -0.847141 -0.271888 0.456541 -0.409537 0.000000 0.000000 0.000000 1.000000
0.479718 -0.258439 0.838498 0.236446 0.016089 0.958068 0.286088 0.000000 -0.877275 -0.123751 0.463761 -0.409537 0.000000 0.000000 0.000000 1.000000
