<?xml version="1.0" encoding="utf-8"?>
<COLLADA xmlns="http://www.collada.org/2005/11/COLLADASchema" version="1.4.1">
  <asset><contributor><author></author><authoring_tool>FBX COLLADA exporter</authoring_tool><comments></comments></contributor><created>2020-04-19T21:42:49Z</created><keywords></keywords><modified>2020-04-19T21:42:49Z</modified><revision></revision><subject></subject><title></title><unit meter="0.010000" name="centimeter"></unit><up_axis>Y_UP</up_axis></asset>
  <library_animations>
    <animation id="rig_root_jnt-anim" name="rig_root_jnt"><animation><source id="rig_root_jnt-Matrix-animation-input"><float_array id="rig_root_jnt-Matrix-animation-input-array" count="61">

0.000000 0.033333 0.066667 0.100000 0.133333 0.166667 0.200000 0.233333 0.266667 0.300000 0.333333 0.366667 0.400000 0.433333 0.466667 0.500000
0.533333 0.566667 0.600000 0.633333 0.666667 0.700000 0.733333 0.766667 0.800000 0.833333 0.866667 0.900000 0.933333 0.966667 1.000000 1.033333
1.066667 1.100000 1.133333 1.166667 1.200000 1.233333 1.266667 1.300000 1.333333 1.366667 1.400000 1.433333 1.466667 1.500000 1.533333 1.566667
1.600000 1.633333 1.666667 1.700000 1.733333 1.766667 1.800000 1.833333 1.866667 1.900000 1.933333 1.966667 2.000000</float_array><technique_common><accessor source="#rig_root_jnt-Matrix-animation-input-array" count="61"><param name="TIME" type="float"/></accessor></technique_common></source><source id="rig_root_jnt-Matrix-animation-output-transform"><float_array id="rig_root_jnt-Matrix-animation-output-transform-array" count="976">

0.999013 0.010104 0.043252 0.000000 -0.011981 0.998987 0.043376 1.982647 -0.042770 -0.043852 0.998122 -0.000000 0.000000 0.000000 0.000000 1.000000
0.999013 0.010700 0.043109 0.000000 -0.011981 0.999491 0.029566 1.966154 -0.042770 -0.030053 0.998633 -0.000000 0.000000 0.000000 0.000000 1.000000
0.999013 0.011426 0.042922 0.000000 -0.011981 0.999847 0.012713 1.960596 -0.042770 -0.013215 0.998998 -0.000000 0.000000 0.000000 0.000000 1.000000
0.999013 0.012250 0.042694 0.000000 -0.011981 0.999907 -0.006531 1.965078 -0.042770 0.006013 0.999067 0.000000 0.000000 0.000000 0.000000 1.000000
0.999013 0.013143 0.042428 0.000000 -0.011981 0.999550 -0.027510 1.978707 -0.042770 0.026975 0.998721 0.000000 0.000000 0.000000 0.000000 1.000000
0.999013 0.014076 0.042127 0.000000 -0.011981 0.998699 -0.049563 2.000589 -0.042770 0.049009 0.997882 0.000000 0.000000 0.000000 0.000000 1.000000
0.999013 0.015020 0.041800 0.000000 -0.011981 0.997331 -0.072027 2.029831 -0.042770 0.071455 0.996526 0.000000 0.000000 0.000000 0.000000 1.000000
0.999013 0.015948 0.041455 0.000000 -0.011981 0.995477 -0.094243 2.065538 -0.042770 0.093653 0.994686 0.000000 0.000000 0.000000 0.000000 1.000000
0.999013 0.016833 0.041103 0.000000 -0.011981 0.993229 -0.115555 2.106819 -0.042770 0.114948 0.992450 0.000000 0.000000 0.000000 0.000000 1.000000
0.999013 0.017649 0.040760 0.000000 -0.011981 0.990730 -0.135314 2.152777 -0.042770 0.134692 0.989964 0.000000 0.000000 0.000000 0.000000 1.000000
0.999013 0.018369 0.040440 0.000000 -0.011981 0.988172 -0.152882 2.202522 -0.042770 0.152247 0.987417 0.000000 0.000000 0.000000 0.000000 1.000000
0.999013 0.018972 0.040161 0.000000 -0.011981 0.985777 -0.167629 2.255157 -0.042770 0.166983 0.985032 0.000000 0.000000 0.000000 0.000000 1.000000
0.999013 0.019431 0.039941 0.000000 -0.011981 0.983788 -0.178932 2.309790 -0.042770 0.178277 0.983050 0.000000 0.000000 0.000000 0.000000 1.000000
0.999013 0.019725 0.039797 0.000000 -0.011981 0.982444 -0.186171 2.365528 -0.042770 0.185510 0.981711 0.000000 0.000000 0.000000 0.000000 1.000000
0.999013 0.019828 0.039745 0.000000 -0.011981 0.981957 -0.188724 2.421476 -0.042770 0.188061 0.981226 0.000000 0.000000 0.000000 0.000000 1.000000
0.999013 0.019782 0.039768 0.000000 -0.011981 0.982176 -0.187579 2.476742 -0.042770 0.186917 0.981444 0.000000 0.000000 0.000000 0.000000 1.000000
0.999013 0.019647 0.039835 0.000000 -0.011981 0.982806 -0.184252 2.530431 -0.042770 0.183593 0.982072 0.000000 0.000000 0.000000 0.000000 1.000000
0.999013 0.019430 0.039942 0.000000 -0.011981 0.983794 -0.178900 2.581649 -0.042770 0.178244 0.983056 0.000000 0.000000 0.000000 0.000000 1.000000
0.999013 0.019136 0.040083 0.000000 -0.011981 0.985080 -0.171679 2.629504 -0.042770 0.171029 0.984337 0.000000 0.000000 0.000000 0.000000 1.000000
0.999013 0.018772 0.040255 0.000000 -0.011981 0.986596 -0.162744 2.673101 -0.042770 0.162101 0.985847 0.000000 0.000000 0.000000 0.000000 1.000000
0.999013 0.018344 0.040452 0.000000 -0.011981 0.988269 -0.152252 2.711547 -0.042770 0.151617 0.987514 0.000000 0.000000 0.000000 0.000000 1.000000
0.999013 0.017856 0.040670 0.000000 -0.011981 0.990028 -0.140358 2.743948 -0.042770 0.139732 0.989265 0.000000 0.000000 0.000000 0.000000 1.000000
0.999013 0.017315 0.040903 0.000000 -0.011981 0.991802 -0.127220 2.769412 -0.042770 0.126604 0.991031 0.000000 0.000000 0.000000 0.000000 1.000000
0.999013 0.016727 0.041147 0.000000 -0.011981 0.993523 -0.112997 2.787043 -0.042770 0.112393 0.992743 0.000000 0.000000 0.000000 0.000000 1.000000
0.999013 0.016099 0.041397 0.000000 -0.011981 0.995129 -0.097851 2.799603 -0.042770 0.097259 0.994340 0.000000 0.000000 0.000000 0.000000 1.000000
0.999013 0.015435 0.041649 0.000000 -0.011981 0.996565 -0.081944 2.810163 -0.042770 0.081364 0.995766 0.000000 0.000000 0.000000 0.000000 1.000000
0.999013 0.014744 0.041898 0.000000 -0.011981 0.997784 -0.065442 2.818295 -0.042770 0.064875 0.996976 0.000000 0.000000 0.000000 0.000000 1.000000
0.999013 0.014031 0.042142 0.000000 -0.011981 0.998751 -0.048511 2.823572 -0.042770 0.047958 0.997933 0.000000 0.000000 0.000000 0.000000 1.000000
0.999013 0.013304 0.042377 0.000000 -0.011981 0.999438 -0.031319 2.825565 -0.042770 0.030781 0.998611 0.000000 0.000000 0.000000 0.000000 1.000000
0.999013 0.012570 0.042601 0.000000 -0.011981 0.999830 -0.014036 2.823846 -0.042770 0.013512 0.998994 0.000000 0.000000 0.000000 0.000000 1.000000
0.999013 0.011835 0.042811 0.000000 -0.011981 0.999923 0.003169 2.817987 -0.042770 -0.003679 0.999078 -0.000000 0.000000 0.000000 0.000000 1.000000
0.999013 0.011107 0.043006 0.000000 -0.011981 0.999726 0.020126 2.807561 -0.042770 -0.020622 0.998872 -0.000000 0.000000 0.000000 0.000000 1.000000
0.999013 0.010394 0.043184 0.000000 -0.011981 0.999256 0.036667 2.792140 -0.042770 -0.037148 0.998394 -0.000000 0.000000 0.000000 0.000000 1.000000
0.999013 0.009703 0.043344 0.000000 -0.011981 0.998543 0.052623 2.771294 -0.042770 -0.053090 0.997673 -0.000000 0.000000 0.000000 0.000000 1.000000
0.999013 0.009041 0.043487 0.000000 -0.011981 0.997625 0.067826 2.744597 -0.042770 -0.068280 0.996749 -0.000000 0.000000 0.000000 0.000000 1.000000
0.999013 0.008417 0.043612 0.000000 -0.011981 0.996551 0.082112 2.711621 -0.042770 -0.082554 0.995668 -0.000000 0.000000 0.000000 0.000000 1.000000
0.999013 0.007839 0.043720 0.000000 -0.011981 0.995375 0.095317 2.671937 -0.042770 -0.095747 0.994486 -0.000000 0.000000 0.000000 0.000000 1.000000
0.999013 0.007312 0.043811 0.000000 -0.011981 0.994157 0.107278 2.625118 -0.042770 -0.107698 0.993263 -0.000000 0.000000 0.000000 0.000000 1.000000
0.999013 0.006846 0.043886 0.000000 -0.011981 0.992961 0.117836 2.576277 -0.042770 -0.118245 0.992063 -0.000000 0.000000 0.000000 0.000000 1.000000
0.999013 0.006448 0.043946 0.000000 -0.011981 0.991852 0.126830 2.530688 -0.042770 -0.127231 0.990951 -0.000000 0.000000 0.000000 0.000000 1.000000
0.999013 0.006126 0.043992 0.000000 -0.011981 0.990895 0.134102 2.488156 -0.042770 -0.134496 0.989991 -0.000000 0.000000 0.000000 0.000000 1.000000
0.999013 0.005886 0.044025 0.000000 -0.011981 0.990151 0.139493 2.448488 -0.042770 -0.139883 0.989244 -0.000000 0.000000 0.000000 0.000000 1.000000
0.999013 0.005737 0.044045 0.000000 -0.011981 0.989672 0.142846 2.411493 -0.042770 -0.143232 0.988764 -0.000000 0.000000 0.000000 0.000000 1.000000
0.999013 0.005686 0.044051 0.000000 -0.011981 0.989505 0.143999 2.376977 -0.042770 -0.144385 0.988597 -0.000000 0.000000 0.000000 0.000000 1.000000
0.999013 0.005701 0.044049 0.000000 -0.011981 0.989554 0.143666 2.344747 -0.042770 -0.144052 0.988645 -0.000000 0.000000 0.000000 0.000000 1.000000
0.999013 0.005745 0.044044 0.000000 -0.011981 0.989699 0.142663 2.314610 -0.042770 -0.143050 0.988791 -0.000000 0.000000 0.000000 0.000000 1.000000
0.999013 0.005820 0.044034 0.000000 -0.011981 0.989939 0.140985 2.286375 -0.042770 -0.141373 0.989032 -0.000000 0.000000 0.000000 0.000000 1.000000
0.999013 0.005925 0.044020 0.000000 -0.011981 0.990272 0.138627 2.259847 -0.042770 -0.139017 0.989366 -0.000000 0.000000 0.000000 0.000000 1.000000
0.999013 0.006060 0.044001 0.000000 -0.011981 0.990694 0.135583 2.234833 -0.042770 -0.135976 0.989788 -0.000000 0.000000 0.000000 0.000000 1.000000
0.999013 0.006226 0.043978 0.000000 -0.011981 0.991198 0.131847 2.211143 -0.042770 -0.132244 0.990294 -0.000000 0.000000 0.000000 0.000000 1.000000
0.999013 0.006422 0.043950 0.000000 -0.011981 0.991777 0.127414 2.188581 -0.042770 -0.127815 0.990875 -0.000000 0.000000 0.000000 0.000000 1.000000
0.999013 0.006650 0.043916 0.000000 -0.011981 0.992424 0.122278 2.166955 -0.042770 -0.122683 0.991524 -0.000000 0.000000 0.000000 0.000000 1.000000
0.999013 0.006908 0.043876 0.000000 -0.011981 0.993126 0.116431 2.146074 -0.042770 -0.116842 0.992229 -0.000000 0.000000 0.000000 0.000000 1.000000
0.999013 0.007198 0.043830 0.000000 -0.011981 0.993874 0.109869 2.125742 -0.042770 -0.110286 0.992979 -0.000000 0.000000 0.000000 0.000000 1.000000
0.999013 0.007519 0.043776 0.000000 -0.011981 0.994652 0.102585 2.105769 -0.042770 -0.103008 0.993761 -0.000000 0.000000 0.000000 0.000000 1.000000
0.999013 0.007871 0.043714 0.000000 -0.011981 0.995446 0.094572 2.085961 -0.042770 -0.095003 0.994558 -0.000000 0.000000 0.000000 0.000000 1.000000
0.999013 0.008255 0.043643 0.000000 -0.011981 0.996238 0.085825 2.066125 -0.042770 -0.086263 0.995354 -0.000000 0.000000 0.000000 0.000000 1.000000
0.999013 0.008670 0.043562 0.000000 -0.011981 0.997010 0.076338 2.046069 -0.042770 -0.076784 0.996130 -0.000000 0.000000 0.000000 0.000000 1.000000
0.999013 0.009117 0.043471 0.000000 -0.011981 0.997741 0.066104 2.025599 -0.042770 -0.066560 0.996865 -0.000000 0.000000 0.000000 0.000000 1.000000
0.999013 0.009594 0.043368 0.000000 -0.011981 0.998408 0.055118 2.004523 -0.042770 -0.055584 0.997538 -0.000000 0.000000 0.000000 0.000000 1.000000
0.999013 0.010104 0.043252 0.000000 -0.011981 0.998987 0.043376 1.982647 -0.042770 -0.043852 0.998122 -0.000000 0.000000 0.000000 0.000000 1.000000</float_array><technique_common><accessor source="#rig_root_jnt-Matrix-animation-output-transform-array" count="61" stride="16"><param type="float4x4"/></accessor></technique_common></source><source id="rig_root_jnt-Interpolations"><Name_array id="rig_root_jnt-Interpolations-array" count="61">
 LINEAR LINEAR LINEAR LINEAR LINEAR LINEAR LINEAR LINEAR LINEAR LINEAR LINEAR
LINEAR LINEAR LINEAR LINEAR LINEAR LINEAR LINEAR LINEAR LINEAR LINEAR LINEAR LINEAR
LINEAR LINEAR LINEAR LINEAR LINEAR LINEAR LINEAR LINEAR LINEAR LINEAR LINEAR LINEAR
LINEAR LINEAR LINEAR LINEAR LINEAR LINEAR LINEAR LINEAR LINEAR LINEAR LINEAR LINEAR
LINEAR LINEAR LINEAR LINEAR LINEAR LINEAR LINEAR LINEAR LINEAR LINEAR LINEAR LINEAR
LINEAR LINEAR</Name_array><technique_common><accessor source="#rig_root_jnt-Interpolations-array" count="61"><param type="name"/></accessor></technique_common></source><sampler id="rig_root_jnt-Matrix-animation-transform"><input semantic="INPUT" source="#rig_root_jnt-Matrix-animation-input"/><input semantic="OUTPUT" source="#rig_root_jnt-Matrix-animation-output-transform"/><input semantic="INTERPOLATION" source="#rig_root_jnt-Interpolations"/></sampler><channel source="#rig_root_jnt-Matrix-animation-transform" target="rig_root_jnt/matrix"/></animation></animation>
    <animation id="rig_jnt_spine1-anim" name="rig_jnt_spine1"><animation><source id="rig_jnt_spine1-Matrix-animation-input"><float_array id="rig_jnt_spine1-Matrix-animation-input-array" count="61">

0.000000 0.033333 0.066667 0.100000 0.133333 0.166667 0.200000 0.233333 0.266667 0.300000 0.333333 0.366667 0.400000 0.433333 0.466667 0.500000
0.533333 0.566667 0.600000 0.633333 0.666667 0.700000 0.733333 0.766667 0.800000 0.833333 0.866667 0.900000 0.933333 0.966667 1.000000 1.033333
1.066667 1.100000 1.133333 1.166667 1.200000 1.233333 1.266667 1.300000 1.333333 1.366667 1.400000 1.433333 1.466667 1.500000 1.533333 1.566667
1.600000 1.633333 1.666667 1.700000 1.733333 1.766667 1.800000 1.833333 1.866667 1.900000 1.933333 1.966667 2.000000</float_array><technique_common><accessor source="#rig_jnt_spine1-Matrix-animation-input-array" count="61"><param name="TIME" type="float"/></accessor></technique_common></source><source id="rig_jnt_spine1-Matrix-animation-output-transform"><float_array id="rig_jnt_spine1-Matrix-animation-output-transform-array" count="976">

0.998854 -0.047474 -0.006148 -0.000000 0.047300 0.998546 -0.025857 0.479000 0.007367 0.025536 0.999647 0.000000 0.000000 0.000000 0.000000 1.000000
0.998854 -0.047385 -0.006804 -0.000000 0.047300 0.998808 -0.012054 0.479000 0.007367 0.011719 0.999904 0.000000 0.000000 0.000000 0.000000 1.000000
0.998854 -0.047263 -0.007602 -0.000000 0.047300 0.998869 0.004785 0.479000 0.007367 -0.005139 0.999960 0.000000 0.000000 0.000000 0.000000 1.000000
0.998854 -0.047108 -0.008510 0.000000 0.047300 0.998592 0.024007 0.479000 0.007367 -0.024382 0.999676 0.000000 0.000000 0.000000 0.000000 1.000000
0.998854 -0.046919 -0.009496 0.000000 0.047300 0.997869 0.044954 0.479000 0.007367 -0.045352 0.998944 0.000000 0.000000 0.000000 0.000000 1.000000
0.998854 -0.046698 -0.010529 0.000000 0.047300 0.996633 0.066965 0.479000 0.007367 -0.067387 0.997700 0.000000 0.000000 0.000000 0.000000 1.000000
0.998854 -0.046449 -0.011578 0.000000 0.047300 0.994874 0.089379 0.479000 0.007367 -0.089824 0.995930 -0.000000 0.000000 0.000000 0.000000 1.000000
0.998854 -0.046180 -0.012610 0.000000 0.047300 0.992634 0.111536 0.479000 0.007367 -0.112004 0.993680 0.000000 0.000000 0.000000 0.000000 1.000000
0.998854 -0.045899 -0.013597 -0.000000 0.047300 0.990016 0.132783 0.479000 0.007367 -0.133274 0.991052 0.000000 0.000000 0.000000 0.000000 1.000000
0.998854 -0.045619 -0.014509 0.000000 0.047300 0.987175 0.152475 0.479000 0.007367 -0.152986 0.988201 -0.000000 0.000000 0.000000 0.000000 1.000000
0.998854 -0.045354 -0.015316 0.000000 0.047300 0.984312 0.169977 0.479000 0.007367 -0.170507 0.985329 0.000000 0.000000 0.000000 0.000000 1.000000
0.998854 -0.045120 -0.015992 0.000000 0.047300 0.981663 0.184664 0.479000 0.007367 -0.185209 0.982672 -0.000000 0.000000 0.000000 0.000000 1.000000
0.998854 -0.044934 -0.016509 0.000000 0.047300 0.979479 0.195919 0.479000 0.007367 -0.196475 0.980481 0.000000 0.000000 0.000000 0.000000 1.000000
0.998854 -0.044811 -0.016839 0.000000 0.047300 0.978010 0.203125 0.479000 0.007367 -0.203689 0.979008 0.000000 0.000000 0.000000 0.000000 1.000000
0.998854 -0.044767 -0.016956 -0.000000 0.047300 0.977478 0.205667 0.479000 0.007367 -0.206233 0.978475 0.000000 0.000000 0.000000 0.000000 1.000000
0.998854 -0.044787 -0.016904 0.000000 0.047300 0.977717 0.204527 0.479000 0.007367 -0.205092 0.978715 0.000000 0.000000 0.000000 0.000000 1.000000
0.998854 -0.044844 -0.016752 -0.000000 0.047300 0.978404 0.201215 0.479000 0.007367 -0.201777 0.979404 -0.000000 0.000000 0.000000 0.000000 1.000000
0.998854 -0.044934 -0.016508 -0.000000 0.047300 0.979485 0.195886 0.479000 0.007367 -0.196443 0.980488 0.000000 0.000000 0.000000 0.000000 1.000000
0.998854 -0.045054 -0.016178 0.000000 0.047300 0.980896 0.188697 0.479000 0.007367 -0.189245 0.981902 0.000000 0.000000 0.000000 0.000000 1.000000
0.998854 -0.045199 -0.015769 0.000000 0.047300 0.982565 0.179799 0.479000 0.007367 -0.180339 0.983577 0.000000 0.000000 0.000000 0.000000 1.000000
0.998854 -0.045364 -0.015287 0.000000 0.047300 0.984420 0.169349 0.479000 0.007367 -0.169878 0.985438 0.000000 0.000000 0.000000 0.000000 1.000000
0.998854 -0.045545 -0.014741 -0.000000 0.047300 0.986386 0.157500 0.479000 0.007367 -0.158017 0.987409 0.000000 0.000000 0.000000 0.000000 1.000000
0.998854 -0.045736 -0.014136 -0.000000 0.047300 0.988387 0.144409 0.479000 0.007367 -0.144912 0.989417 -0.000000 0.000000 0.000000 0.000000 1.000000
0.998854 -0.045934 -0.013479 0.000000 0.047300 0.990354 0.130234 0.479000 0.007367 -0.130722 0.991392 0.000000 0.000000 0.000000 0.000000 1.000000
0.998854 -0.046134 -0.012778 0.000000 0.047300 0.992223 0.115134 0.479000 0.007367 -0.115606 0.993268 0.000000 0.000000 0.000000 0.000000 1.000000
0.998854 -0.046332 -0.012039 0.000000 0.047300 0.993936 0.099271 0.479000 0.007367 -0.099727 0.994988 -0.000000 0.000000 0.000000 0.000000 1.000000
0.998854 -0.046525 -0.011271 0.000000 0.047300 0.995442 0.082810 0.479000 0.007367 -0.083248 0.996502 0.000000 0.000000 0.000000 0.000000 1.000000
0.998854 -0.046709 -0.010480 0.000000 0.047300 0.996703 0.065916 0.479000 0.007367 -0.066336 0.997770 0.000000 0.000000 0.000000 0.000000 1.000000
0.998854 -0.046883 -0.009675 -0.000000 0.047300 0.997690 0.048757 0.479000 0.007367 -0.049159 0.998764 0.000000 0.000000 0.000000 0.000000 1.000000
0.998854 -0.047043 -0.008863 -0.000000 0.047300 0.998384 0.031501 0.479000 0.007367 -0.031885 0.999464 0.000000 0.000000 0.000000 0.000000 1.000000
0.998854 -0.047189 -0.008052 0.000000 0.047300 0.998778 0.014319 0.479000 0.007367 -0.014683 0.999865 0.000000 0.000000 0.000000 0.000000 1.000000
0.998854 -0.047318 -0.007251 0.000000 0.047300 0.998877 -0.002622 0.479000 0.007367 0.002276 0.999970 0.000000 0.000000 0.000000 0.000000 1.000000
0.998854 -0.047432 -0.006467 0.000000 0.047300 0.998697 -0.019151 0.479000 0.007367 0.018823 0.999796 0.000000 0.000000 0.000000 0.000000 1.000000
0.998854 -0.047529 -0.005709 0.000000 0.047300 0.998264 -0.035100 0.479000 0.007367 0.034790 0.999368 0.000000 0.000000 0.000000 0.000000 1.000000
0.998854 -0.047610 -0.004984 0.000000 0.047300 0.997613 -0.050301 0.479000 0.007367 0.050008 0.998722 0.000000 0.000000 0.000000 0.000000 1.000000
0.998854 -0.047677 -0.004301 -0.000000 0.047300 0.996790 -0.064589 0.479000 0.007367 0.064311 0.997903 0.000000 0.000000 0.000000 0.000000 1.000000
0.998854 -0.047730 -0.003669 0.000000 0.047300 0.995846 -0.077798 0.479000 0.007367 0.077536 0.996962 0.000000 0.000000 0.000000 0.000000 1.000000
0.998854 -0.047770 -0.003095 0.000000 0.047300 0.994839 -0.089767 0.479000 0.007367 0.089517 0.995958 0.000000 0.000000 0.000000 0.000000 1.000000
0.998854 -0.047801 -0.002587 0.000000 0.047300 0.993829 -0.100332 0.479000 0.007367 0.100095 0.994951 0.000000 0.000000 0.000000 0.000000 1.000000
0.998854 -0.047822 -0.002154 -0.000000 0.047300 0.992879 -0.109335 0.479000 0.007367 0.109108 0.994003 0.000000 0.000000 0.000000 0.000000 1.000000
0.998854 -0.047837 -0.001803 0.000000 0.047300 0.992050 -0.116615 0.479000 0.007367 0.116396 0.993176 0.000000 0.000000 0.000000 0.000000 1.000000
0.998854 -0.047846 -0.001542 0.000000 0.047300 0.991401 -0.122013 0.479000 0.007367 0.121800 0.992527 0.000000 0.000000 0.000000 0.000000 1.000000
0.998854 -0.047851 -0.001380 -0.000000 0.047300 0.990982 -0.125370 0.479000 0.007367 0.125161 0.992109 0.000000 0.000000 0.000000 0.000000 1.000000
0.998854 -0.047852 -0.001325 -0.000000 0.047300 0.990835 -0.126524 0.479000 0.007367 0.126317 0.991963 0.000000 0.000000 0.000000 0.000000 1.000000
0.998854 -0.047852 -0.001341 -0.000000 0.047300 0.990878 -0.126191 0.479000 0.007367 0.125983 0.992005 -0.000000 0.000000 0.000000 0.000000 1.000000
0.998854 -0.047850 -0.001389 0.000000 0.047300 0.991005 -0.125187 0.479000 0.007367 0.124977 0.992132 0.000000 0.000000 0.000000 0.000000 1.000000
0.998854 -0.047848 -0.001470 -0.000000 0.047300 0.991216 -0.123507 0.479000 0.007367 0.123295 0.992343 -0.000000 0.000000 0.000000 0.000000 1.000000
0.998854 -0.047844 -0.001584 0.000000 0.047300 0.991507 -0.121145 0.479000 0.007367 0.120932 0.992633 0.000000 0.000000 0.000000 0.000000 1.000000
0.998854 -0.047839 -0.001731 0.000000 0.047300 0.991875 -0.118098 0.479000 0.007367 0.117881 0.993000 0.000000 0.000000 0.000000 0.000000 1.000000
0.998854 -0.047832 -0.001912 0.000000 0.047300 0.992313 -0.114358 0.479000 0.007367 0.114136 0.993438 0.000000 0.000000 0.000000 0.000000 1.000000
0.998854 -0.047823 -0.002125 0.000000 0.047300 0.992814 -0.109920 0.479000 0.007367 0.109694 0.993938 0.000000 0.000000 0.000000 0.000000 1.000000
0.998854 -0.047812 -0.002373 0.000000 0.047300 0.993370 -0.104778 0.479000 0.007367 0.104546 0.994493 0.000000 0.000000 0.000000 0.000000 1.000000
0.998854 -0.047797 -0.002654 0.000000 0.047300 0.993970 -0.098927 0.479000 0.007367 0.098688 0.995091 0.000000 0.000000 0.000000 0.000000 1.000000
0.998854 -0.047778 -0.002970 0.000000 0.047300 0.994602 -0.092359 0.479000 0.007367 0.092113 0.995721 -0.000000 0.000000 0.000000 0.000000 1.000000
0.998854 -0.047755 -0.003320 0.000000 0.047300 0.995252 -0.085070 0.479000 0.007367 0.084816 0.996369 -0.000000 0.000000 0.000000 0.000000 1.000000
0.998854 -0.047727 -0.003705 0.000000 0.047300 0.995904 -0.077053 0.479000 0.007367 0.076790 0.997020 0.000000 0.000000 0.000000 0.000000 1.000000
0.998854 -0.047693 -0.004124 -0.000000 0.047300 0.996543 -0.068303 0.479000 0.007367 0.068030 0.997656 -0.000000 0.000000 0.000000 0.000000 1.000000
0.998854 -0.047651 -0.004577 0.000000 0.047300 0.997148 -0.058813 0.479000 0.007367 0.058529 0.998259 0.000000 0.000000 0.000000 0.000000 1.000000
0.998854 -0.047602 -0.005066 0.000000 0.047300 0.997699 -0.048579 0.479000 0.007367 0.048284 0.998806 0.000000 0.000000 0.000000 0.000000 1.000000
0.998854 -0.047543 -0.005590 0.000000 0.047300 0.998173 -0.037595 0.479000 0.007367 0.037288 0.999277 -0.000000 0.000000 0.000000 0.000000 1.000000
0.998854 -0.047474 -0.006148 -0.000000 0.047300 0.998546 -0.025857 0.479000 0.007367 0.025536 0.999647 0.000000 0.000000 0.000000 0.000000 1.000000</float_array><technique_common><accessor source="#rig_jnt_spine1-Matrix-animation-output-transform-array" count="61" stride="16"><param type="float4x4"/></accessor></technique_common></source><source id="rig_jnt_spine1-Interpolations"><Name_array id="rig_jnt_spine1-Interpolations-array" count="61">
 LINEAR LINEAR LINEAR LINEAR LINEAR LINEAR LINEAR LINEAR LINEAR LINEAR LINEAR
LINEAR LINEAR LINEAR LINEAR LINEAR LINEAR LINEAR LINEAR LINEAR LINEAR LINEAR LINEAR
LINEAR LINEAR LINEAR LINEAR LINEAR LINEAR LINEAR LINEAR LINEAR LINEAR LINEAR LINEAR
LINEAR LINEAR LINEAR LINEAR LINEAR LINEAR LINEAR LINEAR LINEAR LINEAR LINEAR LINEAR
LINEAR LINEAR LINEAR LINEAR LINEAR LINEAR LINEAR LINEAR LINEAR LINEAR LINEAR LINEAR
LINEAR LINEAR</Name_array><technique_common><accessor source="#rig_jnt_spine1-Interpolations-array" count="61"><param type="name"/></accessor></technique_common></source><sampler id="rig_jnt_spine1-Matrix-animation-transform"><input semantic="INPUT" source="#rig_jnt_spine1-Matrix-animation-input"/><input semantic="OUTPUT" source="#rig_jnt_spine1-Matrix-animation-output-transform"/><input semantic="INTERPOLATION" source="#rig_jnt_spine1-Interpolations"/></sampler><channel source="#rig_jnt_spine1-Matrix-animation-transform" target="rig_jnt_spine1/matrix"/></animation></animation>
    <animation id="rig_jnt_spine2-anim" name="rig_jnt_spine2"><animation><source id="rig_jnt_spine2-Matrix-animation-input"><float_array id="rig_jnt_spine2-Matrix-animation-input-array" count="61">

0.000000 0.033333 0.066667 0.100000 0.133333 0.166667 0.200000 0.233333 0.266667 0.300000 0.333333 0.366667 0.400000 0.433333 0.466667 0.500000
0.533333 0.566667 0.600000 0.633333 0.666667 0.700000 0.733333 0.766667 0.800000 0.833333 0.866667 0.900000 0.933333 0.966667 1.000000 1.033333
1.066667 1.100000 1.133333 1.166667 1.200000 1.233333 1.266667 1.300000 1.333333 1.366667 1.400000 1.433333 1.466667 1.500000 1.533333 1.566667
1.600000 1.633333 1.666667 1.700000 1.733333 1.766667 1.800000 1.833333 1.866667 1.900000 1.933333 1.966667 2.000000</float_array><technique_common><accessor source="#rig_jnt_spine2-Matrix-animation-input-array" count="61"><param name="TIME" type="float"/></accessor></technique_common></source><source id="rig_jnt_spine2-Matrix-animation-output-transform"><float_array id="rig_jnt_spine2-Matrix-animation-output-transform-array" count="976">

1.000000 0.000000 0.000000 0.000000 0.000000 1.000000 -0.000000 0.449000 0.000000 0.000000 1.000000 0.000000 0.000000 0.000000 0.000000 1.000000
1.000000 0.000000 -0.000000 0.000000 -0.000000 1.000000 0.000000 0.449000 0.000000 -0.000000 1.000000 0.000000 0.000000 0.000000 0.000000 1.000000
1.000000 0.000000 0.000000 -0.000000 0.000000 1.000000 0.000000 0.449000 0.000000 -0.000000 1.000000 -0.000000 0.000000 0.000000 0.000000 1.000000
1.000000 -0.000000 0.000000 -0.000000 0.000000 1.000000 0.000000 0.449000 0.000000 -0.000000 1.000000 0.000000 0.000000 0.000000 0.000000 1.000000
1.000000 0.000000 -0.000000 0.000000 -0.000000 1.000000 -0.000000 0.449000 0.000000 0.000000 1.000000 0.000000 0.000000 0.000000 0.000000 1.000000
1.000000 -0.000000 0.000000 0.000000 0.000000 1.000000 0.000000 0.449000 0.000000 -0.000000 1.000000 -0.000000 0.000000 0.000000 0.000000 1.000000
1.000000 0.000000 0.000000 -0.000000 -0.000000 1.000000 -0.000000 0.449000 0.000000 0.000000 1.000000 -0.000000 0.000000 0.000000 0.000000 1.000000
1.000000 0.000000 0.000000 0.000000 -0.000000 1.000000 -0.000000 0.449000 0.000000 0.000000 1.000000 -0.000000 0.000000 0.000000 0.000000 1.000000
1.000000 0.000000 0.000000 0.000000 0.000000 1.000000 -0.000000 0.449000 0.000000 0.000000 1.000000 0.000000 0.000000 0.000000 0.000000 1.000000
1.000000 -0.000000 0.000000 -0.000000 0.000000 1.000000 0.000000 0.449000 0.000000 -0.000000 1.000000 0.000000 0.000000 0.000000 0.000000 1.000000
1.000000 -0.000000 0.000000 -0.000000 -0.000000 1.000000 -0.000000 0.449000 -0.000000 0.000000 1.000000 -0.000000 0.000000 0.000000 0.000000 1.000000
1.000000 0.000000 0.000000 0.000000 0.000000 1.000000 -0.000000 0.449000 -0.000000 0.000000 1.000000 0.000000 0.000000 0.000000 0.000000 1.000000
1.000000 -0.000000 -0.000000 0.000000 -0.000000 1.000000 -0.000000 0.449000 0.000000 0.000000 1.000000 0.000000 0.000000 0.000000 0.000000 1.000000
1.000000 0.000000 0.000000 0.000000 0.000000 1.000000 -0.000000 0.449000 0.000000 0.000000 1.000000 0.000000 0.000000 0.000000 0.000000 1.000000
1.000000 0.000000 -0.000000 0.000000 0.000000 1.000000 0.000000 0.449000 0.000000 -0.000000 1.000000 0.000000 0.000000 0.000000 0.000000 1.000000
1.000000 0.000000 -0.000000 0.000000 0.000000 1.000000 -0.000000 0.449000 -0.000000 0.000000 1.000000 -0.000000 0.000000 0.000000 0.000000 1.000000
1.000000 -0.000000 0.000000 0.000000 -0.000000 1.000000 -0.000000 0.449000 0.000000 0.000000 1.000000 0.000000 0.000000 0.000000 0.000000 1.000000
1.000000 0.000000 0.000000 0.000000 0.000000 1.000000 -0.000000 0.449000 0.000000 0.000000 1.000000 0.000000 0.000000 0.000000 0.000000 1.000000
1.000000 0.000000 -0.000000 0.000000 -0.000000 1.000000 0.000000 0.449000 0.000000 -0.000000 1.000000 0.000000 0.000000 0.000000 0.000000 1.000000
1.000000 0.000000 -0.000000 0.000000 0.000000 1.000000 -0.000000 0.449000 -0.000000 0.000000 1.000000 0.000000 0.000000 0.000000 0.000000 1.000000
1.000000 0.000000 0.000000 0.000000 -0.000000 1.000000 -0.000000 0.449000 0.000000 0.000000 1.000000 -0.000000 0.000000 0.000000 0.000000 1.000000
1.000000 0.000000 0.000000 0.000000 0.000000 1.000000 0.000000 0.449000 -0.000000 -0.000000 1.000000 0.000000 0.000000 0.000000 0.000000 1.000000
1.000000 0.000000 -0.000000 0.000000 0.000000 1.000000 -0.000000 0.449000 -0.000000 0.000000 1.000000 -0.000000 0.000000 0.000000 0.000000 1.000000
1.000000 0.000000 0.000000 0.000000 -0.000000 1.000000 0.000000 0.449000 -0.000000 -0.000000 1.000000 0.000000 0.000000 0.000000 0.000000 1.000000
1.000000 0.000000 0.000000 -0.000000 -0.000000 1.000000 0.000000 0.449000 0.000000 -0.000000 1.000000 0.000000 0.000000 0.000000 0.000000 1.000000
1.000000 0.000000 -0.000000 0.000000 0.000000 1.000000 0.000000 0.449000 -0.000000 -0.000000 1.000000 0.000000 0.000000 0.000000 0.000000 1.000000
1.000000 -0.000000 0.000000 0.000000 -0.000000 1.000000 -0.000000 0.449000 0.000000 0.000000 1.000000 -0.000000 0.000000 0.000000 0.000000 1.000000
1.000000 0.000000 -0.000000 0.000000 0.000000 1.000000 0.000000 0.449000 0.000000 -0.000000 1.000000 0.000000 0.000000 0.000000 0.000000 1.000000
1.000000 -0.000000 -0.000000 -0.000000 0.000000 1.000000 0.000000 0.449000 -0.000000 -0.000000 1.000000 0.000000 0.000000 0.000000 0.000000 1.000000
1.000000 -0.000000 0.000000 0.000000 -0.000000 1.000000 0.000000 0.449000 0.000000 -0.000000 1.000000 -0.000000 0.000000 0.000000 0.000000 1.000000
1.000000 -0.000000 -0.000000 -0.000000 -0.000000 1.000000 0.000000 0.449000 -0.000000 -0.000000 1.000000 -0.000000 0.000000 0.000000 0.000000 1.000000
1.000000 0.000000 0.000000 -0.000000 -0.000000 1.000000 0.000000 0.449000 0.000000 -0.000000 1.000000 0.000000 0.000000 0.000000 0.000000 1.000000
1.000000 -0.000000 -0.000000 0.000000 -0.000000 1.000000 -0.000000 0.449000 0.000000 0.000000 1.000000 0.000000 0.000000 0.000000 0.000000 1.000000
1.000000 -0.000000 -0.000000 0.000000 0.000000 1.000000 0.000000 0.449000 -0.000000 -0.000000 1.000000 0.000000 0.000000 0.000000 0.000000 1.000000
1.000000 0.000000 0.000000 -0.000000 -0.000000 1.000000 0.000000 0.449000 0.000000 0.000000 1.000000 0.000000 0.000000 0.000000 0.000000 1.000000
1.000000 -0.000000 -0.000000 -0.000000 -0.000000 1.000000 -0.000000 0.449000 0.000000 0.000000 1.000000 0.000000 0.000000 0.000000 0.000000 1.000000
1.000000 0.000000 0.000000 0.000000 0.000000 1.000000 -0.000000 0.449000 0.000000 0.000000 1.000000 0.000000 0.000000 0.000000 0.000000 1.000000
1.000000 -0.000000 0.000000 0.000000 0.000000 1.000000 -0.000000 0.449000 -0.000000 0.000000 1.000000 -0.000000 0.000000 0.000000 0.000000 1.000000
1.000000 -0.000000 0.000000 0.000000 -0.000000 1.000000 0.000000 0.449000 0.000000 -0.000000 1.000000 -0.000000 0.000000 0.000000 0.000000 1.000000
1.000000 -0.000000 0.000000 0.000000 -0.000000 1.000000 0.000000 0.449000 0.000000 -0.000000 1.000000 0.000000 0.000000 0.000000 0.000000 1.000000
1.000000 0.000000 0.000000 0.000000 -0.000000 1.000000 -0.000000 0.449000 0.000000 0.000000 1.000000 0.000000 0.000000 0.000000 0.000000 1.000000
1.000000 -0.000000 0.000000 -0.000000 0.000000 1.000000 0.000000 0.449000 0.000000 -0.000000 1.000000 0.000000 0.000000 0.000000 0.000000 1.000000
1.000000 -0.000000 -0.000000 0.000000 -0.000000 1.000000 -0.000000 0.449000 0.000000 0.000000 1.000000 0.000000 0.000000 0.000000 0.000000 1.000000
1.000000 0.000000 -0.000000 0.000000 -0.000000 1.000000 0.000000 0.449000 0.000000 -0.000000 1.000000 0.000000 0.000000 0.000000 0.000000 1.000000
1.000000 -0.000000 -0.000000 -0.000000 -0.000000 1.000000 0.000000 0.449000 0.000000 -0.000000 1.000000 -0.000000 0.000000 0.000000 0.000000 1.000000
1.000000 -0.000000 0.000000 0.000000 0.000000 1.000000 -0.000000 0.449000 0.000000 0.000000 1.000000 0.000000 0.000000 0.000000 0.000000 1.000000
1.000000 0.000000 -0.000000 0.000000 0.000000 1.000000 -0.000000 0.449000 0.000000 0.000000 1.000000 0.000000 0.000000 0.000000 0.000000 1.000000
1.000000 0.000000 -0.000000 -0.000000 -0.000000 1.000000 -0.000000 0.449000 0.000000 0.000000 1.000000 0.000000 0.000000 0.000000 0.000000 1.000000
1.000000 -0.000000 0.000000 -0.000000 0.000000 1.000000 -0.000000 0.449000 0.000000 0.000000 1.000000 -0.000000 0.000000 0.000000 0.000000 1.000000
1.000000 0.000000 0.000000 0.000000 0.000000 1.000000 0.000000 0.449000 0.000000 -0.000000 1.000000 0.000000 0.000000 0.000000 0.000000 1.000000
1.000000 -0.000000 0.000000 0.000000 0.000000 1.000000 0.000000 0.449000 0.000000 -0.000000 1.000000 0.000000 0.000000 0.000000 0.000000 1.000000
1.000000 -0.000000 -0.000000 0.000000 0.000000 1.000000 -0.000000 0.449000 -0.000000 0.000000 1.000000 0.000000 0.000000 0.000000 0.000000 1.000000
1.000000 -0.000000 0.000000 0.000000 -0.000000 1.000000 -0.000000 0.449000 0.000000 0.000000 1.000000 0.000000 0.000000 0.000000 0.000000 1.000000
1.000000 0.000000 0.000000 0.000000 -0.000000 1.000000 0.000000 0.449000 -0.000000 -0.000000 1.000000 0.000000 0.000000 0.000000 0.000000 1.000000
1.000000 0.000000 0.000000 0.000000 -0.000000 1.000000 -0.000000 0.449000 0.000000 0.000000 1.000000 -0.000000 0.000000 0.000000 0.000000 1.000000
1.000000 -0.000000 -0.000000 0.000000 -0.000000 1.000000 0.000000 0.449000 -0.000000 -0.000000 1.000000 -0.000000 0.000000 0.000000 0.000000 1.000000
1.000000 0.000000 0.000000 -0.000000 -0.000000 1.000000 0.000000 0.449000 0.000000 -0.000000 1.000000 0.000000 0.000000 0.000000 0.000000 1.000000
1.000000 0.000000 -0.000000 0.000000 -0.000000 1.000000 0.000000 0.449000 0.000000 -0.000000 1.000000 0.000000 0.000000 0.000000 0.000000 1.000000
1.000000 -0.000000 0.000000 0.000000 -0.000000 1.000000 0.000000 0.449000 -0.000000 -0.000000 1.000000 0.000000 0.000000 0.000000 0.000000 1.000000
1.000000 0.000000 0.000000 0.000000 -0.000000 1.000000 0.000000 0.449000 0.000000 -0.000000 1.000000 0.000000 0.000000 0.000000 0.000000 1.000000
1.000000 0.000000 0.000000 0.000000 0.000000 1.000000 -0.000000 0.449000 0.000000 0.000000 1.000000 0.000000 0.000000 0.000000 0.000000 1.000000</float_array><technique_common><accessor source="#rig_jnt_spine2-Matrix-animation-output-transform-array" count="61" stride="16"><param type="float4x4"/></accessor></technique_common></source><source id="rig_jnt_spine2-Interpolations"><Name_array id="rig_jnt_spine2-Interpolations-array" count="61">
 LINEAR LINEAR LINEAR LINEAR LINEAR LINEAR LINEAR LINEAR LINEAR LINEAR LINEAR
LINEAR LINEAR LINEAR LINEAR LINEAR LINEAR LINEAR LINEAR LINEAR LINEAR LINEAR LINEAR
LINEAR LINEAR LINEAR LINEAR LINEAR LINEAR LINEAR LINEAR LINEAR LINEAR LINEAR LINEAR
LINEAR LINEAR LINEAR LINEAR LINEAR LINEAR LINEAR LINEAR LINEAR LINEAR LINEAR LINEAR
LINEAR LINEAR LINEAR LINEAR LINEAR LINEAR LINEAR LINEAR LINEAR LINEAR LINEAR LINEAR
LINEAR LINEAR</Name_array><technique_common><accessor source="#rig_jnt_spine2-Interpolations-array" count="61"><param type="name"/></accessor></technique_common></source><sampler id="rig_jnt_spine2-Matrix-animation-transform"><input semantic="INPUT" source="#rig_jnt_spine2-Matrix-animation-input"/><input semantic="OUTPUT" source="#rig_jnt_spine2-Matrix-animation-output-transform"/><input semantic="INTERPOLATION" source="#rig_jnt_spine2-Interpolations"/></sampler><channel source="#rig_jnt_spine2-Matrix-animation-transform" target="rig_jnt_spine2/matrix"/></animation></animation>
    <animation id="rig_jnt_head-anim" name="rig_jnt_head"><animation><source id="rig_jnt_head-Matrix-animation-input"><float_array id="rig_jnt_head-Matrix-animation-input-array" count="61">

0.000000 0.033333 0.066667 0.100000 0.133333 0.166667 0.200000 0.233333 0.266667 0.300000 0.333333 0.366667 0.400000 0.433333 0.466667 0.500000
0.533333 0.566667 0.600000 0.633333 0.666667 0.700000 0.733333 0.766667 0.800000 0.833333 0.866667 0.900000 0.933333 0.966667 1.000000 1.033333
1.066667 1.100000 1.133333 1.166667 1.200000 1.233333 1.266667 1.300000 1.333333 1.366667 1.400000 1.433333 1.466667 1.500000 1.533333 1.566667
1.600000 1.633333 1.666667 1.700000 1.733333 1.766667 1.800000 1.833333 1.866667 1.900000 1.933333 1.966667 2.000000</float_array><technique_common><accessor source="#rig_jnt_head-Matrix-animation-input-array" count="61"><param name="TIME" type="float"/></accessor></technique_common></source><source id="rig_jnt_head-Matrix-animation-output-transform"><float_array id="rig_jnt_head-Matrix-animation-output-transform-array" count="976">

0.999771 0.007748 0.019941 0.000000 -0.005905 0.995849 -0.090833 0.296642 -0.020562 0.090694 0.995667 -0.000000 0.000000 0.000000 0.000000 1.000000
0.999771 0.007653 0.019977 -0.000000 -0.005905 0.996267 -0.086127 0.296642 -0.020562 0.085990 0.996084 -0.000000 0.000000 0.000000 0.000000 1.000000
0.999771 0.007558 0.020013 0.000000 -0.005905 0.996665 -0.081392 0.296642 -0.020562 0.081255 0.996481 0.000000 0.000000 0.000000 0.000000 1.000000
0.999771 0.007463 0.020049 0.000000 -0.005905 0.997041 -0.076649 0.296642 -0.020562 0.076513 0.996857 -0.000000 0.000000 0.000000 0.000000 1.000000
0.999771 0.007368 0.020084 0.000000 -0.005905 0.997393 -0.071921 0.296642 -0.020562 0.071786 0.997208 -0.000000 0.000000 0.000000 0.000000 1.000000
0.999771 0.007273 0.020119 0.000000 -0.005905 0.997720 -0.067230 0.296642 -0.020562 0.067095 0.997535 0.000000 0.000000 0.000000 0.000000 1.000000
0.999771 0.007180 0.020152 -0.000000 -0.005905 0.998021 -0.062597 0.296642 -0.020562 0.062464 0.997835 0.000000 0.000000 0.000000 0.000000 1.000000
0.999771 0.007088 0.020185 0.000000 -0.005905 0.998296 -0.058046 0.296642 -0.020562 0.057913 0.998110 -0.000000 0.000000 0.000000 0.000000 1.000000
0.999771 0.006998 0.020216 0.000000 -0.005905 0.998545 -0.053598 0.296642 -0.020562 0.053466 0.998358 0.000000 0.000000 0.000000 0.000000 1.000000
0.999771 0.006910 0.020246 0.000000 -0.005905 0.998768 -0.049276 0.296642 -0.020562 0.049145 0.998580 -0.000000 0.000000 0.000000 0.000000 1.000000
0.999771 0.006826 0.020275 0.000000 -0.005905 0.998965 -0.045102 0.296642 -0.020562 0.044972 0.998777 0.000000 0.000000 0.000000 0.000000 1.000000
0.999771 0.006744 0.020302 0.000000 -0.005905 0.999138 -0.041098 0.296642 -0.020562 0.040968 0.998949 -0.000000 0.000000 0.000000 0.000000 1.000000
0.999771 0.006667 0.020328 0.000000 -0.005905 0.999287 -0.037287 0.296642 -0.020562 0.037158 0.999098 -0.000000 0.000000 0.000000 0.000000 1.000000
0.999771 0.006594 0.020351 -0.000000 -0.005905 0.999415 -0.033690 0.296642 -0.020562 0.033562 0.999225 -0.000000 0.000000 0.000000 0.000000 1.000000
0.999771 0.006525 0.020374 0.000000 -0.005905 0.999522 -0.030331 0.296642 -0.020562 0.030204 0.999332 -0.000000 0.000000 0.000000 0.000000 1.000000
0.999771 0.006462 0.020394 -0.000000 -0.005905 0.999612 -0.027231 0.296642 -0.020562 0.027105 0.999421 0.000000 0.000000 0.000000 0.000000 1.000000
0.999771 0.006404 0.020412 -0.000000 -0.005905 0.999685 -0.024413 0.296642 -0.020562 0.024287 0.999494 0.000000 0.000000 0.000000 0.000000 1.000000
0.999771 0.006353 0.020428 0.000000 -0.005905 0.999743 -0.021898 0.296642 -0.020562 0.021773 0.999551 0.000000 0.000000 0.000000 0.000000 1.000000
0.999771 0.006308 0.020442 0.000000 -0.005905 0.999788 -0.019710 0.296642 -0.020562 0.019585 0.999597 0.000000 0.000000 0.000000 0.000000 1.000000
0.999771 0.006271 0.020453 0.000000 -0.005905 0.999823 -0.017870 0.296642 -0.020562 0.017745 0.999631 -0.000000 0.000000 0.000000 0.000000 1.000000
0.999771 0.006241 0.020462 0.000000 -0.005905 0.999848 -0.016400 0.296642 -0.020562 0.016275 0.999656 -0.000000 0.000000 0.000000 0.000000 1.000000
0.999771 0.006219 0.020469 0.000000 -0.005905 0.999865 -0.015323 0.296642 -0.020562 0.015198 0.999673 0.000000 0.000000 0.000000 0.000000 1.000000
0.999771 0.006205 0.020473 0.000000 -0.005905 0.999875 -0.014660 0.296642 -0.020562 0.014536 0.999683 0.000000 0.000000 0.000000 0.000000 1.000000
0.999771 0.006200 0.020475 -0.000000 -0.005905 0.999878 -0.014434 0.296642 -0.020562 0.014310 0.999686 0.000000 0.000000 0.000000 0.000000 1.000000
0.999771 0.006213 0.020471 0.000000 -0.005905 0.999869 -0.015057 0.296642 -0.020562 0.014933 0.999677 -0.000000 0.000000 0.000000 0.000000 1.000000
0.999771 0.006250 0.020460 0.000000 -0.005905 0.999841 -0.016849 0.296642 -0.020562 0.016724 0.999649 -0.000000 0.000000 0.000000 0.000000 1.000000
0.999771 0.006308 0.020442 -0.000000 -0.005905 0.999789 -0.019692 0.296642 -0.020562 0.019567 0.999597 0.000000 0.000000 0.000000 0.000000 1.000000
0.999771 0.006385 0.020418 0.000000 -0.005905 0.999707 -0.023470 0.296642 -0.020562 0.023344 0.999516 -0.000000 0.000000 0.000000 0.000000 1.000000
0.999771 0.006479 0.020388 0.000000 -0.005905 0.999589 -0.028065 0.296642 -0.020562 0.027939 0.999398 -0.000000 0.000000 0.000000 0.000000 1.000000
