<?xml version="1.0" encoding="utf-8"?>
<COLLADA xmlns="http://www.collada.org/2005/11/COLLADASchema" version="1.4.1">
  <asset><contributor><author></author><authoring_tool>FBX COLLADA exporter</authoring_tool><comments></comments></contributor><created>2020-02-11T13:48:46Z</created><keywords></keywords><modified>2020-02-11T13:48:46Z</modified><revision></revision><subject></subject><title></title><unit meter="0.010000" name="centimeter"></unit><up_axis>Y_UP</up_axis></asset>
  <library_animations>
    <animation id="rig_root_jnt-anim" name="rig_root_jnt"><animation><source id="rig_root_jnt-Matrix-animation-input"><float_array id="rig_root_jnt-Matrix-animation-input-array" count="61">

0.000000 0.033333 0.066667 0.100000 0.133333 0.166667 0.200000 0.233333 0.266667 0.300000 0.333333 0.366667 0.400000 0.433333 0.466667 0.500000
0.533333 0.566667 0.600000 0.633333 0.666667 0.700000 0.733333 0.766667 0.800000 0.833333 0.866667 0.900000 0.933333 0.966667 1.000000 1.033333
1.066667 1.100000 1.133333 1.166667 1.200000 1.233333 1.266667 1.300000 1.333333 1.366667 1.400000 1.433333 1.466667 1.500000 1.533333 1.566667
1.600000 1.633333 1.666667 1.700000 1.733333 1.766667 1.800000 1.833333 1.866667 1.900000 1.933333 1.966667 2.000000</float_array><technique_common><accessor source="#rig_root_jnt-Matrix-animation-input-array" count="61"><param name="TIME" type="float"/></accessor></technique_common></source><source id="rig_root_jnt-Matrix-animation-output-transform"><float_array id="rig_root_jnt-Matrix-animation-output-transform-array" count="976">

0.999013 0.010104 0.043252 0.000000 -0.011981 0.998987 0.043376 1.982647 -0.042770 -0.043852 0.998122 -0.000000 0.000000 0.000000 0.000000 1.000000
0.999013 0.010700 0.043109 0.000000 -0.011981 0.999491 0.029566 1.966154 -0.042770 -0.030053 0.998633 -0.000000 0.000000 0.000000 0.000000 1.000000
0.999013 0.011426 0.042922 0.000000 -0.011981 0.999847 0.012713 1.960596 -0.042770 -0.013215 0.998998 -0.000000 0.000000 0.000000 0.000000 1.000000
0.999013 0.012250 0.042694 0.000000 -0.011981 0.999907 -0.006531 1.965078 -0.042770 0.006013 0.999067 0.000000 0.000000 0.000000 0.000000 1.000000
0.999013 0.013143 0.042428 0.000000 -0.011981 0.999550 -0.027510 1.978707 -0.042770 0.026975 0.998721 0.000000 0.000000 0.000000 0.000000 1.000000
0.999013 0.014076 0.042127 0.000000 -0.011981 0.998699 -0.049563 2.000589 -0.042770 0.049009 0.997882 0.000000 0.000000 0.000000 0.000000 1.000000
0.999013 0.015020 0.041800 0.000000 -0.011981 0.997331 -0.072027 2.029831 -0.042770 0.071455 0.996526 0.000000 0.000000 0.000000 0.000000 1.000000
0.999013 0.015948 0.041455 0.000000 -0.011981 0.995477 -0.094243 2.065538 -0.042770 0.093653 0.994686 0.000000 0.000000 0.000000 0.000000 1.000000
0.999013 0.016833 0.041103 0.000000 -0.011981 0.993229 -0.115555 2.106819 -0.042770 0.114948 0.992450 0.000000 0.000000 0.000000 0.000000 1.000000
0.999013 0.017649 0.040760 0.000000 -0.011981 0.990730 -0.135314 2.152777 -0.042770 0.134692 0.989964 0.000000 0.000000 0.000000 0.000000 1.000000
0.999013 0.018369 0.040440 0.000000 -0.011981 0.988172 -0.152882 2.202522 -0.042770 0.152247 0.987417 0.000000 0.000000 0.000000 0.000000 1.000000
0.999013 0.018972 0.040161 0.000000 -0.011981 0.985777 -0.167629 2.255157 -0.042770 0.166983 0.985032 0.000000 0.000000 0.000000 0.000000 1.000000
0.999013 0.019431 0.039941 0.000000 -0.011981 0.983788 -0.178932 2.309790 -0.042770 0.178277 0.983050 0.000000 0.000000 0.000000 0.000000 1.000000
0.999013 0.019725 0.039797 0.000000 -0.011981 0.982444 -0.186171 2.365528 -0.042770 0.185510 0.981711 0.000000 0.000000 0.000000 0.000000 1.000000
0.999013 0.019828 0.039745 0.000000 -0.011981 0.981957 -0.188724 2.421476 -0.042770 0.188061 0.981226 0.000000 0.000000 0.000000 0.000000 1.000000
0.999013 0.019782 0.039768 0.000000 -0.011981 0.982176 -0.187579 2.476742 -0.042770 0.186917 0.981444 0.000000 0.000000 0.000000 0.000000 1.000000
0.999013 0.019647 0.039835 0.000000 -0.011981 0.982806 -0.184252 2.530431 -0.042770 0.183593 0.982072 0.000000 0.000000 0.000000 0.000000 1.000000
0.999013 0.019430 0.039942 0.000000 -0.011981 0.983794 -0.178900 2.581649 -0.042770 0.178244 0.983056 0.000000 0.000000 0.000000 0.000000 1.000000
0.999013 0.019136 0.040083 0.000000 -0.011981 0.985080 -0.171679 2.629504 -0.042770 0.171029 0.984337 0.000000 0.000000 0.000000 0.000000 1.000000
0.999013 0.018772 0.040255 0.000000 -0.011981 0.986596 -0.162744 2.673101 -0.042770 0.162101 0.985847 0.000000 0.000000 0.000000 0.000000 1.000000
0.999013 0.018344 0.040452 0.000000 -0.011981 0.988269 -0.152252 2.711547 -0.042770 0.151617 0.987514 0.000000 0.000000 0.000000 0.000000 1.000000
0.999013 0.017856 0.040670 0.000000 -0.011981 0.990028 -0.140358 2.743948 -0.042770 0.139732 0.989265 0.000000 0.000000 0.000000 0.000000 1.000000
0.999013 0.017315 0.040903 0.000000 -0.011981 0.991802 -0.127220 2.769412 -0.042770 0.126604 0.991031 0.000000 0.000000 0.000000 0.000000 1.000000
0.999013 0.016727 0.041147 0.000000 -0.011981 0.993523 -0.112997 2.787043 -0.042770 0.112393 0.992743 0.000000 0.000000 0.000000 0.000000 1.000000
0.999013 0.016099 0.041397 0.000000 -0.011981 0.995129 -0.097851 2.799603 -0.042770 0.097259 0.994340 0.000000 0.000000 0.000000 0.000000 1.000000
0.999013 0.015435 0.041649 0.000000 -0.011981 0.996565 -0.081944 2.810163 -0.042770 0.081364 0.995766 0.000000 0.000000 0.000000 0.000000 1.000000
0.999013 0.014744 0.041898 0.000000 -0.011981 0.997784 -0.065442 2.818295 -0.042770 0.064875 0.996976 0.000000 0.000000 0.000000 0.000000 1.000000
0.999013 0.014031 0.042142 0.000000 -0.011981 0.998751 -0.048511 2.823572 -0.042770 0.047958 0.997933 0.000000 0.000000 0.000000 0.000000 1.000000
0.999013 0.013304 0.042377 0.000000 -0.011981 0.999438 -0.031319 2.825565 -0.042770 0.030781 0.998611 0.000000 0.000000 0.000000 0.000000 1.000000
0.999013 0.012570 0.042601 0.000000 -0.011981 0.999830 -0.014036 2.823846 -0.042770 0.013512 0.998994 0.000000 0.000000 0.000000 0.000000 1.000000
0.999013 0.011835 0.042811 0.000000 -0.011981 0.999923 0.003169 2.817987 -0.042770 -0.003679 0.999078 -0.000000 0.000000 0.000000 0.000000 1.000000
0.999013 0.011107 0.043006 0.000000 -0.011981 0.999726 0.020126 2.807561 -0.042770 -0.020622 0.998872 -0.000000 0.000000 0.000000 0.000000 1.000000
0.999013 0.010394 0.043184 0.000000 -0.011981 0.999256 0.036667 2.792140 -0.042770 -0.037148 0.998394 -0.000000 0.000000 0.000000 0.000000 1.000000
0.999013 0.009703 0.043344 0.000000 -0.011981 0.998543 0.052623 2.771294 -0.042770 -0.053090 0.997673 -0.000000 0.000000 0.000000 0.000000 1.000000
0.999013 0.009041 0.043487 0.000000 -0.011981 0.997625 0.067826 2.744597 -0.042770 -0.068280 0.996749 -0.000000 0.000000 0.000000 0.000000 1.000000
0.999013 0.008417 0.043612 0.000000 -0.011981 0.996551 0.082112 2.711621 -0.042770 -0.082554 0.995668 -0.000000 0.000000 0.000000 0.000000 1.000000
0.999013 0.007839 0.043720 0.000000 -0.011981 0.995375 0.095317 2.671937 -0.042770 -0.095747 0.994486 -0.000000 0.000000 0.000000 0.000000 1.000000
0.999013 0.007312 0.043811 0.000000 -0.011981 0.994157 0.107278 2.625118 -0.042770 -0.107698 0.993263 -0.000000 0.000000 0.000000 0.000000 1.000000
0.999013 0.006846 0.043886 0.000000 -0.011981 0.992961 0.117836 2.576277 -0.042770 -0.118245 0.992063 -0.000000 0.000000 0.000000 0.000000 1.000000
0.999013 0.006448 0.043946 0.000000 -0.011981 0.991852 0.126830 2.530688 -0.042770 -0.127231 0.990951 -0.000000 0.000000 0.000000 0.000000 1.000000
0.999013 0.006126 0.043992 0.000000 -0.011981 0.990895 0.134102 2.488156 -0.042770 -0.134496 0.989991 -0.000000 0.000000 0.000000 0.000000 1.000000
0.999013 0.005886 0.044025 0.000000 -0.011981 0.990151 0.139493 2.448488 -0.042770 -0.139883 0.989244 -0.000000 0.000000 0.000000 0.000000 1.000000
0.999013 0.005737 0.044045 0.000000 -0.011981 0.989672 0.142846 2.411493 -0.042770 -0.143232 0.988764 -0.000000 0.000000 0.000000 0.000000 1.000000
0.999013 0.005686 0.044051 0.000000 -0.011981 0.989505 0.143999 2.376977 -0.042770 -0.144385 0.988597 -0.000000 0.000000 0.000000 0.000000 1.000000
0.999013 0.005701 0.044049 0.000000 -0.011981 0.989554 0.143666 2.344747 -0.042770 -0.144052 0.988645 -0.000000 0.000000 0.000000 0.000000 1.000000
0.999013 0.005745 0.044044 0.000000 -0.011981 0.989699 0.142663 2.314610 -0.042770 -0.143050 0.988791 -0.000000 0.000000 0.000000 0.000000 1.000000
0.999013 0.005820 0.044034 0.000000 -0.011981 0.989939 0.140985 2.286375 -0.042770 -0.141373 0.989032 -0.000000 0.000000 0.000000 0.000000 1.000000
0.999013 0.005925 0.044020 0.000000 -0.011981 0.990272 0.138627 2.259847 -0.042770 -0.139017 0.989366 -0.000000 0.000000 0.000000 0.000000 1.000000
0.999013 0.006060 0.044001 0.000000 -0.011981 0.990694 0.135583 2.234833 -0.042770 -0.135976 0.989788 -0.000000 0.000000 0.000000 0.000000 1.000000
0.999013 0.006226 0.043978 0.000000 -0.011981 0.991198 0.131847 2.211143 -0.042770 -0.132244 0.990294 -0.000000 0.000000 0.000000 0.000000 1.000000
0.999013 0.006422 0.043950 0.000000 -0.011981 0.991777 0.127414 2.188581 -0.042770 -0.127815 0.990875 -0.000000 0.000000 0.000000 0.000000 1.000000
0.999013 0.006650 0.043916 0.000000 -0.011981 0.992424 0.122278 2.166955 -0.042770 -0.122683 0.991524 -0.000000 0.000000 0.000000 0.000000 1.000000
0.999013 0.006908 0.043876 0.000000 -0.011981 0.993126 0.116431 2.146074 -0.042770 -0.116842 0.992229 -0.000000 0.000000 0.000000 0.000000 1.000000
0.999013 0.007198 0.043830 0.000000 -0.011981 0.993874 0.109869 2.125742 -0.042770 -0.110286 0.992979 -0.000000 0.000000 0.000000 0.000000 1.000000
0.999013 0.007519 0.043776 0.000000 -0.011981 0.994652 0.102585 2.105769 -0.042770 -0.103008 0.993761 -0.000000 0.000000 0.000000 0.000000 1.000000
0.999013 0.007871 0.043714 0.000000 -0.011981 0.995446 0.094572 2.085961 -0.042770 -0.095003 0.994558 -0.000000 0.000000 0.000000 0.000000 1.000000
0.999013 0.008255 0.043643 0.000000 -0.011981 0.996238 0.085825 2.066125 -0.042770 -0.086263 0.995354 -0.000000 0.000000 0.000000 0.000000 1.000000
0.999013 0.008670 0.043562 0.000000 -0.011981 0.997010 0.076338 2.046069 -0.042770 -0.076784 0.996130 -0.000000 0.000000 0.000000 0.000000 1.000000
0.999013 0.009117 0.043471 0.000000 -0.011981 0.997741 0.066104 2.025599 -0.042770 -0.066560 0.996865 -0.000000 0.000000 0.000000 0.000000 1.000000
0.999013 0.009594 0.043368 0.000000 -0.011981 0.998408 0.055118 2.004523 -0.042770 -0.055584 0.997538 -0.000000 0.000000 0.000000 0.000000 1.000000
0.999013 0.010104 0.043252 0.000000 -0.011981 0.998987 0.043376 1.982647 -0.042770 -0.043852 0.998122 -0.000000 0.000000 0.000000 0.000000 1.000000</float_array><technique_common><accessor source="#rig_root_jnt-Matrix-animation-output-transform-array" count="61" stride="16"><param type="float4x4"/></accessor></technique_common></source><source id="rig_root_jnt-Interpolations"><Name_array id="rig_root_jnt-Interpolations-array" count="61">
 LINEAR LINEAR LINEAR LINEAR LINEAR LINEAR LINEAR LINEAR LINEAR LINEAR LINEAR
LINEAR LINEAR LINEAR LINEAR LINEAR LINEAR LINEAR LINEAR LINEAR LINEAR LINEAR LINEAR
LINEAR LINEAR LINEAR LINEAR LINEAR LINEAR LINEAR LINEAR LINEAR LINEAR LINEAR LINEAR
LINEAR LINEAR LINEAR LINEAR LINEAR LINEAR LINEAR LINEAR LINEAR LINEAR LINEAR LINEAR
LINEAR LINEAR LINEAR LINEAR LINEAR LINEAR LINEAR LINEAR LINEAR LINEAR LINEAR LINEAR
LINEAR LINEAR</Name_array><technique_common><accessor source="#rig_root_jnt-Interpolations-array" count="61"><param type="name"/></accessor></technique_common></source><sampler id="rig_root_jnt-Matrix-animation-transform"><input semantic="INPUT" source="#rig_root_jnt-Matrix-animation-input"/><input semantic="OUTPUT" source="#rig_root_jnt-Matrix-animation-output-transform"/><input semantic="INTERPOLATION" source="#rig_root_jnt-Interpolations"/></sampler><channel source="#rig_root_jnt-Matrix-animation-transform" target="rig_root_jnt/matrix"/></animation></animation>
    <animation id="master_ctrl-anim" name="master_ctrl"><animation><source id="master_ctrl-Matrix-animation-input"><float_array id="master_ctrl-Matrix-animation-input-array" count="61">

0.000000 0.033333 0.066667 0.100000 0.133333 0.166667 0.200000 0.233333 0.266667 0.300000 0.333333 0.366667 0.400000 0.433333 0.466667 0.500000
0.533333 0.566667 0.600000 0.633333 0.666667 0.700000 0.733333 0.766667 0.800000 0.833333 0.866667 0.900000 0.933333 0.966667 1.000000 1.033333
1.066667 1.100000 1.133333 1.166667 1.200000 1.233333 1.266667 1.300000 1.333333 1.366667 1.400000 1.433333 1.466667 1.500000 1.533333 1.566667
1.600000 1.633333 1.666667 1.700000 1.733333 1.766667 1.800000 1.833333 1.866667 1.900000 1.933333 1.966667 2.000000</float_array><technique_common><accessor source="#master_ctrl-Matrix-animation-input-array" count="61"><param name="TIME" type="float"/></accessor></technique_common></source><source id="master_ctrl-Matrix-animation-output-transform"><float_array id="master_ctrl-Matrix-animation-output-transform-array" count="976">

1.000000 0.000000 0.000000 0.000000 0.000000 1.000000 0.000000 0.000000 0.000000 0.000000 1.000000 0.000000 0.000000 0.000000 0.000000 1.000000
1.000000 0.000000 0.000000 0.000000 0.000000 1.000000 0.000000 -0.016493 0.000000 0.000000 1.000000 0.000000 0.000000 0.000000 0.000000 1.000000
1.000000 0.000000 0.000000 0.000000 0.000000 1.000000 0.000000 -0.022051 0.000000 0.000000 1.000000 0.000000 0.000000 0.000000 0.000000 1.000000
1.000000 0.000000 0.000000 0.000000 0.000000 1.000000 0.000000 -0.017569 0.000000 0.000000 1.000000 0.000000 0.000000 0.000000 0.000000 1.000000
1.000000 0.000000 0.000000 0.000000 0.000000 1.000000 0.000000 -0.003940 0.000000 0.000000 1.000000 0.000000 0.000000 0.000000 0.000000 1.000000
1.000000 0.000000 0.000000 0.000000 0.000000 1.000000 0.000000 0.017942 0.000000 0.000000 1.000000 0.000000 0.000000 0.000000 0.000000 1.000000
1.000000 0.000000 0.000000 0.000000 0.000000 1.000000 0.000000 0.047184 0.000000 0.000000 1.000000 0.000000 0.000000 0.000000 0.000000 1.000000
1.000000 0.000000 0.000000 0.000000 0.000000 1.000000 0.000000 0.082891 0.000000 0.000000 1.000000 0.000000 0.000000 0.000000 0.000000 1.000000
1.000000 0.000000 0.000000 0.000000 0.000000 1.000000 0.000000 0.124172 0.000000 0.000000 1.000000 0.000000 0.000000 0.000000 0.000000 1.000000
1.000000 0.000000 0.000000 0.000000 0.000000 1.000000 0.000000 0.170130 0.000000 0.000000 1.000000 0.000000 0.000000 0.000000 0.000000 1.000000
1.000000 0.000000 0.000000 0.000000 0.000000 1.000000 0.000000 0.219874 0.000000 0.000000 1.000000 0.000000 0.000000 0.000000 0.000000 1.000000
1.000000 0.000000 0.000000 0.000000 0.000000 1.000000 0.000000 0.272510 0.000000 0.000000 1.000000 0.000000 0.000000 0.000000 0.000000 1.000000
1.000000 0.000000 0.000000 0.000000 0.000000 1.000000 0.000000 0.327143 0.000000 0.000000 1.000000 0.000000 0.000000 0.000000 0.000000 1.000000
1.000000 0.000000 0.000000 0.000000 0.000000 1.000000 0.000000 0.382881 0.000000 0.000000 1.000000 0.000000 0.000000 0.000000 0.000000 1.000000
1.000000 0.000000 0.000000 0.000000 0.000000 1.000000 0.000000 0.438829 0.000000 0.000000 1.000000 0.000000 0.000000 0.000000 0.000000 1.000000
1.000000 0.000000 0.000000 0.000000 0.000000 1.000000 0.000000 0.494095 0.000000 0.000000 1.000000 0.000000 0.000000 0.000000 0.000000 1.000000
1.000000 0.000000 0.000000 0.000000 0.000000 1.000000 0.000000 0.547783 0.000000 0.000000 1.000000 0.000000 0.000000 0.000000 0.000000 1.000000
1.000000 0.000000 0.000000 0.000000 0.000000 1.000000 0.000000 0.599002 0.000000 0.000000 1.000000 0.000000 0.000000 0.000000 0.000000 1.000000
1.000000 0.000000 0.000000 0.000000 0.000000 1.000000 0.000000 0.646857 0.000000 0.000000 1.000000 0.000000 0.000000 0.000000 0.000000 1.000000
1.000000 0.000000 0.000000 0.000000 0.000000 1.000000 0.000000 0.690454 0.000000 0.000000 1.000000 0.000000 0.000000 0.000000 0.000000 1.000000
1.000000 0.000000 0.000000 0.000000 0.000000 1.000000 0.000000 0.728900 0.000000 0.000000 1.000000 0.000000 0.000000 0.000000 0.000000 1.000000
1.000000 0.000000 0.000000 0.000000 0.000000 1.000000 0.000000 0.761301 0.000000 0.000000 1.000000 0.000000 0.000000 0.000000 0.000000 1.000000
1.000000 0.000000 0.000000 0.000000 0.000000 1.000000 0.000000 0.786764 0.000000 0.000000 1.000000 0.000000 0.000000 0.000000 0.000000 1.000000
1.000000 0.000000 0.000000 0.000000 0.000000 1.000000 0.000000 0.804395 0.000000 0.000000 1.000000 0.000000 0.000000 0.000000 0.000000 1.000000
1.000000 0.000000 0.000000 0.000000 0.000000 1.000000 0.000000 0.816956 0.000000 0.000000 1.000000 0.000000 0.000000 0.000000 0.000000 1.000000
1.000000 0.000000 0.000000 0.000000 0.000000 1.000000 0.000000 0.827516 0.000000 0.000000 1.000000 0.000000 0.000000 0.000000 0.000000 1.000000
1.000000 0.000000 0.000000 0.000000 0.000000 1.000000 0.000000 0.835648 0.000000 0.000000 1.000000 0.000000 0.000000 0.000000 0.000000 1.000000
1.000000 0.000000 0.000000 0.000000 0.000000 1.000000 0.000000 0.840925 0.000000 0.000000 1.000000 0.000000 0.000000 0.000000 0.000000 1.000000
1.000000 0.000000 0.000000 0.000000 0.000000 1.000000 0.000000 0.842918 0.000000 0.000000 1.000000 0.000000 0.000000 0.000000 0.000000 1.000000
1.000000 0.000000 0.000000 0.000000 0.000000 1.000000 0.000000 0.841199 0.000000 0.000000 1.000000 0.000000 0.000000 0.000000 0.000000 1.000000
1.000000 0.000000 0.000000 0.000000 0.000000 1.000000 0.000000 0.835340 0.000000 0.000000 1.000000 0.000000 0.000000 0.000000 0.000000 1.000000
1.000000 0.000000 0.000000 0.000000 0.000000 1.000000 0.000000 0.824914 0.000000 0.000000 1.000000 0.000000 0.000000 0.000000 0.000000 1.000000
1.000000 0.000000 0.000000 0.000000 0.000000 1.000000 0.000000 0.809492 0.000000 0.000000 1.000000 0.000000 0.000000 0.000000 0.000000 1.000000
1.000000 0.000000 0.000000 0.000000 0.000000 1.000000 0.000000 0.788647 0.000000 0.000000 1.000000 0.000000 0.000000 0.000000 0.000000 1.000000
1.000000 0.000000 0.000000 0.000000 0.000000 1.000000 0.000000 0.761950 0.000000 0.000000 1.000000 0.000000 0.000000 0.000000 0.000000 1.000000
1.000000 0.000000 0.000000 0.000000 0.000000 1.000000 0.000000 0.728974 0.000000 0.000000 1.000000 0.000000 0.000000 0.000000 0.000000 1.000000
1.000000 0.000000 0.000000 0.000000 0.000000 1.000000 0.000000 0.689290 0.000000 0.000000 1.000000 0.000000 0.000000 0.000000 0.000000 1.000000
1.000000 0.000000 0.000000 0.000000 0.000000 1.000000 0.000000 0.642471 0.000000 0.000000 1.000000 0.000000 0.000000 0.000000 0.000000 1.000000
1.000000 0.000000 0.000000 0.000000 0.000000 1.000000 0.000000 0.593630 0.000000 0.000000 1.000000 0.000000 0.000000 0.000000 0.000000 1.000000
1.000000 0.000000 0.000000 0.000000 0.000000 1.000000 0.000000 0.548041 0.000000 0.000000 1.000000 0.000000 0.000000 0.000000 0.000000 1.000000
1.000000 0.000000 0.000000 0.000000 0.000000 1.000000 0.000000 0.505509 0.000000 0.000000 1.000000 0.000000 0.000000 0.000000 0.000000 1.000000
1.000000 0.000000 0.000000 0.000000 0.000000 1.000000 0.000000 0.465841 0.000000 0.000000 1.000000 0.000000 0.000000 0.000000 0.000000 1.000000
1.000000 0.000000 0.000000 0.000000 0.000000 1.000000 0.000000 0.428846 0.000000 0.000000 1.000000 0.000000 0.000000 0.000000 0.000000 1.000000
1.000000 0.000000 0.000000 0.000000 0.000000 1.000000 0.000000 0.394330 0.000000 0.000000 1.000000 0.000000 0.000000 0.000000 0.000000 1.000000
1.000000 0.000000 0.000000 0.000000 0.000000 1.000000 0.000000 0.362100 0.000000 0.000000 1.000000 0.000000 0.000000 0.000000 0.000000 1.000000
1.000000 0.000000 0.000000 0.000000 0.000000 1.000000 0.000000 0.331964 0.000000 0.000000 1.000000 0.000000 0.000000 0.000000 0.000000 1.000000
1.000000 0.000000 0.000000 0.000000 0.000000 1.000000 0.000000 0.303728 0.000000 0.000000 1.000000 0.000000 0.000000 0.000000 0.000000 1.000000
1.000000 0.000000 0.000000 0.000000 0.000000 1.000000 0.000000 0.277200 0.000000 0.000000 1.000000 0.000000 0.000000 0.000000 0.000000 1.000000
1.000000 0.000000 0.000000 0.000000 0.000000 1.000000 0.000000 0.252186 0.000000 0.000000 1.000000 0.000000 0.000000 0.000000 0.000000 1.000000
1.000000 0.000000 0.000000 0.000000 0.000000 1.000000 0.000000 0.228495 0.000000 0.000000 1.000000 0.000000 0.000000 0.000000 0.000000 1.000000
1.000000 0.000000 0.000000 0.000000 0.000000 1.000000 0.000000 0.205934 0.000000 0.000000 1.000000 0.000000 0.000000 0.000000 0.000000 1.000000
1.000000 0.000000 0.000000 0.000000 0.000000 1.000000 0.000000 0.184308 0.000000 0.000000 1.000000 0.000000 0.000000 0.000000 0.000000 1.000000
1.000000 0.000000 0.000000 0.000000 0.000000 1.000000 0.000000 0.163426 0.000000 0.000000 1.000000 0.000000 0.000000 0.000000 0.000000 1.000000
1.000000 0.000000 0.000000 0.000000 0.000000 1.000000 0.000000 0.143095 0.000000 0.000000 1.000000 0.000000 0.000000 0.000000 0.000000 1.000000
1.000000 0.000000 0.000000 0.000000 0.000000 1.000000 0.000000 0.123122 0.000000 0.000000 1.000000 0.000000 0.000000 0.000000 0.000000 1.000000
1.000000 0.000000 0.000000 0.000000 0.000000 1.000000 0.000000 0.103314 0.000000 0.000000 1.000000 0.000000 0.000000 0.000000 0.000000 1.000000
1.000000 0.000000 0.000000 0.000000 0.000000 1.000000 0.000000 0.083478 0.000000 0.000000 1.000000 0.000000 0.000000 0.000000 0.000000 1.000000
1.000000 0.000000 0.000000 0.000000 0.000000 1.000000 0.000000 0.063422 0.000000 0.000000 1.000000 0.000000 0.000000 0.000000 0.000000 1.000000
1.000000 0.000000 0.000000 0.000000 0.000000 1.000000 0.000000 0.042952 0.000000 0.000000 1.000000 0.000000 0.000000 0.000000 0.000000 1.000000
1.000000 0.000000 0.000000 0.000000 0.000000 1.000000 0.000000 0.021875 0.000000 0.000000 1.000000 0.000000 0.000000 0.000000 0.000000 1.000000
1.000000 0.000000 0.000000 0.000000 0.000000 1.000000 0.000000 0.000000 0.000000 0.000000 1.000000 0.000000 0.000000 0.000000 0.000000 1.000000</float_array><technique_common><accessor source="#master_ctrl-Matrix-animation-output-transform-array" count="61" stride="16"><param type="float4x4"/></accessor></technique_common></source><source id="master_ctrl-Interpolations"><Name_array id="master_ctrl-Interpolations-array" count="61">
 LINEAR LINEAR LINEAR LINEAR LINEAR LINEAR LINEAR LINEAR LINEAR LINEAR LINEAR
LINEAR LINEAR LINEAR LINEAR LINEAR LINEAR LINEAR LINEAR LINEAR LINEAR LINEAR LINEAR
LINEAR LINEAR LINEAR LINEAR LINEAR LINEAR LINEAR LINEAR LINEAR LINEAR LINEAR LINEAR
LINEAR LINEAR LINEAR LINEAR LINEAR LINEAR LINEAR LINEAR LINEAR LINEAR LINEAR LINEAR
LINEAR LINEAR LINEAR LINEAR LINEAR LINEAR LINEAR LINEAR LINEAR LINEAR LINEAR LINEAR
LINEAR LINEAR</Name_array><technique_common><accessor source="#master_ctrl-Interpolations-array" count="61"><param type="name"/></accessor></technique_common></source><sampler id="master_ctrl-Matrix-animation-transform"><input semantic="INPUT" source="#master_ctrl-Matrix-animation-input"/><input semantic="OUTPUT" source="#master_ctrl-Matrix-animation-output-transform"/><input semantic="INTERPOLATION" source="#master_ctrl-Interpolations"/></sampler><channel source="#master_ctrl-Matrix-animation-transform" target="master_ctrl/matrix"/></animation><animation><source id="master_ctrl-visibility-animation-input"><float_array id="master_ctrl-visibility-animation-input-array" count="61">

0.000000 0.033333 0.066667 0.100000 0.133333 0.166667 0.200000 0.233333 0.266667 0.300000 0.333333 0.366667 0.400000 0.433333 0.466667 0.500000
0.533333 0.566667 0.600000 0.633333 0.666667 0.700000 0.733333 0.766667 0.800000 0.833333 0.866667 0.900000 0.933333 0.966667 1.000000 1.033333
1.066667 1.100000 1.133333 1.166667 1.200000 1.233333 1.266667 1.300000 1.333333 1.366667 1.400000 1.433333 1.466667 1.500000 1.533333 1.566667
1.600000 1.633333 1.666667 1.700000 1.733333 1.766667 1.800000 1.833333 1.866667 1.900000 1.933333 1.966667 2.000000</float_array><technique_common><accessor source="#master_ctrl-visibility-animation-input-array" count="61"><param name="TIME" type="float"/></accessor></technique_common></source><source id="master_ctrl-visibility-animation-output"><float_array id="master_ctrl-visibility-animation-output-array" count="61">

1.000000 1.000000 1.000000 1.000000 1.000000 1.000000 1.000000 1.000000 1.000000 1.000000 1.000000 1.000000 1.000000 1.000000 1.000000 1.000000
1.000000 1.000000 1.000000 1.000000 1.000000 1.000000 1.000000 1.000000 1.000000 1.000000 1.000000 1.000000 1.000000 1.000000 1.000000 1.000000
1.000000 1.000000 1.000000 1.000000 1.000000 1.000000 1.000000 1.000000 1.000000 1.000000 1.000000 1.000000 1.000000 1.000000 1.000000 1.000000
1.000000 1.000000 1.000000 1.000000 1.000000 1.000000 1.000000 1.000000 1.000000 1.000000 1.000000 1.000000 1.000000</float_array><technique_common><accessor source="#master_ctrl-visibility-animation-output-array" count="61"><param type="float"/></accessor></technique_common></source><source id="master_ctrl-visibility-animation-intan"><float_array id="master_ctrl-visibility-animation-intan-array" count="61">

0.000000 -0.000000 -0.000000 -0.000000 -0.000000 -0.000000 -0.000000 -0.000000 -0.000000 -0.000000 -0.000000 -0.000000 -0.000000 -0.000000 -0.000000 -0.000000
-0.000000 -0.000000 -0.000000 -0.000000 -0.000000 -0.000000 -0.000000 -0.000000 -0.000000 -0.000000 -0.000000 -0.000000 -0.000000 -0.000000 -0.000000 -0.000000
-0.000000 -0.000000 -0.000000 -0.000000 -0.000000 -0.000000 -0.000000 -0.000000 -0.000000 -0.000000 -0.000000 -0.000000 -0.000000 -0.000000 -0.000000 -0.000000
-0.000000 -0.000000 -0.000000 -0.000000 -0.000000 -0.000000 -0.000000 -0.000000 -0.000000 -0.000000 -0.000000 -0.000000 -0.000000</float_array><technique_common><accessor source="#master_ctrl-visibility-animation-intan-array" count="61"><param type="float"/></accessor></technique_common></source><source id="master_ctrl-visibility-animation-outtan"><float_array id="master_ctrl-visibility-animation-outtan-array" count="61">

0.000000 0.000000 0.000000 0.000000 0.000000 0.000000 0.000000 0.000000 0.000000 0.000000 0.000000 0.000000 0.000000 0.000000 0.000000 0.000000
0.000000 0.000000 0.000000 0.000000 0.000000 0.000000 0.000000 0.000000 0.000000 0.000000 0.000000 0.000000 0.000000 0.000000 0.000000 0.000000
0.000000 0.000000 0.000000 0.000000 0.000000 0.000000 0.000000 0.000000 0.000000 0.000000 0.000000 0.000000 0.000000 0.000000 0.000000 0.000000
0.000000 0.000000 0.000000 0.000000 0.000000 0.000000 0.000000 0.000000 0.000000 0.000000 0.000000 0.000000 0.000000</float_array><technique_common><accessor source="#master_ctrl-visibility-animation-outtan-array" count="61"><param type="float"/></accessor></technique_common></source><source id="master_ctrl-visibility-animation-interpolation"><Name_array id="master_ctrl-visibility-animation-interpolation-array" count="61">
 BEZIER BEZIER BEZIER BEZIER BEZIER BEZIER BEZIER BEZIER BEZIER BEZIER BEZIER
BEZIER BEZIER BEZIER BEZIER BEZIER BEZIER BEZIER BEZIER BEZIER BEZIER BEZIER BEZIER
BEZIER BEZIER BEZIER BEZIER BEZIER BEZIER BEZIER BEZIER BEZIER BEZIER BEZIER BEZIER
BEZIER BEZIER BEZIER BEZIER BEZIER BEZIER BEZIER BEZIER BEZIER BEZIER BEZIER BEZIER
BEZIER BEZIER BEZIER BEZIER BEZIER BEZIER BEZIER BEZIER BEZIER BEZIER BEZIER BEZIER
BEZIER BEZIER</Name_array><technique_common><accessor source="#master_ctrl-visibility-animation-interpolation-array" count="61"><param type="name"/></accessor></technique_common></source><sampler id="master_ctrl-visibility-animation"><input semantic="INPUT" source="#master_ctrl-visibility-animation-input"/><input semantic="OUTPUT" source="#master_ctrl-visibility-animation-output"/><input semantic="IN_TANGENT" source="#master_ctrl-visibility-animation-intan"/><input semantic="OUT_TANGENT" source="#master_ctrl-visibility-animation-outtan"/><input semantic="INTERPOLATION" source="#master_ctrl-visibility-animation-interpolation"/></sampler><channel source="#master_ctrl-visibility-animation" target="master_ctrl/visibility"/></animation></animation>
    <animation id="pelvis_autogrp-anim" name="pelvis_autogrp"><animation><source id="pelvis_autogrp-Matrix-animation-input"><float_array id="pelvis_autogrp-Matrix-animation-input-array" count="61">

0.000000 0.033333 0.066667 0.100000 0.133333 0.166667 0.200000 0.233333 0.266667 0.300000 0.333333 0.366667 0.400000 0.433333 0.466667 0.500000
0.533333 0.566667 0.600000 0.633333 0.666667 0.700000 0.733333 0.766667 0.800000 0.833333 0.866667 0.900000 0.933333 0.966667 1.000000 1.033333
1.066667 1.100000 1.133333 1.166667 1.200000 1.233333 1.266667 1.300000 1.333333 1.366667 1.400000 1.433333 1.466667 1.500000 1.533333 1.566667
1.600000 1.633333 1.666667 1.700000 1.733333 1.766667 1.800000 1.833333 1.866667 1.900000 1.933333 1.966667 2.000000</float_array><technique_common><accessor source="#pelvis_autogrp-Matrix-animation-input-array" count="61"><param name="TIME" type="float"/></accessor></technique_common></source><source id="pelvis_autogrp-Matrix-animation-output-transform"><float_array id="pelvis_autogrp-Matrix-animation-output-transform-array" count="976">

0.999695 -0.017145 0.017752 0.028327 0.017450 0.999701 -0.017145 0.000494 -0.017452 0.017450 0.999695 -0.028831 0.000000 0.000000 0.000000 1.000000
0.999695 -0.017145 0.017752 0.028327 0.017450 0.999701 -0.017145 0.000494 -0.017452 0.017450 0.999695 -0.028831 0.000000 0.000000 0.000000 1.000000
0.999695 -0.017145 0.017752 0.028327 0.017450 0.999701 -0.017145 0.000494 -0.017452 0.017450 0.999695 -0.028831 0.000000 0.000000 0.000000 1.000000
0.999695 -0.017145 0.017752 0.028327 0.017450 0.999701 -0.017145 0.000494 -0.017452 0.017450 0.999695 -0.028831 0.000000 0.000000 0.000000 1.000000
0.999695 -0.017145 0.017752 0.028327 0.017450 0.999701 -0.017145 0.000494 -0.017452 0.017450 0.999695 -0.028831 0.000000 0.000000 0.000000 1.000000
0.999695 -0.017145 0.017752 0.028327 0.017450 0.999701 -0.017145 0.000494 -0.017452 0.017450 0.999695 -0.028831 0.000000 0.000000 0.000000 1.000000
0.999695 -0.017145 0.017752 0.028327 0.017450 0.999701 -0.017145 0.000494 -0.017452 0.017450 0.999695 -0.028831 0.000000 0.000000 0.000000 1.000000
0.999695 -0.017145 0.017752 0.028327 0.017450 0.999701 -0.017145 0.000494 -0.017452 0.017450 0.999695 -0.028831 0.000000 0.000000 0.000000 1.000000
0.999695 -0.017145 0.017752 0.028327 0.017450 0.999701 -0.017145 0.000494 -0.017452 0.017450 0.999695 -0.028831 0.000000 0.000000 0.000000 1.000000
0.999695 -0.017145 0.017752 0.028327 0.017450 0.999701 -0.017145 0.000494 -0.017452 0.017450 0.999695 -0.028831 0.000000 0.000000 0.000000 1.000000
0.999695 -0.017145 0.017752 0.028327 0.017450 0.999701 -0.017145 0.000494 -0.017452 0.017450 0.999695 -0.028831 0.000000 0.000000 0.000000 1.000000
0.999695 -0.017145 0.017752 0.028327 0.017450 0.999701 -0.017145 0.000494 -0.017452 0.017450 0.999695 -0.028831 0.000000 0.000000 0.000000 1.000000
0.999695 -0.017145 0.017752 0.028327 0.017450 0.999701 -0.017145 0.000494 -0.017452 0.017450 0.999695 -0.028831 0.000000 0.000000 0.000000 1.000000
0.999695 -0.017145 0.017752 0.028327 0.017450 0.999701 -0.017145 0.000494 -0.017452 0.017450 0.999695 -0.028831 0.000000 0.000000 0.000000 1.000000
0.999695 -0.017145 0.017752 0.028327 0.017450 0.999701 -0.017145 0.000494 -0.017452 0.017450 0.999695 -0.028831 0.000000 0.000000 0.000000 1.000000
0.999695 -0.017145 0.017752 0.028327 0.017450 0.999701 -0.017145 0.000494 -0.017452 0.017450 0.999695 -0.028831 0.000000 0.000000 0.000000 1.000000
0.999695 -0.017145 0.017752 0.028327 0.017450 0.999701 -0.017145 0.000494 -0.017452 0.017450 0.999695 -0.028831 0.000000 0.000000 0.000000 1.000000
0.999695 -0.017145 0.017752 0.028327 0.017450 0.999701 -0.017145 0.000494 -0.017452 0.017450 0.999695 -0.028831 0.000000 0.000000 0.000000 1.000000
0.999695 -0.017145 0.017752 0.028327 0.017450 0.999701 -0.017145 0.000494 -0.017452 0.017450 0.999695 -0.028831 0.000000 0.000000 0.000000 1.000000
0.999695 -0.017145 0.017752 0.028327 0.017450 0.999701 -0.017145 0.000494 -0.017452 0.017450 0.999695 -0.028831 0.000000 0.000000 0.000000 1.000000
0.999695 -0.017145 0.017752 0.028327 0.017450 0.999701 -0.017145 0.000494 -0.017452 0.017450 0.999695 -0.028831 0.000000 0.000000 0.000000 1.000000
0.999695 -0.017145 0.017752 0.028327 0.017450 0.999701 -0.017145 0.000494 -0.017452 0.017450 0.999695 -0.028831 0.000000 0.000000 0.000000 1.000000
0.999695 -0.017145 0.017752 0.028327 0.017450 0.999701 -0.017145 0.000494 -0.017452 0.017450 0.999695 -0.028831 0.000000 0.000000 0.000000 1.000000
0.999695 -0.017145 0.017752 0.028327 0.017450 0.999701 -0.017145 0.000494 -0.017452 0.017450 0.999695 -0.028831 0.000000 0.000000 0.000000 1.000000
0.999695 -0.017145 0.017752 0.028327 0.017450 0.999701 -0.017145 0.000494 -0.017452 0.017450 0.999695 -0.028831 0.000000 0.000000 0.000000 1.000000
0.999695 -0.017145 0.017752 0.028327 0.017450 0.999701 -0.017145 0.000494 -0.017452 0.017450 0.999695 -0.028831 0.000000 0.000000 0.000000 1.000000
0.999695 -0.017145 0.017752 0.028327 0.017450 0.999701 -0.017145 0.000494 -0.017452 0.017450 0.999695 -0.028831 0.000000 0.000000 0.000000 1.000000
0.999695 -0.017145 0.017752 0.028327 0.017450 0.999701 -0.017145 0.000494 -0.017452 0.017450 0.999695 -0.028831 0.000000 0.000000 0.000000 1.000000
0.999695 -0.017145 0.017752 0.028327 0.017450 0.999701 -0.017145 0.000494 -0.017452 0.017450 0.999695 -0.028831 0.000000 0.000000 0.000000 1.000000
0.999695 -0.017145 0.017752 0.028327 0.017450 0.999701 -0.017145 0.000494 -0.017452 0.017450 0.999695 -0.028831 0.000000 0.000000 0.000000 1.000000
0.999695 -0.017145 0.017752 0.028327 0.017450 0.999701 -0.017145 0.000494 -0.017452 0.017450 0.999695 -0.028831 0.000000 0.000000 0.000000 1.000000
0.999695 -0.017145 0.017752 0.028327 0.017450 0.999701 -0.017145 0.000494 -0.017452 0.017450 0.999695 -0.028831 0.000000 0.000000 0.000000 1.000000
0.999695 -0.017145 0.017752 0.028327 0.017450 0.999701 -0.017145 0.000494 -0.017452 0.017450 0.999695 -0.028831 0.000000 0.000000 0.000000 1.000000
0.999695 -0.017145 0.017752 0.028327 0.017450 0.999701 -0.017145 0.000494 -0.017452 0.017450 0.999695 -0.028831 0.000000 0.000000 0.000000 1.000000
0.999695 -0.017145 0.017752 0.028327 0.017450 0.999701 -0.017145 0.000494 -0.017452 0.017450 0.999695 -0.028831 0.000000 0.000000 0.000000 1.000000
0.999695 -0.017145 0.017752 0.028327 0.017450 0.999701 -0.017145 0.000494 -0.017452 0.017450 0.999695 -0.028831 0.000000 0.000000 0.000000 1.000000
0.999695 -0.017145 0.017752 0.028327 0.017450 0.999701 -0.017145 0.000494 -0.017452 0.017450 0.999695 -0.028831 0.000000 0.000000 0.000000 1.000000
0.999695 -0.017145 0.017752 0.028327 0.017450 0.999701 -0.017145 0.000494 -0.017452 0.017450 0.999695 -0.028831 0.000000 0.000000 0.000000 1.000000
0.999695 -0.017145 0.017752 0.028327 0.017450 0.999701 -0.017145 0.000494 -0.017452 0.017450 0.999695 -0.028831 0.000000 0.000000 0.000000 1.000000
0.999695 -0.017145 0.017752 0.028327 0.017450 0.999701 -0.017145 0.000494 -0.017452 0.017450 0.999695 -0.028831 0.000000 0.000000 0.000000 1.000000
0.999695 -0.017145 0.017752 0.028327 0.017450 0.999701 -0.017145 0.000494 -0.017452 0.017450 0.999695 -0.028831 0.000000 0.000000 0.000000 1.000000
0.999695 -0.017145 0.017752 0.028327 0.017450 0.999701 -0.017145 0.000494 -0.017452 0.017450 0.999695 -0.028831 0.000000 0.000000 0.000000 1.000000
0.999695 -0.017145 0.017752 0.028327 0.017450 0.999701 -0.017145 0.000494 -0.017452 0.017450 0.999695 -0.028831 0.000000 0.000000 0.000000 1.000000
0.999695 -0.017145 0.017752 0.028327 0.017450 0.999701 -0.017145 0.000494 -0.017452 0.017450 0.999695 -0.028831 0.000000 0.000000 0.000000 1.000000
0.999695 -0.017145 0.017752 0.028327 0.017450 0.999701 -0.017145 0.000494 -0.017452 0.017450 0.999695 -0.028831 0.000000 0.000000 0.000000 1.000000
0.999695 -0.017145 0.017752 0.028327 0.017450 0.999701 -0.017145 0.000494 -0.017452 0.017450 0.999695 -0.028831 0.000000 0.000000 0.000000 1.000000
0.999695 -0.017145 0.017752 0.028327 0.017450 0.999701 -0.017145 0.000494 -0.017452 0.017450 0.999695 -0.028831 0.000000 0.000000 0.000000 1.000000
0.999695 -0.017145 0.017752 0.028327 0.017450 0.999701 -0.017145 0.000494 -0.017452 0.017450 0.999695 -0.028831 0.000000 0.000000 0.000000 1.000000
0.999695 -0.017145 0.017752 0.028327 0.017450 0.999701 -0.017145 0.000494 -0.017452 0.017450 0.999695 -0.028831 0.000000 0.000000 0.000000 1.000000
0.999695 -0.017145 0.017752 0.028327 0.017450 0.999701 -0.017145 0.000494 -0.017452 0.017450 0.999695 -0.028831 0.000000 0.000000 0.000000 1.000000
0.999695 -0.017145 0.017752 0.028327 0.017450 0.999701 -0.017145 0.000494 -0.017452 0.017450 0.999695 -0.028831 0.000000 0.000000 0.000000 1.000000
0.999695 -0.017145 0.017752 0.028327 0.017450 0.999701 -0.017145 0.000494 -0.017452 0.017450 0.999695 -0.028831 0.000000 0.000000 0.000000 1.000000
0.999695 -0.017145 0.017752 0.028327 0.017450 0.999701 -0.017145 0.000494 -0.017452 0.017450 0.999695 -0.028831 0.000000 0.000000 0.000000 1.000000
0.999695 -0.017145 0.017752 0.028327 0.017450 0.999701 -0.017145 0.000494 -0.017452 0.017450 0.999695 -0.028831 0.000000 0.000000 0.000000 1.000000
0.999695 -0.017145 0.017752 0.028327 0.017450 0.999701 -0.017145 0.000494 -0.017452 0.017450 0.999695 -0.028831 0.000000 0.000000 0.000000 1.000000
0.999695 -0.017145 0.017752 0.028327 0.017450 0.999701 -0.017145 0.000494 -0.017452 0.017450 0.999695 -0.028831 0.000000 0.000000 0.000000 1.000000
0.999695 -0.017145 0.017752 0.028327 0.017450 0.999701 -0.017145 0.000494 -0.017452 0.017450 0.999695 -0.028831 0.000000 0.000000 0.000000 1.000000
0.999695 -0.017145 0.017752 0.028327 0.017450 0.999701 -0.017145 0.000494 -0.017452 0.017450 0.999695 -0.028831 0.000000 0.000000 0.000000 1.000000
0.999695 -0.017145 0.017752 0.028327 0.017450 0.999701 -0.017145 0.000494 -0.017452 0.017450 0.999695 -0.028831 0.000000 0.000000 0.000000 1.000000
0.999695 -0.017145 0.017752 0.028327 0.017450 0.999701 -0.017145 0.000494 -0.017452 0.017450 0.999695 -0.028831 0.000000 0.000000 0.000000 1.000000
0.999695 -0.017145 0.017752 0.028327 0.017450 0.999701 -0.017145 0.000494 -0.017452 0.017450 0.999695 -0.028831 0.000000 0.000000 0.000000 1.000000</float_array><technique_common><accessor source="#pelvis_autogrp-Matrix-animation-output-transform-array" count="61" stride="16"><param type="float4x4"/></accessor></technique_common></source><source id="pelvis_autogrp-Interpolations"><Name_array id="pelvis_autogrp-Interpolations-array" count="61">
 LINEAR LINEAR LINEAR LINEAR LINEAR LINEAR LINEAR LINEAR LINEAR LINEAR LINEAR
LINEAR LINEAR LINEAR LINEAR LINEAR LINEAR LINEAR LINEAR LINEAR LINEAR LINEAR LINEAR
LINEAR LINEAR LINEAR LINEAR LINEAR LINEAR LINEAR LINEAR LINEAR LINEAR LINEAR LINEAR
LINEAR LINEAR LINEAR LINEAR LINEAR LINEAR LINEAR LINEAR LINEAR LINEAR LINEAR LINEAR
LINEAR LINEAR LINEAR LINEAR LINEAR LINEAR LINEAR LINEAR LINEAR LINEAR LINEAR LINEAR
LINEAR LINEAR</Name_array><technique_common><accessor source="#pelvis_autogrp-Interpolations-array" count="61"><param type="name"/></accessor></technique_common></source><sampler id="pelvis_autogrp-Matrix-animation-transform"><input semantic="INPUT" source="#pelvis_autogrp-Matrix-animation-input"/><input semantic="OUTPUT" source="#pelvis_autogrp-Matrix-animation-output-transform"/><input semantic="INTERPOLATION" source="#pelvis_autogrp-Interpolations"/></sampler><channel source="#pelvis_autogrp-Matrix-animation-transform" target="pelvis_autogrp/matrix"/></animation></animation>
    <animation id="pelvis_ctrl-anim" name="pelvis_ctrl"><animation><source id="pelvis_ctrl-Matrix-animation-input"><float_array id="pelvis_ctrl-Matrix-animation-input-array" count="61">

0.000000 0.033333 0.066667 0.100000 0.133333 0.166667 0.200000 0.233333 0.266667 0.300000 0.333333 0.366667 0.400000 0.433333 0.466667 0.500000
0.533333 0.566667 0.600000 0.633333 0.666667 0.700000 0.733333 0.766667 0.800000 0.833333 0.866667 0.900000 0.933333 0.966667 1.000000 1.033333
1.066667 1.100000 1.133333 1.166667 1.200000 1.233333 1.266667 1.300000 1.333333 1.366667 1.400000 1.433333 1.466667 1.500000 1.533333 1.566667
