<?xml version="1.0" encoding="utf-8"?>
<COLLADA xmlns="http://www.collada.org/2005/11/COLLADASchema" version="1.4.1">
  <asset><contributor><author></author><authoring_tool>FBX COLLADA exporter</authoring_tool><comments></comments></contributor><created>2020-02-11T13:49:43Z</created><keywords></keywords><modified>2020-02-11T13:49:43Z</modified><revision></revision><subject></subject><title></title><unit meter="0.010000" name="centimeter"></unit><up_axis>Y_UP</up_axis></asset>
  <library_animations>
    <animation id="rig_root_jnt-anim" name="rig_root_jnt"><animation><source id="rig_root_jnt-Matrix-animation-input"><float_array id="rig_root_jnt-Matrix-animation-input-array" count="21">

0.000000 0.033333 0.066667 0.100000 0.133333 0.166667 0.200000 0.233333 0.266667 0.300000 0.333333 0.366667 0.400000 0.433333 0.466667 0.500000
0.533333 0.566667 0.600000 0.633333 0.666667</float_array><technique_common><accessor source="#rig_root_jnt-Matrix-animation-input-array" count="21"><param name="TIME" type="float"/></accessor></technique_common></source><source id="rig_root_jnt-Matrix-animation-output-transform"><float_array id="rig_root_jnt-Matrix-animation-output-transform-array" count="336">

0.999695 -0.010707 0.022236 -0.000000 0.017450 0.943807 -0.330037 1.982647 -0.017452 0.330324 0.943706 0.000000 0.000000 0.000000 0.000000 1.000000
0.999695 -0.012502 0.021279 -0.000000 0.017450 0.967776 -0.251206 1.989956 -0.017452 0.251500 0.967700 0.000000 0.000000 0.000000 0.000000 1.000000
0.999695 -0.012580 0.021232 -0.000000 0.017450 0.968696 -0.247638 2.040354 -0.017452 0.247933 0.968620 0.000000 0.000000 0.000000 0.000000 1.000000
0.999695 -0.011382 0.021898 -0.000000 0.017450 0.953449 -0.301049 2.120258 -0.017452 0.301340 0.953357 0.000000 0.000000 0.000000 0.000000 1.000000
0.999695 -0.009246 0.022882 -0.000000 0.017450 0.920473 -0.390416 2.216090 -0.017452 0.390697 0.920354 0.000000 0.000000 0.000000 0.000000 1.000000
0.999695 -0.006546 0.023795 -0.000000 0.017450 0.869320 -0.493941 2.314266 -0.017452 0.494206 0.869170 0.000000 0.000000 0.000000 0.000000 1.000000
0.999695 -0.003741 0.024394 -0.000000 0.017450 0.806131 -0.591480 2.401207 -0.017452 0.591726 0.805950 0.000000 0.000000 0.000000 0.000000 1.000000
0.999695 -0.001347 0.024643 -0.000000 0.017450 0.744691 -0.667182 2.463331 -0.017452 0.667409 0.744487 0.000000 0.000000 0.000000 0.000000 1.000000
0.999695 0.000116 0.024679 0.000000 0.017450 0.703842 -0.710142 2.487057 -0.017452 0.710357 0.703625 0.000000 0.000000 0.000000 0.000000 1.000000
0.999695 0.000816 0.024666 0.000000 0.017450 0.683412 -0.729824 2.485723 -0.017452 0.730032 0.683190 0.000000 0.000000 0.000000 0.000000 1.000000
0.999695 0.001285 0.024646 0.000000 0.017450 0.669409 -0.742689 2.480830 -0.017452 0.742893 0.669183 0.000000 0.000000 0.000000 0.000000 1.000000
0.999695 0.001569 0.024630 0.000000 0.017450 0.660797 -0.750362 2.471046 -0.017452 0.750563 0.660568 0.000000 0.000000 0.000000 0.000000 1.000000
0.999695 0.001715 0.024620 0.000000 0.017450 0.656340 -0.754263 2.455039 -0.017452 0.754463 0.656110 0.000000 0.000000 0.000000 0.000000 1.000000
0.999695 0.001768 0.024616 0.000000 0.017450 0.654693 -0.755694 2.421816 -0.017452 0.755893 0.654462 0.000000 0.000000 0.000000 0.000000 1.000000
0.999695 0.001776 0.024616 0.000000 0.017450 0.654457 -0.755898 2.366259 -0.017452 0.756097 0.654227 0.000000 0.000000 0.000000 0.000000 1.000000
0.999695 0.001259 0.024647 0.000000 0.017450 0.670170 -0.742003 2.295844 -0.017452 0.742207 0.669943 0.000000 0.000000 0.000000 0.000000 1.000000
0.999695 -0.000165 0.024679 -0.000000 0.017450 0.711863 -0.702102 2.218051 -0.017452 0.702318 0.711649 0.000000 0.000000 0.000000 0.000000 1.000000
0.999695 -0.002300 0.024572 -0.000000 0.017450 0.769960 -0.637854 2.140357 -0.017452 0.638088 0.769766 0.000000 0.000000 0.000000 0.000000 1.000000
0.999695 -0.004930 0.024182 -0.000000 0.017450 0.834107 -0.551327 2.070239 -0.017452 0.551581 0.833939 0.000000 0.000000 0.000000 0.000000 1.000000
0.999695 -0.007815 0.023410 -0.000000 0.017450 0.894594 -0.446540 2.015177 -0.017452 0.446812 0.894458 0.000000 0.000000 0.000000 0.000000 1.000000
0.999695 -0.010707 0.022236 -0.000000 0.017450 0.943807 -0.330037 1.982647 -0.017452 0.330324 0.943706 0.000000 0.000000 0.000000 0.000000 1.000000</float_array><technique_common><accessor source="#rig_root_jnt-Matrix-animation-output-transform-array" count="21" stride="16"><param type="float4x4"/></accessor></technique_common></source><source id="rig_root_jnt-Interpolations"><Name_array id="rig_root_jnt-Interpolations-array" count="21">
 LINEAR LINEAR LINEAR LINEAR LINEAR LINEAR LINEAR LINEAR LINEAR LINEAR LINEAR
LINEAR LINEAR LINEAR LINEAR LINEAR LINEAR LINEAR LINEAR LINEAR LINEAR</Name_array><technique_common><accessor source="#rig_root_jnt-Interpolations-array" count="21"><param type="name"/></accessor></technique_common></source><sampler id="rig_root_jnt-Matrix-animation-transform"><input semantic="INPUT" source="#rig_root_jnt-Matrix-animation-input"/><input semantic="OUTPUT" source="#rig_root_jnt-Matrix-animation-output-transform"/><input semantic="INTERPOLATION" source="#rig_root_jnt-Interpolations"/></sampler><channel source="#rig_root_jnt-Matrix-animation-transform" target="rig_root_jnt/matrix"/></animation></animation>
    <animation id="master_ctrl-anim" name="master_ctrl"><animation><source id="master_ctrl-Matrix-animation-input"><float_array id="master_ctrl-Matrix-animation-input-array" count="21">

0.000000 0.033333 0.066667 0.100000 0.133333 0.166667 0.200000 0.233333 0.266667 0.300000 0.333333 0.366667 0.400000 0.433333 0.466667 0.500000
0.533333 0.566667 0.600000 0.633333 0.666667</float_array><technique_common><accessor source="#master_ctrl-Matrix-animation-input-array" count="21"><param name="TIME" type="float"/></accessor></technique_common></source><source id="master_ctrl-Matrix-animation-output-transform"><float_array id="master_ctrl-Matrix-animation-output-transform-array" count="336">

1.000000 0.000000 0.000000 0.000000 0.000000 1.000000 0.000000 0.000000 0.000000 0.000000 1.000000 0.000000 0.000000 0.000000 0.000000 1.000000
1.000000 0.000000 0.000000 0.000000 0.000000 1.000000 0.000000 0.007309 0.000000 0.000000 1.000000 0.000000 0.000000 0.000000 0.000000 1.000000
1.000000 0.000000 0.000000 0.000000 0.000000 1.000000 0.000000 0.057706 0.000000 0.000000 1.000000 0.000000 0.000000 0.000000 0.000000 1.000000
1.000000 0.000000 0.000000 0.000000 0.000000 1.000000 0.000000 0.137611 0.000000 0.000000 1.000000 0.000000 0.000000 0.000000 0.000000 1.000000
1.000000 0.000000 0.000000 0.000000 0.000000 1.000000 0.000000 0.233443 0.000000 0.000000 1.000000 0.000000 0.000000 0.000000 0.000000 1.000000
1.000000 0.000000 0.000000 0.000000 0.000000 1.000000 0.000000 0.331619 0.000000 0.000000 1.000000 0.000000 0.000000 0.000000 0.000000 1.000000
1.000000 0.000000 0.000000 0.000000 0.000000 1.000000 0.000000 0.418560 0.000000 0.000000 1.000000 0.000000 0.000000 0.000000 0.000000 1.000000
1.000000 0.000000 0.000000 0.000000 0.000000 1.000000 0.000000 0.480684 0.000000 0.000000 1.000000 0.000000 0.000000 0.000000 0.000000 1.000000
1.000000 0.000000 0.000000 0.000000 0.000000 1.000000 0.000000 0.504410 0.000000 0.000000 1.000000 0.000000 0.000000 0.000000 0.000000 1.000000
1.000000 0.000000 0.000000 0.000000 0.000000 1.000000 0.000000 0.503075 0.000000 0.000000 1.000000 0.000000 0.000000 0.000000 0.000000 1.000000
1.000000 0.000000 0.000000 0.000000 0.000000 1.000000 0.000000 0.498183 0.000000 0.000000 1.000000 0.000000 0.000000 0.000000 0.000000 1.000000
1.000000 0.000000 0.000000 0.000000 0.000000 1.000000 0.000000 0.488399 0.000000 0.000000 1.000000 0.000000 0.000000 0.000000 0.000000 1.000000
1.000000 0.000000 0.000000 0.000000 0.000000 1.000000 0.000000 0.472392 0.000000 0.000000 1.000000 0.000000 0.000000 0.000000 0.000000 1.000000
1.000000 0.000000 0.000000 0.000000 0.000000 1.000000 0.000000 0.439169 0.000000 0.000000 1.000000 0.000000 0.000000 0.000000 0.000000 1.000000
1.000000 0.000000 0.000000 0.000000 0.000000 1.000000 0.000000 0.383612 0.000000 0.000000 1.000000 0.000000 0.000000 0.000000 0.000000 1.000000
1.000000 0.000000 0.000000 0.000000 0.000000 1.000000 0.000000 0.313197 0.000000 0.000000 1.000000 0.000000 0.000000 0.000000 0.000000 1.000000
1.000000 0.000000 0.000000 0.000000 0.000000 1.000000 0.000000 0.235404 0.000000 0.000000 1.000000 0.000000 0.000000 0.000000 0.000000 1.000000
1.000000 0.000000 0.000000 0.000000 0.000000 1.000000 0.000000 0.157709 0.000000 0.000000 1.000000 0.000000 0.000000 0.000000 0.000000 1.000000
1.000000 0.000000 0.000000 0.000000 0.000000 1.000000 0.000000 0.087592 0.000000 0.000000 1.000000 0.000000 0.000000 0.000000 0.000000 1.000000
1.000000 0.000000 0.000000 0.000000 0.000000 1.000000 0.000000 0.032530 0.000000 0.000000 1.000000 0.000000 0.000000 0.000000 0.000000 1.000000
1.000000 0.000000 0.000000 0.000000 0.000000 1.000000 0.000000 0.000000 0.000000 0.000000 1.000000 0.000000 0.000000 0.000000 0.000000 1.000000</float_array><technique_common><accessor source="#master_ctrl-Matrix-animation-output-transform-array" count="21" stride="16"><param type="float4x4"/></accessor></technique_common></source><source id="master_ctrl-Interpolations"><Name_array id="master_ctrl-Interpolations-array" count="21">
 LINEAR LINEAR LINEAR LINEAR LINEAR LINEAR LINEAR LINEAR LINEAR LINEAR LINEAR
LINEAR LINEAR LINEAR LINEAR LINEAR LINEAR LINEAR LINEAR LINEAR LINEAR</Name_array><technique_common><accessor source="#master_ctrl-Interpolations-array" count="21"><param type="name"/></accessor></technique_common></source><sampler id="master_ctrl-Matrix-animation-transform"><input semantic="INPUT" source="#master_ctrl-Matrix-animation-input"/><input semantic="OUTPUT" source="#master_ctrl-Matrix-animation-output-transform"/><input semantic="INTERPOLATION" source="#master_ctrl-Interpolations"/></sampler><channel source="#master_ctrl-Matrix-animation-transform" target="master_ctrl/matrix"/></animation><animation><source id="master_ctrl-visibility-animation-input"><float_array id="master_ctrl-visibility-animation-input-array" count="21">

0.000000 0.033333 0.066667 0.100000 0.133333 0.166667 0.200000 0.233333 0.266667 0.300000 0.333333 0.366667 0.400000 0.433333 0.466667 0.500000
0.533333 0.566667 0.600000 0.633333 0.666667</float_array><technique_common><accessor source="#master_ctrl-visibility-animation-input-array" count="21"><param name="TIME" type="float"/></accessor></technique_common></source><source id="master_ctrl-visibility-animation-output"><float_array id="master_ctrl-visibility-animation-output-array" count="21">

1.000000 1.000000 1.000000 1.000000 1.000000 1.000000 1.000000 1.000000 1.000000 1.000000 1.000000 1.000000 1.000000 1.000000 1.000000 1.000000
1.000000 1.000000 1.000000 1.000000 1.000000</float_array><technique_common><accessor source="#master_ctrl-visibility-animation-output-array" count="21"><param type="float"/></accessor></technique_common></source><source id="master_ctrl-visibility-animation-intan"><float_array id="master_ctrl-visibility-animation-intan-array" count="21">

0.000000 -0.000000 -0.000000 -0.000000 -0.000000 -0.000000 -0.000000 -0.000000 -0.000000 -0.000000 -0.000000 -0.000000 -0.000000 -0.000000 -0.000000 -0.000000
-0.000000 -0.000000 -0.000000 -0.000000 -0.000000</float_array><technique_common><accessor source="#master_ctrl-visibility-animation-intan-array" count="21"><param type="float"/></accessor></technique_common></source><source id="master_ctrl-visibility-animation-outtan"><float_array id="master_ctrl-visibility-animation-outtan-array" count="21">

0.000000 0.000000 0.000000 0.000000 0.000000 0.000000 0.000000 0.000000 0.000000 0.000000 0.000000 0.000000 0.000000 0.000000 0.000000 0.000000
0.000000 0.000000 0.000000 0.000000 0.000000</float_array><technique_common><accessor source="#master_ctrl-visibility-animation-outtan-array" count="21"><param type="float"/></accessor></technique_common></source><source id="master_ctrl-visibility-animation-interpolation"><Name_array id="master_ctrl-visibility-animation-interpolation-array" count="21">
 BEZIER BEZIER BEZIER BEZIER BEZIER BEZIER BEZIER BEZIER BEZIER BEZIER BEZIER
BEZIER BEZIER BEZIER BEZIER BEZIER BEZIER BEZIER BEZIER BEZIER BEZIER</Name_array><technique_common><accessor source="#master_ctrl-visibility-animation-interpolation-array" count="21"><param type="name"/></accessor></technique_common></source><sampler id="master_ctrl-visibility-animation"><input semantic="INPUT" source="#master_ctrl-visibility-animation-input"/><input semantic="OUTPUT" source="#master_ctrl-visibility-animation-output"/><input semantic="IN_TANGENT" source="#master_ctrl-visibility-animation-intan"/><input semantic="OUT_TANGENT" source="#master_ctrl-visibility-animation-outtan"/><input semantic="INTERPOLATION" source="#master_ctrl-visibility-animation-interpolation"/></sampler><channel source="#master_ctrl-visibility-animation" target="master_ctrl/visibility"/></animation></animation>
    <animation id="pelvis_autogrp-anim" name="pelvis_autogrp"><animation><source id="pelvis_autogrp-Matrix-animation-input"><float_array id="pelvis_autogrp-Matrix-animation-input-array" count="21">

0.000000 0.033333 0.066667 0.100000 0.133333 0.166667 0.200000 0.233333 0.266667 0.300000 0.333333 0.366667 0.400000 0.433333 0.466667 0.500000
0.533333 0.566667 0.600000 0.633333 0.666667</float_array><technique_common><accessor source="#pelvis_autogrp-Matrix-animation-input-array" count="21"><param name="TIME" type="float"/></accessor></technique_common></source><source id="pelvis_autogrp-Matrix-animation-output-transform"><float_array id="pelvis_autogrp-Matrix-animation-output-transform-array" count="336">

0.999695 -0.017145 0.017752 0.028327 0.017450 0.999701 -0.017145 0.000494 -0.017452 0.017450 0.999695 -0.028831 0.000000 0.000000 0.000000 1.000000
0.999695 -0.017145 0.017752 0.028327 0.017450 0.999701 -0.017145 0.000494 -0.017452 0.017450 0.999695 -0.028831 0.000000 0.000000 0.000000 1.000000
0.999695 -0.017145 0.017752 0.028327 0.017450 0.999701 -0.017145 0.000494 -0.017452 0.017450 0.999695 -0.028831 0.000000 0.000000 0.000000 1.000000
0.999695 -0.017145 0.017752 0.028327 0.017450 0.999701 -0.017145 0.000494 -0.017452 0.017450 0.999695 -0.028831 0.000000 0.000000 0.000000 1.000000
0.999695 -0.017145 0.017752 0.028327 0.017450 0.999701 -0.017145 0.000494 -0.017452 0.017450 0.999695 -0.028831 0.000000 0.000000 0.000000 1.000000
0.999695 -0.017145 0.017752 0.028327 0.017450 0.999701 -0.017145 0.000494 -0.017452 0.017450 0.999695 -0.028831 0.000000 0.000000 0.000000 1.000000
0.999695 -0.017145 0.017752 0.028327 0.017450 0.999701 -0.017145 0.000494 -0.017452 0.017450 0.999695 -0.028831 0.000000 0.000000 0.000000 1.000000
0.999695 -0.017145 0.017752 0.028327 0.017450 0.999701 -0.017145 0.000494 -0.017452 0.017450 0.999695 -0.028831 0.000000 0.000000 0.000000 1.000000
0.999695 -0.017145 0.017752 0.028327 0.017450 0.999701 -0.017145 0.000494 -0.017452 0.017450 0.999695 -0.028831 0.000000 0.000000 0.000000 1.000000
0.999695 -0.017145 0.017752 0.028327 0.017450 0.999701 -0.017145 0.000494 -0.017452 0.017450 0.999695 -0.028831 0.000000 0.000000 0.000000 1.000000
0.999695 -0.017145 0.017752 0.028327 0.017450 0.999701 -0.017145 0.000494 -0.017452 0.017450 0.999695 -0.028831 0.000000 0.000000 0.000000 1.000000
0.999695 -0.017145 0.017752 0.028327 0.017450 0.999701 -0.017145 0.000494 -0.017452 0.017450 0.999695 -0.028831 0.000000 0.000000 0.000000 1.000000
0.999695 -0.017145 0.017752 0.028327 0.017450 0.999701 -0.017145 0.000494 -0.017452 0.017450 0.999695 -0.028831 0.000000 0.000000 0.000000 1.000000
0.999695 -0.017145 0.017752 0.028327 0.017450 0.999701 -0.017145 0.000494 -0.017452 0.017450 0.999695 -0.028831 0.000000 0.000000 0.000000 1.000000
0.999695 -0.017145 0.017752 0.028327 0.017450 0.999701 -0.017145 0.000494 -0.017452 0.017450 0.999695 -0.028831 0.000000 0.000000 0.000000 1.000000
0.999695 -0.017145 0.017752 0.028327 0.017450 0.999701 -0.017145 0.000494 -0.017452 0.017450 0.999695 -0.028831 0.000000 0.000000 0.000000 1.000000
0.999695 -0.017145 0.017752 0.028327 0.017450 0.999701 -0.017145 0.000494 -0.017452 0.017450 0.999695 -0.028831 0.000000 0.000000 0.000000 1.000000
0.999695 -0.017145 0.017752 0.028327 0.017450 0.999701 -0.017145 0.000494 -0.017452 0.017450 0.999695 -0.028831 0.000000 0.000000 0.000000 1.000000
0.999695 -0.017145 0.017752 0.028327 0.017450 0.999701 -0.017145 0.000494 -0.017452 0.017450 0.999695 -0.028831 0.000000 0.000000 0.000000 1.000000
0.999695 -0.017145 0.017752 0.028327 0.017450 0.999701 -0.017145 0.000494 -0.017452 0.017450 0.999695 -0.028831 0.000000 0.000000 0.000000 1.000000
0.999695 -0.017145 0.017752 0.028327 0.017450 0.999701 -0.017145 0.000494 -0.017452 0.017450 0.999695 -0.028831 0.000000 0.000000 0.000000 1.000000</float_array><technique_common><accessor source="#pelvis_autogrp-Matrix-animation-output-transform-array" count="21" stride="16"><param type="float4x4"/></accessor></technique_common></source><source id="pelvis_autogrp-Interpolations"><Name_array id="pelvis_autogrp-Interpolations-array" count="21">
 LINEAR LINEAR LINEAR LINEAR LINEAR LINEAR LINEAR LINEAR LINEAR LINEAR LINEAR
LINEAR LINEAR LINEAR LINEAR LINEAR LINEAR LINEAR LINEAR LINEAR LINEAR</Name_array><technique_common><accessor source="#pelvis_autogrp-Interpolations-array" count="21"><param type="name"/></accessor></technique_common></source><sampler id="pelvis_autogrp-Matrix-animation-transform"><input semantic="INPUT" source="#pelvis_autogrp-Matrix-animation-input"/><input semantic="OUTPUT" source="#pelvis_autogrp-Matrix-animation-output-transform"/><input semantic="INTERPOLATION" source="#pelvis_autogrp-Interpolations"/></sampler><channel source="#pelvis_autogrp-Matrix-animation-transform" target="pelvis_autogrp/matrix"/></animation></animation>
    <animation id="pelvis_ctrl-anim" name="pelvis_ctrl"><animation><source id="pelvis_ctrl-Matrix-animation-input"><float_array id="pelvis_ctrl-Matrix-animation-input-array" count="21">

0.000000 0.033333 0.066667 0.100000 0.133333 0.166667 0.200000 0.233333 0.266667 0.300000 0.333333 0.366667 0.400000 0.433333 0.466667 0.500000
0.533333 0.566667 0.600000 0.633333 0.666667</float_array><technique_common><accessor source="#pelvis_ctrl-Matrix-animation-input-array" count="21"><param name="TIME" type="float"/></accessor></technique_common></source><source id="pelvis_ctrl-Matrix-animation-output-transform"><float_array id="pelvis_ctrl-Matrix-animation-output-transform-array" count="336">

1.000000 -0.000000 0.000000 0.000000 -0.000000 0.949472 -0.313852 0.083483 0.000000 0.313852 0.949472 -0.518548 0.000000 0.000000 0.000000 1.000000
1.000000 0.000000 -0.000000 0.000000 -0.000000 0.972090 -0.234609 0.046113 0.000000 0.234609 0.972090 -0.387623 0.000000 0.000000 0.000000 1.000000
1.000000 0.000000 -0.000000 0.000000 -0.000000 0.972948 -0.231025 0.044696 0.000000 0.231025 0.972948 -0.381701 0.000000 0.000000 0.000000 1.000000
1.000000 0.000000 0.000000 0.000000 -0.000000 0.958617 -0.284699 0.068373 0.000000 0.284699 0.958617 -0.470381 0.000000 0.000000 0.000000 1.000000
1.000000 0.000000 0.000000 0.000000 -0.000000 0.927174 -0.374632 0.120324 0.000000 0.374632 0.927174 -0.618969 0.000000 0.000000 0.000000 1.000000
1.000000 -0.000000 -0.000000 0.000000 -0.000000 0.877796 -0.479034 0.201906 0.000000 0.479034 0.877796 -0.791463 0.000000 0.000000 0.000000 1.000000
1.000000 0.000000 0.000000 0.000000 -0.000000 0.816279 -0.577658 0.303545 0.000000 0.577658 0.816279 -0.954410 0.000000 0.000000 0.000000 1.000000
1.000000 -0.000000 0.000000 0.000000 -0.000000 0.756137 -0.654413 0.402912 0.000000 0.654413 0.756137 -1.081226 0.000000 0.000000 0.000000 1.000000
1.000000 -0.000000 0.000000 0.000000 -0.000000 0.716025 -0.698075 0.469186 0.000000 0.698075 0.716025 -1.153363 0.000000 0.000000 0.000000 1.000000
1.000000 -0.000000 0.000000 0.000000 -0.000000 0.695933 -0.718107 0.502381 0.000000 0.718107 0.695933 -1.186460 0.000000 0.000000 0.000000 1.000000
1.000000 -0.000000 0.000000 0.000000 -0.000000 0.682150 -0.731212 0.525154 0.000000 0.731212 0.682150 -1.208113 0.000000 0.000000 0.000000 1.000000
1.000000 -0.000000 -0.000000 0.000000 -0.000000 0.673670 -0.739033 0.539165 0.000000 0.739033 0.673670 -1.221034 0.000000 0.000000 0.000000 1.000000
1.000000 -0.000000 -0.000000 0.000000 -0.000000 0.669280 -0.743011 0.546418 0.000000 0.743011 0.669280 -1.227606 0.000000 0.000000 0.000000 1.000000
1.000000 0.000000 -0.000000 0.000000 -0.000000 0.667656 -0.744469 0.549100 0.000000 0.744469 0.667656 -1.230017 0.000000 0.000000 0.000000 1.000000
1.000000 -0.000000 0.000000 0.000000 -0.000000 0.667424 -0.744678 0.549483 0.000000 0.744678 0.667424 -1.230361 0.000000 0.000000 0.000000 1.000000
1.000000 0.000000 0.000000 0.000000 -0.000000 0.682899 -0.730513 0.523916 0.000000 0.730513 0.682899 -1.206958 0.000000 0.000000 0.000000 1.000000
1.000000 -0.000000 0.000000 0.000000 -0.000000 0.723908 -0.689896 0.456161 0.000000 0.689896 0.723908 -1.139851 0.000000 0.000000 0.000000 1.000000
1.000000 -0.000000 -0.000000 0.000000 -0.000000 0.780903 -0.624652 0.361993 0.000000 0.624652 0.780903 -1.032053 0.000000 0.000000 0.000000 1.000000
1.000000 -0.000000 -0.000000 0.000000 -0.000000 0.843567 -0.537024 0.258460 0.000000 0.537024 0.843567 -0.887275 0.000000 0.000000 0.000000 1.000000
1.000000 -0.000000 0.000000 0.000000 -0.000000 0.902257 -0.431199 0.161492 0.000000 0.431199 0.902257 -0.712430 0.000000 0.000000 0.000000 1.000000
1.000000 -0.000000 0.000000 0.000000 -0.000000 0.949472 -0.313852 0.083483 0.000000 0.313852 0.949472 -0.518548 0.000000 0.000000 0.000000 1.000000</float_array><technique_common><accessor source="#pelvis_ctrl-Matrix-animation-output-transform-array" count="21" stride="16"><param type="float4x4"/></accessor></technique_common></source><source id="pelvis_ctrl-Interpolations"><Name_array id="pelvis_ctrl-Interpolations-array" count="21">
 LINEAR LINEAR LINEAR LINEAR LINEAR LINEAR LINEAR LINEAR LINEAR LINEAR LINEAR
LINEAR LINEAR LINEAR LINEAR LINEAR LINEAR LINEAR LINEAR LINEAR LINEAR</Name_array><technique_common><accessor source="#pelvis_ctrl-Interpolations-array" count="21"><param type="name"/></accessor></technique_common></source><sampler id="pelvis_ctrl-Matrix-animation-transform"><input semantic="INPUT" source="#pelvis_ctrl-Matrix-animation-input"/><input semantic="OUTPUT" source="#pelvis_ctrl-Matrix-animation-output-transform"/><input semantic="INTERPOLATION" source="#pelvis_ctrl-Interpolations"/></sampler><channel source="#pelvis_ctrl-Matrix-animation-transform" target="pelvis_ctrl/matrix"/></animation><animation><source id="pelvis_ctrl-visibility-animation-input"><float_array id="pelvis_ctrl-visibility-animation-input-array" count="21">

0.000000 0.033333 0.066667 0.100000 0.133333 0.166667 0.200000 0.233333 0.266667 0.300000 0.333333 0.366667 0.400000 0.433333 0.466667 0.500000
0.533333 0.566667 0.600000 0.633333 0.666667</float_array><technique_common><accessor source="#pelvis_ctrl-visibility-animation-input-array" count="21"><param name="TIME" type="float"/></accessor></technique_common></source><source id="pelvis_ctrl-visibility-animation-output"><float_array id="pelvis_ctrl-visibility-animation-output-array" count="21">

1.000000 1.000000 1.000000 1.000000 1.000000 1.000000 1.000000 1.000000 1.000000 1.000000 1.000000 1.000000 1.000000 1.000000 1.000000 1.000000
1.000000 1.000000 1.000000 1.000000 1.000000</float_array><technique_common><accessor source="#pelvis_ctrl-visibility-animation-output-array" count="21"><param type="float"/></accessor></technique_common></source><source id="pelvis_ctrl-visibility-animation-intan"><float_array id="pelvis_ctrl-visibility-animation-intan-array" count="21">

0.000000 -0.000000 -0.000000 -0.000000 -0.000000 -0.000000 -0.000000 -0.000000 -0.000000 -0.000000 -0.000000 -0.000000 -0.000000 -0.000000 -0.000000 -0.000000
-0.000000 -0.000000 -0.000000 -0.000000 -0.000000</float_array><technique_common><accessor source="#pelvis_ctrl-visibility-animation-intan-array" count="21"><param type="float"/></accessor></technique_common></source><source id="pelvis_ctrl-visibility-animation-outtan"><float_array id="pelvis_ctrl-visibility-animation-outtan-array" count="21">

0.000000 0.000000 0.000000 0.000000 0.000000 0.000000 0.000000 0.000000 0.000000 0.000000 0.000000 0.000000 0.000000 0.000000 0.000000 0.000000
0.000000 0.000000 0.000000 0.000000 0.000000</float_array><technique_common><accessor source="#pelvis_ctrl-visibility-animation-outtan-array" count="21"><param type="float"/></accessor></technique_common></source><source id="pelvis_ctrl-visibility-animation-interpolation"><Name_array id="pelvis_ctrl-visibility-animation-interpolation-array" count="21">
 BEZIER BEZIER BEZIER BEZIER BEZIER BEZIER BEZIER BEZIER BEZIER BEZIER BEZIER
BEZIER BEZIER BEZIER BEZIER BEZIER BEZIER BEZIER BEZIER BEZIER BEZIER</Name_array><technique_common><accessor source="#pelvis_ctrl-visibility-animation-interpolation-array" count="21"><param type="name"/></accessor></technique_common></source><sampler id="pelvis_ctrl-visibility-animation"><input semantic="INPUT" source="#pelvis_ctrl-visibility-animation-input"/><input semantic="OUTPUT" source="#pelvis_ctrl-visibility-animation-output"/><input semantic="IN_TANGENT" source="#pelvis_ctrl-visibility-animation-intan"/><input semantic="OUT_TANGENT" source="#pelvis_ctrl-visibility-animation-outtan"/><input semantic="INTERPOLATION" source="#pelvis_ctrl-visibility-animation-interpolation"/></sampler><channel source="#pelvis_ctrl-visibility-animation" target="pelvis_ctrl/visibility"/></animation></animation>
    <animation id="root_jnt-anim" name="root_jnt"><animation><source id="root_jnt-Matrix-animation-input"><float_array id="root_jnt-Matrix-animation-input-array" count="21">

0.000000 0.033333 0.066667 0.100000 0.133333 0.166667 0.200000 0.233333 0.266667 0.300000 0.333333 0.366667 0.400000 0.433333 0.466667 0.500000
0.533333 0.566667 0.600000 0.633333 0.666667</float_array><technique_common><accessor source="#root_jnt-Matrix-animation-input-array" count="21"><param name="TIME" type="float"/></accessor></technique_common></source><source id="root_jnt-Matrix-animation-output-transform"><float_array id="root_jnt-Matrix-animation-output-transform-array" count="336">

0.999695 -0.010707 0.022236 -0.000000 0.017450 0.943807 -0.330037 1.982647 -0.017452 0.330324 0.943706 0.000000 0.000000 0.000000 0.000000 1.000000
0.999695 -0.012502 0.021279 -0.000000 0.017450 0.967776 -0.251206 1.989956 -0.017452 0.251500 0.967700 0.000000 0.000000 0.000000 0.000000 1.000000
0.999695 -0.012580 0.021232 -0.000000 0.017450 0.968696 -0.247638 2.040354 -0.017452 0.247933 0.968620 0.000000 0.000000 0.000000 0.000000 1.000000
0.999695 -0.011382 0.021898 -0.000000 0.017450 0.953449 -0.301049 2.120258 -0.017452 0.301340 0.953357 0.000000 0.000000 0.000000 0.000000 1.000000
0.999695 -0.009246 0.022882 -0.000000 0.017450 0.920473 -0.390416 2.216090 -0.017452 0.390697 0.920354 0.000000 0.000000 0.000000 0.000000 1.000000
0.999695 -0.006546 0.023795 -0.000000 0.017450 0.869320 -0.493941 2.314266 -0.017452 0.494206 0.869170 0.000000 0.000000 0.000000 0.000000 1.000000
0.999695 -0.003741 0.024394 -0.000000 0.017450 0.806131 -0.591480 2.401207 -0.017452 0.591726 0.805950 0.000000 0.000000 0.000000 0.000000 1.000000
0.999695 -0.001347 0.024643 -0.000000 0.017450 0.744691 -0.667182 2.463331 -0.017452 0.667409 0.744487 0.000000 0.000000 0.000000 0.000000 1.000000
0.999695 0.000116 0.024679 0.000000 0.017450 0.703842 -0.710142 2.487057 -0.017452 0.710357 0.703625 0.000000 0.000000 0.000000 0.000000 1.000000
0.999695 0.000816 0.024666 0.000000 0.017450 0.683412 -0.729824 2.485723 -0.017452 0.730032 0.683190 0.000000 0.000000 0.000000 0.000000 1.000000
0.999695 0.001285 0.024646 0.000000 0.017450 0.669409 -0.742689 2.480830 -0.017452 0.742893 0.669183 0.000000 0.000000 0.000000 0.000000 1.000000
0.999695 0.001569 0.024630 0.000000 0.017450 0.660797 -0.750362 2.471046 -0.017452 0.750563 0.660568 0.000000 0.000000 0.000000 0.000000 1.000000
0.999695 0.001715 0.024620 0.000000 0.017450 0.656340 -0.754263 2.455039 -0.017452 0.754463 0.656110 0.000000 0.000000 0.000000 0.000000 1.000000
0.999695 0.001768 0.024616 0.000000 0.017450 0.654693 -0.755694 2.421816 -0.017452 0.755893 0.654462 0.000000 0.000000 0.000000 0.000000 1.000000
0.999695 0.001776 0.024616 0.000000 0.017450 0.654457 -0.755898 2.366259 -0.017452 0.756097 0.654227 0.000000 0.000000 0.000000 0.000000 1.000000
0.999695 0.001259 0.024647 0.000000 0.017450 0.670170 -0.742003 2.295844 -0.017452 0.742207 0.669943 0.000000 0.000000 0.000000 0.000000 1.000000
0.999695 -0.000165 0.024679 -0.000000 0.017450 0.711863 -0.702102 2.218051 -0.017452 0.702318 0.711649 0.000000 0.000000 0.000000 0.000000 1.000000
0.999695 -0.002300 0.024572 -0.000000 0.017450 0.769960 -0.637854 2.140357 -0.017452 0.638088 0.769766 0.000000 0.000000 0.000000 0.000000 1.000000
0.999695 -0.004930 0.024182 -0.000000 0.017450 0.834107 -0.551327 2.070239 -0.017452 0.551581 0.833939 0.000000 0.000000 0.000000 0.000000 1.000000
0.999695 -0.007815 0.023410 -0.000000 0.017450 0.894594 -0.446540 2.015177 -0.017452 0.446812 0.894458 0.000000 0.000000 0.000000 0.000000 1.000000
0.999695 -0.010707 0.022236 -0.000000 0.017450 0.943807 -0.330037 1.982647 -0.017452 0.330324 0.943706 0.000000 0.000000 0.000000 0.000000 1.000000</float_array><technique_common><accessor source="#root_jnt-Matrix-animation-output-transform-array" count="21" stride="16"><param type="float4x4"/></accessor></technique_common></source><source id="root_jnt-Interpolations"><Name_array id="root_jnt-Interpolations-array" count="21">
 LINEAR LINEAR LINEAR LINEAR LINEAR LINEAR LINEAR LINEAR LINEAR LINEAR LINEAR
LINEAR LINEAR LINEAR LINEAR LINEAR LINEAR LINEAR LINEAR LINEAR LINEAR</Name_array><technique_common><accessor source="#root_jnt-Interpolations-array" count="21"><param type="name"/></accessor></technique_common></source><sampler id="root_jnt-Matrix-animation-transform"><input semantic="INPUT" source="#root_jnt-Matrix-animation-input"/><input semantic="OUTPUT" source="#root_jnt-Matrix-animation-output-transform"/><input semantic="INTERPOLATION" source="#root_jnt-Interpolations"/></sampler><channel source="#root_jnt-Matrix-animation-transform" target="root_jnt/matrix"/></animation></animation>
    <animation id="jnt_spine1-anim" name="jnt_spine1"><animation><source id="jnt_spine1-Matrix-animation-input"><float_array id="jnt_spine1-Matrix-animation-input-array" count="21">

0.000000 0.033333 0.066667 0.100000 0.133333 0.166667 0.200000 0.233333 0.266667 0.300000 0.333333 0.366667 0.400000 0.433333 0.466667 0.500000
0.533333 0.566667 0.600000 0.633333 0.666667</float_array><technique_common><accessor source="#jnt_spine1-Matrix-animation-input-array" count="21"><param name="TIME" type="float"/></accessor></technique_common></source><source id="jnt_spine1-Matrix-animation-output-transform"><float_array id="jnt_spine1-Matrix-animation-output-transform-array" count="336">

0.999695 -0.005491 0.024061 -0.000000 0.017450 0.846696 -0.531790 0.479000 -0.017452 0.532048 0.846534 -0.000000 0.000000 0.000000 0.000000 1.000000
0.999695 -0.003559 0.024422 -0.000000 0.017450 0.801693 -0.597481 0.479000 -0.017452 0.597725 0.801511 -0.000000 0.000000 0.000000 0.000000 1.000000
0.999695 -0.003647 0.024409 0.000000 0.017450 0.803850 -0.594577 0.479000 -0.017452 0.594821 0.803668 0.000000 0.000000 0.000000 0.000000 1.000000
0.999695 -0.005246 0.024116 0.000000 0.017450 0.841251 -0.540362 0.479000 -0.017452 0.540619 0.841087 0.000000 0.000000 0.000000 0.000000 1.000000
0.999695 -0.007795 0.023416 0.000000 0.017450 0.894213 -0.447302 0.479000 -0.017452 0.447574 0.894077 -0.000000 0.000000 0.000000 0.000000 1.000000
0.999695 -0.010707 0.022236 0.000000 0.017450 0.943795 -0.330070 0.479000 -0.017452 0.330358 0.943694 -0.000000 0.000000 0.000000 0.000000 1.000000
0.999695 -0.013429 0.020706 0.000000 0.017450 0.977923 -0.208237 0.479000 -0.017452 0.208535 0.977859 0.000000 0.000000 0.000000 0.000000 1.000000
0.999695 -0.015523 0.019187 0.000000 0.017450 0.994346 -0.104742 0.479000 -0.017452 0.105045 0.994314 0.000000 0.000000 0.000000 0.000000 1.000000
0.999695 -0.016683 0.018187 0.000000 0.017450 0.998929 -0.042862 0.479000 -0.017452 0.043167 0.998915 -0.000000 0.000000 0.000000 0.000000 1.000000
0.999695 -0.017170 0.017728 0.000000 0.017450 0.999723 -0.015775 0.479000 -0.017452 0.016079 0.999718 0.000000 0.000000 0.000000 0.000000 1.000000
0.999695 -0.017442 0.017460 0.000000 0.017450 0.999848 -0.000266 0.479000 -0.017452 0.000570 0.999848 0.000000 0.000000 0.000000 0.000000 1.000000
0.999695 -0.017551 0.017351 0.000000 0.017450 0.999830 0.005972 0.479000 -0.017452 -0.005667 0.999832 0.000000 0.000000 0.000000 0.000000 1.000000
0.999695 -0.017539 0.017363 0.000000 0.017450 0.999834 0.005255 0.479000 -0.017452 -0.004950 0.999835 0.000000 0.000000 0.000000 0.000000 1.000000
0.999695 -0.017445 0.017457 0.000000 0.017450 0.999848 -0.000098 0.479000 -0.017452 0.000402 0.999848 0.000000 0.000000 0.000000 0.000000 1.000000
0.999695 -0.017311 0.017590 0.000000 0.017450 0.999818 -0.007769 0.479000 -0.017452 0.008073 0.999815 -0.000000 0.000000 0.000000 0.000000 1.000000
0.999695 -0.016794 0.018084 0.000000 0.017450 0.999173 -0.036719 0.479000 -0.017452 0.037024 0.999162 0.000000 0.000000 0.000000 0.000000 1.000000
0.999695 -0.015579 0.019141 0.000000 0.017450 0.994651 -0.101804 0.479000 -0.017452 0.102107 0.994620 0.000000 0.000000 0.000000 0.000000 1.000000
0.999695 -0.013728 0.020509 0.000000 0.017450 0.980841 -0.194029 0.479000 -0.017452 0.194328 0.980781 0.000000 0.000000 0.000000 0.000000 1.000000
0.999695 -0.011326 0.021927 0.000000 0.017450 0.952683 -0.303464 0.479000 -0.017452 0.303755 0.952590 0.000000 0.000000 0.000000 0.000000 1.000000
0.999695 -0.008514 0.023165 0.000000 0.017450 0.907587 -0.419501 0.479000 -0.017452 0.419778 0.907459 -0.000000 0.000000 0.000000 0.000000 1.000000
0.999695 -0.005491 0.024061 -0.000000 0.017450 0.846696 -0.531790 0.479000 -0.017452 0.532048 0.846534 -0.000000 0.000000 0.000000 0.000000 1.000000</float_array><technique_common><accessor source="#jnt_spine1-Matrix-animation-output-transform-array" count="21" stride="16"><param type="float4x4"/></accessor></technique_common></source><source id="jnt_spine1-Interpolations"><Name_array id="jnt_spine1-Interpolations-array" count="21">
 LINEAR LINEAR LINEAR LINEAR LINEAR LINEAR LINEAR LINEAR LINEAR LINEAR LINEAR
LINEAR LINEAR LINEAR LINEAR LINEAR LINEAR LINEAR LINEAR LINEAR LINEAR</Name_array><technique_common><accessor source="#jnt_spine1-Interpolations-array" count="21"><param type="name"/></accessor></technique_common></source><sampler id="jnt_spine1-Matrix-animation-transform"><input semantic="INPUT" source="#jnt_spine1-Matrix-animation-input"/><input semantic="OUTPUT" source="#jnt_spine1-Matrix-animation-output-transform"/><input semantic="INTERPOLATION" source="#jnt_spine1-Interpolations"/></sampler><channel source="#jnt_spine1-Matrix-animation-transform" target="jnt_spine1/matrix"/></animation></animation>
    <animation id="jnt_spine2-anim" name="jnt_spine2"><animation><source id="jnt_spine2-Matrix-animation-input"><float_array id="jnt_spine2-Matrix-animation-input-array" count="21">

0.000000 0.033333 0.066667 0.100000 0.133333 0.166667 0.200000 0.233333 0.266667 0.300000 0.333333 0.366667 0.400000 0.433333 0.466667 0.500000
0.533333 0.566667 0.600000 0.633333 0.666667</float_array><technique_common><accessor source="#jnt_spine2-Matrix-animation-input-array" count="21"><param name="TIME" type="float"/></accessor></technique_common></source><source id="jnt_spine2-Matrix-animation-output-transform"><float_array id="jnt_spine2-Matrix-animation-output-transform-array" count="336">

1.000000 0.000000 -0.000000 0.000000 0.000000 1.000000 0.000000 0.449000 -0.000000 -0.000000 1.000000 0.000000 0.000000 0.000000 0.000000 1.000000
1.000000 0.000000 -0.000000 0.000000 -0.000000 1.000000 -0.000000 0.449000 -0.000000 -0.000000 1.000000 -0.000000 0.000000 0.000000 0.000000 1.000000
1.000000 -0.000000 -0.000000 0.000000 0.000000 1.000000 0.000000 0.449000 -0.000000 0.000000 1.000000 0.000000 0.000000 0.000000 0.000000 1.000000
1.000000 -0.000000 0.000000 0.000000 -0.000000 1.000000 0.000000 0.449000 -0.000000 -0.000000 1.000000 -0.000000 0.000000 0.000000 0.000000 1.000000
1.000000 -0.000000 -0.000000 0.000000 -0.000000 1.000000 0.000000 0.449000 0.000000 0.000000 1.000000 0.000000 0.000000 0.000000 0.000000 1.000000
1.000000 -0.000000 -0.000000 0.000000 0.000000 1.000000 0.000000 0.449000 0.000000 0.000000 1.000000 -0.000000 0.000000 0.000000 0.000000 1.000000
1.000000 0.000000 -0.000000 0.000000 0.000000 1.000000 0.000000 0.449000 -0.000000 -0.000000 1.000000 0.000000 0.000000 0.000000 0.000000 1.000000
1.000000 0.000000 -0.000000 -0.000000 -0.000000 1.000000 0.000000 0.449000 0.000000 -0.000000 1.000000 0.000000 0.000000 0.000000 0.000000 1.000000
1.000000 0.000000 -0.000000 0.000000 -0.000000 1.000000 0.000000 0.449000 0.000000 0.000000 1.000000 -0.000000 0.000000 0.000000 0.000000 1.000000
1.000000 0.000000 -0.000000 0.000000 -0.000000 1.000000 0.000000 0.449000 0.000000 -0.000000 1.000000 -0.000000 0.000000 0.000000 0.000000 1.000000
1.000000 0.000000 -0.000000 -0.000000 0.000000 1.000000 -0.000000 0.449000 -0.000000 0.000000 1.000000 -0.000000 0.000000 0.000000 0.000000 1.000000
1.000000 0.000000 0.000000 -0.000000 -0.000000 1.000000 0.000000 0.449000 0.000000 -0.000000 1.000000 -0.000000 0.000000 0.000000 0.000000 1.000000
1.000000 0.000000 0.000000 0.000000 -0.000000 1.000000 0.000000 0.449000 0.000000 -0.000000 1.000000 0.000000 0.000000 0.000000 0.000000 1.000000
1.000000 0.000000 0.000000 0.000000 0.000000 1.000000 0.000000 0.449000 0.000000 -0.000000 1.000000 -0.000000 0.000000 0.000000 0.000000 1.000000
1.000000 -0.000000 0.000000 0.000000 0.000000 1.000000 -0.000000 0.449000 -0.000000 -0.000000 1.000000 -0.000000 0.000000 0.000000 0.000000 1.000000
1.000000 -0.000000 0.000000 0.000000 -0.000000 1.000000 -0.000000 0.449000 0.000000 0.000000 1.000000 -0.000000 0.000000 0.000000 0.000000 1.000000
1.000000 0.000000 -0.000000 0.000000 -0.000000 1.000000 -0.000000 0.449000 -0.000000 0.000000 1.000000 -0.000000 0.000000 0.000000 0.000000 1.000000
1.000000 0.000000 -0.000000 0.000000 0.000000 1.000000 -0.000000 0.449000 0.000000 0.000000 1.000000 0.000000 0.000000 0.000000 0.000000 1.000000
1.000000 0.000000 -0.000000 -0.000000 -0.000000 1.000000 0.000000 0.449000 -0.000000 -0.000000 1.000000 -0.000000 0.000000 0.000000 0.000000 1.000000
1.000000 -0.000000 0.000000 0.000000 0.000000 1.000000 0.000000 0.449000 0.000000 -0.000000 1.000000 0.000000 0.000000 0.000000 0.000000 1.000000
1.000000 0.000000 -0.000000 0.000000 0.000000 1.000000 0.000000 0.449000 -0.000000 -0.000000 1.000000 0.000000 0.000000 0.000000 0.000000 1.000000</float_array><technique_common><accessor source="#jnt_spine2-Matrix-animation-output-transform-array" count="21" stride="16"><param type="float4x4"/></accessor></technique_common></source><source id="jnt_spine2-Interpolations"><Name_array id="jnt_spine2-Interpolations-array" count="21">
 LINEAR LINEAR LINEAR LINEAR LINEAR LINEAR LINEAR LINEAR LINEAR LINEAR LINEAR
LINEAR LINEAR LINEAR LINEAR LINEAR LINEAR LINEAR LINEAR LINEAR LINEAR</Name_array><technique_common><accessor source="#jnt_spine2-Interpolations-array" count="21"><param type="name"/></accessor></technique_common></source><sampler id="jnt_spine2-Matrix-animation-transform"><input semantic="INPUT" source="#jnt_spine2-Matrix-animation-input"/><input semantic="OUTPUT" source="#jnt_spine2-Matrix-animation-output-transform"/><input semantic="INTERPOLATION" source="#jnt_spine2-Interpolations"/></sampler><channel source="#jnt_spine2-Matrix-animation-transform" target="jnt_spine2/matrix"/></animation></animation>
