<?xml version="1.0" encoding="utf-8"?>
<COLLADA xmlns="http://www.collada.org/2005/11/COLLADASchema" version="1.4.1">
  <asset><contributor><author></author><authoring_tool>FBX COLLADA exporter</authoring_tool><comments></comments></contributor><created>2020-02-07T14:18:41Z</created><keywords></keywords><modified>2020-02-07T14:18:41Z</modified><revision></revision><subject></subject><title></title><unit meter="0.010000" name="centimeter"></unit><up_axis>Y_UP</up_axis></asset>
  <library_animations>
    <animation id="rig_root_jnt-anim" name="rig_root_jnt"><animation><source id="rig_root_jnt-Matrix-animation-input"><float_array id="rig_root_jnt-Matrix-animation-input-array" count="25">

0.000000 0.033333 0.066667 0.100000 0.133333 0.166667 0.200000 0.233333 0.266667 0.300000 0.333333 0.366667 0.400000 0.433333 0.466667 0.500000
0.533333 0.566667 0.600000 0.633333 0.666667 0.700000 0.733333 0.766667 0.800000</float_array><technique_common><accessor source="#rig_root_jnt-Matrix-animation-input-array" count="25"><param name="TIME" type="float"/></accessor></technique_common></source><source id="rig_root_jnt-Matrix-animation-output-transform"><float_array id="rig_root_jnt-Matrix-animation-output-transform-array" count="400">

0.000000 0.090717 0.995877 0.000000 -0.176701 0.980206 -0.089290 1.150955 -0.984265 -0.175972 0.016030 -0.264002 0.000000 0.000000 0.000000 1.000000
0.000000 0.090717 0.995877 0.000000 -0.168529 0.981632 -0.089419 1.183385 -0.985697 -0.167834 0.015288 -0.249218 0.000000 0.000000 0.000000 1.000000
0.000000 0.090717 0.995877 0.000000 -0.145878 0.985223 -0.089747 1.264459 -0.989303 -0.145277 0.013234 -0.209090 0.000000 0.000000 0.000000 1.000000
0.000000 0.090717 0.995877 0.000000 -0.111519 0.989665 -0.090151 1.369855 -0.993762 -0.111059 0.010117 -0.149954 0.000000 0.000000 0.000000 1.000000
0.000000 0.090717 0.995877 0.000000 -0.068265 0.993554 -0.090505 1.475251 -0.997667 -0.067983 0.006193 -0.078145 0.000000 0.000000 0.000000 1.000000
0.000000 0.090717 0.995877 0.000000 -0.019027 0.995696 -0.090701 1.556324 -0.999819 -0.018948 0.001726 -0.000001 0.000000 0.000000 0.000000 1.000000
-0.000000 0.090717 0.995877 0.000000 0.033184 0.995328 -0.090667 1.588754 -0.999449 0.033047 -0.003010 0.078143 0.000000 0.000000 0.000000 1.000000
-0.000000 0.090717 0.995877 0.000000 0.085304 0.992247 -0.090386 1.486643 -0.996355 0.084952 -0.007739 0.149952 0.000000 0.000000 0.000000 1.000000
-0.000000 0.090717 0.995877 0.000000 0.134291 0.986856 -0.089895 1.261999 -0.990942 0.133737 -0.012182 0.209088 0.000000 0.000000 0.000000 1.000000
-0.000000 0.090717 0.995877 0.000000 0.177191 0.980118 -0.089282 1.037355 -0.984177 0.176460 -0.016074 0.249216 0.000000 0.000000 0.000000 1.000000
-0.000000 0.090717 0.995877 0.000000 0.211179 0.973417 -0.088671 0.935245 -0.977447 0.210308 -0.019158 0.264000 0.000000 0.000000 0.000000 1.000000
-0.000000 0.090717 0.995877 0.000000 0.233541 0.968338 -0.088209 1.022678 -0.972347 0.232578 -0.021186 0.256303 0.000000 0.000000 0.000000 1.000000
-0.000000 0.090717 0.995877 0.000000 0.241600 0.966375 -0.088030 1.150955 -0.970376 0.240603 -0.021917 0.234752 0.000000 0.000000 0.000000 1.000000
-0.000000 0.090717 0.995877 0.000000 0.233541 0.968338 -0.088209 1.240113 -0.972347 0.232578 -0.021186 0.201656 0.000000 0.000000 0.000000 1.000000
-0.000000 0.090717 0.995877 0.000000 0.211179 0.973417 -0.088671 1.337071 -0.977447 0.210308 -0.019158 0.159323 0.000000 0.000000 0.000000 1.000000
-0.000000 0.090717 0.995877 0.000000 0.177191 0.980118 -0.089282 1.431121 -0.984177 0.176460 -0.016074 0.110064 0.000000 0.000000 0.000000 1.000000
-0.000000 0.090717 0.995877 0.000000 0.134291 0.986856 -0.089895 1.511557 -0.990942 0.133737 -0.012182 0.056186 0.000000 0.000000 0.000000 1.000000
-0.000000 0.090717 0.995877 0.000000 0.085304 0.992247 -0.090386 1.567670 -0.996355 0.084952 -0.007739 -0.000001 0.000000 0.000000 0.000000 1.000000
-0.000000 0.090717 0.995877 0.000000 0.033184 0.995328 -0.090667 1.588754 -0.999449 0.033047 -0.003010 -0.056188 0.000000 0.000000 0.000000 1.000000
0.000000 0.090717 0.995877 0.000000 -0.019027 0.995696 -0.090701 1.486643 -0.999819 -0.018948 0.001726 -0.110066 0.000000 0.000000 0.000000 1.000000
0.000000 0.090717 0.995877 0.000000 -0.068265 0.993554 -0.090505 1.261999 -0.997667 -0.067983 0.006193 -0.159325 0.000000 0.000000 0.000000 1.000000
0.000000 0.090717 0.995877 0.000000 -0.111519 0.989665 -0.090151 1.037355 -0.993762 -0.111059 0.010117 -0.201658 0.000000 0.000000 0.000000 1.000000
0.000000 0.090717 0.995877 0.000000 -0.145878 0.985223 -0.089747 0.935245 -0.989303 -0.145277 0.013234 -0.234754 0.000000 0.000000 0.000000 1.000000
0.000000 0.090717 0.995877 0.000000 -0.168529 0.981632 -0.089419 1.043100 -0.985697 -0.167834 0.015288 -0.256305 0.000000 0.000000 0.000000 1.000000
0.000000 0.090717 0.995877 0.000000 -0.176701 0.980206 -0.089290 1.150955 -0.984265 -0.175972 0.016030 -0.264002 0.000000 0.000000 0.000000 1.000000</float_array><technique_common><accessor source="#rig_root_jnt-Matrix-animation-output-transform-array" count="25" stride="16"><param type="float4x4"/></accessor></technique_common></source><source id="rig_root_jnt-Interpolations"><Name_array id="rig_root_jnt-Interpolations-array" count="25">
 LINEAR LINEAR LINEAR LINEAR LINEAR LINEAR LINEAR LINEAR LINEAR LINEAR LINEAR
LINEAR LINEAR LINEAR LINEAR LINEAR LINEAR LINEAR LINEAR LINEAR LINEAR LINEAR LINEAR
LINEAR LINEAR</Name_array><technique_common><accessor source="#rig_root_jnt-Interpolations-array" count="25"><param type="name"/></accessor></technique_common></source><sampler id="rig_root_jnt-Matrix-animation-transform"><input semantic="INPUT" source="#rig_root_jnt-Matrix-animation-input"/><input semantic="OUTPUT" source="#rig_root_jnt-Matrix-animation-output-transform"/><input semantic="INTERPOLATION" source="#rig_root_jnt-Interpolations"/></sampler><channel source="#rig_root_jnt-Matrix-animation-transform" target="rig_root_jnt/matrix"/></animation></animation>
    <animation id="rig_jnt_spine1-anim" name="rig_jnt_spine1"><animation><source id="rig_jnt_spine1-Matrix-animation-input"><float_array id="rig_jnt_spine1-Matrix-animation-input-array" count="25">

0.000000 0.033333 0.066667 0.100000 0.133333 0.166667 0.200000 0.233333 0.266667 0.300000 0.333333 0.366667 0.400000 0.433333 0.466667 0.500000
0.533333 0.566667 0.600000 0.633333 0.666667 0.700000 0.733333 0.766667 0.800000</float_array><technique_common><accessor source="#rig_jnt_spine1-Matrix-animation-input-array" count="25"><param name="TIME" type="float"/></accessor></technique_common></source><source id="rig_jnt_spine1-Matrix-animation-output-transform"><float_array id="rig_jnt_spine1-Matrix-animation-output-transform-array" count="400">

1.000000 0.000000 0.000000 -0.000000 -0.000000 1.000000 -0.000000 0.479000 0.000000 0.000000 1.000000 -0.000000 0.000000 0.000000 0.000000 1.000000
1.000000 0.000000 0.000000 -0.000000 0.000000 1.000000 0.000000 0.479000 0.000000 -0.000000 1.000000 -0.000000 0.000000 0.000000 0.000000 1.000000
1.000000 -0.000000 0.000000 0.000000 0.000000 1.000000 0.000000 0.479000 0.000000 -0.000000 1.000000 -0.000000 0.000000 0.000000 0.000000 1.000000
1.000000 0.000000 0.000000 0.000000 -0.000000 1.000000 -0.000000 0.479000 -0.000000 0.000000 1.000000 -0.000000 0.000000 0.000000 0.000000 1.000000
1.000000 0.000000 -0.000000 -0.000000 -0.000000 1.000000 0.000000 0.479000 0.000000 0.000000 1.000000 0.000000 0.000000 0.000000 0.000000 1.000000
1.000000 0.000000 0.000000 0.000000 0.000000 1.000000 0.000000 0.479000 0.000000 0.000000 1.000000 0.000000 0.000000 0.000000 0.000000 1.000000
1.000000 0.000000 0.000000 0.000000 -0.000000 1.000000 0.000000 0.479000 0.000000 0.000000 1.000000 0.000000 0.000000 0.000000 0.000000 1.000000
1.000000 0.000000 0.000000 0.000000 0.000000 1.000000 0.000000 0.479000 0.000000 0.000000 1.000000 -0.000000 0.000000 0.000000 0.000000 1.000000
1.000000 0.000000 0.000000 0.000000 0.000000 1.000000 0.000000 0.479000 -0.000000 -0.000000 1.000000 -0.000000 0.000000 0.000000 0.000000 1.000000
1.000000 0.000000 0.000000 0.000000 0.000000 1.000000 -0.000000 0.479000 0.000000 0.000000 1.000000 0.000000 0.000000 0.000000 0.000000 1.000000
1.000000 0.000000 0.000000 0.000000 0.000000 1.000000 0.000000 0.479000 -0.000000 0.000000 1.000000 0.000000 0.000000 0.000000 0.000000 1.000000
1.000000 -0.000000 -0.000000 -0.000000 -0.000000 1.000000 0.000000 0.479000 0.000000 -0.000000 1.000000 0.000000 0.000000 0.000000 0.000000 1.000000
1.000000 0.000000 -0.000000 0.000000 0.000000 1.000000 0.000000 0.479000 0.000000 0.000000 1.000000 -0.000000 0.000000 0.000000 0.000000 1.000000
1.000000 -0.000000 -0.000000 -0.000000 -0.000000 1.000000 0.000000 0.479000 0.000000 -0.000000 1.000000 -0.000000 0.000000 0.000000 0.000000 1.000000
1.000000 0.000000 0.000000 0.000000 0.000000 1.000000 0.000000 0.479000 -0.000000 0.000000 1.000000 -0.000000 0.000000 0.000000 0.000000 1.000000
1.000000 0.000000 0.000000 0.000000 0.000000 1.000000 -0.000000 0.479000 0.000000 0.000000 1.000000 0.000000 0.000000 0.000000 0.000000 1.000000
1.000000 0.000000 0.000000 0.000000 0.000000 1.000000 0.000000 0.479000 -0.000000 -0.000000 1.000000 0.000000 0.000000 0.000000 0.000000 1.000000
1.000000 0.000000 0.000000 0.000000 0.000000 1.000000 0.000000 0.479000 0.000000 0.000000 1.000000 0.000000 0.000000 0.000000 0.000000 1.000000
1.000000 0.000000 0.000000 0.000000 -0.000000 1.000000 0.000000 0.479000 0.000000 0.000000 1.000000 0.000000 0.000000 0.000000 0.000000 1.000000
1.000000 0.000000 0.000000 0.000000 0.000000 1.000000 0.000000 0.479000 0.000000 0.000000 1.000000 0.000000 0.000000 0.000000 0.000000 1.000000
1.000000 0.000000 -0.000000 0.000000 -0.000000 1.000000 0.000000 0.479000 0.000000 0.000000 1.000000 0.000000 0.000000 0.000000 0.000000 1.000000
1.000000 0.000000 0.000000 0.000000 -0.000000 1.000000 -0.000000 0.479000 -0.000000 0.000000 1.000000 0.000000 0.000000 0.000000 0.000000 1.000000
1.000000 -0.000000 0.000000 0.000000 0.000000 1.000000 0.000000 0.479000 0.000000 -0.000000 1.000000 -0.000000 0.000000 0.000000 0.000000 1.000000
1.000000 0.000000 0.000000 -0.000000 0.000000 1.000000 0.000000 0.479000 0.000000 -0.000000 1.000000 -0.000000 0.000000 0.000000 0.000000 1.000000
1.000000 0.000000 0.000000 -0.000000 -0.000000 1.000000 -0.000000 0.479000 0.000000 0.000000 1.000000 -0.000000 0.000000 0.000000 0.000000 1.000000</float_array><technique_common><accessor source="#rig_jnt_spine1-Matrix-animation-output-transform-array" count="25" stride="16"><param type="float4x4"/></accessor></technique_common></source><source id="rig_jnt_spine1-Interpolations"><Name_array id="rig_jnt_spine1-Interpolations-array" count="25">
 LINEAR LINEAR LINEAR LINEAR LINEAR LINEAR LINEAR LINEAR LINEAR LINEAR LINEAR
LINEAR LINEAR LINEAR LINEAR LINEAR LINEAR LINEAR LINEAR LINEAR LINEAR LINEAR LINEAR
LINEAR LINEAR</Name_array><technique_common><accessor source="#rig_jnt_spine1-Interpolations-array" count="25"><param type="name"/></accessor></technique_common></source><sampler id="rig_jnt_spine1-Matrix-animation-transform"><input semantic="INPUT" source="#rig_jnt_spine1-Matrix-animation-input"/><input semantic="OUTPUT" source="#rig_jnt_spine1-Matrix-animation-output-transform"/><input semantic="INTERPOLATION" source="#rig_jnt_spine1-Interpolations"/></sampler><channel source="#rig_jnt_spine1-Matrix-animation-transform" target="rig_jnt_spine1/matrix"/></animation></animation>
    <animation id="rig_jnt_spine2-anim" name="rig_jnt_spine2"><animation><source id="rig_jnt_spine2-Matrix-animation-input"><float_array id="rig_jnt_spine2-Matrix-animation-input-array" count="25">

0.000000 0.033333 0.066667 0.100000 0.133333 0.166667 0.200000 0.233333 0.266667 0.300000 0.333333 0.366667 0.400000 0.433333 0.466667 0.500000
0.533333 0.566667 0.600000 0.633333 0.666667 0.700000 0.733333 0.766667 0.800000</float_array><technique_common><accessor source="#rig_jnt_spine2-Matrix-animation-input-array" count="25"><param name="TIME" type="float"/></accessor></technique_common></source><source id="rig_jnt_spine2-Matrix-animation-output-transform"><float_array id="rig_jnt_spine2-Matrix-animation-output-transform-array" count="400">

1.000000 0.000000 0.000000 0.000000 -0.000000 1.000000 -0.000000 0.449000 0.000000 -0.000000 1.000000 0.000000 0.000000 0.000000 0.000000 1.000000
1.000000 0.000000 0.000000 0.000000 0.000000 1.000000 0.000000 0.449000 -0.000000 -0.000000 1.000000 0.000000 0.000000 0.000000 0.000000 1.000000
1.000000 -0.000000 0.000000 0.000000 0.000000 1.000000 0.000000 0.449000 0.000000 -0.000000 1.000000 0.000000 0.000000 0.000000 0.000000 1.000000
1.000000 0.000000 -0.000000 0.000000 -0.000000 1.000000 -0.000000 0.449000 -0.000000 0.000000 1.000000 0.000000 0.000000 0.000000 0.000000 1.000000
1.000000 0.000000 -0.000000 0.000000 -0.000000 1.000000 0.000000 0.449000 -0.000000 0.000000 1.000000 -0.000000 0.000000 0.000000 0.000000 1.000000
1.000000 0.000000 -0.000000 -0.000000 0.000000 1.000000 0.000000 0.449000 0.000000 0.000000 1.000000 0.000000 0.000000 0.000000 0.000000 1.000000
1.000000 0.000000 0.000000 0.000000 -0.000000 1.000000 0.000000 0.449000 -0.000000 -0.000000 1.000000 0.000000 0.000000 0.000000 0.000000 1.000000
1.000000 0.000000 0.000000 -0.000000 0.000000 1.000000 0.000000 0.449000 0.000000 0.000000 1.000000 0.000000 0.000000 0.000000 0.000000 1.000000
1.000000 0.000000 0.000000 0.000000 0.000000 1.000000 0.000000 0.449000 -0.000000 -0.000000 1.000000 0.000000 0.000000 0.000000 0.000000 1.000000
1.000000 0.000000 -0.000000 -0.000000 0.000000 1.000000 -0.000000 0.449000 -0.000000 -0.000000 1.000000 0.000000 0.000000 0.000000 0.000000 1.000000
1.000000 0.000000 0.000000 0.000000 0.000000 1.000000 0.000000 0.449000 -0.000000 -0.000000 1.000000 0.000000 0.000000 0.000000 0.000000 1.000000
1.000000 -0.000000 -0.000000 0.000000 -0.000000 1.000000 0.000000 0.449000 0.000000 0.000000 1.000000 -0.000000 0.000000 0.000000 0.000000 1.000000
1.000000 0.000000 0.000000 0.000000 0.000000 1.000000 0.000000 0.449000 0.000000 0.000000 1.000000 0.000000 0.000000 0.000000 0.000000 1.000000
1.000000 -0.000000 -0.000000 0.000000 -0.000000 1.000000 0.000000 0.449000 0.000000 0.000000 1.000000 -0.000000 0.000000 0.000000 0.000000 1.000000
1.000000 0.000000 0.000000 0.000000 0.000000 1.000000 0.000000 0.449000 -0.000000 -0.000000 1.000000 0.000000 0.000000 0.000000 0.000000 1.000000
1.000000 0.000000 -0.000000 -0.000000 0.000000 1.000000 -0.000000 0.449000 -0.000000 -0.000000 1.000000 -0.000000 0.000000 0.000000 0.000000 1.000000
1.000000 0.000000 0.000000 0.000000 0.000000 1.000000 0.000000 0.449000 -0.000000 -0.000000 1.000000 -0.000000 0.000000 0.000000 0.000000 1.000000
1.000000 0.000000 0.000000 0.000000 0.000000 1.000000 0.000000 0.449000 0.000000 0.000000 1.000000 0.000000 0.000000 0.000000 0.000000 1.000000
1.000000 0.000000 0.000000 0.000000 -0.000000 1.000000 0.000000 0.449000 -0.000000 -0.000000 1.000000 0.000000 0.000000 0.000000 0.000000 1.000000
1.000000 0.000000 -0.000000 -0.000000 0.000000 1.000000 0.000000 0.449000 0.000000 0.000000 1.000000 0.000000 0.000000 0.000000 0.000000 1.000000
1.000000 0.000000 -0.000000 0.000000 -0.000000 1.000000 0.000000 0.449000 -0.000000 0.000000 1.000000 0.000000 0.000000 0.000000 0.000000 1.000000
1.000000 0.000000 -0.000000 -0.000000 -0.000000 1.000000 -0.000000 0.449000 -0.000000 0.000000 1.000000 -0.000000 0.000000 0.000000 0.000000 1.000000
1.000000 -0.000000 0.000000 -0.000000 0.000000 1.000000 0.000000 0.449000 0.000000 -0.000000 1.000000 0.000000 0.000000 0.000000 0.000000 1.000000
1.000000 0.000000 0.000000 0.000000 0.000000 1.000000 0.000000 0.449000 -0.000000 -0.000000 1.000000 0.000000 0.000000 0.000000 0.000000 1.000000
1.000000 0.000000 0.000000 0.000000 -0.000000 1.000000 -0.000000 0.449000 0.000000 -0.000000 1.000000 0.000000 0.000000 0.000000 0.000000 1.000000</float_array><technique_common><accessor source="#rig_jnt_spine2-Matrix-animation-output-transform-array" count="25" stride="16"><param type="float4x4"/></accessor></technique_common></source><source id="rig_jnt_spine2-Interpolations"><Name_array id="rig_jnt_spine2-Interpolations-array" count="25">
 LINEAR LINEAR LINEAR LINEAR LINEAR LINEAR LINEAR LINEAR LINEAR LINEAR LINEAR
LINEAR LINEAR LINEAR LINEAR LINEAR LINEAR LINEAR LINEAR LINEAR LINEAR LINEAR LINEAR
LINEAR LINEAR</Name_array><technique_common><accessor source="#rig_jnt_spine2-Interpolations-array" count="25"><param type="name"/></accessor></technique_common></source><sampler id="rig_jnt_spine2-Matrix-animation-transform"><input semantic="INPUT" source="#rig_jnt_spine2-Matrix-animation-input"/><input semantic="OUTPUT" source="#rig_jnt_spine2-Matrix-animation-output-transform"/><input semantic="INTERPOLATION" source="#rig_jnt_spine2-Interpolations"/></sampler><channel source="#rig_jnt_spine2-Matrix-animation-transform" target="rig_jnt_spine2/matrix"/></animation></animation>
    <animation id="rig_jnt_head-anim" name="rig_jnt_head"><animation><source id="rig_jnt_head-Matrix-animation-input"><float_array id="rig_jnt_head-Matrix-animation-input-array" count="25">

0.000000 0.033333 0.066667 0.100000 0.133333 0.166667 0.200000 0.233333 0.266667 0.300000 0.333333 0.366667 0.400000 0.433333 0.466667 0.500000
0.533333 0.566667 0.600000 0.633333 0.666667 0.700000 0.733333 0.766667 0.800000</float_array><technique_common><accessor source="#rig_jnt_head-Matrix-animation-input-array" count="25"><param name="TIME" type="float"/></accessor></technique_common></source><source id="rig_jnt_head-Matrix-animation-output-transform"><float_array id="rig_jnt_head-Matrix-animation-output-transform-array" count="400">

-0.009006 -0.130251 -0.991440 0.000000 -0.001024 0.991481 -0.130247 0.296642 0.999959 -0.000158 -0.009063 -0.000000 0.000000 0.000000 0.000000 1.000000
-0.009013 -0.125890 -0.992003 -0.000000 -0.000964 0.992044 -0.125886 0.296642 0.999959 -0.000178 -0.009062 -0.000000 0.000000 0.000000 0.000000 1.000000
-0.009029 -0.068164 -0.997633 0.000000 -0.000801 0.997674 -0.068159 0.296642 0.999959 0.000183 -0.009062 -0.000000 0.000000 0.000000 0.000000 1.000000
-0.009047 0.033212 -0.999407 0.000000 -0.000553 0.999448 0.033219 0.296642 0.999959 0.000853 -0.009024 -0.000000 0.000000 0.000000 0.000000 1.000000
-0.009061 0.107254 -0.994190 -0.000000 -0.000241 0.994231 0.107260 0.296642 0.999959 0.001212 -0.008983 0.000000 0.000000 0.000000 0.000000 1.000000
-0.009063 0.126022 -0.991986 -0.000000 0.000113 0.992027 0.126026 0.296642 0.999959 0.001030 -0.009005 0.000000 0.000000 0.000000 0.000000 1.000000
-0.009051 0.126719 -0.991897 -0.000000 0.000487 0.991938 0.126720 0.296642 0.999959 0.000663 -0.009040 -0.000000 0.000000 0.000000 0.000000 1.000000
-0.009023 0.136467 -0.990604 0.000000 0.000861 0.990645 0.136464 0.296642 0.999959 0.000378 -0.009056 -0.000000 0.000000 0.000000 0.000000 1.000000
-0.008983 0.158852 -0.987262 -0.000000 0.001213 0.987302 0.158847 0.296642 0.999959 0.000230 -0.009061 0.000000 0.000000 0.000000 0.000000 1.000000
-0.008936 0.178285 -0.983938 0.000000 0.001521 0.983979 0.178278 0.296642 0.999959 0.000097 -0.009064 -0.000000 0.000000 0.000000 0.000000 1.000000
-0.008890 0.193064 -0.981146 0.000000 0.001766 0.981186 0.193056 0.296642 0.999959 -0.000016 -0.009064 -0.000000 0.000000 0.000000 0.000000 1.000000
-0.008857 0.201506 -0.979447 0.000000 0.001927 0.979487 0.201496 0.296642 0.999959 -0.000102 -0.009063 0.000000 0.000000 0.000000 0.000000 1.000000
-0.008844 0.201921 -0.979362 0.000000 0.001985 0.979402 0.201912 0.296642 0.999959 -0.000158 -0.009063 -0.000000 0.000000 0.000000 0.000000 1.000000
-0.008857 0.193349 -0.981090 -0.000000 0.001927 0.981130 0.193340 0.296642 0.999959 -0.000178 -0.009062 0.000000 0.000000 0.000000 0.000000 1.000000
-0.008890 0.214570 -0.976668 0.000000 0.001766 0.976709 0.214562 0.296642 0.999959 0.000183 -0.009062 0.000000 0.000000 0.000000 0.000000 1.000000
-0.008936 0.259787 -0.965625 -0.000000 0.001521 0.965666 0.259784 0.296642 0.999959 0.000853 -0.009024 -0.000000 0.000000 0.000000 0.000000 1.000000
-0.008983 0.265039 -0.964196 -0.000000 0.001213 0.964237 0.265039 0.296642 0.999959 0.001211 -0.008983 0.000000 0.000000 0.000000 0.000000 1.000000
-0.009023 0.207548 -0.978183 0.000000 0.000861 0.978224 0.207549 0.296642 0.999959 0.001030 -0.009005 -0.000000 0.000000 0.000000 0.000000 1.000000
-0.009051 0.126715 -0.991898 -0.000000 0.000487 0.991939 0.126716 0.296642 0.999959 0.000663 -0.009040 0.000000 0.000000 0.000000 0.000000 1.000000
-0.009063 0.054150 -0.998492 -0.000000 0.000113 0.998533 0.054151 0.296642 0.999959 0.000378 -0.009056 0.000000 0.000000 0.000000 0.000000 1.000000
-0.009061 -0.001265 -0.999958 -0.000000 -0.000241 0.999999 -0.001263 0.296642 0.999959 0.000230 -0.009061 -0.000000 0.000000 0.000000 0.000000 1.000000
-0.009047 -0.050327 -0.998692 0.000000 -0.000553 0.998733 -0.050324 0.296642 0.999959 0.000097 -0.009064 0.000000 0.000000 0.000000 0.000000 1.000000
-0.009029 -0.090069 -0.995895 0.000000 -0.000801 0.995935 -0.090066 0.296642 0.999959 -0.000016 -0.009064 -0.000000 0.000000 0.000000 0.000000 1.000000
-0.009013 -0.117640 -0.993015 -0.000000 -0.000964 0.993056 -0.117636 0.296642 0.999959 -0.000103 -0.009063 -0.000000 0.000000 0.000000 0.000000 1.000000
-0.009006 -0.130259 -0.991439 0.000000 -0.001024 0.991480 -0.130255 0.296642 0.999959 -0.000158 -0.009063 -0.000000 0.000000 0.000000 0.000000 1.000000</float_array><technique_common><accessor source="#rig_jnt_head-Matrix-animation-output-transform-array" count="25" stride="16"><param type="float4x4"/></accessor></technique_common></source><source id="rig_jnt_head-Interpolations"><Name_array id="rig_jnt_head-Interpolations-array" count="25">
 LINEAR LINEAR LINEAR LINEAR LINEAR LINEAR LINEAR LINEAR LINEAR LINEAR LINEAR
LINEAR LINEAR LINEAR LINEAR LINEAR LINEAR LINEAR LINEAR LINEAR LINEAR LINEAR LINEAR
LINEAR LINEAR</Name_array><technique_common><accessor source="#rig_jnt_head-Interpolations-array" count="25"><param type="name"/></accessor></technique_common></source><sampler id="rig_jnt_head-Matrix-animation-transform"><input semantic="INPUT" source="#rig_jnt_head-Matrix-animation-input"/><input semantic="OUTPUT" source="#rig_jnt_head-Matrix-animation-output-transform"/><input semantic="INTERPOLATION" source="#rig_jnt_head-Interpolations"/></sampler><channel source="#rig_jnt_head-Matrix-animation-transform" target="rig_jnt_head/matrix"/></animation></animation>
    <animation id="master_ctrl-anim" name="master_ctrl"><animation><source id="master_ctrl-Matrix-animation-input"><float_array id="master_ctrl-Matrix-animation-input-array" count="25">

0.000000 0.033333 0.066667 0.100000 0.133333 0.166667 0.200000 0.233333 0.266667 0.300000 0.333333 0.366667 0.400000 0.433333 0.466667 0.500000
0.533333 0.566667 0.600000 0.633333 0.666667 0.700000 0.733333 0.766667 0.800000</float_array><technique_common><accessor source="#master_ctrl-Matrix-animation-input-array" count="25"><param name="TIME" type="float"/></accessor></technique_common></source><source id="master_ctrl-Matrix-animation-output-transform"><float_array id="master_ctrl-Matrix-animation-output-transform-array" count="400">

0.000000 0.000000 1.000000 0.000000 0.000000 1.000000 0.000000 0.000000 -1.000000 0.000000 0.000000 0.000000 0.000000 0.000000 0.000000 1.000000
0.000000 0.000000 1.000000 0.000000 0.000000 1.000000 0.000000 0.000000 -1.000000 0.000000 0.000000 0.000000 0.000000 0.000000 0.000000 1.000000
0.000000 0.000000 1.000000 0.000000 0.000000 1.000000 0.000000 0.000000 -1.000000 0.000000 0.000000 0.000000 0.000000 0.000000 0.000000 1.000000
0.000000 0.000000 1.000000 0.000000 0.000000 1.000000 0.000000 0.000000 -1.000000 0.000000 0.000000 0.000000 0.000000 0.000000 0.000000 1.000000
0.000000 0.000000 1.000000 0.000000 0.000000 1.000000 0.000000 0.000000 -1.000000 0.000000 0.000000 0.000000 0.000000 0.000000 0.000000 1.000000
0.000000 0.000000 1.000000 0.000000 0.000000 1.000000 0.000000 0.000000 -1.000000 0.000000 0.000000 0.000000 0.000000 0.000000 0.000000 1.000000
0.000000 0.000000 1.000000 0.000000 0.000000 1.000000 0.000000 0.000000 -1.000000 0.000000 0.000000 0.000000 0.000000 0.000000 0.000000 1.000000
0.000000 0.000000 1.000000 0.000000 0.000000 1.000000 0.000000 0.000000 -1.000000 0.000000 0.000000 0.000000 0.000000 0.000000 0.000000 1.000000
0.000000 0.000000 1.000000 0.000000 0.000000 1.000000 0.000000 0.000000 -1.000000 0.000000 0.000000 0.000000 0.000000 0.000000 0.000000 1.000000
0.000000 0.000000 1.000000 0.000000 0.000000 1.000000 0.000000 0.000000 -1.000000 0.000000 0.000000 0.000000 0.000000 0.000000 0.000000 1.000000
0.000000 0.000000 1.000000 0.000000 0.000000 1.000000 0.000000 0.000000 -1.000000 0.000000 0.000000 0.000000 0.000000 0.000000 0.000000 1.000000
0.000000 0.000000 1.000000 0.000000 0.000000 1.000000 0.000000 0.000000 -1.000000 0.000000 0.000000 0.000000 0.000000 0.000000 0.000000 1.000000
0.000000 0.000000 1.000000 0.000000 0.000000 1.000000 0.000000 0.000000 -1.000000 0.000000 0.000000 0.000000 0.000000 0.000000 0.000000 1.000000
0.000000 0.000000 1.000000 0.000000 0.000000 1.000000 0.000000 0.000000 -1.000000 0.000000 0.000000 0.000000 0.000000 0.000000 0.000000 1.000000
0.000000 0.000000 1.000000 0.000000 0.000000 1.000000 0.000000 0.000000 -1.000000 0.000000 0.000000 0.000000 0.000000 0.000000 0.000000 1.000000
0.000000 0.000000 1.000000 0.000000 0.000000 1.000000 0.000000 0.000000 -1.000000 0.000000 0.000000 0.000000 0.000000 0.000000 0.000000 1.000000
0.000000 0.000000 1.000000 0.000000 0.000000 1.000000 0.000000 0.000000 -1.000000 0.000000 0.000000 0.000000 0.000000 0.000000 0.000000 1.000000
0.000000 0.000000 1.000000 0.000000 0.000000 1.000000 0.000000 0.000000 -1.000000 0.000000 0.000000 0.000000 0.000000 0.000000 0.000000 1.000000
0.000000 0.000000 1.000000 0.000000 0.000000 1.000000 0.000000 0.000000 -1.000000 0.000000 0.000000 0.000000 0.000000 0.000000 0.000000 1.000000
0.000000 0.000000 1.000000 0.000000 0.000000 1.000000 0.000000 0.000000 -1.000000 0.000000 0.000000 0.000000 0.000000 0.000000 0.000000 1.000000
0.000000 0.000000 1.000000 0.000000 0.000000 1.000000 0.000000 0.000000 -1.000000 0.000000 0.000000 0.000000 0.000000 0.000000 0.000000 1.000000
0.000000 0.000000 1.000000 0.000000 0.000000 1.000000 0.000000 0.000000 -1.000000 0.000000 0.000000 0.000000 0.000000 0.000000 0.000000 1.000000
0.000000 0.000000 1.000000 0.000000 0.000000 1.000000 0.000000 0.000000 -1.000000 0.000000 0.000000 0.000000 0.000000 0.000000 0.000000 1.000000
0.000000 0.000000 1.000000 0.000000 0.000000 1.000000 0.000000 0.000000 -1.000000 0.000000 0.000000 0.000000 0.000000 0.000000 0.000000 1.000000
0.000000 0.000000 1.000000 0.000000 0.000000 1.000000 0.000000 0.000000 -1.000000 0.000000 0.000000 0.000000 0.000000 0.000000 0.000000 1.000000</float_array><technique_common><accessor source="#master_ctrl-Matrix-animation-output-transform-array" count="25" stride="16"><param type="float4x4"/></accessor></technique_common></source><source id="master_ctrl-Interpolations"><Name_array id="master_ctrl-Interpolations-array" count="25">
 LINEAR LINEAR LINEAR LINEAR LINEAR LINEAR LINEAR LINEAR LINEAR LINEAR LINEAR
LINEAR LINEAR LINEAR LINEAR LINEAR LINEAR LINEAR LINEAR LINEAR LINEAR LINEAR LINEAR
LINEAR LINEAR</Name_array><technique_common><accessor source="#master_ctrl-Interpolations-array" count="25"><param type="name"/></accessor></technique_common></source><sampler id="master_ctrl-Matrix-animation-transform"><input semantic="INPUT" source="#master_ctrl-Matrix-animation-input"/><input semantic="OUTPUT" source="#master_ctrl-Matrix-animation-output-transform"/><input semantic="INTERPOLATION" source="#master_ctrl-Interpolations"/></sampler><channel source="#master_ctrl-Matrix-animation-transform" target="master_ctrl/matrix"/></animation><animation><source id="master_ctrl-visibility-animation-input"><float_array id="master_ctrl-visibility-animation-input-array" count="25">

0.000000 0.033333 0.066667 0.100000 0.133333 0.166667 0.200000 0.233333 0.266667 0.300000 0.333333 0.366667 0.400000 0.433333 0.466667 0.500000
0.533333 0.566667 0.600000 0.633333 0.666667 0.700000 0.733333 0.766667 0.800000</float_array><technique_common><accessor source="#master_ctrl-visibility-animation-input-array" count="25"><param name="TIME" type="float"/></accessor></technique_common></source><source id="master_ctrl-visibility-animation-output"><float_array id="master_ctrl-visibility-animation-output-array" count="25">

1.000000 1.000000 1.000000 1.000000 1.000000 1.000000 1.000000 1.000000 1.000000 1.000000 1.000000 1.000000 1.000000 1.000000 1.000000 1.000000
1.000000 1.000000 1.000000 1.000000 1.000000 1.000000 1.000000 1.000000 1.000000</float_array><technique_common><accessor source="#master_ctrl-visibility-animation-output-array" count="25"><param type="float"/></accessor></technique_common></source><source id="master_ctrl-visibility-animation-intan"><float_array id="master_ctrl-visibility-animation-intan-array" count="25">

0.000000 -0.000000 -0.000000 -0.000000 -0.000000 -0.000000 -0.000000 -0.000000 -0.000000 -0.000000 -0.000000 -0.000000 -0.000000 -0.000000 -0.000000 -0.000000
-0.000000 -0.000000 -0.000000 -0.000000 -0.000000 -0.000000 -0.000000 -0.000000 -0.000000</float_array><technique_common><accessor source="#master_ctrl-visibility-animation-intan-array" count="25"><param type="float"/></accessor></technique_common></source><source id="master_ctrl-visibility-animation-outtan"><float_array id="master_ctrl-visibility-animation-outtan-array" count="25">

0.000000 0.000000 0.000000 0.000000 0.000000 0.000000 0.000000 0.000000 0.000000 0.000000 0.000000 0.000000 0.000000 0.000000 0.000000 0.000000
0.000000 0.000000 0.000000 0.000000 0.000000 0.000000 0.000000 0.000000 0.000000</float_array><technique_common><accessor source="#master_ctrl-visibility-animation-outtan-array" count="25"><param type="float"/></accessor></technique_common></source><source id="master_ctrl-visibility-animation-interpolation"><Name_array id="master_ctrl-visibility-animation-interpolation-array" count="25">
 BEZIER BEZIER BEZIER BEZIER BEZIER BEZIER BEZIER BEZIER BEZIER BEZIER BEZIER
BEZIER BEZIER BEZIER BEZIER BEZIER BEZIER BEZIER BEZIER BEZIER BEZIER BEZIER BEZIER
BEZIER BEZIER</Name_array><technique_common><accessor source="#master_ctrl-visibility-animation-interpolation-array" count="25"><param type="name"/></accessor></technique_common></source><sampler id="master_ctrl-visibility-animation"><input semantic="INPUT" source="#master_ctrl-visibility-animation-input"/><input semantic="OUTPUT" source="#master_ctrl-visibility-animation-output"/><input semantic="IN_TANGENT" source="#master_ctrl-visibility-animation-intan"/><input semantic="OUT_TANGENT" source="#master_ctrl-visibility-animation-outtan"/><input semantic="INTERPOLATION" source="#master_ctrl-visibility-animation-interpolation"/></sampler><channel source="#master_ctrl-visibility-animation" target="master_ctrl/visibility"/></animation></animation>
    <animation id="rig_ctrl-anim" name="rig_ctrl"></animation>
    <animation id="head_grp-anim" name="head_grp"><animation><source id="head_grp-Matrix-animation-input"><float_array id="head_grp-Matrix-animation-input-array" count="25">

0.000000 0.033333 0.066667 0.100000 0.133333 0.166667 0.200000 0.233333 0.266667 0.300000 0.333333 0.366667 0.400000 0.433333 0.466667 0.500000
0.533333 0.566667 0.600000 0.633333 0.666667 0.700000 0.733333 0.766667 0.800000</float_array><technique_common><accessor source="#head_grp-Matrix-animation-input-array" count="25"><param name="TIME" type="float"/></accessor></technique_common></source><source id="head_grp-Matrix-animation-output-transform"><float_array id="head_grp-Matrix-animation-output-transform-array" count="400">

0.995743 0.089787 -0.020841 0.111096 -0.088698 0.994885 0.048329 2.351357 0.025074 -0.046275 0.998614 -0.479505 0.000000 0.000000 0.000000 1.000000
0.995748 0.089818 -0.020445 0.111096 -0.088844 0.995055 0.044418 2.385533 0.024333 -0.042413 0.998804 -0.454755 0.000000 0.000000 0.000000 1.000000
0.995763 0.090689 -0.015208 0.111096 -0.089215 0.992859 0.079194 2.471005 0.022281 -0.077502 0.996743 -0.387002 0.000000 0.000000 0.000000 1.000000
0.995786 0.091516 -0.005973 0.111096 -0.089685 0.985338 0.145142 2.581840 0.019168 -0.143994 0.989393 -0.285961 0.000000 0.000000 0.000000 1.000000
0.995814 0.091400 0.000785 0.111096 -0.090123 0.980390 0.175250 2.691998 0.015249 -0.174587 0.984524 -0.161400 0.000000 0.000000 0.000000 1.000000
0.995846 0.091020 0.002465 0.111096 -0.090412 0.985266 0.145175 2.775696 0.010786 -0.144795 0.989403 -0.023206 0.000000 0.000000 0.000000 1.000000
0.995880 0.090647 0.002493 0.111096 -0.090479 0.991449 0.094032 2.807675 0.006052 -0.093870 0.995566 0.118614 0.000000 0.000000 0.000000 1.000000
0.995914 0.090245 0.003361 0.111096 -0.090298 0.994571 0.051722 2.701790 0.001325 -0.051814 0.998656 0.253988 0.000000 0.000000 0.000000 1.000000
0.995946 0.089794 0.005386 0.111096 -0.089901 0.995637 0.024994 2.470545 -0.003119 -0.025377 0.999673 0.372868 0.000000 0.000000 0.000000 1.000000
0.995974 0.089360 0.007147 0.111096 -0.089371 0.995998 0.001198 2.237650 -0.007011 -0.001832 0.999974 0.465317 0.000000 0.000000 0.000000 1.000000
0.995996 0.088995 0.008487 0.111096 -0.088826 0.995876 -0.018469 2.127332 -0.010096 0.017641 0.999793 0.521552 0.000000 0.000000 0.000000 1.000000
0.996011 0.088754 0.009253 0.111096 -0.088408 0.995543 -0.032825 2.208545 -0.012125 0.031876 0.999418 0.541128 0.000000 0.000000 0.000000 1.000000
0.996016 0.088691 0.009292 0.111096 -0.088245 0.995267 -0.040693 2.334419 -0.012857 0.039711 0.999128 0.529405 0.000000 0.000000 0.000000 1.000000
0.996011 0.088828 0.008514 0.111096 -0.088408 0.995236 -0.041107 2.425980 -0.012125 0.040190 0.999118 0.486480 0.000000 0.000000 0.000000 1.000000
0.995996 0.088787 0.010440 0.111096 -0.088826 0.996041 0.003411 2.529159 -0.010096 -0.004324 0.999940 0.416875 0.000000 0.000000 0.000000 1.000000
0.995974 0.088452 0.014580 0.111096 -0.089371 0.992422 0.084325 2.631416 -0.007011 -0.085288 0.996332 0.326164 0.000000 0.000000 0.000000 1.000000
0.995946 0.088679 0.015098 0.111096 -0.089901 0.987046 0.132880 2.720102 -0.003119 -0.133699 0.991017 0.219966 0.000000 0.000000 0.000000 1.000000
0.995914 0.089768 0.009860 0.111096 -0.090298 0.988251 0.123310 2.782817 0.001325 -0.123697 0.992319 0.104035 0.000000 0.000000 0.000000 1.000000
0.995880 0.090647 0.002493 0.111096 -0.090479 0.991450 0.094028 2.807675 0.006052 -0.093866 0.995566 -0.015717 0.000000 0.000000 0.000000 1.000000
0.995846 0.090961 -0.004106 0.111096 -0.090412 0.993171 0.073738 2.706015 0.010786 -0.073060 0.997269 -0.133270 0.000000 0.000000 0.000000 1.000000
0.995814 0.090946 -0.009138 0.111096 -0.090123 0.993618 0.067827 2.478747 0.015249 -0.066720 0.997655 -0.242580 0.000000 0.000000 0.000000 1.000000
0.995786 0.090698 -0.013591 0.111096 -0.089685 0.994014 0.062386 2.249341 0.019168 -0.060904 0.997960 -0.337665 0.000000 0.000000 0.000000 1.000000
0.995763 0.090333 -0.017197 0.111096 -0.089215 0.994360 0.057358 2.141791 0.022281 -0.055581 0.998206 -0.412666 0.000000 0.000000 0.000000 1.000000
0.995748 0.089985 -0.019698 0.111096 -0.088844 0.994651 0.052687 2.245248 0.024333 -0.050713 0.998417 -0.461842 0.000000 0.000000 0.000000 1.000000
0.995743 0.089787 -0.020842 0.111096 -0.088698 0.994886 0.048321 2.351357 0.025074 -0.046267 0.998614 -0.479505 0.000000 0.000000 0.000000 1.000000</float_array><technique_common><accessor source="#head_grp-Matrix-animation-output-transform-array" count="25" stride="16"><param type="float4x4"/></accessor></technique_common></source><source id="head_grp-Interpolations"><Name_array id="head_grp-Interpolations-array" count="25">
 LINEAR LINEAR LINEAR LINEAR LINEAR LINEAR LINEAR LINEAR LINEAR LINEAR LINEAR
LINEAR LINEAR LINEAR LINEAR LINEAR LINEAR LINEAR LINEAR LINEAR LINEAR LINEAR LINEAR
LINEAR LINEAR</Name_array><technique_common><accessor source="#head_grp-Interpolations-array" count="25"><param type="name"/></accessor></technique_common></source><sampler id="head_grp-Matrix-animation-transform"><input semantic="INPUT" source="#head_grp-Matrix-animation-input"/><input semantic="OUTPUT" source="#head_grp-Matrix-animation-output-transform"/><input semantic="INTERPOLATION" source="#head_grp-Interpolations"/></sampler><channel source="#head_grp-Matrix-animation-transform" target="head_grp/matrix"/></animation></animation>
    <animation id="rig_cable1_jnt-anim" name="rig_cable1_jnt"><animation><source id="rig_cable1_jnt-Matrix-animation-input"><float_array id="rig_cable1_jnt-Matrix-animation-input-array" count="25">

0.000000 0.033333 0.066667 0.100000 0.133333 0.166667 0.200000 0.233333 0.266667 0.300000 0.333333 0.366667 0.400000 0.433333 0.466667 0.500000
0.533333 0.566667 0.600000 0.633333 0.666667 0.700000 0.733333 0.766667 0.800000</float_array><technique_common><accessor source="#rig_cable1_jnt-Matrix-animation-input-array" count="25"><param name="TIME" type="float"/></accessor></technique_common></source><source id="rig_cable1_jnt-Matrix-animation-output-transform"><float_array id="rig_cable1_jnt-Matrix-animation-output-transform-array" count="400">

0.998909 0.045961 -0.008236 -0.000000 -0.046663 0.976261 -0.211512 1.799380 -0.001681 0.211666 0.977341 -0.021043 0.000000 0.000000 0.000000 1.000000
0.999770 0.021219 -0.003086 0.000000 -0.021357 0.972614 -0.231445 1.799380 -0.001909 0.231457 0.972843 -0.021043 0.000000 0.000000 0.000000 1.000000
0.999674 -0.024351 0.007619 -0.000000 0.025475 0.969309 -0.244521 1.799380 -0.001431 0.244636 0.969614 -0.021043 0.000000 0.000000 0.000000 1.000000
0.998679 -0.049511 0.013719 -0.000000 0.051369 0.966804 -0.250304 1.799380 -0.000871 0.250678 0.968070 -0.021043 0.000000 0.000000 0.000000 1.000000
0.998748 -0.048388 0.012690 0.000000 0.050022 0.968221 -0.245043 1.799380 -0.000429 0.245371 0.969429 -0.021043 0.000000 0.000000 0.000000 1.000000
0.999031 -0.042911 0.009755 0.000000 0.044005 0.973059 -0.226317 1.799380 0.000219 0.226527 0.974005 -0.021043 0.000000 0.000000 0.000000 1.000000
0.999400 -0.034154 0.005754 0.000000 0.034619 0.979897 -0.196475 1.799380 0.001072 0.196557 0.980492 -0.021043 0.000000 0.000000 0.000000 1.000000
0.999731 -0.023152 0.001548 0.000000 0.023106 0.987187 -0.157888 1.799380 0.002128 0.157881 0.987456 -0.021043 0.000000 0.000000 0.000000 1.000000
0.999938 -0.010891 -0.002124 -0.000000 0.010581 0.993533 -0.113053 1.799380 0.003341 0.113024 0.993587 -0.021043 0.000000 0.000000 0.000000 1.000000
0.999988 0.001446 -0.004758 -0.000000 -0.001751 0.997907 -0.064638 1.799380 0.004655 0.064645 0.997897 -0.021043 0.000000 0.000000 0.000000 1.000000
0.999904 0.012439 -0.006175 0.000000 -0.012533 0.999802 -0.015448 1.799380 0.005981 0.015524 0.999862 -0.021043 0.000000 0.000000 0.000000 1.000000
0.999768 0.020504 -0.006536 0.000000 -0.020288 0.999293 0.031642 1.799380 0.007180 -0.031502 0.999478 -0.021043 0.000000 0.000000 0.000000 1.000000
0.999692 0.023995 -0.006297 0.000000 -0.023465 0.996998 0.073782 1.799380 0.008049 -0.073612 0.997255 -0.021043 0.000000 0.000000 0.000000 1.000000
0.999971 -0.001921 -0.007380 -0.000000 0.002708 0.994128 0.108178 1.799380 0.007129 -0.108194 0.994104 -0.021043 0.000000 0.000000 0.000000 1.000000
0.998667 -0.050419 -0.011050 -0.000000 0.051438 0.989929 0.131888 1.799380 0.004289 -0.132280 0.991203 -0.021043 0.000000 0.000000 0.000000 1.000000
0.997094 -0.075017 -0.013261 0.000000 0.076141 0.986940 0.141958 1.799380 0.002439 -0.142555 0.989784 -0.021043 0.000000 0.000000 0.000000 1.000000
0.999070 -0.042354 -0.008138 0.000000 0.043085 0.988624 0.144104 1.799380 0.001942 -0.144320 0.989529 -0.021043 0.000000 0.000000 0.000000 1.000000
0.999654 0.026173 0.002548 0.000000 -0.026269 0.989457 0.142425 1.799380 0.001206 -0.142442 0.989802 -0.021043 0.000000 0.000000 0.000000 1.000000
0.995443 0.094572 0.012220 0.000000 -0.095357 0.986608 0.132335 1.799380 0.000459 -0.132897 0.991130 -0.021043 0.000000 0.000000 0.000000 1.000000
