<?xml version="1.0" encoding="utf-8"?>
<COLLADA xmlns="http://www.collada.org/2005/11/COLLADASchema" version="1.4.1">
  <asset><contributor><author></author><authoring_tool>FBX COLLADA exporter</authoring_tool><comments></comments></contributor><created>2019-12-02T10:00:24Z</created><keywords></keywords><modified>2019-12-02T10:00:24Z</modified><revision></revision><subject></subject><title></title><unit meter="0.010000" name="centimeter"></unit><up_axis>Y_UP</up_axis></asset>
  <library_animations>
    <animation id="root_jnt-anim" name="root_jnt"><animation><source id="root_jnt-Matrix-animation-input"><float_array id="root_jnt-Matrix-animation-input-array" count="181">

0.000000 0.033333 0.066667 0.100000 0.133333 0.166667 0.200000 0.233333 0.266667 0.300000 0.333333 0.366667 0.400000 0.433333 0.466667 0.500000
0.533333 0.566667 0.600000 0.633333 0.666667 0.700000 0.733333 0.766667 0.800000 0.833333 0.866667 0.900000 0.933333 0.966667 1.000000 1.033333
1.066667 1.100000 1.133333 1.166667 1.200000 1.233333 1.266667 1.300000 1.333333 1.366667 1.400000 1.433333 1.466667 1.500000 1.533333 1.566667
1.600000 1.633333 1.666667 1.700000 1.733333 1.766667 1.800000 1.833333 1.866667 1.900000 1.933333 1.966667 2.000000 2.033333 2.066667 2.100000
2.133333 2.166667 2.200000 2.233333 2.266667 2.300000 2.333333 2.366667 2.400000 2.433333 2.466667 2.500000 2.533333 2.566667 2.600000 2.633333
2.666667 2.700000 2.733333 2.766667 2.800000 2.833333 2.866667 2.900000 2.933333 2.966667 3.000000 3.033333 3.066667 3.100000 3.133333 3.166667
3.200000 3.233333 3.266667 3.300000 3.333333 3.366667 3.400000 3.433333 3.466667 3.500000 3.533333 3.566667 3.600000 3.633333 3.666667 3.700000
3.733333 3.766667 3.800000 3.833333 3.866667 3.900000 3.933333 3.966667 4.000000 4.033333 4.066667 4.100000 4.133333 4.166667 4.200000 4.233333
4.266667 4.300000 4.333333 4.366667 4.400000 4.433333 4.466667 4.500000 4.533333 4.566667 4.600000 4.633333 4.666667 4.700000 4.733333 4.766667
4.800000 4.833333 4.866667 4.900000 4.933333 4.966667 5.000000 5.033333 5.066667 5.100000 5.133333 5.166667 5.200000 5.233333 5.266667 5.300000
5.333333 5.366667 5.400000 5.433333 5.466667 5.500000 5.533333 5.566667 5.600000 5.633333 5.666667 5.700000 5.733333 5.766667 5.800000 5.833333
5.866667 5.900000 5.933333 5.966667 6.000000</float_array><technique_common><accessor source="#root_jnt-Matrix-animation-input-array" count="181"><param name="TIME" type="float"/></accessor></technique_common></source><source id="root_jnt-Matrix-animation-output-transform"><float_array id="root_jnt-Matrix-animation-output-transform-array" count="2896">

0.970911 0.179136 0.158876 0.000000 -0.162692 0.980393 -0.111183 1.982647 -0.175677 0.082101 0.981018 0.000000 0.000000 0.000000 0.000000 1.000000
0.970911 0.179136 0.158876 0.000018 -0.162692 0.980393 -0.111183 1.979531 -0.175677 0.082101 0.981018 0.000000 0.000000 0.000000 0.000000 1.000000
0.970911 0.179136 0.158876 0.000036 -0.162692 0.980393 -0.111183 1.976417 -0.175677 0.082101 0.981018 0.000000 0.000000 0.000000 0.000000 1.000000
0.970911 0.179136 0.158876 0.000054 -0.162692 0.980393 -0.111183 1.973314 -0.175677 0.082101 0.981018 0.000000 0.000000 0.000000 0.000000 1.000000
0.970911 0.179136 0.158876 0.000072 -0.162692 0.980393 -0.111183 1.970230 -0.175677 0.082101 0.981018 0.000000 0.000000 0.000000 0.000000 1.000000
0.970911 0.179136 0.158876 0.000090 -0.162692 0.980393 -0.111183 1.967172 -0.175677 0.082101 0.981018 0.000000 0.000000 0.000000 0.000000 1.000000
0.970911 0.179136 0.158876 0.000108 -0.162692 0.980393 -0.111183 1.964147 -0.175677 0.082101 0.981018 0.000000 0.000000 0.000000 0.000000 1.000000
0.970911 0.179136 0.158876 0.000125 -0.162692 0.980393 -0.111183 1.961165 -0.175677 0.082101 0.981018 0.000000 0.000000 0.000000 0.000000 1.000000
0.970911 0.179136 0.158876 0.000142 -0.162692 0.980393 -0.111183 1.958232 -0.175677 0.082101 0.981018 0.000000 0.000000 0.000000 0.000000 1.000000
0.970911 0.179136 0.158876 0.000159 -0.162692 0.980393 -0.111183 1.955356 -0.175677 0.082101 0.981018 0.000000 0.000000 0.000000 0.000000 1.000000
0.970911 0.179136 0.158876 0.000175 -0.162692 0.980393 -0.111183 1.952546 -0.175677 0.082101 0.981018 0.000000 0.000000 0.000000 0.000000 1.000000
0.970911 0.179136 0.158876 0.000191 -0.162692 0.980393 -0.111183 1.949808 -0.175677 0.082101 0.981018 0.000000 0.000000 0.000000 0.000000 1.000000
0.970911 0.179136 0.158876 0.000206 -0.162692 0.980393 -0.111183 1.947150 -0.175677 0.082101 0.981018 0.000000 0.000000 0.000000 0.000000 1.000000
0.970911 0.179136 0.158876 0.000221 -0.162692 0.980393 -0.111183 1.944582 -0.175677 0.082101 0.981018 0.000000 0.000000 0.000000 0.000000 1.000000
0.970911 0.179136 0.158876 0.000236 -0.162692 0.980393 -0.111183 1.942109 -0.175677 0.082101 0.981018 0.000000 0.000000 0.000000 0.000000 1.000000
0.970911 0.179136 0.158876 0.000249 -0.162692 0.980393 -0.111183 1.939740 -0.175677 0.082101 0.981018 0.000000 0.000000 0.000000 0.000000 1.000000
0.970911 0.179136 0.158876 0.000262 -0.162692 0.980393 -0.111183 1.937483 -0.175677 0.082101 0.981018 0.000000 0.000000 0.000000 0.000000 1.000000
0.970911 0.179136 0.158876 0.000275 -0.162692 0.980393 -0.111183 1.935345 -0.175677 0.082101 0.981018 0.000000 0.000000 0.000000 0.000000 1.000000
0.970911 0.179136 0.158876 0.000287 -0.162692 0.980393 -0.111183 1.933334 -0.175677 0.082101 0.981018 0.000000 0.000000 0.000000 0.000000 1.000000
0.970911 0.179136 0.158876 0.000298 -0.162692 0.980393 -0.111183 1.931459 -0.175677 0.082101 0.981018 0.000000 0.000000 0.000000 0.000000 1.000000
0.970911 0.179136 0.158876 0.000308 -0.162692 0.980393 -0.111183 1.929726 -0.175677 0.082101 0.981018 0.000000 0.000000 0.000000 0.000000 1.000000
0.970911 0.179136 0.158876 0.000317 -0.162692 0.980393 -0.111183 1.928144 -0.175677 0.082101 0.981018 0.000000 0.000000 0.000000 0.000000 1.000000
0.970911 0.179136 0.158876 0.000325 -0.162692 0.980393 -0.111183 1.926720 -0.175677 0.082101 0.981018 0.000000 0.000000 0.000000 0.000000 1.000000
0.970911 0.179136 0.158876 0.000332 -0.162692 0.980393 -0.111183 1.925462 -0.175677 0.082101 0.981018 0.000000 0.000000 0.000000 0.000000 1.000000
0.970911 0.179136 0.158876 0.000339 -0.162692 0.980393 -0.111183 1.924378 -0.175677 0.082101 0.981018 0.000000 0.000000 0.000000 0.000000 1.000000
0.970911 0.179136 0.158876 0.000344 -0.162692 0.980393 -0.111183 1.923475 -0.175677 0.082101 0.981018 0.000000 0.000000 0.000000 0.000000 1.000000
0.970911 0.179136 0.158876 0.000348 -0.162692 0.980393 -0.111183 1.922762 -0.175677 0.082101 0.981018 0.000000 0.000000 0.000000 0.000000 1.000000
0.970911 0.179136 0.158876 0.000351 -0.162692 0.980393 -0.111183 1.922246 -0.175677 0.082101 0.981018 0.000000 0.000000 0.000000 0.000000 1.000000
0.970911 0.179136 0.158876 0.000353 -0.162692 0.980393 -0.111183 1.921934 -0.175677 0.082101 0.981018 0.000000 0.000000 0.000000 0.000000 1.000000
0.970911 0.179136 0.158876 0.000353 -0.162692 0.980393 -0.111183 1.921836 -0.175677 0.082101 0.981018 0.000000 0.000000 0.000000 0.000000 1.000000
0.970911 0.179136 0.158876 0.000353 -0.162692 0.980393 -0.111183 1.921957 -0.175677 0.082101 0.981018 0.000000 0.000000 0.000000 0.000000 1.000000
0.970911 0.179136 0.158876 0.000351 -0.162692 0.980393 -0.111183 1.922307 -0.175677 0.082101 0.981018 0.000000 0.000000 0.000000 0.000000 1.000000
0.970911 0.179136 0.158876 0.000347 -0.162692 0.980393 -0.111183 1.922894 -0.175677 0.082101 0.981018 0.000000 0.000000 0.000000 0.000000 1.000000
0.970911 0.179136 0.158876 0.000342 -0.162692 0.980393 -0.111183 1.923723 -0.175677 0.082101 0.981018 0.000000 0.000000 0.000000 0.000000 1.000000
0.970911 0.179136 0.158876 0.000336 -0.162692 0.980393 -0.111183 1.924804 -0.175677 0.082101 0.981018 0.000000 0.000000 0.000000 0.000000 1.000000
0.970911 0.179136 0.158876 0.000328 -0.162692 0.980393 -0.111183 1.926145 -0.175677 0.082101 0.981018 0.000000 0.000000 0.000000 0.000000 1.000000
0.970911 0.179136 0.158876 0.000319 -0.162692 0.980393 -0.111183 1.927752 -0.175677 0.082101 0.981018 0.000000 0.000000 0.000000 0.000000 1.000000
0.970911 0.179136 0.158876 0.000308 -0.162692 0.980393 -0.111183 1.929635 -0.175677 0.082101 0.981018 0.000000 0.000000 0.000000 0.000000 1.000000
0.970911 0.179136 0.158876 0.000296 -0.162692 0.980393 -0.111183 1.931800 -0.175677 0.082101 0.981018 0.000000 0.000000 0.000000 0.000000 1.000000
0.970911 0.179136 0.158876 0.000281 -0.162692 0.980393 -0.111183 1.934255 -0.175677 0.082101 0.981018 0.000000 0.000000 0.000000 0.000000 1.000000
0.970911 0.179136 0.158876 0.000265 -0.162692 0.980393 -0.111183 1.937008 -0.175677 0.082101 0.981018 0.000000 0.000000 0.000000 0.000000 1.000000
0.970911 0.179136 0.158876 0.000247 -0.162692 0.980393 -0.111183 1.940068 -0.175677 0.082101 0.981018 0.000000 0.000000 0.000000 0.000000 1.000000
0.970911 0.179136 0.158876 0.000228 -0.162692 0.980393 -0.111183 1.943440 -0.175677 0.082101 0.981018 0.000000 0.000000 0.000000 0.000000 1.000000
0.970911 0.179136 0.158876 0.000206 -0.162692 0.980393 -0.111183 1.947135 -0.175677 0.082101 0.981018 0.000000 0.000000 0.000000 0.000000 1.000000
0.970911 0.179136 0.158876 0.000183 -0.162692 0.980393 -0.111183 1.951158 -0.175677 0.082101 0.981018 0.000000 0.000000 0.000000 0.000000 1.000000
0.970911 0.179136 0.158876 0.000158 -0.162692 0.980393 -0.111183 1.955519 -0.175677 0.082101 0.981018 0.000000 0.000000 0.000000 0.000000 1.000000
0.970911 0.179136 0.158876 0.000130 -0.162692 0.980393 -0.111183 1.960224 -0.175677 0.082101 0.981018 0.000000 0.000000 0.000000 0.000000 1.000000
0.970911 0.179136 0.158876 0.000101 -0.162692 0.980393 -0.111183 1.965281 -0.175677 0.082101 0.981018 0.000000 0.000000 0.000000 0.000000 1.000000
0.970911 0.179136 0.158876 0.000069 -0.162692 0.980393 -0.111183 1.970699 -0.175677 0.082101 0.981018 0.000000 0.000000 0.000000 0.000000 1.000000
0.970911 0.179136 0.158876 0.000036 -0.162692 0.980393 -0.111183 1.976485 -0.175677 0.082101 0.981018 0.000000 0.000000 0.000000 0.000000 1.000000
0.970911 0.179136 0.158876 0.000000 -0.162692 0.980393 -0.111183 1.982647 -0.175677 0.082101 0.981018 0.000000 0.000000 0.000000 0.000000 1.000000
0.971539 0.178839 0.155332 -0.000064 -0.162797 0.980442 -0.110589 1.993672 -0.172072 0.082154 0.981653 0.000000 0.000000 0.000000 0.000000 1.000000
0.973283 0.177980 0.145061 -0.000174 -0.163089 0.980586 -0.108868 2.012617 -0.161621 0.082301 0.983415 0.000000 0.000000 0.000000 0.000000 1.000000
0.975847 0.176601 0.128590 -0.000318 -0.163519 0.980817 -0.106108 2.037343 -0.144862 0.082518 0.986005 0.000000 0.000000 0.000000 0.000000 1.000000
0.978843 0.174748 0.106442 -0.000483 -0.164021 0.981128 -0.102397 2.065711 -0.122326 0.082772 0.989032 0.000000 0.000000 0.000000 0.000000 1.000000
0.981832 0.172463 0.079141 -0.000656 -0.164522 0.981511 -0.097822 2.095582 -0.094548 0.083024 0.992052 0.000000 0.000000 0.000000 0.000000 1.000000
0.984347 0.169792 0.047232 -0.000826 -0.164943 0.981958 -0.092475 2.124818 -0.062081 0.083237 0.994594 0.000000 0.000000 0.000000 0.000000 1.000000
0.985929 0.166784 0.011281 -0.000980 -0.165208 0.982462 -0.086451 2.151280 -0.025502 0.083371 0.996192 0.000000 0.000000 0.000000 0.000000 1.000000
0.986145 0.163487 -0.028111 -0.001105 -0.165244 0.983015 -0.079850 2.172830 0.014579 0.083389 0.996410 0.000000 0.000000 0.000000 0.000000 1.000000
0.984617 0.159955 -0.070317 -0.001190 -0.164988 0.983607 -0.072778 2.187328 0.057524 0.083260 0.994866 0.000000 0.000000 0.000000 0.000000 1.000000
0.981039 0.156242 -0.114680 -0.001220 -0.164389 0.984229 -0.065344 2.192636 0.102662 0.082957 0.991251 0.000000 0.000000 0.000000 0.000000 1.000000
0.975195 0.152406 -0.160522 -0.001032 -0.163410 0.984872 -0.057663 2.160161 0.149306 0.082463 0.985346 0.000000 0.000000 0.000000 0.000000 1.000000
0.966972 0.148503 -0.207154 -0.000843 -0.162032 0.985526 -0.049849 2.127687 0.196753 0.081768 0.977038 0.000000 0.000000 0.000000 0.000000 1.000000
0.956365 0.144592 -0.253888 -0.000912 -0.160254 0.986181 -0.042018 2.139477 0.244304 0.080871 0.966321 0.000000 0.000000 0.000000 0.000000 1.000000
0.943485 0.140729 -0.300051 -0.000985 -0.158096 0.986828 -0.034282 2.152043 0.291274 0.079782 0.953307 0.000000 0.000000 0.000000 0.000000 1.000000
0.928556 0.136967 -0.344999 -0.000994 -0.155594 0.987459 -0.026751 2.153631 0.337008 0.078519 0.938222 0.000000 0.000000 0.000000 0.000000 1.000000
0.911906 0.133357 -0.388128 -0.001003 -0.152804 0.988064 -0.019524 2.155272 0.380891 0.077111 0.921399 0.000000 0.000000 0.000000 0.000000 1.000000
0.893964 0.129947 -0.428884 -0.001013 -0.149798 0.988635 -0.012694 2.156929 0.422361 0.075594 0.903270 0.000000 0.000000 0.000000 0.000000 1.000000
0.875243 0.126776 -0.466774 -0.001022 -0.146661 0.989166 -0.006345 2.158566 0.460913 0.074011 0.884354 0.000000 0.000000 0.000000 0.000000 1.000000
0.856323 0.123881 -0.501363 -0.001032 -0.143491 0.989652 -0.000549 2.160147 0.496106 0.072411 0.865237 0.000000 0.000000 0.000000 0.000000 1.000000
0.837837 0.121294 -0.532275 -0.001040 -0.140393 0.990085 0.004631 2.161634 0.527559 0.070848 0.846559 0.000000 0.000000 0.000000 0.000000 1.000000
0.820450 0.119042 -0.559187 -0.001048 -0.137480 0.990462 0.009140 2.162992 0.554942 0.069378 0.828991 0.000000 0.000000 0.000000 0.000000 1.000000
0.804838 0.117148 -0.581818 -0.001055 -0.134864 0.990780 0.012932 2.164185 0.577968 0.068058 0.813216 0.000000 0.000000 0.000000 0.000000 1.000000
0.791669 0.115634 -0.599908 -0.001061 -0.132657 0.991033 0.015964 2.165176 0.596375 0.066944 0.799910 0.000000 0.000000 0.000000 0.000000 1.000000
0.781580 0.114521 -0.613202 -0.001065 -0.130966 0.991220 0.018191 2.165929 0.609902 0.066091 0.789716 0.000000 0.000000 0.000000 0.000000 1.000000
0.775161 0.113833 -0.621424 -0.001068 -0.129891 0.991335 0.019569 2.166407 0.618267 0.065548 0.783230 0.000000 0.000000 0.000000 0.000000 1.000000
0.772923 0.113597 -0.624248 -0.001069 -0.129516 0.991375 0.020042 2.166574 0.621141 0.065359 0.780969 0.000000 0.000000 0.000000 0.000000 1.000000
0.808790 0.117616 -0.576216 -0.001074 -0.135526 0.990701 0.011994 2.167407 0.572268 0.068392 0.817210 0.000000 0.000000 0.000000 0.000000 1.000000
0.841656 0.121811 -0.526096 -0.001088 -0.141033 0.989998 0.003595 2.169775 0.521272 0.071171 0.850417 0.000000 0.000000 0.000000 0.000000 1.000000
0.829592 0.120206 -0.545278 -0.001109 -0.139011 0.990267 0.006809 2.173489 0.540789 0.070151 0.838228 0.000000 0.000000 0.000000 0.000000 1.000000
0.817088 0.118624 -0.564177 -0.001137 -0.136916 0.990532 0.009976 2.178355 0.560019 0.069093 0.825594 0.000000 0.000000 0.000000 0.000000 1.000000
0.817088 0.118624 -0.564177 -0.001171 -0.136916 0.990532 0.009976 2.184183 0.560019 0.069093 0.825594 0.000000 0.000000 0.000000 0.000000 1.000000
0.817088 0.118624 -0.564177 -0.001210 -0.136916 0.990532 0.009976 2.190779 0.560019 0.069093 0.825594 0.000000 0.000000 0.000000 0.000000 1.000000
0.817088 0.118624 -0.564177 -0.001251 -0.136916 0.990532 0.009976 2.197953 0.560019 0.069093 0.825594 0.000000 0.000000 0.000000 0.000000 1.000000
0.817088 0.118624 -0.564177 -0.001295 -0.136916 0.990532 0.009976 2.205512 0.560019 0.069093 0.825594 0.000000 0.000000 0.000000 0.000000 1.000000
0.817088 0.118624 -0.564177 -0.001340 -0.136916 0.990532 0.009976 2.213264 0.560019 0.069093 0.825594 0.000000 0.000000 0.000000 0.000000 1.000000
0.817088 0.118624 -0.564177 -0.001385 -0.136916 0.990532 0.009976 2.221019 0.560019 0.069093 0.825594 0.000000 0.000000 0.000000 0.000000 1.000000
0.817088 0.118624 -0.564177 -0.001429 -0.136916 0.990532 0.009976 2.228582 0.560019 0.069093 0.825594 0.000000 0.000000 0.000000 0.000000 1.000000
0.817088 0.118624 -0.564177 -0.001471 -0.136916 0.990532 0.009976 2.235764 0.560019 0.069093 0.825594 0.000000 0.000000 0.000000 0.000000 1.000000
0.817088 0.118624 -0.564177 -0.001510 -0.136916 0.990532 0.009976 2.242372 0.560019 0.069093 0.825594 0.000000 0.000000 0.000000 0.000000 1.000000
0.817088 0.118624 -0.564177 -0.001543 -0.136916 0.990532 0.009976 2.248214 0.560019 0.069093 0.825594 0.000000 0.000000 0.000000 0.000000 1.000000
0.817088 0.118624 -0.564177 -0.001572 -0.136916 0.990532 0.009976 2.253098 0.560019 0.069093 0.825594 0.000000 0.000000 0.000000 0.000000 1.000000
0.817088 0.118624 -0.564177 -0.001594 -0.136916 0.990532 0.009976 2.256833 0.560019 0.069093 0.825594 0.000000 0.000000 0.000000 0.000000 1.000000
0.817088 0.118624 -0.564177 -0.001607 -0.136916 0.990532 0.009976 2.259226 0.560019 0.069093 0.825594 0.000000 0.000000 0.000000 0.000000 1.000000
0.817088 0.118624 -0.564177 -0.001612 -0.136916 0.990532 0.009976 2.260086 0.560019 0.069093 0.825594 0.000000 0.000000 0.000000 0.000000 1.000000
0.817088 0.118624 -0.564177 -0.001613 -0.136916 0.990532 0.009976 2.260092 0.560019 0.069093 0.825594 0.000000 0.000000 0.000000 0.000000 1.000000
0.817088 0.118624 -0.564177 -0.001612 -0.136916 0.990532 0.009976 2.260045 0.560019 0.069093 0.825594 0.000000 0.000000 0.000000 0.000000 1.000000
0.817088 0.118624 -0.564177 -0.001612 -0.136916 0.990532 0.009976 2.259934 0.560019 0.069093 0.825594 0.000000 0.000000 0.000000 0.000000 1.000000
0.817088 0.118624 -0.564177 -0.001611 -0.136916 0.990532 0.009976 2.259749 0.560019 0.069093 0.825594 0.000000 0.000000 0.000000 0.000000 1.000000
0.817088 0.118624 -0.564177 -0.001609 -0.136916 0.990532 0.009976 2.259479 0.560019 0.069093 0.825594 0.000000 0.000000 0.000000 0.000000 1.000000
0.817088 0.118624 -0.564177 -0.001607 -0.136916 0.990532 0.009976 2.259115 0.560019 0.069093 0.825594 0.000000 0.000000 0.000000 0.000000 1.000000
0.817088 0.118624 -0.564177 -0.001604 -0.136916 0.990532 0.009976 2.258645 0.560019 0.069093 0.825594 0.000000 0.000000 0.000000 0.000000 1.000000
0.817088 0.118624 -0.564177 -0.001601 -0.136916 0.990532 0.009976 2.258059 0.560019 0.069093 0.825594 0.000000 0.000000 0.000000 0.000000 1.000000
0.817088 0.118624 -0.564177 -0.001597 -0.136916 0.990532 0.009976 2.257346 0.560019 0.069093 0.825594 0.000000 0.000000 0.000000 0.000000 1.000000
0.817088 0.118624 -0.564177 -0.001592 -0.136916 0.990532 0.009976 2.256496 0.560019 0.069093 0.825594 0.000000 0.000000 0.000000 0.000000 1.000000
0.817088 0.118624 -0.564177 -0.001586 -0.136916 0.990532 0.009976 2.255499 0.560019 0.069093 0.825594 0.000000 0.000000 0.000000 0.000000 1.000000
0.817088 0.118624 -0.564177 -0.001579 -0.136916 0.990532 0.009976 2.254344 0.560019 0.069093 0.825594 0.000000 0.000000 0.000000 0.000000 1.000000
0.817088 0.118624 -0.564177 -0.001571 -0.136916 0.990532 0.009976 2.253021 0.560019 0.069093 0.825594 0.000000 0.000000 0.000000 0.000000 1.000000
0.817088 0.118624 -0.564177 -0.001563 -0.136916 0.990532 0.009976 2.251519 0.560019 0.069093 0.825594 0.000000 0.000000 0.000000 0.000000 1.000000
0.817088 0.118624 -0.564177 -0.001553 -0.136916 0.990532 0.009976 2.249828 0.560019 0.069093 0.825594 0.000000 0.000000 0.000000 0.000000 1.000000
0.817088 0.118624 -0.564177 -0.001542 -0.136916 0.990532 0.009976 2.247937 0.560019 0.069093 0.825594 0.000000 0.000000 0.000000 0.000000 1.000000
0.817088 0.118624 -0.564177 -0.001530 -0.136916 0.990532 0.009976 2.245835 0.560019 0.069093 0.825594 0.000000 0.000000 0.000000 0.000000 1.000000
0.817088 0.118624 -0.564177 -0.001516 -0.136916 0.990532 0.009976 2.243513 0.560019 0.069093 0.825594 0.000000 0.000000 0.000000 0.000000 1.000000
0.817088 0.118624 -0.564177 -0.001501 -0.136916 0.990532 0.009976 2.240960 0.560019 0.069093 0.825594 0.000000 0.000000 0.000000 0.000000 1.000000
0.817088 0.118624 -0.564177 -0.001485 -0.136916 0.990532 0.009976 2.238165 0.560019 0.069093 0.825594 0.000000 0.000000 0.000000 0.000000 1.000000
0.817088 0.118624 -0.564177 -0.001467 -0.136916 0.990532 0.009976 2.235118 0.560019 0.069093 0.825594 0.000000 0.000000 0.000000 0.000000 1.000000
0.817088 0.118624 -0.564177 -0.001448 -0.136916 0.990532 0.009976 2.231809 0.560019 0.069093 0.825594 0.000000 0.000000 0.000000 0.000000 1.000000
0.817088 0.118624 -0.564177 -0.001427 -0.136916 0.990532 0.009976 2.228226 0.560019 0.069093 0.825594 0.000000 0.000000 0.000000 0.000000 1.000000
0.817088 0.118624 -0.564177 -0.001405 -0.136916 0.990532 0.009976 2.224360 0.560019 0.069093 0.825594 0.000000 0.000000 0.000000 0.000000 1.000000
0.817088 0.118624 -0.564177 -0.001381 -0.136916 0.990532 0.009976 2.220200 0.560019 0.069093 0.825594 0.000000 0.000000 0.000000 0.000000 1.000000
0.817088 0.118624 -0.564177 -0.001355 -0.136916 0.990532 0.009976 2.215736 0.560019 0.069093 0.825594 0.000000 0.000000 0.000000 0.000000 1.000000
0.817088 0.118624 -0.564177 -0.001327 -0.136916 0.990532 0.009976 2.210956 0.560019 0.069093 0.825594 0.000000 0.000000 0.000000 0.000000 1.000000
0.817088 0.118624 -0.564177 -0.001297 -0.136916 0.990532 0.009976 2.205852 0.560019 0.069093 0.825594 0.000000 0.000000 0.000000 0.000000 1.000000
0.817088 0.118624 -0.564177 -0.001266 -0.136916 0.990532 0.009976 2.200411 0.560019 0.069093 0.825594 0.000000 0.000000 0.000000 0.000000 1.000000
0.817088 0.118624 -0.564177 -0.001232 -0.136916 0.990532 0.009976 2.194624 0.560019 0.069093 0.825594 0.000000 0.000000 0.000000 0.000000 1.000000
0.817088 0.118624 -0.564177 -0.001196 -0.136916 0.990532 0.009976 2.188480 0.560019 0.069093 0.825594 0.000000 0.000000 0.000000 0.000000 1.000000
0.817088 0.118624 -0.564177 -0.001158 -0.136916 0.990532 0.009976 2.181969 0.560019 0.069093 0.825594 0.000000 0.000000 0.000000 0.000000 1.000000
0.817088 0.118624 -0.564177 -0.001118 -0.136916 0.990532 0.009976 2.175080 0.560019 0.069093 0.825594 0.000000 0.000000 0.000000 0.000000 1.000000
0.817088 0.118624 -0.564177 -0.001076 -0.136916 0.990532 0.009976 2.167803 0.560019 0.069093 0.825594 0.000000 0.000000 0.000000 0.000000 1.000000
0.817088 0.118624 -0.564177 -0.001032 -0.136916 0.990532 0.009976 2.160128 0.560019 0.069093 0.825594 0.000000 0.000000 0.000000 0.000000 1.000000
0.817088 0.118624 -0.564177 -0.000985 -0.136916 0.990532 0.009976 2.152043 0.560019 0.069093 0.825594 0.000000 0.000000 0.000000 0.000000 1.000000
0.829975 0.120255 -0.544684 -0.000914 -0.139076 0.990259 0.006710 2.139854 0.540185 0.070183 0.838615 0.000000 0.000000 0.000000 0.000000 1.000000
0.862573 0.124807 -0.490297 -0.000805 -0.144538 0.989496 -0.002404 2.121106 0.484847 0.072940 0.871552 0.000000 0.000000 0.000000 0.000000 1.000000
0.904045 0.131811 -0.406605 -0.000668 -0.151487 0.988323 -0.016427 2.097646 0.399692 0.076447 0.913456 0.000000 0.000000 0.000000 0.000000 1.000000
0.943412 0.140708 -0.300292 -0.000515 -0.158084 0.986832 -0.034242 2.071320 0.291520 0.079775 0.953232 0.000000 0.000000 0.000000 0.000000 1.000000
0.971988 0.150749 -0.180319 -0.000356 -0.162872 0.985149 -0.054345 2.043977 0.169449 0.082192 0.982106 0.000000 0.000000 0.000000 0.000000 1.000000
0.985263 0.161009 -0.057724 -0.000202 -0.165097 0.983430 -0.074888 2.017462 0.044710 0.083315 0.995520 0.000000 0.000000 0.000000 0.000000 1.000000
0.983790 0.170492 0.055586 -0.000064 -0.164850 0.981841 -0.093875 1.993624 -0.070582 0.083190 0.994031 0.000000 0.000000 0.000000 0.000000 1.000000
0.972750 0.178249 0.148275 0.000048 -0.163000 0.980541 -0.109406 1.974310 -0.164891 0.082256 0.982876 0.000000 0.000000 0.000000 0.000000 1.000000
0.960252 0.183447 0.210389 0.000124 -0.160906 0.979670 -0.119815 1.961367 -0.228091 0.081200 0.970248 0.000000 0.000000 0.000000 0.000000 1.000000
0.954639 0.185344 0.233051 0.000151 -0.159965 0.979352 -0.123612 1.956642 -0.251150 0.080725 0.964576 0.000000 0.000000 0.000000 0.000000 1.000000
0.969328 0.179857 0.167495 0.000025 -0.162426 0.980272 -0.112627 1.978313 -0.184448 0.081967 0.979418 0.000000 0.000000 0.000000 0.000000 1.000000
0.979490 0.174300 0.101093 -0.000101 -0.164129 0.981203 -0.101500 1.999984 -0.116884 0.082826 0.989686 0.000000 0.000000 0.000000 0.000000 1.000000
0.975631 0.176723 0.130048 -0.000050 -0.163483 0.980797 -0.106352 1.991315 -0.146345 0.082500 0.985787 0.000000 0.000000 0.000000 0.000000 1.000000
0.970911 0.179136 0.158876 0.000000 -0.162692 0.980393 -0.111183 1.982647 -0.175677 0.082101 0.981018 0.000000 0.000000 0.000000 0.000000 1.000000
0.970911 0.179136 0.158876 -0.000000 -0.162692 0.980393 -0.111183 1.982731 -0.175677 0.082101 0.981018 0.000000 0.000000 0.000000 0.000000 1.000000
0.970911 0.179136 0.158876 -0.000002 -0.162692 0.980393 -0.111183 1.982974 -0.175677 0.082101 0.981018 0.000000 0.000000 0.000000 0.000000 1.000000
0.970911 0.179136 0.158876 -0.000004 -0.162692 0.980393 -0.111183 1.983361 -0.175677 0.082101 0.981018 0.000000 0.000000 0.000000 0.000000 1.000000
0.970911 0.179136 0.158876 -0.000007 -0.162692 0.980393 -0.111183 1.983878 -0.175677 0.082101 0.981018 0.000000 0.000000 0.000000 0.000000 1.000000
0.970911 0.179136 0.158876 -0.000011 -0.162692 0.980393 -0.111183 1.984510 -0.175677 0.082101 0.981018 0.000000 0.000000 0.000000 0.000000 1.000000
0.970911 0.179136 0.158876 -0.000015 -0.162692 0.980393 -0.111183 1.985243 -0.175677 0.082101 0.981018 0.000000 0.000000 0.000000 0.000000 1.000000
0.970911 0.179136 0.158876 -0.000020 -0.162692 0.980393 -0.111183 1.986063 -0.175677 0.082101 0.981018 0.000000 0.000000 0.000000 0.000000 1.000000
0.970911 0.179136 0.158876 -0.000025 -0.162692 0.980393 -0.111183 1.986955 -0.175677 0.082101 0.981018 0.000000 0.000000 0.000000 0.000000 1.000000
0.970911 0.179136 0.158876 -0.000031 -0.162692 0.980393 -0.111183 1.987904 -0.175677 0.082101 0.981018 0.000000 0.000000 0.000000 0.000000 1.000000
0.970911 0.179136 0.158876 -0.000036 -0.162692 0.980393 -0.111183 1.988897 -0.175677 0.082101 0.981018 0.000000 0.000000 0.000000 0.000000 1.000000
0.970911 0.179136 0.158876 -0.000042 -0.162692 0.980393 -0.111183 1.989919 -0.175677 0.082101 0.981018 0.000000 0.000000 0.000000 0.000000 1.000000
0.970911 0.179136 0.158876 -0.000048 -0.162692 0.980393 -0.111183 1.990955 -0.175677 0.082101 0.981018 0.000000 0.000000 0.000000 0.000000 1.000000
0.970911 0.179136 0.158876 -0.000054 -0.162692 0.980393 -0.111183 1.991991 -0.175677 0.082101 0.981018 0.000000 0.000000 0.000000 0.000000 1.000000
0.970911 0.179136 0.158876 -0.000060 -0.162692 0.980393 -0.111183 1.993013 -0.175677 0.082101 0.981018 0.000000 0.000000 0.000000 0.000000 1.000000
0.970911 0.179136 0.158876 -0.000066 -0.162692 0.980393 -0.111183 1.994005 -0.175677 0.082101 0.981018 0.000000 0.000000 0.000000 0.000000 1.000000
0.970911 0.179136 0.158876 -0.000072 -0.162692 0.980393 -0.111183 1.994955 -0.175677 0.082101 0.981018 0.000000 0.000000 0.000000 0.000000 1.000000
0.970911 0.179136 0.158876 -0.000077 -0.162692 0.980393 -0.111183 1.995847 -0.175677 0.082101 0.981018 0.000000 0.000000 0.000000 0.000000 1.000000
0.970911 0.179136 0.158876 -0.000081 -0.162692 0.980393 -0.111183 1.996666 -0.175677 0.082101 0.981018 0.000000 0.000000 0.000000 0.000000 1.000000
0.970911 0.179136 0.158876 -0.000086 -0.162692 0.980393 -0.111183 1.997400 -0.175677 0.082101 0.981018 0.000000 0.000000 0.000000 0.000000 1.000000
0.970911 0.179136 0.158876 -0.000089 -0.162692 0.980393 -0.111183 1.998032 -0.175677 0.082101 0.981018 0.000000 0.000000 0.000000 0.000000 1.000000
0.970911 0.179136 0.158876 -0.000092 -0.162692 0.980393 -0.111183 1.998549 -0.175677 0.082101 0.981018 0.000000 0.000000 0.000000 0.000000 1.000000
0.970911 0.179136 0.158876 -0.000095 -0.162692 0.980393 -0.111183 1.998936 -0.175677 0.082101 0.981018 0.000000 0.000000 0.000000 0.000000 1.000000
0.970911 0.179136 0.158876 -0.000096 -0.162692 0.980393 -0.111183 1.999178 -0.175677 0.082101 0.981018 0.000000 0.000000 0.000000 0.000000 1.000000
0.970911 0.179136 0.158876 -0.000097 -0.162692 0.980393 -0.111183 1.999263 -0.175677 0.082101 0.981018 0.000000 0.000000 0.000000 0.000000 1.000000
0.970911 0.179136 0.158876 -0.000096 -0.162692 0.980393 -0.111183 1.999174 -0.175677 0.082101 0.981018 0.000000 0.000000 0.000000 0.000000 1.000000
0.970911 0.179136 0.158876 -0.000094 -0.162692 0.980393 -0.111183 1.998897 -0.175677 0.082101 0.981018 0.000000 0.000000 0.000000 0.000000 1.000000
0.970911 0.179136 0.158876 -0.000092 -0.162692 0.980393 -0.111183 1.998419 -0.175677 0.082101 0.981018 0.000000 0.000000 0.000000 0.000000 1.000000
0.970911 0.179136 0.158876 -0.000088 -0.162692 0.980393 -0.111183 1.997724 -0.175677 0.082101 0.981018 0.000000 0.000000 0.000000 0.000000 1.000000
0.970911 0.179136 0.158876 -0.000082 -0.162692 0.980393 -0.111183 1.996799 -0.175677 0.082101 0.981018 0.000000 0.000000 0.000000 0.000000 1.000000
0.970911 0.179136 0.158876 -0.000075 -0.162692 0.980393 -0.111183 1.995628 -0.175677 0.082101 0.981018 0.000000 0.000000 0.000000 0.000000 1.000000
0.970911 0.179136 0.158876 -0.000067 -0.162692 0.980393 -0.111183 1.994198 -0.175677 0.082101 0.981018 0.000000 0.000000 0.000000 0.000000 1.000000
0.970911 0.179136 0.158876 -0.000057 -0.162692 0.980393 -0.111183 1.992493 -0.175677 0.082101 0.981018 0.000000 0.000000 0.000000 0.000000 1.000000
0.970911 0.179136 0.158876 -0.000046 -0.162692 0.980393 -0.111183 1.990500 -0.175677 0.082101 0.981018 0.000000 0.000000 0.000000 0.000000 1.000000
0.970911 0.179136 0.158876 -0.000032 -0.162692 0.980393 -0.111183 1.988205 -0.175677 0.082101 0.981018 0.000000 0.000000 0.000000 0.000000 1.000000
0.970911 0.179136 0.158876 -0.000017 -0.162692 0.980393 -0.111183 1.985592 -0.175677 0.082101 0.981018 0.000000 0.000000 0.000000 0.000000 1.000000
0.970911 0.179136 0.158876 0.000000 -0.162692 0.980393 -0.111183 1.982647 -0.175677 0.082101 0.981018 0.000000 0.000000 0.000000 0.000000 1.000000</float_array><technique_common><accessor source="#root_jnt-Matrix-animation-output-transform-array" count="181" stride="16"><param type="float4x4"/></accessor></technique_common></source><source id="root_jnt-Interpolations"><Name_array id="root_jnt-Interpolations-array" count="181">
 LINEAR LINEAR LINEAR LINEAR LINEAR LINEAR LINEAR LINEAR LINEAR LINEAR LINEAR
LINEAR LINEAR LINEAR LINEAR LINEAR LINEAR LINEAR LINEAR LINEAR LINEAR LINEAR LINEAR
LINEAR LINEAR LINEAR LINEAR LINEAR LINEAR LINEAR LINEAR LINEAR LINEAR LINEAR LINEAR
LINEAR LINEAR LINEAR LINEAR LINEAR LINEAR LINEAR LINEAR LINEAR LINEAR LINEAR LINEAR
LINEAR LINEAR LINEAR LINEAR LINEAR LINEAR LINEAR LINEAR LINEAR LINEAR LINEAR LINEAR
LINEAR LINEAR LINEAR LINEAR LINEAR LINEAR LINEAR LINEAR LINEAR LINEAR LINEAR LINEAR
LINEAR LINEAR LINEAR LINEAR LINEAR LINEAR LINEAR LINEAR LINEAR LINEAR LINEAR LINEAR
LINEAR LINEAR LINEAR LINEAR LINEAR LINEAR LINEAR LINEAR LINEAR LINEAR LINEAR LINEAR
LINEAR LINEAR LINEAR LINEAR LINEAR LINEAR LINEAR LINEAR LINEAR LINEAR LINEAR LINEAR
LINEAR LINEAR LINEAR LINEAR LINEAR LINEAR LINEAR LINEAR LINEAR LINEAR LINEAR LINEAR
LINEAR LINEAR LINEAR LINEAR LINEAR LINEAR LINEAR LINEAR LINEAR LINEAR LINEAR LINEAR
LINEAR LINEAR LINEAR LINEAR LINEAR LINEAR LINEAR LINEAR LINEAR LINEAR LINEAR LINEAR
LINEAR LINEAR LINEAR LINEAR LINEAR LINEAR LINEAR LINEAR LINEAR LINEAR LINEAR LINEAR
LINEAR LINEAR LINEAR LINEAR LINEAR LINEAR LINEAR LINEAR LINEAR LINEAR LINEAR LINEAR
LINEAR LINEAR LINEAR LINEAR LINEAR LINEAR LINEAR LINEAR LINEAR LINEAR LINEAR LINEAR
LINEAR LINEAR</Name_array><technique_common><accessor source="#root_jnt-Interpolations-array" count="181"><param type="name"/></accessor></technique_common></source><sampler id="root_jnt-Matrix-animation-transform"><input semantic="INPUT" source="#root_jnt-Matrix-animation-input"/><input semantic="OUTPUT" source="#root_jnt-Matrix-animation-output-transform"/><input semantic="INTERPOLATION" source="#root_jnt-Interpolations"/></sampler><channel source="#root_jnt-Matrix-animation-transform" target="root_jnt/matrix"/></animation></animation>
    <animation id="jnt_spine1-anim" name="jnt_spine1"><animation><source id="jnt_spine1-Matrix-animation-input"><float_array id="jnt_spine1-Matrix-animation-input-array" count="181">

0.000000 0.033333 0.066667 0.100000 0.133333 0.166667 0.200000 0.233333 0.266667 0.300000 0.333333 0.366667 0.400000 0.433333 0.466667 0.500000
0.533333 0.566667 0.600000 0.633333 0.666667 0.700000 0.733333 0.766667 0.800000 0.833333 0.866667 0.900000 0.933333 0.966667 1.000000 1.033333
1.066667 1.100000 1.133333 1.166667 1.200000 1.233333 1.266667 1.300000 1.333333 1.366667 1.400000 1.433333 1.466667 1.500000 1.533333 1.566667
1.600000 1.633333 1.666667 1.700000 1.733333 1.766667 1.800000 1.833333 1.866667 1.900000 1.933333 1.966667 2.000000 2.033333 2.066667 2.100000
2.133333 2.166667 2.200000 2.233333 2.266667 2.300000 2.333333 2.366667 2.400000 2.433333 2.466667 2.500000 2.533333 2.566667 2.600000 2.633333
2.666667 2.700000 2.733333 2.766667 2.800000 2.833333 2.866667 2.900000 2.933333 2.966667 3.000000 3.033333 3.066667 3.100000 3.133333 3.166667
3.200000 3.233333 3.266667 3.300000 3.333333 3.366667 3.400000 3.433333 3.466667 3.500000 3.533333 3.566667 3.600000 3.633333 3.666667 3.700000
3.733333 3.766667 3.800000 3.833333 3.866667 3.900000 3.933333 3.966667 4.000000 4.033333 4.066667 4.100000 4.133333 4.166667 4.200000 4.233333
4.266667 4.300000 4.333333 4.366667 4.400000 4.433333 4.466667 4.500000 4.533333 4.566667 4.600000 4.633333 4.666667 4.700000 4.733333 4.766667
4.800000 4.833333 4.866667 4.900000 4.933333 4.966667 5.000000 5.033333 5.066667 5.100000 5.133333 5.166667 5.200000 5.233333 5.266667 5.300000
5.333333 5.366667 5.400000 5.433333 5.466667 5.500000 5.533333 5.566667 5.600000 5.633333 5.666667 5.700000 5.733333 5.766667 5.800000 5.833333
5.866667 5.900000 5.933333 5.966667 6.000000</float_array><technique_common><accessor source="#jnt_spine1-Matrix-animation-input-array" count="181"><param name="TIME" type="float"/></accessor></technique_common></source><source id="jnt_spine1-Matrix-animation-output-transform"><float_array id="jnt_spine1-Matrix-animation-output-transform-array" count="2896">

0.919403 -0.215707 -0.328891 -0.000000 0.233556 0.972224 0.015254 0.479000 0.316465 -0.090839 0.944245 -0.000000 0.000000 0.000000 0.000000 1.000000
0.919403 -0.215707 -0.328891 -0.000000 0.233556 0.972224 0.015254 0.479000 0.316465 -0.090839 0.944245 0.000000 0.000000 0.000000 0.000000 1.000000
0.919403 -0.215707 -0.328891 0.000000 0.233556 0.972224 0.015254 0.479000 0.316465 -0.090839 0.944245 -0.000000 0.000000 0.000000 0.000000 1.000000
0.919403 -0.215707 -0.328891 -0.000000 0.233556 0.972224 0.015254 0.479000 0.316465 -0.090839 0.944245 -0.000000 0.000000 0.000000 0.000000 1.000000
0.919403 -0.215707 -0.328891 0.000000 0.233556 0.972224 0.015254 0.479000 0.316465 -0.090839 0.944245 -0.000000 0.000000 0.000000 0.000000 1.000000
0.919403 -0.215707 -0.328891 0.000000 0.233556 0.972224 0.015254 0.479000 0.316465 -0.090839 0.944245 0.000000 0.000000 0.000000 0.000000 1.000000
0.919403 -0.215707 -0.328891 0.000000 0.233556 0.972224 0.015254 0.479000 0.316465 -0.090839 0.944245 0.000000 0.000000 0.000000 0.000000 1.000000
0.919403 -0.215707 -0.328891 0.000000 0.233556 0.972224 0.015254 0.479000 0.316465 -0.090839 0.944245 -0.000000 0.000000 0.000000 0.000000 1.000000
0.919403 -0.215707 -0.328891 0.000000 0.233556 0.972224 0.015254 0.479000 0.316465 -0.090839 0.944245 0.000000 0.000000 0.000000 0.000000 1.000000
0.919403 -0.215707 -0.328891 0.000000 0.233556 0.972224 0.015254 0.479000 0.316465 -0.090839 0.944245 0.000000 0.000000 0.000000 0.000000 1.000000
0.919403 -0.215707 -0.328891 0.000000 0.233556 0.972224 0.015254 0.479000 0.316465 -0.090839 0.944245 0.000000 0.000000 0.000000 0.000000 1.000000
0.919403 -0.215707 -0.328891 -0.000000 0.233556 0.972224 0.015254 0.479000 0.316465 -0.090839 0.944245 -0.000000 0.000000 0.000000 0.000000 1.000000
0.919403 -0.215707 -0.328891 0.000000 0.233556 0.972224 0.015254 0.479000 0.316465 -0.090839 0.944245 0.000000 0.000000 0.000000 0.000000 1.000000
0.919403 -0.215707 -0.328891 -0.000000 0.233556 0.972224 0.015254 0.479000 0.316465 -0.090839 0.944245 0.000000 0.000000 0.000000 0.000000 1.000000
0.919403 -0.215707 -0.328891 0.000000 0.233556 0.972224 0.015254 0.479000 0.316465 -0.090839 0.944245 -0.000000 0.000000 0.000000 0.000000 1.000000
0.919403 -0.215707 -0.328891 -0.000000 0.233556 0.972224 0.015254 0.479000 0.316465 -0.090839 0.944245 -0.000000 0.000000 0.000000 0.000000 1.000000
0.919403 -0.215707 -0.328891 0.000000 0.233556 0.972224 0.015254 0.479000 0.316465 -0.090839 0.944245 -0.000000 0.000000 0.000000 0.000000 1.000000
0.919403 -0.215707 -0.328891 0.000000 0.233556 0.972224 0.015254 0.479000 0.316465 -0.090839 0.944245 -0.000000 0.000000 0.000000 0.000000 1.000000
0.919403 -0.215707 -0.328891 0.000000 0.233556 0.972224 0.015254 0.479000 0.316465 -0.090839 0.944245 -0.000000 0.000000 0.000000 0.000000 1.000000
0.919403 -0.215707 -0.328891 -0.000000 0.233556 0.972224 0.015254 0.479000 0.316465 -0.090839 0.944245 -0.000000 0.000000 0.000000 0.000000 1.000000
0.919403 -0.215707 -0.328891 0.000000 0.233556 0.972224 0.015254 0.479000 0.316465 -0.090839 0.944245 0.000000 0.000000 0.000000 0.000000 1.000000
0.919403 -0.215707 -0.328891 0.000000 0.233556 0.972224 0.015254 0.479000 0.316465 -0.090839 0.944245 -0.000000 0.000000 0.000000 0.000000 1.000000
0.919403 -0.215707 -0.328891 0.000000 0.233556 0.972224 0.015254 0.479000 0.316465 -0.090839 0.944245 -0.000000 0.000000 0.000000 0.000000 1.000000
0.919403 -0.215707 -0.328891 0.000000 0.233556 0.972224 0.015254 0.479000 0.316465 -0.090839 0.944245 0.000000 0.000000 0.000000 0.000000 1.000000
0.919403 -0.215707 -0.328891 -0.000000 0.233556 0.972224 0.015254 0.479000 0.316465 -0.090839 0.944245 -0.000000 0.000000 0.000000 0.000000 1.000000
0.919403 -0.215707 -0.328891 0.000000 0.233556 0.972224 0.015254 0.479000 0.316465 -0.090839 0.944245 -0.000000 0.000000 0.000000 0.000000 1.000000
0.919403 -0.215707 -0.328891 0.000000 0.233556 0.972224 0.015254 0.479000 0.316465 -0.090839 0.944245 -0.000000 0.000000 0.000000 0.000000 1.000000
0.919403 -0.215707 -0.328891 -0.000000 0.233556 0.972224 0.015254 0.479000 0.316465 -0.090839 0.944245 0.000000 0.000000 0.000000 0.000000 1.000000
0.919403 -0.215707 -0.328891 0.000000 0.233556 0.972224 0.015254 0.479000 0.316465 -0.090839 0.944245 -0.000000 0.000000 0.000000 0.000000 1.000000
0.919403 -0.215707 -0.328891 0.000000 0.233556 0.972224 0.015254 0.479000 0.316465 -0.090839 0.944245 0.000000 0.000000 0.000000 0.000000 1.000000
0.919403 -0.215707 -0.328891 0.000000 0.233556 0.972224 0.015254 0.479000 0.316465 -0.090839 0.944245 0.000000 0.000000 0.000000 0.000000 1.000000
0.919403 -0.215707 -0.328891 0.000000 0.233556 0.972224 0.015254 0.479000 0.316465 -0.090839 0.944245 -0.000000 0.000000 0.000000 0.000000 1.000000
0.919403 -0.215707 -0.328891 0.000000 0.233556 0.972224 0.015254 0.479000 0.316465 -0.090839 0.944245 -0.000000 0.000000 0.000000 0.000000 1.000000
0.919403 -0.215707 -0.328891 -0.000000 0.233556 0.972224 0.015254 0.479000 0.316465 -0.090839 0.944245 0.000000 0.000000 0.000000 0.000000 1.000000
0.919403 -0.215707 -0.328891 0.000000 0.233556 0.972224 0.015254 0.479000 0.316465 -0.090839 0.944245 -0.000000 0.000000 0.000000 0.000000 1.000000
0.919403 -0.215707 -0.328891 0.000000 0.233556 0.972224 0.015254 0.479000 0.316465 -0.090839 0.944245 0.000000 0.000000 0.000000 0.000000 1.000000
0.919403 -0.215707 -0.328891 -0.000000 0.233556 0.972224 0.015254 0.479000 0.316465 -0.090839 0.944245 -0.000000 0.000000 0.000000 0.000000 1.000000
0.919403 -0.215707 -0.328891 0.000000 0.233556 0.972224 0.015254 0.479000 0.316465 -0.090839 0.944245 -0.000000 0.000000 0.000000 0.000000 1.000000
0.919403 -0.215707 -0.328891 0.000000 0.233556 0.972224 0.015254 0.479000 0.316465 -0.090839 0.944245 0.000000 0.000000 0.000000 0.000000 1.000000
0.919403 -0.215707 -0.328891 0.000000 0.233556 0.972224 0.015254 0.479000 0.316465 -0.090839 0.944245 0.000000 0.000000 0.000000 0.000000 1.000000
0.919403 -0.215707 -0.328891 0.000000 0.233556 0.972224 0.015254 0.479000 0.316465 -0.090839 0.944245 -0.000000 0.000000 0.000000 0.000000 1.000000
0.919403 -0.215707 -0.328891 0.000000 0.233556 0.972224 0.015254 0.479000 0.316465 -0.090839 0.944245 -0.000000 0.000000 0.000000 0.000000 1.000000
0.919403 -0.215707 -0.328891 0.000000 0.233556 0.972224 0.015254 0.479000 0.316465 -0.090839 0.944245 0.000000 0.000000 0.000000 0.000000 1.000000
