<?xml version="1.0" encoding="utf-8"?>
<COLLADA xmlns="http://www.collada.org/2005/11/COLLADASchema" version="1.4.1">
  <asset><contributor><author></author><authoring_tool>FBX COLLADA exporter</authoring_tool><comments></comments></contributor><created>2019-12-02T10:01:00Z</created><keywords></keywords><modified>2019-12-02T10:01:00Z</modified><revision></revision><subject></subject><title></title><unit meter="0.010000" name="centimeter"></unit><up_axis>Y_UP</up_axis></asset>
  <library_animations>
    <animation id="root_jnt-anim" name="root_jnt"><animation><source id="root_jnt-Matrix-animation-input"><float_array id="root_jnt-Matrix-animation-input-array" count="31">

0.000000 0.033333 0.066667 0.100000 0.133333 0.166667 0.200000 0.233333 0.266667 0.300000 0.333333 0.366667 0.400000 0.433333 0.466667 0.500000
0.533333 0.566667 0.600000 0.633333 0.666667 0.700000 0.733333 0.766667 0.800000 0.833333 0.866667 0.900000 0.933333 0.966667 1.000000</float_array><technique_common><accessor source="#root_jnt-Matrix-animation-input-array" count="31"><param name="TIME" type="float"/></accessor></technique_common></source><source id="root_jnt-Matrix-animation-output-transform"><float_array id="root_jnt-Matrix-animation-output-transform-array" count="496">

0.970911 0.179136 0.158876 0.000000 -0.162692 0.980393 -0.111183 1.982647 -0.175677 0.082101 0.981018 0.000000 0.000000 0.000000 0.000000 1.000000
0.970911 0.179136 0.158876 -0.000143 -0.162692 0.980393 -0.111183 1.951627 -0.175677 0.082101 0.981018 0.000000 0.000000 0.000000 0.000000 1.000000
0.970911 0.179136 0.158876 -0.000511 -0.162692 0.980393 -0.111183 1.882163 -0.175677 0.082101 0.981018 0.000000 0.000000 0.000000 0.000000 1.000000
0.970911 0.179136 0.158876 -0.000955 -0.162692 0.980393 -0.111183 1.800299 -0.175677 0.082101 0.981018 0.000000 0.000000 0.000000 0.000000 1.000000
0.970911 0.179136 0.158876 -0.001330 -0.162692 0.980393 -0.111183 1.732081 -0.175677 0.082101 0.981018 0.000000 0.000000 0.000000 0.000000 1.000000
0.970911 0.179136 0.158876 -0.001487 -0.162692 0.980393 -0.111183 1.703553 -0.175677 0.082101 0.981018 0.000000 0.000000 0.000000 0.000000 1.000000
0.970911 0.179136 0.158876 -0.001434 -0.162692 0.980393 -0.111183 1.795222 -0.175677 0.082101 0.981018 0.000000 0.000000 0.000000 0.000000 1.000000
0.970911 0.179136 0.158876 -0.001291 -0.162692 0.980393 -0.111183 2.040895 -0.175677 0.082101 0.981018 0.000000 0.000000 0.000000 0.000000 1.000000
0.970911 0.179136 0.158876 -0.001083 -0.162692 0.980393 -0.111183 2.396570 -0.175677 0.082101 0.981018 0.000000 0.000000 0.000000 0.000000 1.000000
0.970911 0.179136 0.158876 -0.000837 -0.162692 0.980393 -0.111183 2.818247 -0.175677 0.082101 0.981018 0.000000 0.000000 0.000000 0.000000 1.000000
0.970911 0.179136 0.158876 -0.000578 -0.162692 0.980393 -0.111183 3.261924 -0.175677 0.082101 0.981018 0.000000 0.000000 0.000000 0.000000 1.000000
0.970911 0.179136 0.158876 -0.000332 -0.162692 0.980393 -0.111183 3.683601 -0.175677 0.082101 0.981018 0.000000 0.000000 0.000000 0.000000 1.000000
0.970911 0.179136 0.158876 -0.000125 -0.162692 0.980393 -0.111183 4.039276 -0.175677 0.082101 0.981018 0.000000 0.000000 0.000000 0.000000 1.000000
0.970911 0.179136 0.158876 0.000019 -0.162692 0.980393 -0.111183 4.284948 -0.175677 0.082101 0.981018 0.000000 0.000000 0.000000 0.000000 1.000000
0.970911 0.179136 0.158876 0.000072 -0.162692 0.980393 -0.111183 4.376617 -0.175677 0.082101 0.981018 0.000000 0.000000 0.000000 0.000000 1.000000
0.970911 0.179136 0.158876 0.000123 -0.162692 0.980393 -0.111183 4.340807 -0.175677 0.082101 0.981018 0.000000 0.000000 0.000000 0.000000 1.000000
0.970911 0.179136 0.158876 0.000285 -0.162692 0.980393 -0.111183 4.236506 -0.175677 0.082101 0.981018 0.000000 0.000000 0.000000 0.000000 1.000000
0.970911 0.179136 0.158876 0.000573 -0.162692 0.980393 -0.111183 4.068403 -0.175677 0.082101 0.981018 0.000000 0.000000 0.000000 0.000000 1.000000
0.970911 0.179136 0.158876 0.000999 -0.162692 0.980393 -0.111183 3.841191 -0.175677 0.082101 0.981018 0.000000 0.000000 0.000000 0.000000 1.000000
0.970911 0.179136 0.158876 0.001577 -0.162692 0.980393 -0.111183 3.559560 -0.175677 0.082101 0.981018 0.000000 0.000000 0.000000 0.000000 1.000000
0.970911 0.179136 0.158876 0.002321 -0.162692 0.980393 -0.111183 3.228202 -0.175677 0.082101 0.981018 0.000000 0.000000 0.000000 0.000000 1.000000
0.970911 0.179136 0.158876 0.003246 -0.162692 0.980393 -0.111183 2.851809 -0.175677 0.082101 0.981018 0.000000 0.000000 0.000000 0.000000 1.000000
0.970911 0.179136 0.158876 0.004363 -0.162692 0.980393 -0.111183 2.435071 -0.175677 0.082101 0.981018 0.000000 0.000000 0.000000 0.000000 1.000000
0.970911 0.179136 0.158876 0.005688 -0.162692 0.980393 -0.111183 1.982680 -0.175677 0.082101 0.981018 0.000000 0.000000 0.000000 0.000000 1.000000
0.970911 0.179136 0.158876 0.006578 -0.162692 0.980393 -0.111183 1.612272 -0.175677 0.082101 0.981018 0.000000 0.000000 0.000000 0.000000 1.000000
0.970911 0.179136 0.158876 0.006528 -0.162692 0.980393 -0.111183 1.417492 -0.175677 0.082101 0.981018 0.000000 0.000000 0.000000 0.000000 1.000000
0.970911 0.179136 0.158876 0.005763 -0.162692 0.980393 -0.111183 1.367044 -0.175677 0.082101 0.981018 0.000000 0.000000 0.000000 0.000000 1.000000
0.970911 0.179136 0.158876 0.004505 -0.162692 0.980393 -0.111183 1.429632 -0.175677 0.082101 0.981018 0.000000 0.000000 0.000000 0.000000 1.000000
0.970911 0.179136 0.158876 0.002976 -0.162692 0.980393 -0.111183 1.573959 -0.175677 0.082101 0.981018 0.000000 0.000000 0.000000 0.000000 1.000000
0.970911 0.179136 0.158876 0.001400 -0.162692 0.980393 -0.111183 1.768729 -0.175677 0.082101 0.981018 0.000000 0.000000 0.000000 0.000000 1.000000
0.970911 0.179136 0.158876 0.000000 -0.162692 0.980393 -0.111183 1.982647 -0.175677 0.082101 0.981018 0.000000 0.000000 0.000000 0.000000 1.000000</float_array><technique_common><accessor source="#root_jnt-Matrix-animation-output-transform-array" count="31" stride="16"><param type="float4x4"/></accessor></technique_common></source><source id="root_jnt-Interpolations"><Name_array id="root_jnt-Interpolations-array" count="31">
 LINEAR LINEAR LINEAR LINEAR LINEAR LINEAR LINEAR LINEAR LINEAR LINEAR LINEAR
LINEAR LINEAR LINEAR LINEAR LINEAR LINEAR LINEAR LINEAR LINEAR LINEAR LINEAR LINEAR
LINEAR LINEAR LINEAR LINEAR LINEAR LINEAR LINEAR LINEAR</Name_array><technique_common><accessor source="#root_jnt-Interpolations-array" count="31"><param type="name"/></accessor></technique_common></source><sampler id="root_jnt-Matrix-animation-transform"><input semantic="INPUT" source="#root_jnt-Matrix-animation-input"/><input semantic="OUTPUT" source="#root_jnt-Matrix-animation-output-transform"/><input semantic="INTERPOLATION" source="#root_jnt-Interpolations"/></sampler><channel source="#root_jnt-Matrix-animation-transform" target="root_jnt/matrix"/></animation></animation>
    <animation id="jnt_spine1-anim" name="jnt_spine1"><animation><source id="jnt_spine1-Matrix-animation-input"><float_array id="jnt_spine1-Matrix-animation-input-array" count="31">

0.000000 0.033333 0.066667 0.100000 0.133333 0.166667 0.200000 0.233333 0.266667 0.300000 0.333333 0.366667 0.400000 0.433333 0.466667 0.500000
0.533333 0.566667 0.600000 0.633333 0.666667 0.700000 0.733333 0.766667 0.800000 0.833333 0.866667 0.900000 0.933333 0.966667 1.000000</float_array><technique_common><accessor source="#jnt_spine1-Matrix-animation-input-array" count="31"><param name="TIME" type="float"/></accessor></technique_common></source><source id="jnt_spine1-Matrix-animation-output-transform"><float_array id="jnt_spine1-Matrix-animation-output-transform-array" count="496">

0.919403 -0.215707 -0.328891 -0.000000 0.233556 0.972224 0.015254 0.479000 0.316465 -0.090839 0.944245 -0.000000 0.000000 0.000000 0.000000 1.000000
0.919403 -0.223823 -0.323423 0.000000 0.233556 0.972302 -0.008940 0.479000 0.316465 -0.067318 0.946212 -0.000000 0.000000 0.000000 0.000000 1.000000
0.919403 -0.241183 -0.310692 0.000000 0.233556 0.970357 -0.062125 0.479000 0.316465 -0.015446 0.948478 -0.000000 0.000000 0.000000 0.000000 1.000000
0.919403 -0.257821 -0.297030 0.000000 0.233556 0.965504 -0.115123 0.479000 0.316465 0.036471 0.947903 0.000000 0.000000 0.000000 0.000000 1.000000
0.919403 -0.265131 -0.290524 0.000000 0.233556 0.962341 -0.139109 0.479000 0.316465 0.060044 0.946702 -0.000000 0.000000 0.000000 0.000000 1.000000
0.919403 -0.263648 -0.291871 0.000000 0.233556 0.963037 -0.134204 0.479000 0.316465 0.055219 0.946996 -0.000000 0.000000 0.000000 0.000000 1.000000
0.919403 -0.259510 -0.295556 0.000000 0.233556 0.964832 -0.120625 0.479000 0.316465 0.041874 0.947679 -0.000000 0.000000 0.000000 0.000000 1.000000
0.919403 -0.253162 -0.301011 -0.000000 0.233556 0.967180 -0.100067 0.479000 0.316465 0.021699 0.948356 -0.000000 0.000000 0.000000 0.000000 1.000000
0.919403 -0.245043 -0.307657 -0.000000 0.233556 0.969505 -0.074234 0.479000 0.316465 -0.003604 0.948597 0.000000 0.000000 0.000000 0.000000 1.000000
0.919403 -0.235619 -0.314933 0.000000 0.233556 0.971308 -0.044856 0.479000 0.316465 -0.032314 0.948054 0.000000 0.000000 0.000000 0.000000 1.000000
0.919403 -0.225400 -0.322326 -0.000000 0.233556 0.972247 -0.013688 0.479000 0.316465 -0.062697 0.946530 0.000000 0.000000 0.000000 0.000000 1.000000
0.919403 -0.214948 -0.329387 -0.000000 0.233556 0.972186 0.017495 0.479000 0.316465 -0.093015 0.944033 0.000000 0.000000 0.000000 0.000000 1.000000
0.919403 -0.204880 -0.335742 -0.000000 0.233556 0.971211 0.046912 0.479000 0.316465 -0.121546 0.940785 -0.000000 0.000000 0.000000 0.000000 1.000000
0.919403 -0.195852 -0.341088 0.000000 0.233556 0.969614 0.072800 0.479000 0.316465 -0.146596 0.937208 0.000000 0.000000 0.000000 0.000000 1.000000
0.919403 -0.188550 -0.345178 -0.000000 0.233556 0.967846 0.093416 0.479000 0.316465 -0.166505 0.933877 0.000000 0.000000 0.000000 0.000000 1.000000
0.919403 -0.183669 -0.347800 -0.000000 0.233556 0.966434 0.107040 0.479000 0.316465 -0.179644 0.931439 0.000000 0.000000 0.000000 0.000000 1.000000
0.919403 -0.181894 -0.348731 0.000000 0.233556 0.965876 0.111963 0.479000 0.316465 -0.184388 0.930511 0.000000 0.000000 0.000000 0.000000 1.000000
0.919403 -0.182401 -0.348466 0.000000 0.233556 0.966037 0.110559 0.479000 0.316465 -0.183035 0.930778 -0.000000 0.000000 0.000000 0.000000 1.000000
0.919403 -0.183818 -0.347721 -0.000000 0.233556 0.966479 0.106626 0.479000 0.316465 -0.179245 0.931515 0.000000 0.000000 0.000000 0.000000 1.000000
0.919403 -0.185987 -0.346565 0.000000 0.233556 0.967127 0.100583 0.479000 0.316465 -0.173419 0.932618 0.000000 0.000000 0.000000 0.000000 1.000000
0.919403 -0.188752 -0.345067 -0.000000 0.233556 0.967900 0.092848 0.479000 0.316465 -0.165958 0.933974 0.000000 0.000000 0.000000 0.000000 1.000000
0.919403 -0.191954 -0.343296 0.000000 0.233556 0.968722 0.083840 0.479000 0.316465 -0.157262 0.935478 0.000000 0.000000 0.000000 0.000000 1.000000
0.919403 -0.195437 -0.341326 -0.000000 0.233556 0.969525 0.073979 0.479000 0.316465 -0.147735 0.937029 -0.000000 0.000000 0.000000 0.000000 1.000000
0.919403 -0.199048 -0.339233 0.000000 0.233556 0.970255 0.063688 0.479000 0.316465 -0.137784 0.938544 -0.000000 0.000000 0.000000 0.000000 1.000000
0.919403 -0.202636 -0.337101 0.000000 0.233556 0.970876 0.053389 0.479000 0.316465 -0.127818 0.939953 -0.000000 0.000000 0.000000 0.000000 1.000000
0.919403 -0.206056 -0.335022 0.000000 0.233556 0.971369 0.043507 0.479000 0.316465 -0.118247 0.941205 0.000000 0.000000 0.000000 0.000000 1.000000
0.919403 -0.209163 -0.333091 0.000000 0.233556 0.971732 0.034469 0.479000 0.316465 -0.109486 0.942264 -0.000000 0.000000 0.000000 0.000000 1.000000
0.919403 -0.211820 -0.331408 -0.000000 0.233556 0.971977 0.026699 0.479000 0.316465 -0.101950 0.943110 0.000000 0.000000 0.000000 0.000000 1.000000
0.919403 -0.213887 -0.330078 0.000000 0.233556 0.972125 0.020624 0.479000 0.316465 -0.096053 0.943728 0.000000 0.000000 0.000000 0.000000 1.000000
0.919403 -0.215229 -0.329204 0.000000 0.233556 0.972200 0.016667 0.479000 0.316465 -0.092211 0.944112 -0.000000 0.000000 0.000000 0.000000 1.000000
0.919403 -0.215707 -0.328891 -0.000000 0.233556 0.972224 0.015254 0.479000 0.316465 -0.090839 0.944245 -0.000000 0.000000 0.000000 0.000000 1.000000</float_array><technique_common><accessor source="#jnt_spine1-Matrix-animation-output-transform-array" count="31" stride="16"><param type="float4x4"/></accessor></technique_common></source><source id="jnt_spine1-Interpolations"><Name_array id="jnt_spine1-Interpolations-array" count="31">
 LINEAR LINEAR LINEAR LINEAR LINEAR LINEAR LINEAR LINEAR LINEAR LINEAR LINEAR
LINEAR LINEAR LINEAR LINEAR LINEAR LINEAR LINEAR LINEAR LINEAR LINEAR LINEAR LINEAR
LINEAR LINEAR LINEAR LINEAR LINEAR LINEAR LINEAR LINEAR</Name_array><technique_common><accessor source="#jnt_spine1-Interpolations-array" count="31"><param type="name"/></accessor></technique_common></source><sampler id="jnt_spine1-Matrix-animation-transform"><input semantic="INPUT" source="#jnt_spine1-Matrix-animation-input"/><input semantic="OUTPUT" source="#jnt_spine1-Matrix-animation-output-transform"/><input semantic="INTERPOLATION" source="#jnt_spine1-Interpolations"/></sampler><channel source="#jnt_spine1-Matrix-animation-transform" target="jnt_spine1/matrix"/></animation></animation>
    <animation id="jnt_spine2-anim" name="jnt_spine2"><animation><source id="jnt_spine2-Matrix-animation-input"><float_array id="jnt_spine2-Matrix-animation-input-array" count="31">

0.000000 0.033333 0.066667 0.100000 0.133333 0.166667 0.200000 0.233333 0.266667 0.300000 0.333333 0.366667 0.400000 0.433333 0.466667 0.500000
0.533333 0.566667 0.600000 0.633333 0.666667 0.700000 0.733333 0.766667 0.800000 0.833333 0.866667 0.900000 0.933333 0.966667 1.000000</float_array><technique_common><accessor source="#jnt_spine2-Matrix-animation-input-array" count="31"><param name="TIME" type="float"/></accessor></technique_common></source><source id="jnt_spine2-Matrix-animation-output-transform"><float_array id="jnt_spine2-Matrix-animation-output-transform-array" count="496">

1.000000 -0.000000 -0.000000 0.000000 0.000000 1.000000 0.000000 0.449000 0.000000 0.000000 1.000000 0.000000 0.000000 0.000000 0.000000 1.000000
1.000000 -0.000000 0.000000 -0.000000 0.000000 1.000000 -0.000000 0.449000 0.000000 0.000000 1.000000 0.000000 0.000000 0.000000 0.000000 1.000000
1.000000 -0.000000 0.000000 0.000000 0.000000 1.000000 -0.000000 0.449000 -0.000000 0.000000 1.000000 0.000000 0.000000 0.000000 0.000000 1.000000
1.000000 0.000000 0.000000 0.000000 -0.000000 1.000000 -0.000000 0.449000 -0.000000 -0.000000 1.000000 0.000000 0.000000 0.000000 0.000000 1.000000
1.000000 -0.000000 0.000000 0.000000 0.000000 1.000000 0.000000 0.449000 -0.000000 0.000000 1.000000 0.000000 0.000000 0.000000 0.000000 1.000000
1.000000 -0.000000 -0.000000 0.000000 0.000000 1.000000 0.000000 0.449000 0.000000 -0.000000 1.000000 0.000000 0.000000 0.000000 0.000000 1.000000
1.000000 -0.000000 0.000000 0.000000 0.000000 1.000000 0.000000 0.449000 -0.000000 0.000000 1.000000 0.000000 0.000000 0.000000 0.000000 1.000000
1.000000 0.000000 0.000000 0.000000 -0.000000 1.000000 0.000000 0.449000 -0.000000 -0.000000 1.000000 0.000000 0.000000 0.000000 0.000000 1.000000
1.000000 -0.000000 0.000000 0.000000 0.000000 1.000000 0.000000 0.449000 -0.000000 -0.000000 1.000000 0.000000 0.000000 0.000000 0.000000 1.000000
1.000000 0.000000 0.000000 0.000000 -0.000000 1.000000 0.000000 0.449000 -0.000000 -0.000000 1.000000 0.000000 0.000000 0.000000 0.000000 1.000000
1.000000 0.000000 -0.000000 0.000000 -0.000000 1.000000 0.000000 0.449000 0.000000 -0.000000 1.000000 0.000000 0.000000 0.000000 0.000000 1.000000
1.000000 -0.000000 -0.000000 0.000000 0.000000 1.000000 0.000000 0.449000 0.000000 -0.000000 1.000000 0.000000 0.000000 0.000000 0.000000 1.000000
1.000000 -0.000000 -0.000000 -0.000000 0.000000 1.000000 -0.000000 0.449000 0.000000 0.000000 1.000000 0.000000 0.000000 0.000000 0.000000 1.000000
1.000000 0.000000 0.000000 0.000000 0.000000 1.000000 0.000000 0.449000 -0.000000 -0.000000 1.000000 0.000000 0.000000 0.000000 0.000000 1.000000
1.000000 -0.000000 0.000000 0.000000 0.000000 1.000000 -0.000000 0.449000 0.000000 0.000000 1.000000 0.000000 0.000000 0.000000 0.000000 1.000000
1.000000 0.000000 0.000000 -0.000000 -0.000000 1.000000 -0.000000 0.449000 -0.000000 0.000000 1.000000 -0.000000 0.000000 0.000000 0.000000 1.000000
1.000000 0.000000 0.000000 0.000000 0.000000 1.000000 0.000000 0.449000 -0.000000 -0.000000 1.000000 0.000000 0.000000 0.000000 0.000000 1.000000
1.000000 -0.000000 -0.000000 -0.000000 0.000000 1.000000 0.000000 0.449000 0.000000 -0.000000 1.000000 0.000000 0.000000 0.000000 0.000000 1.000000
1.000000 -0.000000 0.000000 -0.000000 0.000000 1.000000 0.000000 0.449000 -0.000000 0.000000 1.000000 -0.000000 0.000000 0.000000 0.000000 1.000000
1.000000 -0.000000 0.000000 0.000000 0.000000 1.000000 -0.000000 0.449000 0.000000 0.000000 1.000000 0.000000 0.000000 0.000000 0.000000 1.000000
1.000000 -0.000000 0.000000 -0.000000 0.000000 1.000000 0.000000 0.449000 -0.000000 -0.000000 1.000000 0.000000 0.000000 0.000000 0.000000 1.000000
1.000000 -0.000000 0.000000 0.000000 0.000000 1.000000 0.000000 0.449000 -0.000000 -0.000000 1.000000 0.000000 0.000000 0.000000 0.000000 1.000000
1.000000 -0.000000 0.000000 -0.000000 0.000000 1.000000 -0.000000 0.449000 -0.000000 0.000000 1.000000 0.000000 0.000000 0.000000 0.000000 1.000000
1.000000 0.000000 0.000000 0.000000 -0.000000 1.000000 0.000000 0.449000 -0.000000 -0.000000 1.000000 -0.000000 0.000000 0.000000 0.000000 1.000000
1.000000 -0.000000 0.000000 0.000000 0.000000 1.000000 0.000000 0.449000 -0.000000 -0.000000 1.000000 0.000000 0.000000 0.000000 0.000000 1.000000
1.000000 -0.000000 0.000000 -0.000000 0.000000 1.000000 -0.000000 0.449000 0.000000 0.000000 1.000000 0.000000 0.000000 0.000000 0.000000 1.000000
1.000000 0.000000 0.000000 0.000000 -0.000000 1.000000 0.000000 0.449000 -0.000000 -0.000000 1.000000 0.000000 0.000000 0.000000 0.000000 1.000000
1.000000 0.000000 0.000000 0.000000 -0.000000 1.000000 0.000000 0.449000 -0.000000 0.000000 1.000000 0.000000 0.000000 0.000000 0.000000 1.000000
1.000000 0.000000 0.000000 0.000000 -0.000000 1.000000 -0.000000 0.449000 -0.000000 0.000000 1.000000 0.000000 0.000000 0.000000 0.000000 1.000000
1.000000 0.000000 0.000000 -0.000000 -0.000000 1.000000 -0.000000 0.449000 -0.000000 0.000000 1.000000 -0.000000 0.000000 0.000000 0.000000 1.000000
1.000000 -0.000000 -0.000000 0.000000 0.000000 1.000000 0.000000 0.449000 0.000000 0.000000 1.000000 0.000000 0.000000 0.000000 0.000000 1.000000</float_array><technique_common><accessor source="#jnt_spine2-Matrix-animation-output-transform-array" count="31" stride="16"><param type="float4x4"/></accessor></technique_common></source><source id="jnt_spine2-Interpolations"><Name_array id="jnt_spine2-Interpolations-array" count="31">
 LINEAR LINEAR LINEAR LINEAR LINEAR LINEAR LINEAR LINEAR LINEAR LINEAR LINEAR
LINEAR LINEAR LINEAR LINEAR LINEAR LINEAR LINEAR LINEAR LINEAR LINEAR LINEAR LINEAR
LINEAR LINEAR LINEAR LINEAR LINEAR LINEAR LINEAR LINEAR</Name_array><technique_common><accessor source="#jnt_spine2-Interpolations-array" count="31"><param type="name"/></accessor></technique_common></source><sampler id="jnt_spine2-Matrix-animation-transform"><input semantic="INPUT" source="#jnt_spine2-Matrix-animation-input"/><input semantic="OUTPUT" source="#jnt_spine2-Matrix-animation-output-transform"/><input semantic="INTERPOLATION" source="#jnt_spine2-Interpolations"/></sampler><channel source="#jnt_spine2-Matrix-animation-transform" target="jnt_spine2/matrix"/></animation></animation>
    <animation id="jnt_head-anim" name="jnt_head"><animation><source id="jnt_head-Matrix-animation-input"><float_array id="jnt_head-Matrix-animation-input-array" count="31">

0.000000 0.033333 0.066667 0.100000 0.133333 0.166667 0.200000 0.233333 0.266667 0.300000 0.333333 0.366667 0.400000 0.433333 0.466667 0.500000
0.533333 0.566667 0.600000 0.633333 0.666667 0.700000 0.733333 0.766667 0.800000 0.833333 0.866667 0.900000 0.933333 0.966667 1.000000</float_array><technique_common><accessor source="#jnt_head-Matrix-animation-input-array" count="31"><param name="TIME" type="float"/></accessor></technique_common></source><source id="jnt_head-Matrix-animation-output-transform"><float_array id="jnt_head-Matrix-animation-output-transform-array" count="496">

0.986264 0.079833 0.144605 -0.000000 -0.085601 0.995746 0.034106 0.296642 -0.141267 -0.046016 0.988902 -0.000000 0.000000 0.000000 0.000000 1.000000
0.986264 0.081418 0.143718 -0.000000 -0.085601 0.996060 0.023152 0.296642 -0.141267 -0.035136 0.989348 0.000000 0.000000 0.000000 0.000000 1.000000
0.986264 0.085128 0.141552 -0.000000 -0.085601 0.996326 -0.002759 0.296642 -0.141267 -0.009396 0.989927 0.000000 0.000000 0.000000 0.000000 1.000000
0.986264 0.089410 0.138887 -0.000000 -0.085601 0.995777 -0.033175 0.296642 -0.141267 0.020830 0.989752 0.000000 0.000000 0.000000 0.000000 1.000000
0.986264 0.092796 0.136648 0.000000 -0.085601 0.994661 -0.057634 0.296642 -0.141267 0.045145 0.988942 0.000000 0.000000 0.000000 0.000000 1.000000
0.986264 0.094613 0.135397 0.000000 -0.085601 0.993803 -0.070912 0.296642 -0.141267 0.058347 0.988251 -0.000000 0.000000 0.000000 0.000000 1.000000
0.986264 0.095245 0.134953 -0.000000 -0.085601 0.993460 -0.075562 0.296642 -0.141267 0.062972 0.987967 0.000000 0.000000 0.000000 0.000000 1.000000
0.986264 0.094871 0.135216 0.000000 -0.085601 0.993665 -0.072812 0.296642 -0.141267 0.060237 0.988137 0.000000 0.000000 0.000000 0.000000 1.000000
0.986264 0.093652 0.136063 0.000000 -0.085601 0.994280 -0.063878 0.296642 -0.141267 0.051353 0.988639 0.000000 0.000000 0.000000 0.000000 1.000000
0.986264 0.091741 0.137359 -0.000000 -0.085601 0.995076 -0.049970 0.296642 -0.141267 0.037526 0.989260 0.000000 0.000000 0.000000 0.000000 1.000000
0.986264 0.089288 0.138966 -0.000000 -0.085601 0.995806 -0.032303 0.296642 -0.141267 0.019963 0.989770 0.000000 0.000000 0.000000 0.000000 1.000000
0.986264 0.086451 0.140748 -0.000000 -0.085601 0.996256 -0.012096 0.296642 -0.141267 -0.000119 0.989972 0.000000 0.000000 0.000000 0.000000 1.000000
0.986264 0.083391 0.142583 0.000000 -0.085601 0.996285 0.009423 0.296642 -0.141267 -0.021499 0.989738 0.000000 0.000000 0.000000 0.000000 1.000000
0.986264 0.080280 0.144357 -0.000000 -0.085601 0.995846 0.031022 0.296642 -0.141267 -0.042953 0.989039 0.000000 0.000000 0.000000 0.000000 1.000000
0.986264 0.077298 0.145975 0.000000 -0.085601 0.994999 0.051470 0.296642 -0.141267 -0.063258 0.987948 0.000000 0.000000 0.000000 0.000000 1.000000
0.986264 0.074633 0.147356 0.000000 -0.085601 0.993900 0.069541 0.296642 -0.141267 -0.081199 0.986636 0.000000 0.000000 0.000000 0.000000 1.000000
0.986264 0.072478 0.148428 -0.000000 -0.085601 0.992781 0.084018 0.296642 -0.141267 -0.095570 0.985348 0.000000 0.000000 0.000000 0.000000 1.000000
0.986264 0.070706 0.149280 -0.000000 -0.085601 0.991710 0.095830 0.296642 -0.141267 -0.107292 0.984140 -0.000000 0.000000 0.000000 0.000000 1.000000
0.986264 0.069015 0.150069 -0.000000 -0.085601 0.990564 0.107027 0.296642 -0.141267 -0.118403 0.982865 0.000000 0.000000 0.000000 0.000000 1.000000
0.986264 0.067334 0.150831 0.000000 -0.085601 0.989307 0.118084 0.296642 -0.141267 -0.129373 0.981482 0.000000 0.000000 0.000000 0.000000 1.000000
0.986264 0.065593 0.151596 -0.000000 -0.085601 0.987881 0.129471 0.296642 -0.141267 -0.140669 0.979926 -0.000000 0.000000 0.000000 0.000000 1.000000
0.986264 0.063716 0.152395 -0.000000 -0.085601 0.986208 0.141658 0.296642 -0.141267 -0.152757 0.978115 -0.000000 0.000000 0.000000 0.000000 1.000000
0.986264 0.061629 0.153250 -0.000000 -0.085601 0.984182 0.155110 0.296642 -0.141267 -0.166097 0.975938 0.000000 0.000000 0.000000 0.000000 1.000000
0.986264 0.059256 0.154184 -0.000000 -0.085601 0.981670 0.170284 0.296642 -0.141267 -0.181144 0.973258 0.000000 0.000000 0.000000 0.000000 1.000000
0.986264 0.056518 0.155208 0.000000 -0.085601 0.978502 0.187634 0.296642 -0.141267 -0.198342 0.969899 -0.000000 0.000000 0.000000 0.000000 1.000000
0.986264 0.056255 0.155304 0.000000 -0.085601 0.978183 0.189288 0.296642 -0.141267 -0.199982 0.969562 0.000000 0.000000 0.000000 0.000000 1.000000
0.986264 0.060128 0.153846 0.000000 -0.085601 0.982618 0.164727 0.296642 -0.141267 -0.175633 0.974267 -0.000000 0.000000 0.000000 0.000000 1.000000
0.986264 0.066232 0.151318 0.000000 -0.085601 0.988420 0.125296 0.296642 -0.141267 -0.136528 0.980512 0.000000 0.000000 0.000000 0.000000 1.000000
0.986264 0.072701 0.148319 0.000000 -0.085601 0.992906 0.082522 0.296642 -0.141267 -0.094084 0.985491 -0.000000 0.000000 0.000000 0.000000 1.000000
0.986264 0.077781 0.145719 -0.000000 -0.085601 0.995164 0.048177 0.296642 -0.141267 -0.059989 0.988152 0.000000 0.000000 0.000000 0.000000 1.000000
0.986264 0.079833 0.144605 -0.000000 -0.085601 0.995746 0.034106 0.296642 -0.141267 -0.046016 0.988902 -0.000000 0.000000 0.000000 0.000000 1.000000</float_array><technique_common><accessor source="#jnt_head-Matrix-animation-output-transform-array" count="31" stride="16"><param type="float4x4"/></accessor></technique_common></source><source id="jnt_head-Interpolations"><Name_array id="jnt_head-Interpolations-array" count="31">
 LINEAR LINEAR LINEAR LINEAR LINEAR LINEAR LINEAR LINEAR LINEAR LINEAR LINEAR
LINEAR LINEAR LINEAR LINEAR LINEAR LINEAR LINEAR LINEAR LINEAR LINEAR LINEAR LINEAR
LINEAR LINEAR LINEAR LINEAR LINEAR LINEAR LINEAR LINEAR</Name_array><technique_common><accessor source="#jnt_head-Interpolations-array" count="31"><param type="name"/></accessor></technique_common></source><sampler id="jnt_head-Matrix-animation-transform"><input semantic="INPUT" source="#jnt_head-Matrix-animation-input"/><input semantic="OUTPUT" source="#jnt_head-Matrix-animation-output-transform"/><input semantic="INTERPOLATION" source="#jnt_head-Interpolations"/></sampler><channel source="#jnt_head-Matrix-animation-transform" target="jnt_head/matrix"/></animation></animation>
    <animation id="jnt_06_upperleg-anim" name="jnt_06_upperleg"><animation><source id="jnt_06_upperleg-Matrix-animation-input"><float_array id="jnt_06_upperleg-Matrix-animation-input-array" count="31">

0.000000 0.033333 0.066667 0.100000 0.133333 0.166667 0.200000 0.233333 0.266667 0.300000 0.333333 0.366667 0.400000 0.433333 0.466667 0.500000
0.533333 0.566667 0.600000 0.633333 0.666667 0.700000 0.733333 0.766667 0.800000 0.833333 0.866667 0.900000 0.933333 0.966667 1.000000</float_array><technique_common><accessor source="#jnt_06_upperleg-Matrix-animation-input-array" count="31"><param name="TIME" type="float"/></accessor></technique_common></source><source id="jnt_06_upperleg-Matrix-animation-output-transform"><float_array id="jnt_06_upperleg-Matrix-animation-output-transform-array" count="496">

0.539318 -0.235668 -0.808453 0.236446 0.155404 0.971406 -0.179500 0.000000 0.827639 -0.028829 0.560520 0.409537 0.000000 0.000000 0.000000 1.000000
0.532283 -0.253264 -0.807795 0.236446 0.187021 0.965804 -0.179570 0.000000 0.825650 -0.055493 0.561447 0.409537 0.000000 0.000000 0.000000 1.000000
0.513612 -0.293405 -0.806298 0.236446 0.259851 0.948776 -0.179727 -0.000000 0.817729 -0.117208 0.563544 0.409537 0.000000 0.000000 0.000000 1.000000
0.486710 -0.340423 -0.804503 0.236446 0.346532 0.920623 -0.179913 0.000000 0.801891 -0.191220 0.566044 0.409537 0.000000 0.000000 0.000000 1.000000
0.458129 -0.381230 -0.802983 0.236446 0.423271 0.887928 -0.180069 -0.000000 0.781639 -0.257385 0.568150 0.409537 0.000000 0.000000 0.000000 1.000000
0.437994 -0.405477 -0.802340 0.236446 0.469974 0.864104 -0.180134 -0.000000 0.766346 -0.298181 0.569036 0.409537 0.000000 0.000000 0.000000 1.000000
0.446878 -0.391611 -0.804326 0.236446 0.444944 0.877297 -0.179931 -0.000000 0.776096 -0.277473 0.566289 0.409537 0.000000 0.000000 0.000000 1.000000
0.483954 -0.332507 -0.809461 0.236446 0.335376 0.924847 -0.179392 -0.000000 0.808277 -0.184656 0.559098 0.409537 0.000000 0.000000 0.000000 1.000000
0.525902 -0.238440 -0.816440 0.236446 0.162652 0.970380 -0.178626 0.000000 0.834848 -0.038856 0.549107 0.409537 0.000000 0.000000 0.000000 1.000000
0.555190 -0.112518 -0.824077 0.236446 -0.064817 0.981940 -0.177741 0.000000 0.829194 0.152094 0.537870 0.409537 0.000000 0.000000 0.000000 1.000000
0.553152 0.052136 -0.831448 0.236446 -0.352421 0.918982 -0.176837 0.000000 0.754866 0.390837 0.526710 0.409537 0.000000 0.000000 0.000000 1.000000
0.543725 0.103344 -0.832877 0.236446 -0.438123 0.881386 -0.176655 0.000000 0.715829 0.460955 0.524509 0.409537 0.000000 0.000000 0.000000 1.000000
0.560598 -0.052086 -0.826449 0.236446 -0.171573 0.969057 -0.177455 0.000000 0.810119 0.241277 0.534315 0.409537 0.000000 0.000000 0.000000 1.000000
0.534155 -0.219590 -0.816369 0.236446 0.128033 0.975550 -0.178634 0.000000 0.835635 -0.009104 0.549209 0.409537 0.000000 0.000000 0.000000 1.000000
0.492139 -0.323417 -0.808209 0.236446 0.317148 0.931229 -0.179526 -0.000000 0.810689 -0.167970 0.560865 0.409537 0.000000 0.000000 0.000000 1.000000
0.468372 -0.366270 -0.804036 0.236446 0.395420 0.900698 -0.179961 -0.000000 0.790108 -0.233643 0.566692 0.409537 0.000000 0.000000 0.000000 1.000000
0.447388 -0.398868 -0.800468 0.236446 0.454887 0.872102 -0.180323 -0.000000 0.770014 -0.283448 0.571608 0.409537 0.000000 0.000000 0.000000 1.000000
0.422493 -0.432529 -0.796504 0.236446 0.516313 0.837116 -0.180713 0.000000 0.744930 -0.334895 0.576996 0.409537 0.000000 0.000000 0.000000 1.000000
0.459118 -0.384650 -0.800784 0.236446 0.427650 0.885782 -0.180291 0.000000 0.778669 -0.259681 0.571174 0.409537 0.000000 0.000000 0.000000 1.000000
0.539743 -0.214849 -0.813952 0.236446 0.118968 0.976647 -0.178904 0.000000 0.833381 -0.000272 0.552699 0.409537 0.000000 0.000000 0.000000 1.000000
0.565168 -0.017395 -0.824793 0.236446 -0.229815 0.956882 -0.177655 0.000000 0.792320 0.289954 0.536801 0.409537 0.000000 0.000000 0.000000 1.000000
0.565012 -0.003196 -0.825076 0.236446 -0.253998 0.950755 -0.177621 0.000000 0.785013 0.309926 0.536377 0.409537 0.000000 0.000000 0.000000 1.000000
0.559059 -0.136045 -0.817891 0.236446 -0.021705 0.983707 -0.178462 0.000000 0.828844 0.117523 0.546997 0.409537 0.000000 0.000000 0.000000 1.000000
0.526529 -0.260542 -0.809250 0.236446 0.200800 0.963063 -0.179415 0.000000 0.826104 -0.068030 0.559397 0.409537 0.000000 0.000000 0.000000 1.000000
0.484299 -0.350786 -0.801501 0.236446 0.363706 0.913914 -0.180219 -0.000000 0.795721 -0.204231 0.570191 0.409537 0.000000 0.000000 0.000000 1.000000
0.458603 -0.392846 -0.797091 0.236446 0.439661 0.879808 -0.180656 -0.000000 0.772257 -0.267601 0.576202 0.409537 0.000000 0.000000 0.000000 1.000000
0.453927 -0.400803 -0.795806 0.236446 0.453606 0.872674 -0.180780 -0.000000 0.766937 -0.278922 0.577937 0.409537 0.000000 0.000000 0.000000 1.000000
0.466728 -0.383198 -0.797072 0.236446 0.421202 0.888792 -0.180658 -0.000000 0.777659 -0.251410 0.576228 0.409537 0.000000 0.000000 0.000000 1.000000
0.490053 -0.345902 -0.800125 0.236446 0.353429 0.917910 -0.180357 0.000000 0.796829 -0.194403 0.572076 0.409537 0.000000 0.000000 0.000000 1.000000
0.516327 -0.294495 -0.804164 0.236446 0.260725 0.948494 -0.179948 0.000000 0.815738 -0.116753 0.566515 0.409537 0.000000 0.000000 0.000000 1.000000
0.539318 -0.235668 -0.808453 0.236446 0.155404 0.971406 -0.179500 0.000000 0.827639 -0.028829 0.560520 0.409537 0.000000 0.000000 0.000000 1.000000</float_array><technique_common><accessor source="#jnt_06_upperleg-Matrix-animation-output-transform-array" count="31" stride="16"><param type="float4x4"/></accessor></technique_common></source><source id="jnt_06_upperleg-Interpolations"><Name_array id="jnt_06_upperleg-Interpolations-array" count="31">
 LINEAR LINEAR LINEAR LINEAR LINEAR LINEAR LINEAR LINEAR LINEAR LINEAR LINEAR
LINEAR LINEAR LINEAR LINEAR LINEAR LINEAR LINEAR LINEAR LINEAR LINEAR LINEAR LINEAR
LINEAR LINEAR LINEAR LINEAR LINEAR LINEAR LINEAR LINEAR</Name_array><technique_common><accessor source="#jnt_06_upperleg-Interpolations-array" count="31"><param type="name"/></accessor></technique_common></source><sampler id="jnt_06_upperleg-Matrix-animation-transform"><input semantic="INPUT" source="#jnt_06_upperleg-Matrix-animation-input"/><input semantic="OUTPUT" source="#jnt_06_upperleg-Matrix-animation-output-transform"/><input semantic="INTERPOLATION" source="#jnt_06_upperleg-Interpolations"/></sampler><channel source="#jnt_06_upperleg-Matrix-animation-transform" target="jnt_06_upperleg/matrix"/></animation></animation>
    <animation id="jnt_06_lowerleg-anim" name="jnt_06_lowerleg"><animation><source id="jnt_06_lowerleg-Matrix-animation-input"><float_array id="jnt_06_lowerleg-Matrix-animation-input-array" count="31">

0.000000 0.033333 0.066667 0.100000 0.133333 0.166667 0.200000 0.233333 0.266667 0.300000 0.333333 0.366667 0.400000 0.433333 0.466667 0.500000
0.533333 0.566667 0.600000 0.633333 0.666667 0.700000 0.733333 0.766667 0.800000 0.833333 0.866667 0.900000 0.933333 0.966667 1.000000</float_array><technique_common><accessor source="#jnt_06_lowerleg-Matrix-animation-input-array" count="31"><param name="TIME" type="float"/></accessor></technique_common></source><source id="jnt_06_lowerleg-Matrix-animation-output-transform"><float_array id="jnt_06_lowerleg-Matrix-animation-output-transform-array" count="496">

0.355252 0.934771 -0.000000 1.972000 -0.934771 0.355252 -0.000000 -0.000000 0.000000 0.000000 1.000000 0.000000 0.000000 0.000000 0.000000 1.000000
0.319301 0.947653 -0.000000 1.972000 -0.947653 0.319301 0.000000 -0.000000 -0.000000 0.000000 1.000000 0.000000 0.000000 0.000000 0.000000 1.000000
0.237671 0.971346 -0.000000 1.972000 -0.971346 0.237671 -0.000000 -0.000000 0.000000 -0.000000 1.000000 -0.000000 0.000000 0.000000 0.000000 1.000000
0.143199 0.989694 -0.000000 1.972000 -0.989694 0.143199 -0.000000 -0.000000 0.000000 0.000000 1.000000 -0.000000 0.000000 0.000000 0.000000 1.000000
0.061295 0.998120 0.000000 1.972000 -0.998120 0.061295 -0.000000 -0.000000 0.000000 0.000000 1.000000 -0.000000 0.000000 0.000000 0.000000 1.000000
0.010504 0.999945 0.000000 1.972000 -0.999945 0.010504 0.000000 -0.000000 0.000000 0.000000 1.000000 0.000000 0.000000 0.000000 0.000000 1.000000
0.027131 0.999632 0.000000 1.972000 -0.999632 0.027131 -0.000000 -0.000000 0.000000 0.000000 1.000000 -0.000000 0.000000 0.000000 0.000000 1.000000
0.124075 0.992273 -0.000000 1.972000 -0.992273 0.124075 -0.000000 -0.000000 0.000000 0.000000 1.000000 0.000000 0.000000 0.000000 0.000000 1.000000
0.289432 0.957199 0.000000 1.972000 -0.957199 0.289432 -0.000000 -0.000000 -0.000000 0.000000 1.000000 -0.000000 0.000000 0.000000 0.000000 1.000000
0.523484 0.852036 -0.000000 1.972000 -0.852036 0.523484 0.000000 -0.000000 0.000000 0.000000 1.000000 0.000000 0.000000 0.000000 0.000000 1.000000
0.815488 0.578774 0.000000 1.972000 -0.578774 0.815488 -0.000000 -0.000000 -0.000000 -0.000000 1.000000 0.000000 0.000000 0.000000 0.000000 1.000000
0.891408 0.453203 0.000000 1.972000 -0.453203 0.891408 0.000000 -0.000000 -0.000000 -0.000000 1.000000 0.000000 0.000000 0.000000 0.000000 1.000000
0.640220 0.768192 0.000000 1.972000 -0.768192 0.640220 0.000000 -0.000000 -0.000000 0.000000 1.000000 0.000000 0.000000 0.000000 0.000000 1.000000
0.333156 0.942872 -0.000000 1.972000 -0.942872 0.333156 -0.000000 -0.000000 0.000000 0.000000 1.000000 0.000000 0.000000 0.000000 0.000000 1.000000
0.154466 0.987998 -0.000000 1.972000 -0.987998 0.154466 0.000000 -0.000000 0.000000 -0.000000 1.000000 -0.000000 0.000000 0.000000 0.000000 1.000000
0.088274 0.996096 0.000000 1.972000 -0.996096 0.088274 0.000000 -0.000000 -0.000000 -0.000000 1.000000 -0.000000 0.000000 0.000000 0.000000 1.000000
0.041885 0.999122 -0.000000 1.972000 -0.999122 0.041885 0.000000 -0.000000 -0.000000 -0.000000 1.000000 0.000000 0.000000 0.000000 0.000000 1.000000
-0.002963 0.999996 0.000000 1.972000 -0.999996 -0.002963 0.000000 -0.000000 0.000000 -0.000000 1.000000 -0.000000 0.000000 0.000000 0.000000 1.000000
0.072687 0.997355 0.000000 1.972000 -0.997355 0.072687 -0.000000 -0.000000 0.000000 -0.000000 1.000000 -0.000000 0.000000 0.000000 0.000000 1.000000
0.361879 0.932225 -0.000000 1.972000 -0.932225 0.361879 0.000000 -0.000000 -0.000000 -0.000000 1.000000 0.000000 0.000000 0.000000 0.000000 1.000000
0.724720 0.689043 -0.000000 1.972000 -0.689043 0.724720 -0.000000 -0.000000 0.000000 0.000000 1.000000 0.000000 0.000000 0.000000 0.000000 1.000000
0.752143 0.659000 0.000000 1.972000 -0.659000 0.752143 0.000000 -0.000000 -0.000000 0.000000 1.000000 -0.000000 0.000000 0.000000 0.000000 1.000000
0.515871 0.856666 -0.000000 1.972000 -0.856666 0.515871 0.000000 -0.000000 0.000000 -0.000000 1.000000 0.000000 0.000000 0.000000 0.000000 1.000000
0.294750 0.955575 -0.000000 1.972000 -0.955575 0.294750 0.000000 -0.000000 0.000000 -0.000000 1.000000 -0.000000 0.000000 0.000000 0.000000 1.000000
0.149382 0.988780 0.000000 1.972000 -0.988780 0.149382 0.000000 -0.000000 0.000000 0.000000 1.000000 0.000000 0.000000 0.000000 0.000000 1.000000
0.089974 0.995944 -0.000000 1.972000 -0.995944 0.089974 0.000000 -0.000000 -0.000000 0.000000 1.000000 0.000000 0.000000 0.000000 0.000000 1.000000
0.082436 0.996596 0.000000 1.972000 -0.996596 0.082436 0.000000 -0.000000 0.000000 0.000000 1.000000 0.000000 0.000000 0.000000 0.000000 1.000000
0.111284 0.993789 -0.000000 1.972000 -0.993789 0.111284 -0.000000 -0.000000 0.000000 -0.000000 1.000000 -0.000000 0.000000 0.000000 0.000000 1.000000
0.170159 0.985417 0.000000 1.972000 -0.985417 0.170159 0.000000 -0.000000 -0.000000 -0.000000 1.000000 0.000000 0.000000 0.000000 0.000000 1.000000
0.254298 0.967126 0.000000 1.972000 -0.967126 0.254298 -0.000000 -0.000000 -0.000000 -0.000000 1.000000 0.000000 0.000000 0.000000 0.000000 1.000000
0.355252 0.934771 -0.000000 1.972000 -0.934771 0.355252 -0.000000 -0.000000 0.000000 0.000000 1.000000 0.000000 0.000000 0.000000 0.000000 1.000000</float_array><technique_common><accessor source="#jnt_06_lowerleg-Matrix-animation-output-transform-array" count="31" stride="16"><param type="float4x4"/></accessor></technique_common></source><source id="jnt_06_lowerleg-Interpolations"><Name_array id="jnt_06_lowerleg-Interpolations-array" count="31">
 LINEAR LINEAR LINEAR LINEAR LINEAR LINEAR LINEAR LINEAR LINEAR LINEAR LINEAR
LINEAR LINEAR LINEAR LINEAR LINEAR LINEAR LINEAR LINEAR LINEAR LINEAR LINEAR LINEAR
LINEAR LINEAR LINEAR LINEAR LINEAR LINEAR LINEAR LINEAR</Name_array><technique_common><accessor source="#jnt_06_lowerleg-Interpolations-array" count="31"><param type="name"/></accessor></technique_common></source><sampler id="jnt_06_lowerleg-Matrix-animation-transform"><input semantic="INPUT" source="#jnt_06_lowerleg-Matrix-animation-input"/><input semantic="OUTPUT" source="#jnt_06_lowerleg-Matrix-animation-output-transform"/><input semantic="INTERPOLATION" source="#jnt_06_lowerleg-Interpolations"/></sampler><channel source="#jnt_06_lowerleg-Matrix-animation-transform" target="jnt_06_lowerleg/matrix"/></animation></animation>
    <animation id="jnt_06_legend-anim" name="jnt_06_legend"><animation><source id="jnt_06_legend-Matrix-animation-input"><float_array id="jnt_06_legend-Matrix-animation-input-array" count="31">

0.000000 0.033333 0.066667 0.100000 0.133333 0.166667 0.200000 0.233333 0.266667 0.300000 0.333333 0.366667 0.400000 0.433333 0.466667 0.500000
0.533333 0.566667 0.600000 0.633333 0.666667 0.700000 0.733333 0.766667 0.800000 0.833333 0.866667 0.900000 0.933333 0.966667 1.000000</float_array><technique_common><accessor source="#jnt_06_legend-Matrix-animation-input-array" count="31"><param name="TIME" type="float"/></accessor></technique_common></source><source id="jnt_06_legend-Matrix-animation-output-transform"><float_array id="jnt_06_legend-Matrix-animation-output-transform-array" count="496">

