<?xml version="1.0" encoding="utf-8"?>
<COLLADA xmlns="http://www.collada.org/2005/11/COLLADASchema" version="1.4.1">
  <asset><contributor><author></author><authoring_tool>FBX COLLADA exporter</authoring_tool><comments></comments></contributor><created>2019-12-02T10:03:04Z</created><keywords></keywords><modified>2019-12-02T10:03:04Z</modified><revision></revision><subject></subject><title></title><unit meter="0.010000" name="centimeter"></unit><up_axis>Y_UP</up_axis></asset>
  <library_animations>
    <animation id="root_jnt-anim" name="root_jnt"><animation><source id="root_jnt-Matrix-animation-input"><float_array id="root_jnt-Matrix-animation-input-array" count="21">

0.000000 0.033333 0.066667 0.100000 0.133333 0.166667 0.200000 0.233333 0.266667 0.300000 0.333333 0.366667 0.400000 0.433333 0.466667 0.500000
0.533333 0.566667 0.600000 0.633333 0.666667</float_array><technique_common><accessor source="#root_jnt-Matrix-animation-input-array" count="21"><param name="TIME" type="float"/></accessor></technique_common></source><source id="root_jnt-Matrix-animation-output-transform"><float_array id="root_jnt-Matrix-animation-output-transform-array" count="336">

0.996050 0.076835 0.044511 -0.009139 -0.078774 0.995939 0.043580 1.837361 -0.040982 -0.046915 0.998058 0.141395 0.000000 0.000000 0.000000 1.000000
0.996050 0.076835 0.044511 -0.008865 -0.078774 0.995939 0.043580 1.790285 -0.040982 -0.046915 0.998058 0.141395 0.000000 0.000000 0.000000 1.000000
0.996050 0.076835 0.044511 -0.008517 -0.078774 0.995939 0.043580 1.730335 -0.040982 -0.046915 0.998058 0.141395 0.000000 0.000000 0.000000 1.000000
0.996050 0.076835 0.044511 -0.008207 -0.078774 0.995939 0.043580 1.677088 -0.040982 -0.046915 0.998058 0.141395 0.000000 0.000000 0.000000 1.000000
0.996050 0.076835 0.044511 -0.008051 -0.078774 0.995939 0.043580 1.650119 -0.040982 -0.046915 0.998058 0.141395 0.000000 0.000000 0.000000 1.000000
0.996050 0.076835 0.044511 -0.008030 -0.078774 0.995939 0.043580 1.646645 -0.040982 -0.046915 0.998058 0.141395 0.000000 0.000000 0.000000 1.000000
0.996050 0.076835 0.044511 -0.008055 -0.078774 0.995939 0.043580 1.650837 -0.040982 -0.046915 0.998058 0.141395 0.000000 0.000000 0.000000 1.000000
0.996050 0.076835 0.044511 -0.008124 -0.078774 0.995939 0.043580 1.662702 -0.040982 -0.046915 0.998058 0.141395 0.000000 0.000000 0.000000 1.000000
0.996050 0.076835 0.044511 -0.008237 -0.078774 0.995939 0.043580 1.682247 -0.040982 -0.046915 0.998058 0.141395 0.000000 0.000000 0.000000 1.000000
0.996050 0.076835 0.044511 -0.008396 -0.078774 0.995939 0.043580 1.709478 -0.040982 -0.046915 0.998058 0.141395 0.000000 0.000000 0.000000 1.000000
0.996050 0.076835 0.044511 -0.008599 -0.078774 0.995939 0.043580 1.744403 -0.040982 -0.046915 0.998058 0.141395 0.000000 0.000000 0.000000 1.000000
0.996050 0.076835 0.044511 -0.008846 -0.078774 0.995939 0.043580 1.787029 -0.040982 -0.046915 0.998058 0.141395 0.000000 0.000000 0.000000 1.000000
0.996050 0.076835 0.044511 -0.009139 -0.078774 0.995939 0.043580 1.837361 -0.040982 -0.046915 0.998058 0.141395 0.000000 0.000000 0.000000 1.000000
0.996050 0.076835 0.044511 -0.009402 -0.078774 0.995939 0.043580 1.882566 -0.040982 -0.046915 0.998058 0.141395 0.000000 0.000000 0.000000 1.000000
0.996050 0.076835 0.044511 -0.009567 -0.078774 0.995939 0.043580 1.911067 -0.040982 -0.046915 0.998058 0.141395 0.000000 0.000000 0.000000 1.000000
0.996050 0.076835 0.044511 -0.009647 -0.078774 0.995939 0.043580 1.924758 -0.040982 -0.046915 0.998058 0.141395 0.000000 0.000000 0.000000 1.000000
0.996050 0.076835 0.044511 -0.009651 -0.078774 0.995939 0.043580 1.925534 -0.040982 -0.046915 0.998058 0.141395 0.000000 0.000000 0.000000 1.000000
0.996050 0.076835 0.044511 -0.009592 -0.078774 0.995939 0.043580 1.915288 -0.040982 -0.046915 0.998058 0.141395 0.000000 0.000000 0.000000 1.000000
0.996050 0.076835 0.044511 -0.009479 -0.078774 0.995939 0.043580 1.895914 -0.040982 -0.046915 0.998058 0.141395 0.000000 0.000000 0.000000 1.000000
0.996050 0.076835 0.044511 -0.009324 -0.078774 0.995939 0.043580 1.869307 -0.040982 -0.046915 0.998058 0.141395 0.000000 0.000000 0.000000 1.000000
0.996050 0.076835 0.044511 -0.009139 -0.078774 0.995939 0.043580 1.837361 -0.040982 -0.046915 0.998058 0.141395 0.000000 0.000000 0.000000 1.000000</float_array><technique_common><accessor source="#root_jnt-Matrix-animation-output-transform-array" count="21" stride="16"><param type="float4x4"/></accessor></technique_common></source><source id="root_jnt-Interpolations"><Name_array id="root_jnt-Interpolations-array" count="21">
 LINEAR LINEAR LINEAR LINEAR LINEAR LINEAR LINEAR LINEAR LINEAR LINEAR LINEAR
LINEAR LINEAR LINEAR LINEAR LINEAR LINEAR LINEAR LINEAR LINEAR LINEAR</Name_array><technique_common><accessor source="#root_jnt-Interpolations-array" count="21"><param type="name"/></accessor></technique_common></source><sampler id="root_jnt-Matrix-animation-transform"><input semantic="INPUT" source="#root_jnt-Matrix-animation-input"/><input semantic="OUTPUT" source="#root_jnt-Matrix-animation-output-transform"/><input semantic="INTERPOLATION" source="#root_jnt-Interpolations"/></sampler><channel source="#root_jnt-Matrix-animation-transform" target="root_jnt/matrix"/></animation></animation>
    <animation id="jnt_spine1-anim" name="jnt_spine1"><animation><source id="jnt_spine1-Matrix-animation-input"><float_array id="jnt_spine1-Matrix-animation-input-array" count="21">

0.000000 0.033333 0.066667 0.100000 0.133333 0.166667 0.200000 0.233333 0.266667 0.300000 0.333333 0.366667 0.400000 0.433333 0.466667 0.500000
0.533333 0.566667 0.600000 0.633333 0.666667</float_array><technique_common><accessor source="#jnt_spine1-Matrix-animation-input-array" count="21"><param name="TIME" type="float"/></accessor></technique_common></source><source id="jnt_spine1-Matrix-animation-output-transform"><float_array id="jnt_spine1-Matrix-animation-output-transform-array" count="336">

0.995345 -0.089930 -0.034640 0.000000 0.085639 0.990232 -0.110032 0.479000 0.044197 0.106553 0.993324 0.000000 0.000000 0.000000 0.000000 1.000000
0.995345 -0.090018 -0.034410 0.000000 0.085639 0.989947 -0.112561 0.479000 0.044197 0.109090 0.993049 0.000000 0.000000 0.000000 0.000000 1.000000
0.995345 -0.090255 -0.033785 0.000000 0.085639 0.989143 -0.119422 0.479000 0.044197 0.115973 0.992269 0.000000 0.000000 0.000000 0.000000 1.000000
0.995345 -0.090595 -0.032861 0.000000 0.085639 0.987871 -0.129522 0.479000 0.044197 0.126105 0.991032 0.000000 0.000000 0.000000 0.000000 1.000000
0.995345 -0.090996 -0.031735 0.000000 0.085639 0.986189 -0.141768 0.479000 0.044197 0.138390 0.989391 0.000000 0.000000 0.000000 0.000000 1.000000
0.995345 -0.091416 -0.030503 -0.000000 0.085639 0.984185 -0.155070 0.479000 0.044197 0.151736 0.987432 0.000000 0.000000 0.000000 0.000000 1.000000
0.995345 -0.091820 -0.029266 0.000000 0.085639 0.982001 -0.168343 0.479000 0.044197 0.165053 0.985294 0.000000 0.000000 0.000000 0.000000 1.000000
0.995345 -0.092176 -0.028125 0.000000 0.085639 0.979837 -0.180513 0.479000 0.044197 0.177265 0.983170 0.000000 0.000000 0.000000 0.000000 1.000000
0.995345 -0.092458 -0.027182 -0.000000 0.085639 0.977942 -0.190515 0.479000 0.044197 0.187301 0.981308 0.000000 0.000000 0.000000 0.000000 1.000000
0.995345 -0.092644 -0.026540 0.000000 0.085639 0.976597 -0.197291 0.479000 0.044197 0.194100 0.979986 0.000000 0.000000 0.000000 0.000000 1.000000
0.995345 -0.092712 -0.026303 0.000000 0.085639 0.976090 -0.199785 0.479000 0.044197 0.196602 0.979487 0.000000 0.000000 0.000000 0.000000 1.000000
0.995345 -0.092532 -0.026929 -0.000000 0.085639 0.977418 -0.193184 0.479000 0.044197 0.189979 0.980793 0.000000 0.000000 0.000000 0.000000 1.000000
0.995345 -0.092064 -0.028488 0.000000 0.085639 0.980542 -0.176645 0.479000 0.044197 0.173383 0.983862 0.000000 0.000000 0.000000 0.000000 1.000000
0.995345 -0.091416 -0.030503 0.000000 0.085639 0.984185 -0.155070 0.479000 0.044197 0.151736 0.987432 0.000000 0.000000 0.000000 0.000000 1.000000
0.995345 -0.090724 -0.032503 -0.000000 0.085639 0.987353 -0.133419 0.479000 0.044197 0.130015 0.990527 0.000000 0.000000 0.000000 0.000000 1.000000
0.995345 -0.090162 -0.034031 0.000000 0.085639 0.989466 -0.116721 0.479000 0.044197 0.113263 0.992582 0.000000 0.000000 0.000000 0.000000 1.000000
0.995345 -0.089930 -0.034640 0.000000 0.085639 0.990232 -0.110032 0.479000 0.044197 0.106553 0.993324 0.000000 0.000000 0.000000 0.000000 1.000000
0.995345 -0.089930 -0.034640 -0.000000 0.085639 0.990232 -0.110032 0.479000 0.044197 0.106553 0.993324 0.000000 0.000000 0.000000 0.000000 1.000000
0.995345 -0.089930 -0.034640 0.000000 0.085639 0.990232 -0.110032 0.479000 0.044197 0.106553 0.993324 0.000000 0.000000 0.000000 0.000000 1.000000
0.995345 -0.089930 -0.034640 0.000000 0.085639 0.990232 -0.110032 0.479000 0.044197 0.106553 0.993324 0.000000 0.000000 0.000000 0.000000 1.000000
0.995345 -0.089930 -0.034640 0.000000 0.085639 0.990232 -0.110032 0.479000 0.044197 0.106553 0.993324 0.000000 0.000000 0.000000 0.000000 1.000000</float_array><technique_common><accessor source="#jnt_spine1-Matrix-animation-output-transform-array" count="21" stride="16"><param type="float4x4"/></accessor></technique_common></source><source id="jnt_spine1-Interpolations"><Name_array id="jnt_spine1-Interpolations-array" count="21">
 LINEAR LINEAR LINEAR LINEAR LINEAR LINEAR LINEAR LINEAR LINEAR LINEAR LINEAR
LINEAR LINEAR LINEAR LINEAR LINEAR LINEAR LINEAR LINEAR LINEAR LINEAR</Name_array><technique_common><accessor source="#jnt_spine1-Interpolations-array" count="21"><param type="name"/></accessor></technique_common></source><sampler id="jnt_spine1-Matrix-animation-transform"><input semantic="INPUT" source="#jnt_spine1-Matrix-animation-input"/><input semantic="OUTPUT" source="#jnt_spine1-Matrix-animation-output-transform"/><input semantic="INTERPOLATION" source="#jnt_spine1-Interpolations"/></sampler><channel source="#jnt_spine1-Matrix-animation-transform" target="jnt_spine1/matrix"/></animation></animation>
    <animation id="jnt_spine2-anim" name="jnt_spine2"><animation><source id="jnt_spine2-Matrix-animation-input"><float_array id="jnt_spine2-Matrix-animation-input-array" count="21">

0.000000 0.033333 0.066667 0.100000 0.133333 0.166667 0.200000 0.233333 0.266667 0.300000 0.333333 0.366667 0.400000 0.433333 0.466667 0.500000
0.533333 0.566667 0.600000 0.633333 0.666667</float_array><technique_common><accessor source="#jnt_spine2-Matrix-animation-input-array" count="21"><param name="TIME" type="float"/></accessor></technique_common></source><source id="jnt_spine2-Matrix-animation-output-transform"><float_array id="jnt_spine2-Matrix-animation-output-transform-array" count="336">

1.000000 0.000000 0.000000 0.000000 -0.000000 1.000000 -0.000000 0.449000 -0.000000 0.000000 1.000000 -0.000000 0.000000 0.000000 0.000000 1.000000
1.000000 0.000000 0.000000 0.000000 -0.000000 1.000000 0.000000 0.449000 -0.000000 0.000000 1.000000 0.000000 0.000000 0.000000 0.000000 1.000000
1.000000 0.000000 0.000000 -0.000000 -0.000000 1.000000 0.000000 0.449000 -0.000000 -0.000000 1.000000 0.000000 0.000000 0.000000 0.000000 1.000000
1.000000 0.000000 0.000000 -0.000000 -0.000000 1.000000 -0.000000 0.449000 -0.000000 -0.000000 1.000000 -0.000000 0.000000 0.000000 0.000000 1.000000
1.000000 0.000000 0.000000 -0.000000 -0.000000 1.000000 -0.000000 0.449000 -0.000000 0.000000 1.000000 0.000000 0.000000 0.000000 0.000000 1.000000
1.000000 0.000000 0.000000 -0.000000 -0.000000 1.000000 -0.000000 0.449000 -0.000000 0.000000 1.000000 0.000000 0.000000 0.000000 0.000000 1.000000
1.000000 0.000000 0.000000 0.000000 -0.000000 1.000000 0.000000 0.449000 -0.000000 0.000000 1.000000 -0.000000 0.000000 0.000000 0.000000 1.000000
1.000000 0.000000 -0.000000 0.000000 -0.000000 1.000000 0.000000 0.449000 0.000000 0.000000 1.000000 0.000000 0.000000 0.000000 0.000000 1.000000
1.000000 0.000000 -0.000000 -0.000000 -0.000000 1.000000 -0.000000 0.449000 0.000000 0.000000 1.000000 0.000000 0.000000 0.000000 0.000000 1.000000
1.000000 0.000000 0.000000 0.000000 -0.000000 1.000000 0.000000 0.449000 -0.000000 0.000000 1.000000 0.000000 0.000000 0.000000 0.000000 1.000000
1.000000 0.000000 -0.000000 0.000000 -0.000000 1.000000 0.000000 0.449000 -0.000000 -0.000000 1.000000 0.000000 0.000000 0.000000 0.000000 1.000000
1.000000 0.000000 0.000000 -0.000000 -0.000000 1.000000 0.000000 0.449000 -0.000000 -0.000000 1.000000 0.000000 0.000000 0.000000 0.000000 1.000000
1.000000 0.000000 0.000000 0.000000 -0.000000 1.000000 -0.000000 0.449000 -0.000000 0.000000 1.000000 -0.000000 0.000000 0.000000 0.000000 1.000000
1.000000 0.000000 0.000000 -0.000000 -0.000000 1.000000 -0.000000 0.449000 -0.000000 0.000000 1.000000 0.000000 0.000000 0.000000 0.000000 1.000000
1.000000 0.000000 0.000000 0.000000 -0.000000 1.000000 -0.000000 0.449000 -0.000000 0.000000 1.000000 -0.000000 0.000000 0.000000 0.000000 1.000000
1.000000 0.000000 0.000000 0.000000 -0.000000 1.000000 0.000000 0.449000 -0.000000 0.000000 1.000000 -0.000000 0.000000 0.000000 0.000000 1.000000
1.000000 0.000000 0.000000 -0.000000 -0.000000 1.000000 -0.000000 0.449000 -0.000000 0.000000 1.000000 0.000000 0.000000 0.000000 0.000000 1.000000
1.000000 0.000000 0.000000 0.000000 -0.000000 1.000000 -0.000000 0.449000 -0.000000 0.000000 1.000000 -0.000000 0.000000 0.000000 0.000000 1.000000
1.000000 0.000000 0.000000 0.000000 -0.000000 1.000000 -0.000000 0.449000 -0.000000 0.000000 1.000000 -0.000000 0.000000 0.000000 0.000000 1.000000
1.000000 0.000000 0.000000 -0.000000 -0.000000 1.000000 -0.000000 0.449000 -0.000000 0.000000 1.000000 0.000000 0.000000 0.000000 0.000000 1.000000
1.000000 0.000000 0.000000 0.000000 -0.000000 1.000000 -0.000000 0.449000 -0.000000 0.000000 1.000000 -0.000000 0.000000 0.000000 0.000000 1.000000</float_array><technique_common><accessor source="#jnt_spine2-Matrix-animation-output-transform-array" count="21" stride="16"><param type="float4x4"/></accessor></technique_common></source><source id="jnt_spine2-Interpolations"><Name_array id="jnt_spine2-Interpolations-array" count="21">
 LINEAR LINEAR LINEAR LINEAR LINEAR LINEAR LINEAR LINEAR LINEAR LINEAR LINEAR
LINEAR LINEAR LINEAR LINEAR LINEAR LINEAR LINEAR LINEAR LINEAR LINEAR</Name_array><technique_common><accessor source="#jnt_spine2-Interpolations-array" count="21"><param type="name"/></accessor></technique_common></source><sampler id="jnt_spine2-Matrix-animation-transform"><input semantic="INPUT" source="#jnt_spine2-Matrix-animation-input"/><input semantic="OUTPUT" source="#jnt_spine2-Matrix-animation-output-transform"/><input semantic="INTERPOLATION" source="#jnt_spine2-Interpolations"/></sampler><channel source="#jnt_spine2-Matrix-animation-transform" target="jnt_spine2/matrix"/></animation></animation>
    <animation id="jnt_head-anim" name="jnt_head"><animation><source id="jnt_head-Matrix-animation-input"><float_array id="jnt_head-Matrix-animation-input-array" count="21">

0.000000 0.033333 0.066667 0.100000 0.133333 0.166667 0.200000 0.233333 0.266667 0.300000 0.333333 0.366667 0.400000 0.433333 0.466667 0.500000
0.533333 0.566667 0.600000 0.633333 0.666667</float_array><technique_common><accessor source="#jnt_head-Matrix-animation-input-array" count="21"><param name="TIME" type="float"/></accessor></technique_common></source><source id="jnt_head-Matrix-animation-output-transform"><float_array id="jnt_head-Matrix-animation-output-transform-array" count="336">

0.998767 0.020341 0.045290 0.000000 -0.022275 0.998842 0.042632 0.296642 -0.044371 -0.043589 0.998064 0.000000 0.000000 0.000000 0.000000 1.000000
0.998767 0.020409 0.045260 0.000000 -0.022275 0.998905 0.041133 0.296642 -0.044371 -0.042090 0.998128 0.000000 0.000000 0.000000 0.000000 1.000000
0.998767 0.020593 0.045176 0.000000 -0.022275 0.999065 0.037061 0.296642 -0.044371 -0.038022 0.998291 -0.000000 0.000000 0.000000 0.000000 1.000000
0.998767 0.020864 0.045052 0.000000 -0.022275 0.999269 0.031060 0.296642 -0.044371 -0.032025 0.998502 -0.000000 0.000000 0.000000 0.000000 1.000000
0.998767 0.021192 0.044898 0.000000 -0.022275 0.999469 0.023771 0.296642 -0.044371 -0.024742 0.998709 0.000000 0.000000 0.000000 0.000000 1.000000
0.998767 0.021548 0.044729 -0.000000 -0.022275 0.999626 0.015838 0.296642 -0.044371 -0.016815 0.998874 -0.000000 0.000000 0.000000 0.000000 1.000000
0.998767 0.021902 0.044556 0.000000 -0.022275 0.999721 0.007904 0.296642 -0.044371 -0.008887 0.998976 -0.000000 0.000000 0.000000 0.000000 1.000000
0.998767 0.022226 0.044395 0.000000 -0.022275 0.999752 0.000613 0.296642 -0.044371 -0.001601 0.999014 -0.000000 0.000000 0.000000 0.000000 1.000000
0.998767 0.022493 0.044261 0.000000 -0.022275 0.999737 -0.005392 0.296642 -0.044371 0.004399 0.999005 0.000000 0.000000 0.000000 0.000000 1.000000
0.998767 0.022673 0.044169 0.000000 -0.022275 0.999707 -0.009466 0.296642 -0.044371 0.008470 0.998979 0.000000 0.000000 0.000000 0.000000 1.000000
0.998767 0.022739 0.044135 0.000000 -0.022275 0.999692 -0.010967 0.296642 -0.044371 0.009970 0.998965 0.000000 0.000000 0.000000 0.000000 1.000000
0.998767 0.022673 0.044169 0.000000 -0.022275 0.999707 -0.009466 0.296642 -0.044371 0.008470 0.998979 0.000000 0.000000 0.000000 0.000000 1.000000
0.998767 0.022493 0.044261 0.000000 -0.022275 0.999737 -0.005392 0.296642 -0.044371 0.004399 0.999005 -0.000000 0.000000 0.000000 0.000000 1.000000
0.998767 0.022226 0.044395 0.000000 -0.022275 0.999752 0.000613 0.296642 -0.044371 -0.001601 0.999014 0.000000 0.000000 0.000000 0.000000 1.000000
0.998767 0.021902 0.044556 -0.000000 -0.022275 0.999721 0.007904 0.296642 -0.044371 -0.008887 0.998976 -0.000000 0.000000 0.000000 0.000000 1.000000
0.998767 0.021548 0.044729 -0.000000 -0.022275 0.999626 0.015838 0.296642 -0.044371 -0.016815 0.998874 -0.000000 0.000000 0.000000 0.000000 1.000000
0.998767 0.021192 0.044898 0.000000 -0.022275 0.999469 0.023771 0.296642 -0.044371 -0.024742 0.998709 0.000000 0.000000 0.000000 0.000000 1.000000
0.998767 0.020864 0.045052 0.000000 -0.022275 0.999269 0.031060 0.296642 -0.044371 -0.032025 0.998502 0.000000 0.000000 0.000000 0.000000 1.000000
0.998767 0.020593 0.045176 0.000000 -0.022275 0.999065 0.037061 0.296642 -0.044371 -0.038022 0.998291 -0.000000 0.000000 0.000000 0.000000 1.000000
0.998767 0.020409 0.045260 -0.000000 -0.022275 0.998905 0.041133 0.296642 -0.044371 -0.042090 0.998128 -0.000000 0.000000 0.000000 0.000000 1.000000
0.998767 0.020341 0.045290 0.000000 -0.022275 0.998842 0.042632 0.296642 -0.044371 -0.043589 0.998064 0.000000 0.000000 0.000000 0.000000 1.000000</float_array><technique_common><accessor source="#jnt_head-Matrix-animation-output-transform-array" count="21" stride="16"><param type="float4x4"/></accessor></technique_common></source><source id="jnt_head-Interpolations"><Name_array id="jnt_head-Interpolations-array" count="21">
 LINEAR LINEAR LINEAR LINEAR LINEAR LINEAR LINEAR LINEAR LINEAR LINEAR LINEAR
LINEAR LINEAR LINEAR LINEAR LINEAR LINEAR LINEAR LINEAR LINEAR LINEAR</Name_array><technique_common><accessor source="#jnt_head-Interpolations-array" count="21"><param type="name"/></accessor></technique_common></source><sampler id="jnt_head-Matrix-animation-transform"><input semantic="INPUT" source="#jnt_head-Matrix-animation-input"/><input semantic="OUTPUT" source="#jnt_head-Matrix-animation-output-transform"/><input semantic="INTERPOLATION" source="#jnt_head-Interpolations"/></sampler><channel source="#jnt_head-Matrix-animation-transform" target="jnt_head/matrix"/></animation></animation>
    <animation id="jnt_06_upperleg-anim" name="jnt_06_upperleg"><animation><source id="jnt_06_upperleg-Matrix-animation-input"><float_array id="jnt_06_upperleg-Matrix-animation-input-array" count="21">

0.000000 0.033333 0.066667 0.100000 0.133333 0.166667 0.200000 0.233333 0.266667 0.300000 0.333333 0.366667 0.400000 0.433333 0.466667 0.500000
0.533333 0.566667 0.600000 0.633333 0.666667</float_array><technique_common><accessor source="#jnt_06_upperleg-Matrix-animation-input-array" count="21"><param name="TIME" type="float"/></accessor></technique_common></source><source id="jnt_06_upperleg-Matrix-animation-output-transform"><float_array id="jnt_06_upperleg-Matrix-animation-output-transform-array" count="336">

0.252310 -0.261885 -0.931534 0.236446 -0.144126 0.941771 -0.303800 0.000000 0.956853 0.210910 0.199874 0.409537 0.000000 0.000000 0.000000 1.000000
0.249776 -0.274017 -0.928723 0.236446 -0.092148 0.948044 -0.304501 -0.000000 0.963909 0.161637 0.211549 0.409537 0.000000 0.000000 0.000000 1.000000
0.238445 -0.290703 -0.926626 0.236446 0.012736 0.955002 -0.296327 -0.000000 0.971072 0.058856 0.231418 0.409537 0.000000 0.000000 0.000000 1.000000
0.223109 -0.298178 -0.928069 0.236446 0.128887 0.952732 -0.275117 0.000000 0.966235 -0.058235 0.250995 0.409537 0.000000 0.000000 0.000000 1.000000
0.217518 -0.285566 -0.933348 0.236446 0.209595 0.947602 -0.241081 0.000000 0.953287 -0.143186 0.265974 0.409537 0.000000 0.000000 0.000000 1.000000
0.228337 -0.253473 -0.940007 0.236446 0.236815 0.950976 -0.198906 -0.000000 0.944341 -0.177191 0.277170 0.409537 0.000000 0.000000 0.000000 1.000000
0.249792 -0.207666 -0.945769 0.236446 0.218197 0.963682 -0.153970 -0.000000 0.943395 -0.167904 0.286032 0.409537 0.000000 0.000000 0.000000 1.000000
0.273280 -0.152884 -0.949708 0.236446 0.162477 0.980440 -0.111079 -0.000000 0.948113 -0.123950 0.292775 0.409537 0.000000 0.000000 0.000000 1.000000
0.291383 -0.096607 -0.951716 0.236446 0.084363 0.993606 -0.075030 0.000000 0.952879 -0.058427 0.297670 0.409537 0.000000 0.000000 0.000000 1.000000
0.301004 -0.049882 -0.952317 0.236446 0.006107 0.998711 -0.050382 0.000000 0.953603 0.009350 0.300921 0.409537 0.000000 0.000000 0.000000 1.000000
0.304086 -0.027108 -0.952259 0.236446 -0.040598 0.998318 -0.041383 0.000000 0.951779 0.051244 0.302474 0.409537 0.000000 0.000000 0.000000 1.000000
0.295568 -0.053995 -0.953795 0.236446 0.024386 0.998503 -0.048969 0.000000 0.955010 -0.008786 0.296442 0.409537 0.000000 0.000000 0.000000 1.000000
0.267811 -0.115025 -0.956581 0.236446 0.172440 0.982539 -0.069869 0.000000 0.947914 -0.146242 0.282970 0.409537 0.000000 0.000000 0.000000 1.000000
0.228683 -0.170657 -0.958426 0.236446 0.288631 0.952133 -0.100668 -0.000000 0.929729 -0.253610 0.266993 0.409537 0.000000 0.000000 0.000000 1.000000
0.194977 -0.217563 -0.956373 0.236446 0.347425 0.927184 -0.140093 -0.000000 0.917213 -0.304953 0.256366 0.409537 0.000000 0.000000 0.000000 1.000000
0.174047 -0.267379 -0.947743 0.236446 0.371180 0.909256 -0.188356 -0.000000 0.912103 -0.319000 0.257500 0.409537 0.000000 0.000000 0.000000 1.000000
0.178618 -0.310912 -0.933504 0.236446 0.329950 0.912752 -0.240867 -0.000000 0.926946 -0.264986 0.265619 0.409537 0.000000 0.000000 0.000000 1.000000
0.215858 -0.334370 -0.917389 0.236446 0.214079 0.932885 -0.289646 0.000000 0.952667 -0.133871 0.272953 0.409537 0.000000 0.000000 0.000000 1.000000
0.259224 -0.324564 -0.909649 0.236446 0.060694 0.945456 -0.320044 -0.000000 0.963908 0.027753 0.264784 0.409537 0.000000 0.000000 0.000000 1.000000
0.262995 -0.282384 -0.922547 0.236446 -0.086379 0.945476 -0.314027 0.000000 0.960923 0.162276 0.224263 0.409537 0.000000 0.000000 0.000000 1.000000
0.252310 -0.261885 -0.931534 0.236446 -0.144126 0.941771 -0.303800 0.000000 0.956853 0.210910 0.199874 0.409537 0.000000 0.000000 0.000000 1.000000</float_array><technique_common><accessor source="#jnt_06_upperleg-Matrix-animation-output-transform-array" count="21" stride="16"><param type="float4x4"/></accessor></technique_common></source><source id="jnt_06_upperleg-Interpolations"><Name_array id="jnt_06_upperleg-Interpolations-array" count="21">
 LINEAR LINEAR LINEAR LINEAR LINEAR LINEAR LINEAR LINEAR LINEAR LINEAR LINEAR
LINEAR LINEAR LINEAR LINEAR LINEAR LINEAR LINEAR LINEAR LINEAR LINEAR</Name_array><technique_common><accessor source="#jnt_06_upperleg-Interpolations-array" count="21"><param type="name"/></accessor></technique_common></source><sampler id="jnt_06_upperleg-Matrix-animation-transform"><input semantic="INPUT" source="#jnt_06_upperleg-Matrix-animation-input"/><input semantic="OUTPUT" source="#jnt_06_upperleg-Matrix-animation-output-transform"/><input semantic="INTERPOLATION" source="#jnt_06_upperleg-Interpolations"/></sampler><channel source="#jnt_06_upperleg-Matrix-animation-transform" target="jnt_06_upperleg/matrix"/></animation></animation>
    <animation id="jnt_06_lowerleg-anim" name="jnt_06_lowerleg"><animation><source id="jnt_06_lowerleg-Matrix-animation-input"><float_array id="jnt_06_lowerleg-Matrix-animation-input-array" count="21">

0.000000 0.033333 0.066667 0.100000 0.133333 0.166667 0.200000 0.233333 0.266667 0.300000 0.333333 0.366667 0.400000 0.433333 0.466667 0.500000
0.533333 0.566667 0.600000 0.633333 0.666667</float_array><technique_common><accessor source="#jnt_06_lowerleg-Matrix-animation-input-array" count="21"><param name="TIME" type="float"/></accessor></technique_common></source><source id="jnt_06_lowerleg-Matrix-animation-output-transform"><float_array id="jnt_06_lowerleg-Matrix-animation-output-transform-array" count="336">

-0.647760 0.761845 0.000000 1.972000 -0.761845 -0.647760 -0.000000 -0.000000 0.000000 0.000000 1.000000 -0.000000 0.000000 0.000000 0.000000 1.000000
-0.659822 0.751422 -0.000000 1.972000 -0.751422 -0.659822 -0.000000 -0.000000 -0.000000 0.000000 1.000000 -0.000000 0.000000 0.000000 0.000000 1.000000
-0.659865 0.751384 0.000000 1.972000 -0.751384 -0.659865 0.000000 -0.000000 0.000000 -0.000000 1.000000 -0.000000 0.000000 0.000000 0.000000 1.000000
-0.628357 0.777925 -0.000000 1.972000 -0.777925 -0.628357 -0.000000 -0.000000 0.000000 -0.000000 1.000000 -0.000000 0.000000 0.000000 0.000000 1.000000
-0.544823 0.838551 0.000000 1.972000 -0.838551 -0.544823 0.000000 -0.000000 0.000000 -0.000000 1.000000 0.000000 0.000000 0.000000 0.000000 1.000000
-0.401658 0.915790 0.000000 1.972000 -0.915790 -0.401658 -0.000000 -0.000000 -0.000000 -0.000000 1.000000 -0.000000 0.000000 0.000000 0.000000 1.000000
-0.206643 0.978416 -0.000000 1.972000 -0.978416 -0.206643 -0.000000 -0.000000 -0.000000 0.000000 1.000000 -0.000000 0.000000 0.000000 0.000000 1.000000
0.023206 0.999731 0.000000 1.972000 -0.999731 0.023206 0.000000 -0.000000 -0.000000 0.000000 1.000000 -0.000000 0.000000 0.000000 0.000000 1.000000
0.253969 0.967212 -0.000000 1.972000 -0.967212 0.253969 0.000000 -0.000000 -0.000000 0.000000 1.000000 0.000000 0.000000 0.000000 0.000000 1.000000
0.437490 0.899223 0.000000 1.972000 -0.899223 0.437490 0.000000 -0.000000 -0.000000 0.000000 1.000000 -0.000000 0.000000 0.000000 0.000000 1.000000
0.520808 0.853674 -0.000000 1.972000 -0.853674 0.520808 0.000000 -0.000000 0.000000 -0.000000 1.000000 -0.000000 0.000000 0.000000 0.000000 1.000000
0.452617 0.891705 0.000000 1.972000 -0.891705 0.452617 -0.000000 -0.000000 0.000000 0.000000 1.000000 0.000000 0.000000 0.000000 0.000000 1.000000
0.274996 0.961445 0.000000 1.972000 -0.961445 0.274996 0.000000 -0.000000 0.000000 0.000000 1.000000 0.000000 0.000000 0.000000 0.000000 1.000000
0.057210 0.998362 -0.000000 1.972000 -0.998362 0.057210 0.000000 -0.000000 -0.000000 -0.000000 1.000000 -0.000000 0.000000 0.000000 0.000000 1.000000
-0.184573 0.982819 0.000000 1.972000 -0.982819 -0.184573 0.000000 -0.000000 0.000000 0.000000 1.000000 -0.000000 0.000000 0.000000 0.000000 1.000000
-0.418176 0.908366 0.000000 1.972000 -0.908366 -0.418176 -0.000000 -0.000000 0.000000 -0.000000 1.000000 -0.000000 0.000000 0.000000 0.000000 1.000000
-0.590731 0.806869 0.000000 1.972000 -0.806869 -0.590731 -0.000000 -0.000000 0.000000 -0.000000 1.000000 -0.000000 0.000000 0.000000 0.000000 1.000000
-0.686497 0.727132 0.000000 1.972000 -0.727132 -0.686497 -0.000000 -0.000000 0.000000 0.000000 1.000000 0.000000 0.000000 0.000000 0.000000 1.000000
-0.720338 0.693623 0.000000 1.972000 -0.693623 -0.720338 -0.000000 -0.000000 0.000000 -0.000000 1.000000 0.000000 0.000000 0.000000 0.000000 1.000000
-0.684104 0.729385 0.000000 1.972000 -0.729385 -0.684104 -0.000000 -0.000000 0.000000 -0.000000 1.000000 -0.000000 0.000000 0.000000 0.000000 1.000000
-0.647760 0.761845 0.000000 1.972000 -0.761845 -0.647760 -0.000000 -0.000000 0.000000 0.000000 1.000000 -0.000000 0.000000 0.000000 0.000000 1.000000</float_array><technique_common><accessor source="#jnt_06_lowerleg-Matrix-animation-output-transform-array" count="21" stride="16"><param type="float4x4"/></accessor></technique_common></source><source id="jnt_06_lowerleg-Interpolations"><Name_array id="jnt_06_lowerleg-Interpolations-array" count="21">
 LINEAR LINEAR LINEAR LINEAR LINEAR LINEAR LINEAR LINEAR LINEAR LINEAR LINEAR
LINEAR LINEAR LINEAR LINEAR LINEAR LINEAR LINEAR LINEAR LINEAR LINEAR</Name_array><technique_common><accessor source="#jnt_06_lowerleg-Interpolations-array" count="21"><param type="name"/></accessor></technique_common></source><sampler id="jnt_06_lowerleg-Matrix-animation-transform"><input semantic="INPUT" source="#jnt_06_lowerleg-Matrix-animation-input"/><input semantic="OUTPUT" source="#jnt_06_lowerleg-Matrix-animation-output-transform"/><input semantic="INTERPOLATION" source="#jnt_06_lowerleg-Interpolations"/></sampler><channel source="#jnt_06_lowerleg-Matrix-animation-transform" target="jnt_06_lowerleg/matrix"/></animation></animation>
    <animation id="jnt_06_legend-anim" name="jnt_06_legend"><animation><source id="jnt_06_legend-Matrix-animation-input"><float_array id="jnt_06_legend-Matrix-animation-input-array" count="21">

0.000000 0.033333 0.066667 0.100000 0.133333 0.166667 0.200000 0.233333 0.266667 0.300000 0.333333 0.366667 0.400000 0.433333 0.466667 0.500000
0.533333 0.566667 0.600000 0.633333 0.666667</float_array><technique_common><accessor source="#jnt_06_legend-Matrix-animation-input-array" count="21"><param name="TIME" type="float"/></accessor></technique_common></source><source id="jnt_06_legend-Matrix-animation-output-transform"><float_array id="jnt_06_legend-Matrix-animation-output-transform-array" count="336">

1.000000 -0.000000 0.000000 2.425000 0.000000 1.000000 0.000000 0.000000 0.000000 0.000000 1.000000 0.000000 0.000000 0.000000 0.000000 1.000000
1.000000 0.000000 0.000000 2.412120 -0.000000 1.000000 -0.000000 0.000000 0.000000 0.000000 1.000000 -0.000000 0.000000 0.000000 0.000000 1.000000
1.000000 -0.000000 -0.000000 2.377160 0.000000 1.000000 0.000000 0.000000 0.000000 0.000000 1.000000 -0.000000 0.000000 0.000000 0.000000 1.000000
1.000000 0.000000 0.000000 2.325640 0.000000 1.000000 0.000000 0.000000 0.000000 0.000000 1.000000 -0.000000 0.000000 0.000000 0.000000 1.000000
1.000000 -0.000000 -0.000000 2.263080 0.000000 1.000000 0.000000 0.000000 0.000000 -0.000000 1.000000 0.000000 0.000000 0.000000 0.000000 1.000000
1.000000 0.000000 0.000000 2.195000 0.000000 1.000000 0.000000 0.000000 0.000000 -0.000000 1.000000 0.000000 0.000000 0.000000 0.000000 1.000000
1.000000 -0.000000 0.000000 2.126920 0.000000 1.000000 -0.000000 0.000000 0.000000 0.000000 1.000000 0.000000 0.000000 0.000000 0.000000 1.000000
1.000000 0.000000 -0.000000 2.064360 0.000000 1.000000 0.000000 0.000000 0.000000 0.000000 1.000000 0.000000 0.000000 0.000000 0.000000 1.000000
1.000000 0.000000 0.000000 2.012840 0.000000 1.000000 0.000000 0.000000 -0.000000 -0.000000 1.000000 0.000000 0.000000 0.000000 0.000000 1.000000
1.000000 0.000000 0.000000 1.977880 -0.000000 1.000000 0.000000 0.000000 0.000000 0.000000 1.000000 -0.000000 0.000000 0.000000 0.000000 1.000000
1.000000 0.000000 0.000000 1.965000 0.000000 1.000000 0.000000 0.000000 0.000000 0.000000 1.000000 0.000000 0.000000 0.000000 0.000000 1.000000
1.000000 0.000000 -0.000000 1.977880 -0.000000 1.000000 0.000000 0.000000 0.000000 0.000000 1.000000 -0.000000 0.000000 0.000000 0.000000 1.000000
1.000000 0.000000 0.000000 2.012840 0.000000 1.000000 0.000000 0.000000 0.000000 0.000000 1.000000 -0.000000 0.000000 0.000000 0.000000 1.000000
1.000000 0.000000 0.000000 2.064360 -0.000000 1.000000 -0.000000 0.000000 0.000000 0.000000 1.000000 0.000000 0.000000 0.000000 0.000000 1.000000
1.000000 -0.000000 0.000000 2.126920 0.000000 1.000000 0.000000 0.000000 0.000000 0.000000 1.000000 0.000000 0.000000 0.000000 0.000000 1.000000
1.000000 0.000000 0.000000 2.195000 -0.000000 1.000000 0.000000 0.000000 0.000000 -0.000000 1.000000 0.000000 0.000000 0.000000 0.000000 1.000000
1.000000 0.000000 0.000000 2.263080 0.000000 1.000000 0.000000 0.000000 -0.000000 0.000000 1.000000 0.000000 0.000000 0.000000 0.000000 1.000000
1.000000 0.000000 0.000000 2.325640 0.000000 1.000000 0.000000 0.000000 0.000000 0.000000 1.000000 0.000000 0.000000 0.000000 0.000000 1.000000
1.000000 -0.000000 -0.000000 2.377160 -0.000000 1.000000 0.000000 0.000000 0.000000 -0.000000 1.000000 0.000000 0.000000 0.000000 0.000000 1.000000
1.000000 0.000000 -0.000000 2.412120 0.000000 1.000000 0.000000 0.000000 0.000000 -0.000000 1.000000 -0.000000 0.000000 0.000000 0.000000 1.000000
1.000000 -0.000000 0.000000 2.425000 0.000000 1.000000 0.000000 0.000000 0.000000 0.000000 1.000000 0.000000 0.000000 0.000000 0.000000 1.000000</float_array><technique_common><accessor source="#jnt_06_legend-Matrix-animation-output-transform-array" count="21" stride="16"><param type="float4x4"/></accessor></technique_common></source><source id="jnt_06_legend-Interpolations"><Name_array id="jnt_06_legend-Interpolations-array" count="21">
 LINEAR LINEAR LINEAR LINEAR LINEAR LINEAR LINEAR LINEAR LINEAR LINEAR LINEAR
LINEAR LINEAR LINEAR LINEAR LINEAR LINEAR LINEAR LINEAR LINEAR LINEAR</Name_array><technique_common><accessor source="#jnt_06_legend-Interpolations-array" count="21"><param type="name"/></accessor></technique_common></source><sampler id="jnt_06_legend-Matrix-animation-transform"><input semantic="INPUT" source="#jnt_06_legend-Matrix-animation-input"/><input semantic="OUTPUT" source="#jnt_06_legend-Matrix-animation-output-transform"/><input semantic="INTERPOLATION" source="#jnt_06_legend-Interpolations"/></sampler><channel source="#jnt_06_legend-Matrix-animation-transform" target="jnt_06_legend/matrix"/></animation></animation>
    <animation id="jnt_06_cable-anim" name="jnt_06_cable"><animation><source id="jnt_06_cable-Matrix-animation-input"><float_array id="jnt_06_cable-Matrix-animation-input-array" count="21">

0.000000 0.033333 0.066667 0.100000 0.133333 0.166667 0.200000 0.233333 0.266667 0.300000 0.333333 0.366667 0.400000 0.433333 0.466667 0.500000
0.533333 0.566667 0.600000 0.633333 0.666667</float_array><technique_common><accessor source="#jnt_06_cable-Matrix-animation-input-array" count="21"><param name="TIME" type="float"/></accessor></technique_common></source><source id="jnt_06_cable-Matrix-animation-output-transform"><float_array id="jnt_06_cable-Matrix-animation-output-transform-array" count="336">

0.999959 -0.009044 0.000000 1.025162 0.009044 0.999959 -0.000000 -0.572081 0.000000 -0.000000 1.000000 0.000000 0.000000 0.000000 0.000000 1.000000
0.999959 -0.009044 -0.000000 1.025162 0.009044 0.999959 -0.000000 -0.572081 0.000000 -0.000000 1.000000 -0.000000 0.000000 0.000000 0.000000 1.000000
0.999959 -0.009044 0.000000 1.025162 0.009044 0.999959 0.000000 -0.572081 0.000000 -0.000000 1.000000 0.000000 0.000000 0.000000 0.000000 1.000000
0.999959 -0.009044 -0.000000 1.025162 0.009044 0.999959 -0.000000 -0.572081 -0.000000 -0.000000 1.000000 -0.000000 0.000000 0.000000 0.000000 1.000000
0.999959 -0.009044 0.000000 1.025162 0.009044 0.999959 0.000000 -0.572081 0.000000 0.000000 1.000000 0.000000 0.000000 0.000000 0.000000 1.000000
0.999959 -0.009044 0.000000 1.025162 0.009044 0.999959 -0.000000 -0.572081 -0.000000 0.000000 1.000000 0.000000 0.000000 0.000000 0.000000 1.000000
0.999959 -0.009044 -0.000000 1.025162 0.009044 0.999959 -0.000000 -0.572081 -0.000000 0.000000 1.000000 -0.000000 0.000000 0.000000 0.000000 1.000000
0.999959 -0.009044 0.000000 1.025162 0.009044 0.999959 0.000000 -0.572081 0.000000 0.000000 1.000000 0.000000 0.000000 0.000000 0.000000 1.000000
0.999959 -0.009044 -0.000000 1.025162 0.009044 0.999959 0.000000 -0.572081 0.000000 -0.000000 1.000000 -0.000000 0.000000 0.000000 0.000000 1.000000
0.999959 -0.009044 0.000000 1.025162 0.009044 0.999959 0.000000 -0.572081 0.000000 -0.000000 1.000000 -0.000000 0.000000 0.000000 0.000000 1.000000
0.999959 -0.009044 -0.000000 1.025162 0.009044 0.999959 0.000000 -0.572081 -0.000000 -0.000000 1.000000 -0.000000 0.000000 0.000000 0.000000 1.000000
0.999959 -0.009044 0.000000 1.025162 0.009044 0.999959 -0.000000 -0.572081 0.000000 0.000000 1.000000 0.000000 0.000000 0.000000 0.000000 1.000000
0.999959 -0.009044 0.000000 1.025162 0.009044 0.999959 0.000000 -0.572081 0.000000 -0.000000 1.000000 0.000000 0.000000 0.000000 0.000000 1.000000
0.999959 -0.009044 -0.000000 1.025162 0.009044 0.999959 0.000000 -0.572081 -0.000000 0.000000 1.000000 0.000000 0.000000 0.000000 0.000000 1.000000
0.999959 -0.009044 0.000000 1.025162 0.009044 0.999959 0.000000 -0.572081 -0.000000 -0.000000 1.000000 0.000000 0.000000 0.000000 0.000000 1.000000
0.999959 -0.009044 0.000000 1.025162 0.009044 0.999959 -0.000000 -0.572081 -0.000000 0.000000 1.000000 0.000000 0.000000 0.000000 0.000000 1.000000
0.999959 -0.009044 0.000000 1.025162 0.009044 0.999959 -0.000000 -0.572081 0.000000 0.000000 1.000000 0.000000 0.000000 0.000000 0.000000 1.000000
0.999959 -0.009044 0.000000 1.025162 0.009044 0.999959 -0.000000 -0.572081 0.000000 0.000000 1.000000 0.000000 0.000000 0.000000 0.000000 1.000000
0.999959 -0.009044 0.000000 1.025162 0.009044 0.999959 -0.000000 -0.572081 -0.000000 -0.000000 1.000000 0.000000 0.000000 0.000000 0.000000 1.000000
0.999959 -0.009044 0.000000 1.025162 0.009044 0.999959 -0.000000 -0.572081 -0.000000 0.000000 1.000000 -0.000000 0.000000 0.000000 0.000000 1.000000
0.999959 -0.009044 0.000000 1.025162 0.009044 0.999959 -0.000000 -0.572081 0.000000 -0.000000 1.000000 0.000000 0.000000 0.000000 0.000000 1.000000</float_array><technique_common><accessor source="#jnt_06_cable-Matrix-animation-output-transform-array" count="21" stride="16"><param type="float4x4"/></accessor></technique_common></source><source id="jnt_06_cable-Interpolations"><Name_array id="jnt_06_cable-Interpolations-array" count="21">
 LINEAR LINEAR LINEAR LINEAR LINEAR LINEAR LINEAR LINEAR LINEAR LINEAR LINEAR
LINEAR LINEAR LINEAR LINEAR LINEAR LINEAR LINEAR LINEAR LINEAR LINEAR</Name_array><technique_common><accessor source="#jnt_06_cable-Interpolations-array" count="21"><param type="name"/></accessor></technique_common></source><sampler id="jnt_06_cable-Matrix-animation-transform"><input semantic="INPUT" source="#jnt_06_cable-Matrix-animation-input"/><input semantic="OUTPUT" source="#jnt_06_cable-Matrix-animation-output-transform"/><input semantic="INTERPOLATION" source="#jnt_06_cable-Interpolations"/></sampler><channel source="#jnt_06_cable-Matrix-animation-transform" target="jnt_06_cable/matrix"/></animation></animation>
    <animation id="jnt_05_upperleg-anim" name="jnt_05_upperleg"><animation><source id="jnt_05_upperleg-Matrix-animation-input"><float_array id="jnt_05_upperleg-Matrix-animation-input-array" count="21">

0.000000 0.033333 0.066667 0.100000 0.133333 0.166667 0.200000 0.233333 0.266667 0.300000 0.333333 0.366667 0.400000 0.433333 0.466667 0.500000
0.533333 0.566667 0.600000 0.633333 0.666667</float_array><technique_common><accessor source="#jnt_05_upperleg-Matrix-animation-input-array" count="21"><param name="TIME" type="float"/></accessor></technique_common></source><source id="jnt_05_upperleg-Matrix-animation-output-transform"><float_array id="jnt_05_upperleg-Matrix-animation-output-transform-array" count="336">

0.721241 -0.038589 0.691609 0.472892 0.219090 0.959897 -0.174918 0.000000 -0.657124 0.277683 0.700771 0.000000 0.000000 0.000000 0.000000 1.000000
0.733618 -0.060998 0.676819 0.472892 0.242554 0.953865 -0.176943 0.000000 -0.634801 0.293974 0.714568 0.000000 0.000000 0.000000 0.000000 1.000000
