<?xml version="1.0" encoding="utf-8"?>
<COLLADA xmlns="http://www.collada.org/2005/11/COLLADASchema" version="1.4.1">
  <asset><contributor><author></author><authoring_tool>FBX COLLADA exporter</authoring_tool><comments></comments></contributor><created>2019-12-02T10:02:32Z</created><keywords></keywords><modified>2019-12-02T10:02:32Z</modified><revision></revision><subject></subject><title></title><unit meter="0.010000" name="centimeter"></unit><up_axis>Y_UP</up_axis></asset>
  <library_animations>
    <animation id="root_jnt-anim" name="root_jnt"><animation><source id="root_jnt-Matrix-animation-input"><float_array id="root_jnt-Matrix-animation-input-array" count="15">

0.000000 0.033333 0.066667 0.100000 0.133333 0.166667 0.200000 0.233333 0.266667 0.300000 0.333333 0.366667 0.400000 0.433333 0.466667</float_array><technique_common><accessor source="#root_jnt-Matrix-animation-input-array" count="15"><param name="TIME" type="float"/></accessor></technique_common></source><source id="root_jnt-Matrix-animation-output-transform"><float_array id="root_jnt-Matrix-animation-output-transform-array" count="240">

0.970911 0.179136 0.158876 0.000000 -0.162692 0.980393 -0.111183 1.982647 -0.175677 0.082101 0.981018 0.000000 0.000000 0.000000 0.000000 1.000000
0.970911 0.179136 0.158876 -0.000143 -0.162692 0.980393 -0.111183 1.951627 -0.175677 0.082101 0.981018 0.000000 0.000000 0.000000 0.000000 1.000000
0.970911 0.179136 0.158876 -0.000511 -0.162692 0.980393 -0.111183 1.882163 -0.175677 0.082101 0.981018 0.000000 0.000000 0.000000 0.000000 1.000000
0.970911 0.179136 0.158876 -0.000955 -0.162692 0.980393 -0.111183 1.800299 -0.175677 0.082101 0.981018 0.000000 0.000000 0.000000 0.000000 1.000000
0.970911 0.179136 0.158876 -0.001330 -0.162692 0.980393 -0.111183 1.732081 -0.175677 0.082101 0.981018 0.000000 0.000000 0.000000 0.000000 1.000000
0.970911 0.179136 0.158876 -0.001487 -0.162692 0.980393 -0.111183 1.703553 -0.175677 0.082101 0.981018 0.000000 0.000000 0.000000 0.000000 1.000000
0.970911 0.179136 0.158876 -0.001434 -0.162692 0.980393 -0.111183 1.795222 -0.175677 0.082101 0.981018 0.000000 0.000000 0.000000 0.000000 1.000000
0.970911 0.179136 0.158876 -0.001291 -0.162692 0.980393 -0.111183 2.040895 -0.175677 0.082101 0.981018 0.000000 0.000000 0.000000 0.000000 1.000000
0.970911 0.179136 0.158876 -0.001083 -0.162692 0.980393 -0.111183 2.396570 -0.175677 0.082101 0.981018 0.000000 0.000000 0.000000 0.000000 1.000000
0.970911 0.179136 0.158876 -0.000837 -0.162692 0.980393 -0.111183 2.818247 -0.175677 0.082101 0.981018 0.000000 0.000000 0.000000 0.000000 1.000000
0.970911 0.179136 0.158876 -0.000578 -0.162692 0.980393 -0.111183 3.261924 -0.175677 0.082101 0.981018 0.000000 0.000000 0.000000 0.000000 1.000000
0.970911 0.179136 0.158876 -0.000332 -0.162692 0.980393 -0.111183 3.683601 -0.175677 0.082101 0.981018 0.000000 0.000000 0.000000 0.000000 1.000000
0.970911 0.179136 0.158876 -0.000125 -0.162692 0.980393 -0.111183 4.039276 -0.175677 0.082101 0.981018 0.000000 0.000000 0.000000 0.000000 1.000000
0.970911 0.179136 0.158876 0.000019 -0.162692 0.980393 -0.111183 4.284948 -0.175677 0.082101 0.981018 0.000000 0.000000 0.000000 0.000000 1.000000
0.970911 0.179136 0.158876 0.000072 -0.162692 0.980393 -0.111183 4.376617 -0.175677 0.082101 0.981018 0.000000 0.000000 0.000000 0.000000 1.000000</float_array><technique_common><accessor source="#root_jnt-Matrix-animation-output-transform-array" count="15" stride="16"><param type="float4x4"/></accessor></technique_common></source><source id="root_jnt-Interpolations"><Name_array id="root_jnt-Interpolations-array" count="15">
 LINEAR LINEAR LINEAR LINEAR LINEAR LINEAR LINEAR LINEAR LINEAR LINEAR LINEAR
LINEAR LINEAR LINEAR LINEAR</Name_array><technique_common><accessor source="#root_jnt-Interpolations-array" count="15"><param type="name"/></accessor></technique_common></source><sampler id="root_jnt-Matrix-animation-transform"><input semantic="INPUT" source="#root_jnt-Matrix-animation-input"/><input semantic="OUTPUT" source="#root_jnt-Matrix-animation-output-transform"/><input semantic="INTERPOLATION" source="#root_jnt-Interpolations"/></sampler><channel source="#root_jnt-Matrix-animation-transform" target="root_jnt/matrix"/></animation></animation>
    <animation id="jnt_spine1-anim" name="jnt_spine1"><animation><source id="jnt_spine1-Matrix-animation-input"><float_array id="jnt_spine1-Matrix-animation-input-array" count="15">

0.000000 0.033333 0.066667 0.100000 0.133333 0.166667 0.200000 0.233333 0.266667 0.300000 0.333333 0.366667 0.400000 0.433333 0.466667</float_array><technique_common><accessor source="#jnt_spine1-Matrix-animation-input-array" count="15"><param name="TIME" type="float"/></accessor></technique_common></source><source id="jnt_spine1-Matrix-animation-output-transform"><float_array id="jnt_spine1-Matrix-animation-output-transform-array" count="240">

0.919403 -0.215707 -0.328891 -0.000000 0.233556 0.972224 0.015254 0.479000 0.316465 -0.090839 0.944245 -0.000000 0.000000 0.000000 0.000000 1.000000
0.919403 -0.223823 -0.323423 0.000000 0.233556 0.972302 -0.008940 0.479000 0.316465 -0.067318 0.946212 -0.000000 0.000000 0.000000 0.000000 1.000000
0.919403 -0.241183 -0.310692 0.000000 0.233556 0.970357 -0.062125 0.479000 0.316465 -0.015446 0.948478 -0.000000 0.000000 0.000000 0.000000 1.000000
0.919403 -0.257821 -0.297030 0.000000 0.233556 0.965504 -0.115123 0.479000 0.316465 0.036471 0.947903 0.000000 0.000000 0.000000 0.000000 1.000000
0.919403 -0.265131 -0.290524 0.000000 0.233556 0.962341 -0.139109 0.479000 0.316465 0.060044 0.946702 -0.000000 0.000000 0.000000 0.000000 1.000000
0.919403 -0.263175 -0.292297 0.000000 0.233556 0.963253 -0.132645 0.479000 0.316465 0.053686 0.947084 -0.000000 0.000000 0.000000 0.000000 1.000000
0.919403 -0.257805 -0.297045 0.000000 0.233556 0.965510 -0.115071 0.479000 0.316465 0.036420 0.947905 -0.000000 0.000000 0.000000 0.000000 1.000000
0.919403 -0.249736 -0.303860 -0.000000 0.233556 0.968252 -0.089103 0.479000 0.316465 0.010953 0.948541 -0.000000 0.000000 0.000000 0.000000 1.000000
0.919403 -0.239696 -0.311841 -0.000000 0.233556 0.970642 -0.057486 0.479000 0.316465 -0.019979 0.948394 0.000000 0.000000 0.000000 0.000000 1.000000
0.919403 -0.228481 -0.320149 0.000000 0.233556 0.972071 -0.023012 0.479000 0.316465 -0.053616 0.947088 0.000000 0.000000 0.000000 0.000000 1.000000
0.919403 -0.216978 -0.328054 -0.000000 0.233556 0.972275 0.011492 0.479000 0.316465 -0.087185 0.944589 0.000000 0.000000 0.000000 0.000000 1.000000
0.919403 -0.206167 -0.334954 -0.000000 0.233556 0.971384 0.043186 0.479000 0.316465 -0.117936 0.941244 0.000000 0.000000 0.000000 0.000000 1.000000
0.919403 -0.197098 -0.340369 -0.000000 0.233556 0.969874 0.069254 0.479000 0.316465 -0.143168 0.937738 -0.000000 0.000000 0.000000 0.000000 1.000000
0.919403 -0.190863 -0.343904 0.000000 0.233556 0.968451 0.086916 0.479000 0.316465 -0.160232 0.934974 0.000000 0.000000 0.000000 0.000000 1.000000
0.919403 -0.188550 -0.345178 -0.000000 0.233556 0.967846 0.093416 0.479000 0.316465 -0.166505 0.933877 0.000000 0.000000 0.000000 0.000000 1.000000</float_array><technique_common><accessor source="#jnt_spine1-Matrix-animation-output-transform-array" count="15" stride="16"><param type="float4x4"/></accessor></technique_common></source><source id="jnt_spine1-Interpolations"><Name_array id="jnt_spine1-Interpolations-array" count="15">
 LINEAR LINEAR LINEAR LINEAR LINEAR LINEAR LINEAR LINEAR LINEAR LINEAR LINEAR
LINEAR LINEAR LINEAR LINEAR</Name_array><technique_common><accessor source="#jnt_spine1-Interpolations-array" count="15"><param type="name"/></accessor></technique_common></source><sampler id="jnt_spine1-Matrix-animation-transform"><input semantic="INPUT" source="#jnt_spine1-Matrix-animation-input"/><input semantic="OUTPUT" source="#jnt_spine1-Matrix-animation-output-transform"/><input semantic="INTERPOLATION" source="#jnt_spine1-Interpolations"/></sampler><channel source="#jnt_spine1-Matrix-animation-transform" target="jnt_spine1/matrix"/></animation></animation>
    <animation id="jnt_spine2-anim" name="jnt_spine2"><animation><source id="jnt_spine2-Matrix-animation-input"><float_array id="jnt_spine2-Matrix-animation-input-array" count="15">

0.000000 0.033333 0.066667 0.100000 0.133333 0.166667 0.200000 0.233333 0.266667 0.300000 0.333333 0.366667 0.400000 0.433333 0.466667</float_array><technique_common><accessor source="#jnt_spine2-Matrix-animation-input-array" count="15"><param name="TIME" type="float"/></accessor></technique_common></source><source id="jnt_spine2-Matrix-animation-output-transform"><float_array id="jnt_spine2-Matrix-animation-output-transform-array" count="240">

1.000000 -0.000000 -0.000000 0.000000 0.000000 1.000000 0.000000 0.449000 0.000000 0.000000 1.000000 0.000000 0.000000 0.000000 0.000000 1.000000
1.000000 -0.000000 0.000000 -0.000000 0.000000 1.000000 -0.000000 0.449000 0.000000 0.000000 1.000000 0.000000 0.000000 0.000000 0.000000 1.000000
1.000000 -0.000000 0.000000 0.000000 0.000000 1.000000 -0.000000 0.449000 -0.000000 0.000000 1.000000 0.000000 0.000000 0.000000 0.000000 1.000000
1.000000 0.000000 0.000000 0.000000 -0.000000 1.000000 -0.000000 0.449000 -0.000000 -0.000000 1.000000 0.000000 0.000000 0.000000 0.000000 1.000000
1.000000 -0.000000 0.000000 0.000000 0.000000 1.000000 0.000000 0.449000 -0.000000 0.000000 1.000000 0.000000 0.000000 0.000000 0.000000 1.000000
1.000000 -0.000000 0.000000 -0.000000 0.000000 1.000000 -0.000000 0.449000 -0.000000 0.000000 1.000000 0.000000 0.000000 0.000000 0.000000 1.000000
1.000000 0.000000 0.000000 0.000000 0.000000 1.000000 0.000000 0.449000 -0.000000 -0.000000 1.000000 0.000000 0.000000 0.000000 0.000000 1.000000
1.000000 0.000000 0.000000 0.000000 -0.000000 1.000000 0.000000 0.449000 -0.000000 -0.000000 1.000000 -0.000000 0.000000 0.000000 0.000000 1.000000
1.000000 -0.000000 0.000000 0.000000 0.000000 1.000000 0.000000 0.449000 -0.000000 -0.000000 1.000000 -0.000000 0.000000 0.000000 0.000000 1.000000
1.000000 0.000000 0.000000 0.000000 -0.000000 1.000000 0.000000 0.449000 -0.000000 0.000000 1.000000 -0.000000 0.000000 0.000000 0.000000 1.000000
1.000000 0.000000 0.000000 -0.000000 -0.000000 1.000000 0.000000 0.449000 -0.000000 -0.000000 1.000000 0.000000 0.000000 0.000000 0.000000 1.000000
1.000000 -0.000000 0.000000 -0.000000 -0.000000 1.000000 -0.000000 0.449000 -0.000000 0.000000 1.000000 0.000000 0.000000 0.000000 0.000000 1.000000
1.000000 0.000000 0.000000 -0.000000 -0.000000 1.000000 -0.000000 0.449000 -0.000000 0.000000 1.000000 0.000000 0.000000 0.000000 0.000000 1.000000
1.000000 -0.000000 0.000000 0.000000 0.000000 1.000000 0.000000 0.449000 -0.000000 -0.000000 1.000000 0.000000 0.000000 0.000000 0.000000 1.000000
1.000000 -0.000000 0.000000 0.000000 0.000000 1.000000 -0.000000 0.449000 0.000000 0.000000 1.000000 0.000000 0.000000 0.000000 0.000000 1.000000</float_array><technique_common><accessor source="#jnt_spine2-Matrix-animation-output-transform-array" count="15" stride="16"><param type="float4x4"/></accessor></technique_common></source><source id="jnt_spine2-Interpolations"><Name_array id="jnt_spine2-Interpolations-array" count="15">
 LINEAR LINEAR LINEAR LINEAR LINEAR LINEAR LINEAR LINEAR LINEAR LINEAR LINEAR
LINEAR LINEAR LINEAR LINEAR</Name_array><technique_common><accessor source="#jnt_spine2-Interpolations-array" count="15"><param type="name"/></accessor></technique_common></source><sampler id="jnt_spine2-Matrix-animation-transform"><input semantic="INPUT" source="#jnt_spine2-Matrix-animation-input"/><input semantic="OUTPUT" source="#jnt_spine2-Matrix-animation-output-transform"/><input semantic="INTERPOLATION" source="#jnt_spine2-Interpolations"/></sampler><channel source="#jnt_spine2-Matrix-animation-transform" target="jnt_spine2/matrix"/></animation></animation>
    <animation id="jnt_head-anim" name="jnt_head"><animation><source id="jnt_head-Matrix-animation-input"><float_array id="jnt_head-Matrix-animation-input-array" count="15">

0.000000 0.033333 0.066667 0.100000 0.133333 0.166667 0.200000 0.233333 0.266667 0.300000 0.333333 0.366667 0.400000 0.433333 0.466667</float_array><technique_common><accessor source="#jnt_head-Matrix-animation-input-array" count="15"><param name="TIME" type="float"/></accessor></technique_common></source><source id="jnt_head-Matrix-animation-output-transform"><float_array id="jnt_head-Matrix-animation-output-transform-array" count="240">

0.986264 0.079833 0.144605 -0.000000 -0.085601 0.995746 0.034106 0.296642 -0.141267 -0.046016 0.988902 -0.000000 0.000000 0.000000 0.000000 1.000000
0.986264 0.081418 0.143718 -0.000000 -0.085601 0.996060 0.023152 0.296642 -0.141267 -0.035136 0.989348 0.000000 0.000000 0.000000 0.000000 1.000000
0.986264 0.085128 0.141552 -0.000000 -0.085601 0.996326 -0.002759 0.296642 -0.141267 -0.009396 0.989927 0.000000 0.000000 0.000000 0.000000 1.000000
0.986264 0.089410 0.138887 -0.000000 -0.085601 0.995777 -0.033175 0.296642 -0.141267 0.020830 0.989752 0.000000 0.000000 0.000000 0.000000 1.000000
0.986264 0.092796 0.136648 0.000000 -0.085601 0.994661 -0.057634 0.296642 -0.141267 0.045145 0.988942 0.000000 0.000000 0.000000 0.000000 1.000000
0.986264 0.094374 0.135563 0.000000 -0.085601 0.993926 -0.069162 0.296642 -0.141267 0.056608 0.988352 0.000000 0.000000 0.000000 0.000000 1.000000
0.986264 0.094399 0.135546 -0.000000 -0.085601 0.993914 -0.069342 0.296642 -0.141267 0.056787 0.988342 -0.000000 0.000000 0.000000 0.000000 1.000000
0.986264 0.093198 0.136375 0.000000 -0.085601 0.994487 -0.060562 0.296642 -0.141267 0.048056 0.988804 -0.000000 0.000000 0.000000 0.000000 1.000000
0.986264 0.091081 0.137798 0.000000 -0.085601 0.995304 -0.045197 0.296642 -0.141267 0.032780 0.989429 0.000000 0.000000 0.000000 0.000000 1.000000
0.986264 0.088355 0.139561 0.000000 -0.085601 0.996000 -0.025627 0.296642 -0.141267 0.013329 0.989882 -0.000000 0.000000 0.000000 0.000000 1.000000
0.986264 0.085339 0.141425 0.000000 -0.085601 0.996320 -0.004245 0.296642 -0.141267 -0.007920 0.989940 0.000000 0.000000 0.000000 0.000000 1.000000
0.986264 0.082369 0.143176 0.000000 -0.085601 0.996192 0.016552 0.296642 -0.141267 -0.028580 0.989559 0.000000 0.000000 0.000000 0.000000 1.000000
0.986264 0.079795 0.144625 0.000000 -0.085601 0.995737 0.034362 0.296642 -0.141267 -0.046270 0.988890 -0.000000 0.000000 0.000000 0.000000 1.000000
0.986264 0.077983 0.145611 0.000000 -0.085601 0.995230 0.046796 0.296642 -0.141267 -0.058618 0.988235 0.000000 0.000000 0.000000 0.000000 1.000000
0.986264 0.077298 0.145975 0.000000 -0.085601 0.994999 0.051470 0.296642 -0.141267 -0.063258 0.987948 0.000000 0.000000 0.000000 0.000000 1.000000</float_array><technique_common><accessor source="#jnt_head-Matrix-animation-output-transform-array" count="15" stride="16"><param type="float4x4"/></accessor></technique_common></source><source id="jnt_head-Interpolations"><Name_array id="jnt_head-Interpolations-array" count="15">
 LINEAR LINEAR LINEAR LINEAR LINEAR LINEAR LINEAR LINEAR LINEAR LINEAR LINEAR
LINEAR LINEAR LINEAR LINEAR</Name_array><technique_common><accessor source="#jnt_head-Interpolations-array" count="15"><param type="name"/></accessor></technique_common></source><sampler id="jnt_head-Matrix-animation-transform"><input semantic="INPUT" source="#jnt_head-Matrix-animation-input"/><input semantic="OUTPUT" source="#jnt_head-Matrix-animation-output-transform"/><input semantic="INTERPOLATION" source="#jnt_head-Interpolations"/></sampler><channel source="#jnt_head-Matrix-animation-transform" target="jnt_head/matrix"/></animation></animation>
    <animation id="jnt_06_upperleg-anim" name="jnt_06_upperleg"><animation><source id="jnt_06_upperleg-Matrix-animation-input"><float_array id="jnt_06_upperleg-Matrix-animation-input-array" count="15">

0.000000 0.033333 0.066667 0.100000 0.133333 0.166667 0.200000 0.233333 0.266667 0.300000 0.333333 0.366667 0.400000 0.433333 0.466667</float_array><technique_common><accessor source="#jnt_06_upperleg-Matrix-animation-input-array" count="15"><param name="TIME" type="float"/></accessor></technique_common></source><source id="jnt_06_upperleg-Matrix-animation-output-transform"><float_array id="jnt_06_upperleg-Matrix-animation-output-transform-array" count="240">

0.539318 -0.235668 -0.808453 0.236446 0.155404 0.971406 -0.179500 0.000000 0.827639 -0.028829 0.560520 0.409537 0.000000 0.000000 0.000000 1.000000
0.532283 -0.253264 -0.807795 0.236446 0.187021 0.965804 -0.179570 0.000000 0.825650 -0.055493 0.561447 0.409537 0.000000 0.000000 0.000000 1.000000
0.513612 -0.293405 -0.806298 0.236446 0.259851 0.948776 -0.179727 -0.000000 0.817729 -0.117208 0.563544 0.409537 0.000000 0.000000 0.000000 1.000000
0.486710 -0.340423 -0.804503 0.236446 0.346532 0.920623 -0.179913 0.000000 0.801891 -0.191220 0.566044 0.409537 0.000000 0.000000 0.000000 1.000000
0.458129 -0.381230 -0.802983 0.236446 0.423271 0.887928 -0.180069 -0.000000 0.781639 -0.257385 0.568150 0.409537 0.000000 0.000000 0.000000 1.000000
0.437994 -0.405477 -0.802340 0.236446 0.469974 0.864104 -0.180134 -0.000000 0.766346 -0.298181 0.569036 0.409537 0.000000 0.000000 0.000000 1.000000
0.446878 -0.391611 -0.804326 0.236446 0.444944 0.877297 -0.179931 -0.000000 0.776096 -0.277473 0.566289 0.409537 0.000000 0.000000 0.000000 1.000000
0.484387 -0.331875 -0.809461 0.236446 0.334169 0.925283 -0.179392 -0.000000 0.808517 -0.183602 0.559098 0.409537 0.000000 0.000000 0.000000 1.000000
0.527003 -0.235997 -0.816440 0.236446 0.158149 0.971124 -0.178626 0.000000 0.835019 -0.034982 0.549107 0.409537 0.000000 0.000000 0.000000 1.000000
0.556267 -0.107068 -0.824077 0.236446 -0.074444 0.981258 -0.177741 0.000000 0.827663 0.160219 0.537870 0.409537 0.000000 0.000000 0.000000 1.000000
0.551937 0.063724 -0.831448 0.236446 -0.371615 0.911390 -0.176837 0.000000 0.746504 0.406581 0.526710 0.409537 0.000000 0.000000 0.000000 1.000000
0.545961 0.096816 -0.832198 0.236446 -0.426689 0.886960 -0.176742 0.000000 0.721015 0.451584 0.525556 0.409537 0.000000 0.000000 0.000000 1.000000
0.559965 -0.081715 -0.824477 0.236446 -0.119079 0.976855 -0.177693 0.000000 0.819914 0.197680 0.537274 0.409537 0.000000 0.000000 0.000000 1.000000
0.524292 -0.250445 -0.813877 0.236446 0.183955 0.966515 -0.178912 0.000000 0.831432 -0.055915 0.552806 0.409537 0.000000 0.000000 0.000000 1.000000
0.492139 -0.323417 -0.808209 0.236446 0.317148 0.931229 -0.179526 -0.000000 0.810689 -0.167970 0.560865 0.409537 0.000000 0.000000 0.000000 1.000000</float_array><technique_common><accessor source="#jnt_06_upperleg-Matrix-animation-output-transform-array" count="15" stride="16"><param type="float4x4"/></accessor></technique_common></source><source id="jnt_06_upperleg-Interpolations"><Name_array id="jnt_06_upperleg-Interpolations-array" count="15">
 LINEAR LINEAR LINEAR LINEAR LINEAR LINEAR LINEAR LINEAR LINEAR LINEAR LINEAR
LINEAR LINEAR LINEAR LINEAR</Name_array><technique_common><accessor source="#jnt_06_upperleg-Interpolations-array" count="15"><param type="name"/></accessor></technique_common></source><sampler id="jnt_06_upperleg-Matrix-animation-transform"><input semantic="INPUT" source="#jnt_06_upperleg-Matrix-animation-input"/><input semantic="OUTPUT" source="#jnt_06_upperleg-Matrix-animation-output-transform"/><input semantic="INTERPOLATION" source="#jnt_06_upperleg-Interpolations"/></sampler><channel source="#jnt_06_upperleg-Matrix-animation-transform" target="jnt_06_upperleg/matrix"/></animation></animation>
    <animation id="jnt_06_lowerleg-anim" name="jnt_06_lowerleg"><animation><source id="jnt_06_lowerleg-Matrix-animation-input"><float_array id="jnt_06_lowerleg-Matrix-animation-input-array" count="15">

0.000000 0.033333 0.066667 0.100000 0.133333 0.166667 0.200000 0.233333 0.266667 0.300000 0.333333 0.366667 0.400000 0.433333 0.466667</float_array><technique_common><accessor source="#jnt_06_lowerleg-Matrix-animation-input-array" count="15"><param name="TIME" type="float"/></accessor></technique_common></source><source id="jnt_06_lowerleg-Matrix-animation-output-transform"><float_array id="jnt_06_lowerleg-Matrix-animation-output-transform-array" count="240">

0.355252 0.934771 -0.000000 1.972000 -0.934771 0.355252 -0.000000 -0.000000 0.000000 0.000000 1.000000 0.000000 0.000000 0.000000 0.000000 1.000000
0.319301 0.947653 -0.000000 1.972000 -0.947653 0.319301 0.000000 -0.000000 -0.000000 0.000000 1.000000 0.000000 0.000000 0.000000 0.000000 1.000000
0.237671 0.971346 -0.000000 1.972000 -0.971346 0.237671 -0.000000 -0.000000 0.000000 -0.000000 1.000000 -0.000000 0.000000 0.000000 0.000000 1.000000
0.143199 0.989694 -0.000000 1.972000 -0.989694 0.143199 -0.000000 -0.000000 0.000000 0.000000 1.000000 -0.000000 0.000000 0.000000 0.000000 1.000000
0.061295 0.998120 0.000000 1.972000 -0.998120 0.061295 -0.000000 -0.000000 0.000000 0.000000 1.000000 -0.000000 0.000000 0.000000 0.000000 1.000000
0.010504 0.999945 0.000000 1.972000 -0.999945 0.010504 0.000000 -0.000000 0.000000 0.000000 1.000000 0.000000 0.000000 0.000000 0.000000 1.000000
0.027131 0.999632 0.000000 1.972000 -0.999632 0.027131 -0.000000 -0.000000 0.000000 0.000000 1.000000 -0.000000 0.000000 0.000000 0.000000 1.000000
0.125503 0.992093 -0.000000 1.972000 -0.992093 0.125503 0.000000 -0.000000 0.000000 0.000000 1.000000 0.000000 0.000000 0.000000 0.000000 1.000000
0.294946 0.955514 0.000000 1.972000 -0.955514 0.294946 0.000000 -0.000000 0.000000 -0.000000 1.000000 0.000000 0.000000 0.000000 0.000000 1.000000
0.535486 0.844544 -0.000000 1.972000 -0.844544 0.535486 0.000000 -0.000000 0.000000 0.000000 1.000000 0.000000 0.000000 0.000000 0.000000 1.000000
0.835544 0.549423 -0.000000 1.972000 -0.549423 0.835544 -0.000000 -0.000000 -0.000000 0.000000 1.000000 0.000000 0.000000 0.000000 0.000000 1.000000
0.884941 0.465703 0.000000 1.972000 -0.465703 0.884941 0.000000 -0.000000 -0.000000 0.000000 1.000000 -0.000000 0.000000 0.000000 0.000000 1.000000
0.588897 0.808208 -0.000000 1.972000 -0.808208 0.588897 -0.000000 -0.000000 -0.000000 0.000000 1.000000 -0.000000 0.000000 0.000000 0.000000 1.000000
0.280037 0.959989 0.000000 1.972000 -0.959989 0.280037 0.000000 -0.000000 -0.000000 0.000000 1.000000 -0.000000 0.000000 0.000000 0.000000 1.000000
0.154466 0.987998 -0.000000 1.972000 -0.987998 0.154466 0.000000 -0.000000 0.000000 -0.000000 1.000000 -0.000000 0.000000 0.000000 0.000000 1.000000</float_array><technique_common><accessor source="#jnt_06_lowerleg-Matrix-animation-output-transform-array" count="15" stride="16"><param type="float4x4"/></accessor></technique_common></source><source id="jnt_06_lowerleg-Interpolations"><Name_array id="jnt_06_lowerleg-Interpolations-array" count="15">
 LINEAR LINEAR LINEAR LINEAR LINEAR LINEAR LINEAR LINEAR LINEAR LINEAR LINEAR
LINEAR LINEAR LINEAR LINEAR</Name_array><technique_common><accessor source="#jnt_06_lowerleg-Interpolations-array" count="15"><param type="name"/></accessor></technique_common></source><sampler id="jnt_06_lowerleg-Matrix-animation-transform"><input semantic="INPUT" source="#jnt_06_lowerleg-Matrix-animation-input"/><input semantic="OUTPUT" source="#jnt_06_lowerleg-Matrix-animation-output-transform"/><input semantic="INTERPOLATION" source="#jnt_06_lowerleg-Interpolations"/></sampler><channel source="#jnt_06_lowerleg-Matrix-animation-transform" target="jnt_06_lowerleg/matrix"/></animation></animation>
    <animation id="jnt_06_legend-anim" name="jnt_06_legend"><animation><source id="jnt_06_legend-Matrix-animation-input"><float_array id="jnt_06_legend-Matrix-animation-input-array" count="15">

0.000000 0.033333 0.066667 0.100000 0.133333 0.166667 0.200000 0.233333 0.266667 0.300000 0.333333 0.366667 0.400000 0.433333 0.466667</float_array><technique_common><accessor source="#jnt_06_legend-Matrix-animation-input-array" count="15"><param name="TIME" type="float"/></accessor></technique_common></source><source id="jnt_06_legend-Matrix-animation-output-transform"><float_array id="jnt_06_legend-Matrix-animation-output-transform-array" count="240">

1.000000 -0.000000 0.000000 1.965000 -0.000000 1.000000 -0.000000 0.000000 0.000000 0.000000 1.000000 0.000000 0.000000 0.000000 0.000000 1.000000
1.000000 0.000000 -0.000000 1.996111 0.000000 1.000000 0.000000 0.000000 -0.000000 -0.000000 1.000000 -0.000000 0.000000 0.000000 0.000000 1.000000
1.000000 -0.000000 0.000000 2.073889 -0.000000 1.000000 0.000000 0.000000 -0.000000 -0.000000 1.000000 0.000000 0.000000 0.000000 0.000000 1.000000
1.000000 0.000000 0.000000 2.175000 0.000000 1.000000 0.000000 0.000000 0.000000 -0.000000 1.000000 0.000000 0.000000 0.000000 0.000000 1.000000
1.000000 0.000000 -0.000000 2.276111 0.000000 1.000000 -0.000000 0.000000 -0.000000 -0.000000 1.000000 -0.000000 0.000000 0.000000 0.000000 1.000000
1.000000 0.000000 -0.000000 2.353889 -0.000000 1.000000 0.000000 0.000000 0.000000 0.000000 1.000000 0.000000 0.000000 0.000000 0.000000 1.000000
1.000000 0.000000 -0.000000 2.385000 0.000000 1.000000 -0.000000 0.000000 -0.000000 -0.000000 1.000000 -0.000000 0.000000 0.000000 0.000000 1.000000
1.000000 0.000000 -0.000000 2.380321 -0.000000 1.000000 0.000000 0.000000 0.000000 0.000000 1.000000 0.000000 0.000000 0.000000 0.000000 1.000000
1.000000 0.000000 -0.000000 2.367986 -0.000000 1.000000 0.000000 0.000000 -0.000000 -0.000000 1.000000 0.000000 0.000000 0.000000 0.000000 1.000000
1.000000 0.000000 0.000000 2.350547 0.000000 1.000000 -0.000000 0.000000 -0.000000 -0.000000 1.000000 0.000000 0.000000 0.000000 0.000000 1.000000
1.000000 0.000000 0.000000 2.330555 0.000000 1.000000 -0.000000 0.000000 -0.000000 0.000000 1.000000 0.000000 0.000000 0.000000 0.000000 1.000000
1.000000 -0.000000 -0.000000 2.310564 -0.000000 1.000000 0.000000 0.000000 0.000000 -0.000000 1.000000 0.000000 0.000000 0.000000 0.000000 1.000000
1.000000 0.000000 -0.000000 2.293125 0.000000 1.000000 -0.000000 0.000000 0.000000 0.000000 1.000000 0.000000 0.000000 0.000000 0.000000 1.000000
1.000000 -0.000000 -0.000000 2.280790 0.000000 1.000000 0.000000 0.000000 -0.000000 0.000000 1.000000 0.000000 0.000000 0.000000 0.000000 1.000000
1.000000 0.000000 0.000000 2.276111 0.000000 1.000000 0.000000 0.000000 0.000000 -0.000000 1.000000 0.000000 0.000000 0.000000 0.000000 1.000000</float_array><technique_common><accessor source="#jnt_06_legend-Matrix-animation-output-transform-array" count="15" stride="16"><param type="float4x4"/></accessor></technique_common></source><source id="jnt_06_legend-Interpolations"><Name_array id="jnt_06_legend-Interpolations-array" count="15">
 LINEAR LINEAR LINEAR LINEAR LINEAR LINEAR LINEAR LINEAR LINEAR LINEAR LINEAR
LINEAR LINEAR LINEAR LINEAR</Name_array><technique_common><accessor source="#jnt_06_legend-Interpolations-array" count="15"><param type="name"/></accessor></technique_common></source><sampler id="jnt_06_legend-Matrix-animation-transform"><input semantic="INPUT" source="#jnt_06_legend-Matrix-animation-input"/><input semantic="OUTPUT" source="#jnt_06_legend-Matrix-animation-output-transform"/><input semantic="INTERPOLATION" source="#jnt_06_legend-Interpolations"/></sampler><channel source="#jnt_06_legend-Matrix-animation-transform" target="jnt_06_legend/matrix"/></animation></animation>
    <animation id="jnt_06_cable-anim" name="jnt_06_cable"><animation><source id="jnt_06_cable-Matrix-animation-input"><float_array id="jnt_06_cable-Matrix-animation-input-array" count="15">

0.000000 0.033333 0.066667 0.100000 0.133333 0.166667 0.200000 0.233333 0.266667 0.300000 0.333333 0.366667 0.400000 0.433333 0.466667</float_array><technique_common><accessor source="#jnt_06_cable-Matrix-animation-input-array" count="15"><param name="TIME" type="float"/></accessor></technique_common></source><source id="jnt_06_cable-Matrix-animation-output-transform"><float_array id="jnt_06_cable-Matrix-animation-output-transform-array" count="240">

0.999959 -0.009044 -0.000000 1.025162 0.009044 0.999959 -0.000000 -0.572081 -0.000000 0.000000 1.000000 0.000000 0.000000 0.000000 0.000000 1.000000
0.999959 -0.009044 -0.000000 1.025162 0.009044 0.999959 0.000000 -0.572081 0.000000 0.000000 1.000000 0.000000 0.000000 0.000000 0.000000 1.000000
0.999959 -0.009044 -0.000000 1.025162 0.009044 0.999959 -0.000000 -0.572081 0.000000 0.000000 1.000000 0.000000 0.000000 0.000000 0.000000 1.000000
0.999959 -0.009044 -0.000000 1.025162 0.009044 0.999959 -0.000000 -0.572081 -0.000000 0.000000 1.000000 0.000000 0.000000 0.000000 0.000000 1.000000
0.999959 -0.009044 0.000000 1.025162 0.009044 0.999959 -0.000000 -0.572081 0.000000 0.000000 1.000000 0.000000 0.000000 0.000000 0.000000 1.000000
0.999959 -0.009044 0.000000 1.025162 0.009044 0.999959 0.000000 -0.572081 0.000000 -0.000000 1.000000 0.000000 0.000000 0.000000 0.000000 1.000000
0.999959 -0.009044 0.000000 1.025162 0.009044 0.999959 -0.000000 -0.572081 0.000000 0.000000 1.000000 0.000000 0.000000 0.000000 0.000000 1.000000
0.999959 -0.009044 -0.000000 1.025162 0.009044 0.999959 0.000000 -0.572081 0.000000 0.000000 1.000000 -0.000000 0.000000 0.000000 0.000000 1.000000
0.999959 -0.009044 0.000000 1.025162 0.009044 0.999959 0.000000 -0.572081 -0.000000 -0.000000 1.000000 -0.000000 0.000000 0.000000 0.000000 1.000000
0.999959 -0.009044 -0.000000 1.025162 0.009044 0.999959 0.000000 -0.572081 0.000000 0.000000 1.000000 -0.000000 0.000000 0.000000 0.000000 1.000000
0.999959 -0.009044 -0.000000 1.025162 0.009044 0.999959 -0.000000 -0.572081 -0.000000 0.000000 1.000000 0.000000 0.000000 0.000000 0.000000 1.000000
0.999959 -0.009044 0.000000 1.025162 0.009044 0.999959 0.000000 -0.572081 0.000000 0.000000 1.000000 0.000000 0.000000 0.000000 0.000000 1.000000
0.999959 -0.009044 -0.000000 1.025162 0.009044 0.999959 -0.000000 -0.572081 0.000000 0.000000 1.000000 -0.000000 0.000000 0.000000 0.000000 1.000000
0.999959 -0.009044 0.000000 1.025162 0.009044 0.999959 0.000000 -0.572081 0.000000 -0.000000 1.000000 0.000000 0.000000 0.000000 0.000000 1.000000
0.999959 -0.009044 -0.000000 1.025162 0.009044 0.999959 0.000000 -0.572081 -0.000000 0.000000 1.000000 0.000000 0.000000 0.000000 0.000000 1.000000</float_array><technique_common><accessor source="#jnt_06_cable-Matrix-animation-output-transform-array" count="15" stride="16"><param type="float4x4"/></accessor></technique_common></source><source id="jnt_06_cable-Interpolations"><Name_array id="jnt_06_cable-Interpolations-array" count="15">
 LINEAR LINEAR LINEAR LINEAR LINEAR LINEAR LINEAR LINEAR LINEAR LINEAR LINEAR
LINEAR LINEAR LINEAR LINEAR</Name_array><technique_common><accessor source="#jnt_06_cable-Interpolations-array" count="15"><param type="name"/></accessor></technique_common></source><sampler id="jnt_06_cable-Matrix-animation-transform"><input semantic="INPUT" source="#jnt_06_cable-Matrix-animation-input"/><input semantic="OUTPUT" source="#jnt_06_cable-Matrix-animation-output-transform"/><input semantic="INTERPOLATION" source="#jnt_06_cable-Interpolations"/></sampler><channel source="#jnt_06_cable-Matrix-animation-transform" target="jnt_06_cable/matrix"/></animation></animation>
    <animation id="jnt_05_upperleg-anim" name="jnt_05_upperleg"><animation><source id="jnt_05_upperleg-Matrix-animation-input"><float_array id="jnt_05_upperleg-Matrix-animation-input-array" count="15">

0.000000 0.033333 0.066667 0.100000 0.133333 0.166667 0.200000 0.233333 0.266667 0.300000 0.333333 0.366667 0.400000 0.433333 0.466667</float_array><technique_common><accessor source="#jnt_05_upperleg-Matrix-animation-input-array" count="15"><param name="TIME" type="float"/></accessor></technique_common></source><source id="jnt_05_upperleg-Matrix-animation-output-transform"><float_array id="jnt_05_upperleg-Matrix-animation-output-transform-array" count="240">

0.925764 -0.331071 0.182628 0.472892 0.334782 0.942231 0.011039 0.000000 -0.175733 0.050921 0.983120 -0.000000 0.000000 0.000000 0.000000 1.000000
0.920216 -0.345498 0.183941 0.472892 0.349643 0.936825 0.010460 0.000000 -0.175934 0.054688 0.982882 -0.000000 0.000000 0.000000 0.000000 1.000000
0.906919 -0.377564 0.186930 0.472892 0.382716 0.923821 0.009140 0.000000 -0.176141 0.063251 0.982331 -0.000000 0.000000 0.000000 0.000000 1.000000
0.889694 -0.414890 0.190553 0.472892 0.421295 0.906893 0.007540 0.000000 -0.175939 0.073571 0.981648 -0.000000 0.000000 0.000000 0.000000 1.000000
0.874051 -0.445568 0.193659 0.472892 0.453073 0.891452 0.006167 0.000000 -0.175386 0.082351 0.981049 -0.000000 0.000000 0.000000 0.000000 1.000000
0.867161 -0.458273 0.194982 0.472892 0.466252 0.884634 0.005582 0.000000 -0.175046 0.086071 0.980791 -0.000000 0.000000 0.000000 0.000000 1.000000
0.888579 -0.417194 0.190728 0.472892 0.423671 0.905786 0.007463 0.000000 -0.175872 0.074175 0.981614 0.000000 0.000000 0.000000 0.000000 1.000000
0.935556 -0.303846 0.180033 0.472892 0.306749 0.951712 0.012183 0.000000 -0.175042 0.043827 0.983585 -0.000000 0.000000 0.000000 0.000000 1.000000
0.977048 -0.133300 0.166159 0.472892 0.132103 0.991067 0.018286 -0.000000 -0.167113 0.004083 0.985929 0.000000 0.000000 0.000000 0.000000 1.000000
0.985378 0.077408 0.151782 0.472892 -0.082056 0.996324 0.024589 0.000000 -0.149321 -0.036684 0.988108 0.000000 0.000000 0.000000 0.000000 1.000000
0.939241 0.314015 0.138641 0.472892 -0.320956 0.946608 0.030330 0.000000 -0.121715 -0.072985 0.989878 0.000000 0.000000 0.000000 0.000000 1.000000
0.930367 0.339906 0.137406 0.472892 -0.347016 0.937351 0.030869 0.000000 -0.118305 -0.076401 0.990034 0.000000 0.000000 0.000000 0.000000 1.000000
0.984694 0.086561 0.151279 0.472892 -0.091323 0.995512 0.024809 0.000000 -0.148453 -0.038245 0.988180 0.000000 0.000000 0.000000 0.000000 1.000000
0.964201 -0.202155 0.171610 0.472892 0.202463 0.979161 0.015891 0.000000 -0.171247 0.019423 0.985037 0.000000 0.000000 0.000000 0.000000 1.000000
0.923572 -0.336846 0.183166 0.472892 0.340731 0.940099 0.010802 -0.000000 -0.175832 0.052434 0.983023 0.000000 0.000000 0.000000 0.000000 1.000000</float_array><technique_common><accessor source="#jnt_05_upperleg-Matrix-animation-output-transform-array" count="15" stride="16"><param type="float4x4"/></accessor></technique_common></source><source id="jnt_05_upperleg-Interpolations"><Name_array id="jnt_05_upperleg-Interpolations-array" count="15">
 LINEAR LINEAR LINEAR LINEAR LINEAR LINEAR LINEAR LINEAR LINEAR LINEAR LINEAR
LINEAR LINEAR LINEAR LINEAR</Name_array><technique_common><accessor source="#jnt_05_upperleg-Interpolations-array" count="15"><param type="name"/></accessor></technique_common></source><sampler id="jnt_05_upperleg-Matrix-animation-transform"><input semantic="INPUT" source="#jnt_05_upperleg-Matrix-animation-input"/><input semantic="OUTPUT" source="#jnt_05_upperleg-Matrix-animation-output-transform"/><input semantic="INTERPOLATION" source="#jnt_05_upperleg-Interpolations"/></sampler><channel source="#jnt_05_upperleg-Matrix-animation-transform" target="jnt_05_upperleg/matrix"/></animation></animation>
    <animation id="jnt_05_lowerleg-anim" name="jnt_05_lowerleg"><animation><source id="jnt_05_lowerleg-Matrix-animation-input"><float_array id="jnt_05_lowerleg-Matrix-animation-input-array" count="15">

0.000000 0.033333 0.066667 0.100000 0.133333 0.166667 0.200000 0.233333 0.266667 0.300000 0.333333 0.366667 0.400000 0.433333 0.466667</float_array><technique_common><accessor source="#jnt_05_lowerleg-Matrix-animation-input-array" count="15"><param name="TIME" type="float"/></accessor></technique_common></source><source id="jnt_05_lowerleg-Matrix-animation-output-transform"><float_array id="jnt_05_lowerleg-Matrix-animation-output-transform-array" count="240">

-0.166312 0.986073 0.000000 1.972000 -0.986073 -0.166312 0.000000 -0.000000 -0.000000 0.000000 1.000000 0.000000 0.000000 0.000000 0.000000 1.000000
-0.179100 0.983831 0.000000 1.972000 -0.983831 -0.179100 0.000000 -0.000000 0.000000 0.000000 1.000000 0.000000 0.000000 0.000000 0.000000 1.000000
-0.206954 0.978351 0.000000 1.972000 -0.978351 -0.206954 -0.000000 -0.000000 0.000000 0.000000 1.000000 0.000000 0.000000 0.000000 0.000000 1.000000
-0.238418 0.971163 0.000000 1.972000 -0.971163 -0.238418 -0.000000 -0.000000 0.000000 -0.000000 1.000000 -0.000000 0.000000 0.000000 0.000000 1.000000
-0.263514 0.964656 0.000000 1.972000 -0.964656 -0.263514 0.000000 -0.000000 -0.000000 0.000000 1.000000 0.000000 0.000000 0.000000 0.000000 1.000000
-0.273706 0.961814 0.000000 1.972000 -0.961814 -0.273706 0.000000 -0.000000 0.000000 -0.000000 1.000000 0.000000 0.000000 0.000000 0.000000 1.000000
-0.240142 0.970738 0.000000 1.972000 -0.970738 -0.240142 -0.000000 -0.000000 0.000000 0.000000 1.000000 -0.000000 0.000000 0.000000 0.000000 1.000000
-0.141112 0.989994 0.000000 1.972000 -0.989994 -0.141112 0.000000 -0.000000 -0.000000 0.000000 1.000000 0.000000 0.000000 0.000000 0.000000 1.000000
0.025684 0.999670 -0.000000 1.972000 -0.999670 0.025684 -0.000000 -0.000000 -0.000000 -0.000000 1.000000 -0.000000 0.000000 0.000000 0.000000 1.000000
0.259338 0.965787 0.000000 1.972000 -0.965787 0.259338 0.000000 -0.000000 0.000000 0.000000 1.000000 0.000000 0.000000 0.000000 0.000000 1.000000
0.547235 0.836979 0.000000 1.972000 -0.836979 0.547235 -0.000000 -0.000000 0.000000 0.000000 1.000000 0.000000 0.000000 0.000000 0.000000 1.000000
0.579237 0.815159 0.000000 1.972000 -0.815159 0.579237 -0.000000 -0.000000 0.000000 -0.000000 1.000000 0.000000 0.000000 0.000000 0.000000 1.000000
0.269804 0.962915 0.000000 1.972000 -0.962915 0.269804 -0.000000 -0.000000 0.000000 -0.000000 1.000000 0.000000 0.000000 0.000000 0.000000 1.000000
-0.044699 0.999001 0.000000 1.972000 -0.999001 -0.044699 0.000000 -0.000000 0.000000 0.000000 1.000000 -0.000000 0.000000 0.000000 0.000000 1.000000
-0.171503 0.985184 0.000000 1.972000 -0.985184 -0.171503 -0.000000 -0.000000 0.000000 -0.000000 1.000000 -0.000000 0.000000 0.000000 0.000000 1.000000</float_array><technique_common><accessor source="#jnt_05_lowerleg-Matrix-animation-output-transform-array" count="15" stride="16"><param type="float4x4"/></accessor></technique_common></source><source id="jnt_05_lowerleg-Interpolations"><Name_array id="jnt_05_lowerleg-Interpolations-array" count="15">
 LINEAR LINEAR LINEAR LINEAR LINEAR LINEAR LINEAR LINEAR LINEAR LINEAR LINEAR
LINEAR LINEAR LINEAR LINEAR</Name_array><technique_common><accessor source="#jnt_05_lowerleg-Interpolations-array" count="15"><param type="name"/></accessor></technique_common></source><sampler id="jnt_05_lowerleg-Matrix-animation-transform"><input semantic="INPUT" source="#jnt_05_lowerleg-Matrix-animation-input"/><input semantic="OUTPUT" source="#jnt_05_lowerleg-Matrix-animation-output-transform"/><input semantic="INTERPOLATION" source="#jnt_05_lowerleg-Interpolations"/></sampler><channel source="#jnt_05_lowerleg-Matrix-animation-transform" target="jnt_05_lowerleg/matrix"/></animation></animation>
    <animation id="jnt_05_legend-anim" name="jnt_05_legend"><animation><source id="jnt_05_legend-Matrix-animation-input"><float_array id="jnt_05_legend-Matrix-animation-input-array" count="15">

0.000000 0.033333 0.066667 0.100000 0.133333 0.166667 0.200000 0.233333 0.266667 0.300000 0.333333 0.366667 0.400000 0.433333 0.466667</float_array><technique_common><accessor source="#jnt_05_legend-Matrix-animation-input-array" count="15"><param name="TIME" type="float"/></accessor></technique_common></source><source id="jnt_05_legend-Matrix-animation-output-transform"><float_array id="jnt_05_legend-Matrix-animation-output-transform-array" count="240">

1.000000 0.000000 0.000000 2.315000 -0.000000 1.000000 0.000000 0.000000 -0.000000 0.000000 1.000000 -0.000000 0.000000 0.000000 0.000000 1.000000
1.000000 -0.000000 0.000000 2.315000 0.000000 1.000000 -0.000000 0.000000 0.000000 -0.000000 1.000000 0.000000 0.000000 0.000000 0.000000 1.000000
1.000000 0.000000 -0.000000 2.315000 -0.000000 1.000000 0.000000 0.000000 0.000000 0.000000 1.000000 0.000000 0.000000 0.000000 0.000000 1.000000
1.000000 0.000000 -0.000000 2.315000 0.000000 1.000000 0.000000 0.000000 0.000000 0.000000 1.000000 0.000000 0.000000 0.000000 0.000000 1.000000
