<?xml version="1.0" encoding="utf-8"?>
<COLLADA xmlns="http://www.collada.org/2005/11/COLLADASchema" version="1.4.1">
  <asset><contributor><author></author><authoring_tool>FBX COLLADA exporter</authoring_tool><comments></comments></contributor><created>2019-12-02T10:01:34Z</created><keywords></keywords><modified>2019-12-02T10:01:34Z</modified><revision></revision><subject></subject><title></title><unit meter="0.010000" name="centimeter"></unit><up_axis>Y_UP</up_axis></asset>
  <library_animations>
    <animation id="root_jnt-anim" name="root_jnt"><animation><source id="root_jnt-Matrix-animation-input"><float_array id="root_jnt-Matrix-animation-input-array" count="21">

0.000000 0.033333 0.066667 0.100000 0.133333 0.166667 0.200000 0.233333 0.266667 0.300000 0.333333 0.366667 0.400000 0.433333 0.466667 0.500000
0.533333 0.566667 0.600000 0.633333 0.666667</float_array><technique_common><accessor source="#root_jnt-Matrix-animation-input-array" count="21"><param name="TIME" type="float"/></accessor></technique_common></source><source id="root_jnt-Matrix-animation-output-transform"><float_array id="root_jnt-Matrix-animation-output-transform-array" count="336">

0.970911 0.179136 0.158876 0.000072 -0.162692 0.980393 -0.111183 4.376617 -0.175677 0.082101 0.981018 0.000000 0.000000 0.000000 0.000000 1.000000
0.970911 0.179136 0.158876 0.000072 -0.162692 0.980393 -0.111183 4.379332 -0.175677 0.082101 0.981018 0.000000 0.000000 0.000000 0.000000 1.000000
0.970911 0.179136 0.158876 0.000072 -0.162692 0.980393 -0.111183 4.386700 -0.175677 0.082101 0.981018 0.000000 0.000000 0.000000 0.000000 1.000000
0.970911 0.179136 0.158876 0.000072 -0.162692 0.980393 -0.111183 4.397558 -0.175677 0.082101 0.981018 0.000000 0.000000 0.000000 0.000000 1.000000
0.970911 0.179136 0.158876 0.000072 -0.162692 0.980393 -0.111183 4.410742 -0.175677 0.082101 0.981018 0.000000 0.000000 0.000000 0.000000 1.000000
0.970911 0.179136 0.158876 0.000072 -0.162692 0.980393 -0.111183 4.425090 -0.175677 0.082101 0.981018 0.000000 0.000000 0.000000 0.000000 1.000000
0.970911 0.179136 0.158876 0.000072 -0.162692 0.980393 -0.111183 4.439438 -0.175677 0.082101 0.981018 0.000000 0.000000 0.000000 0.000000 1.000000
0.970911 0.179136 0.158876 0.000072 -0.162692 0.980393 -0.111183 4.452623 -0.175677 0.082101 0.981018 0.000000 0.000000 0.000000 0.000000 1.000000
0.970911 0.179136 0.158876 0.000072 -0.162692 0.980393 -0.111183 4.463481 -0.175677 0.082101 0.981018 0.000000 0.000000 0.000000 0.000000 1.000000
0.970911 0.179136 0.158876 0.000072 -0.162692 0.980393 -0.111183 4.470849 -0.175677 0.082101 0.981018 0.000000 0.000000 0.000000 0.000000 1.000000
0.970911 0.179136 0.158876 0.000072 -0.162692 0.980393 -0.111183 4.473564 -0.175677 0.082101 0.981018 0.000000 0.000000 0.000000 0.000000 1.000000
0.970911 0.179136 0.158876 0.000072 -0.162692 0.980393 -0.111183 4.470849 -0.175677 0.082101 0.981018 0.000000 0.000000 0.000000 0.000000 1.000000
0.970911 0.179136 0.158876 0.000072 -0.162692 0.980393 -0.111183 4.463481 -0.175677 0.082101 0.981018 0.000000 0.000000 0.000000 0.000000 1.000000
0.970911 0.179136 0.158876 0.000072 -0.162692 0.980393 -0.111183 4.452623 -0.175677 0.082101 0.981018 0.000000 0.000000 0.000000 0.000000 1.000000
0.970911 0.179136 0.158876 0.000072 -0.162692 0.980393 -0.111183 4.439438 -0.175677 0.082101 0.981018 0.000000 0.000000 0.000000 0.000000 1.000000
0.970911 0.179136 0.158876 0.000072 -0.162692 0.980393 -0.111183 4.425090 -0.175677 0.082101 0.981018 0.000000 0.000000 0.000000 0.000000 1.000000
0.970911 0.179136 0.158876 0.000072 -0.162692 0.980393 -0.111183 4.410742 -0.175677 0.082101 0.981018 0.000000 0.000000 0.000000 0.000000 1.000000
0.970911 0.179136 0.158876 0.000072 -0.162692 0.980393 -0.111183 4.397558 -0.175677 0.082101 0.981018 0.000000 0.000000 0.000000 0.000000 1.000000
0.970911 0.179136 0.158876 0.000072 -0.162692 0.980393 -0.111183 4.386700 -0.175677 0.082101 0.981018 0.000000 0.000000 0.000000 0.000000 1.000000
0.970911 0.179136 0.158876 0.000072 -0.162692 0.980393 -0.111183 4.379332 -0.175677 0.082101 0.981018 0.000000 0.000000 0.000000 0.000000 1.000000
0.970911 0.179136 0.158876 0.000072 -0.162692 0.980393 -0.111183 4.376617 -0.175677 0.082101 0.981018 0.000000 0.000000 0.000000 0.000000 1.000000</float_array><technique_common><accessor source="#root_jnt-Matrix-animation-output-transform-array" count="21" stride="16"><param type="float4x4"/></accessor></technique_common></source><source id="root_jnt-Interpolations"><Name_array id="root_jnt-Interpolations-array" count="21">
 LINEAR LINEAR LINEAR LINEAR LINEAR LINEAR LINEAR LINEAR LINEAR LINEAR LINEAR
LINEAR LINEAR LINEAR LINEAR LINEAR LINEAR LINEAR LINEAR LINEAR LINEAR</Name_array><technique_common><accessor source="#root_jnt-Interpolations-array" count="21"><param type="name"/></accessor></technique_common></source><sampler id="root_jnt-Matrix-animation-transform"><input semantic="INPUT" source="#root_jnt-Matrix-animation-input"/><input semantic="OUTPUT" source="#root_jnt-Matrix-animation-output-transform"/><input semantic="INTERPOLATION" source="#root_jnt-Interpolations"/></sampler><channel source="#root_jnt-Matrix-animation-transform" target="root_jnt/matrix"/></animation></animation>
    <animation id="jnt_spine1-anim" name="jnt_spine1"><animation><source id="jnt_spine1-Matrix-animation-input"><float_array id="jnt_spine1-Matrix-animation-input-array" count="21">

0.000000 0.033333 0.066667 0.100000 0.133333 0.166667 0.200000 0.233333 0.266667 0.300000 0.333333 0.366667 0.400000 0.433333 0.466667 0.500000
0.533333 0.566667 0.600000 0.633333 0.666667</float_array><technique_common><accessor source="#jnt_spine1-Matrix-animation-input-array" count="21"><param name="TIME" type="float"/></accessor></technique_common></source><source id="jnt_spine1-Matrix-animation-output-transform"><float_array id="jnt_spine1-Matrix-animation-output-transform-array" count="336">

0.919403 -0.188550 -0.345178 -0.000000 0.233556 0.967846 0.093416 0.479000 0.316465 -0.166505 0.933877 0.000000 0.000000 0.000000 0.000000 1.000000
0.919403 -0.189210 -0.344817 -0.000000 0.233556 0.968022 0.091565 0.479000 0.316465 -0.164719 0.934193 0.000000 0.000000 0.000000 0.000000 1.000000
0.919403 -0.190974 -0.343842 -0.000000 0.233556 0.968479 0.086602 0.479000 0.316465 -0.159929 0.935025 0.000000 0.000000 0.000000 0.000000 1.000000
0.919403 -0.193520 -0.342416 -0.000000 0.233556 0.969095 0.079414 0.479000 0.316465 -0.152987 0.936186 0.000000 0.000000 0.000000 0.000000 1.000000
0.919403 -0.196525 -0.340700 -0.000000 0.233556 0.969756 0.070886 0.479000 0.316465 -0.144745 0.937496 0.000000 0.000000 0.000000 0.000000 1.000000
0.919403 -0.199670 -0.338867 -0.000000 0.233556 0.970371 0.061907 0.479000 0.316465 -0.136062 0.938795 0.000000 0.000000 0.000000 0.000000 1.000000
0.919403 -0.202643 -0.337097 -0.000000 0.233556 0.970878 0.053369 0.479000 0.316465 -0.127798 0.939956 0.000000 0.000000 0.000000 0.000000 1.000000
0.919403 -0.205139 -0.335584 -0.000000 0.233556 0.971247 0.046163 0.479000 0.316465 -0.120821 0.940878 0.000000 0.000000 0.000000 0.000000 1.000000
0.919403 -0.206856 -0.334529 -0.000000 0.233556 0.971471 0.041185 0.479000 0.316465 -0.115997 0.941485 0.000000 0.000000 0.000000 0.000000 1.000000
0.919403 -0.207495 -0.334132 -0.000000 0.233556 0.971548 0.039327 0.479000 0.316465 -0.114196 0.941705 0.000000 0.000000 0.000000 0.000000 1.000000
0.919403 -0.207061 -0.334402 -0.000000 0.233556 0.971496 0.040589 0.479000 0.316465 -0.115419 0.941556 0.000000 0.000000 0.000000 0.000000 1.000000
0.919403 -0.205869 -0.335137 -0.000000 0.233556 0.971345 0.044048 0.479000 0.316465 -0.118772 0.941139 0.000000 0.000000 0.000000 0.000000 1.000000
0.919403 -0.204083 -0.336228 -0.000000 0.233556 0.971097 0.049216 0.479000 0.316465 -0.123778 0.940494 0.000000 0.000000 0.000000 0.000000 1.000000
0.919403 -0.201867 -0.337563 -0.000000 0.233556 0.970752 0.055603 0.479000 0.316465 -0.129961 0.939659 0.000000 0.000000 0.000000 0.000000 1.000000
0.919403 -0.199387 -0.339034 -0.000000 0.233556 0.970318 0.062719 0.479000 0.316465 -0.136847 0.938681 0.000000 0.000000 0.000000 0.000000 1.000000
0.919403 -0.196810 -0.340536 -0.000000 0.233556 0.969815 0.070075 0.479000 0.316465 -0.143961 0.937617 0.000000 0.000000 0.000000 0.000000 1.000000
0.919403 -0.194308 -0.341970 -0.000000 0.233556 0.969275 0.077184 0.479000 0.316465 -0.150832 0.936536 0.000000 0.000000 0.000000 0.000000 1.000000
0.919403 -0.192054 -0.343240 -0.000000 0.233556 0.968746 0.083558 0.479000 0.316465 -0.156989 0.935523 0.000000 0.000000 0.000000 0.000000 1.000000
0.919403 -0.190225 -0.344258 -0.000000 0.233556 0.968288 0.088711 0.479000 0.316465 -0.161965 0.934675 0.000000 0.000000 0.000000 0.000000 1.000000
0.919403 -0.188998 -0.344933 -0.000000 0.233556 0.967966 0.092159 0.479000 0.316465 -0.165292 0.934092 0.000000 0.000000 0.000000 0.000000 1.000000
0.919403 -0.188550 -0.345178 -0.000000 0.233556 0.967846 0.093416 0.479000 0.316465 -0.166505 0.933877 0.000000 0.000000 0.000000 0.000000 1.000000</float_array><technique_common><accessor source="#jnt_spine1-Matrix-animation-output-transform-array" count="21" stride="16"><param type="float4x4"/></accessor></technique_common></source><source id="jnt_spine1-Interpolations"><Name_array id="jnt_spine1-Interpolations-array" count="21">
 LINEAR LINEAR LINEAR LINEAR LINEAR LINEAR LINEAR LINEAR LINEAR LINEAR LINEAR
LINEAR LINEAR LINEAR LINEAR LINEAR LINEAR LINEAR LINEAR LINEAR LINEAR</Name_array><technique_common><accessor source="#jnt_spine1-Interpolations-array" count="21"><param type="name"/></accessor></technique_common></source><sampler id="jnt_spine1-Matrix-animation-transform"><input semantic="INPUT" source="#jnt_spine1-Matrix-animation-input"/><input semantic="OUTPUT" source="#jnt_spine1-Matrix-animation-output-transform"/><input semantic="INTERPOLATION" source="#jnt_spine1-Interpolations"/></sampler><channel source="#jnt_spine1-Matrix-animation-transform" target="jnt_spine1/matrix"/></animation></animation>
    <animation id="jnt_spine2-anim" name="jnt_spine2"><animation><source id="jnt_spine2-Matrix-animation-input"><float_array id="jnt_spine2-Matrix-animation-input-array" count="21">

0.000000 0.033333 0.066667 0.100000 0.133333 0.166667 0.200000 0.233333 0.266667 0.300000 0.333333 0.366667 0.400000 0.433333 0.466667 0.500000
0.533333 0.566667 0.600000 0.633333 0.666667</float_array><technique_common><accessor source="#jnt_spine2-Matrix-animation-input-array" count="21"><param name="TIME" type="float"/></accessor></technique_common></source><source id="jnt_spine2-Matrix-animation-output-transform"><float_array id="jnt_spine2-Matrix-animation-output-transform-array" count="336">

1.000000 -0.000000 0.000000 0.000000 0.000000 1.000000 -0.000000 0.449000 0.000000 0.000000 1.000000 0.000000 0.000000 0.000000 0.000000 1.000000
1.000000 0.000000 0.000000 0.000000 -0.000000 1.000000 -0.000000 0.449000 -0.000000 0.000000 1.000000 -0.000000 0.000000 0.000000 0.000000 1.000000
1.000000 -0.000000 -0.000000 -0.000000 0.000000 1.000000 0.000000 0.449000 0.000000 -0.000000 1.000000 0.000000 0.000000 0.000000 0.000000 1.000000
1.000000 0.000000 0.000000 0.000000 -0.000000 1.000000 0.000000 0.449000 -0.000000 -0.000000 1.000000 0.000000 0.000000 0.000000 0.000000 1.000000
1.000000 0.000000 0.000000 0.000000 -0.000000 1.000000 -0.000000 0.449000 0.000000 0.000000 1.000000 0.000000 0.000000 0.000000 0.000000 1.000000
1.000000 -0.000000 0.000000 0.000000 -0.000000 1.000000 0.000000 0.449000 -0.000000 0.000000 1.000000 0.000000 0.000000 0.000000 0.000000 1.000000
1.000000 0.000000 0.000000 0.000000 -0.000000 1.000000 0.000000 0.449000 -0.000000 -0.000000 1.000000 0.000000 0.000000 0.000000 0.000000 1.000000
1.000000 -0.000000 0.000000 0.000000 -0.000000 1.000000 -0.000000 0.449000 -0.000000 0.000000 1.000000 0.000000 0.000000 0.000000 0.000000 1.000000
1.000000 0.000000 0.000000 0.000000 -0.000000 1.000000 -0.000000 0.449000 -0.000000 0.000000 1.000000 0.000000 0.000000 0.000000 0.000000 1.000000
1.000000 -0.000000 0.000000 0.000000 0.000000 1.000000 -0.000000 0.449000 -0.000000 0.000000 1.000000 0.000000 0.000000 0.000000 0.000000 1.000000
1.000000 0.000000 0.000000 0.000000 -0.000000 1.000000 -0.000000 0.449000 -0.000000 0.000000 1.000000 0.000000 0.000000 0.000000 0.000000 1.000000
1.000000 -0.000000 -0.000000 0.000000 0.000000 1.000000 -0.000000 0.449000 0.000000 0.000000 1.000000 -0.000000 0.000000 0.000000 0.000000 1.000000
1.000000 0.000000 0.000000 -0.000000 -0.000000 1.000000 0.000000 0.449000 -0.000000 -0.000000 1.000000 0.000000 0.000000 0.000000 0.000000 1.000000
1.000000 -0.000000 -0.000000 -0.000000 0.000000 1.000000 -0.000000 0.449000 0.000000 -0.000000 1.000000 0.000000 0.000000 0.000000 0.000000 1.000000
1.000000 0.000000 -0.000000 0.000000 -0.000000 1.000000 0.000000 0.449000 0.000000 -0.000000 1.000000 0.000000 0.000000 0.000000 0.000000 1.000000
1.000000 0.000000 0.000000 -0.000000 0.000000 1.000000 -0.000000 0.449000 -0.000000 0.000000 1.000000 0.000000 0.000000 0.000000 0.000000 1.000000
1.000000 -0.000000 0.000000 0.000000 0.000000 1.000000 -0.000000 0.449000 -0.000000 0.000000 1.000000 0.000000 0.000000 0.000000 0.000000 1.000000
1.000000 -0.000000 0.000000 0.000000 0.000000 1.000000 -0.000000 0.449000 -0.000000 0.000000 1.000000 0.000000 0.000000 0.000000 0.000000 1.000000
1.000000 -0.000000 -0.000000 0.000000 0.000000 1.000000 -0.000000 0.449000 0.000000 0.000000 1.000000 0.000000 0.000000 0.000000 0.000000 1.000000
1.000000 0.000000 0.000000 0.000000 -0.000000 1.000000 -0.000000 0.449000 -0.000000 0.000000 1.000000 0.000000 0.000000 0.000000 0.000000 1.000000
1.000000 -0.000000 0.000000 0.000000 0.000000 1.000000 -0.000000 0.449000 0.000000 0.000000 1.000000 0.000000 0.000000 0.000000 0.000000 1.000000</float_array><technique_common><accessor source="#jnt_spine2-Matrix-animation-output-transform-array" count="21" stride="16"><param type="float4x4"/></accessor></technique_common></source><source id="jnt_spine2-Interpolations"><Name_array id="jnt_spine2-Interpolations-array" count="21">
 LINEAR LINEAR LINEAR LINEAR LINEAR LINEAR LINEAR LINEAR LINEAR LINEAR LINEAR
LINEAR LINEAR LINEAR LINEAR LINEAR LINEAR LINEAR LINEAR LINEAR LINEAR</Name_array><technique_common><accessor source="#jnt_spine2-Interpolations-array" count="21"><param type="name"/></accessor></technique_common></source><sampler id="jnt_spine2-Matrix-animation-transform"><input semantic="INPUT" source="#jnt_spine2-Matrix-animation-input"/><input semantic="OUTPUT" source="#jnt_spine2-Matrix-animation-output-transform"/><input semantic="INTERPOLATION" source="#jnt_spine2-Interpolations"/></sampler><channel source="#jnt_spine2-Matrix-animation-transform" target="jnt_spine2/matrix"/></animation></animation>
    <animation id="jnt_head-anim" name="jnt_head"><animation><source id="jnt_head-Matrix-animation-input"><float_array id="jnt_head-Matrix-animation-input-array" count="21">

0.000000 0.033333 0.066667 0.100000 0.133333 0.166667 0.200000 0.233333 0.266667 0.300000 0.333333 0.366667 0.400000 0.433333 0.466667 0.500000
0.533333 0.566667 0.600000 0.633333 0.666667</float_array><technique_common><accessor source="#jnt_head-Matrix-animation-input-array" count="21"><param name="TIME" type="float"/></accessor></technique_common></source><source id="jnt_head-Matrix-animation-output-transform"><float_array id="jnt_head-Matrix-animation-output-transform-array" count="336">

0.986264 0.077298 0.145975 0.000000 -0.085601 0.994999 0.051470 0.296642 -0.141267 -0.063258 0.987948 0.000000 0.000000 0.000000 0.000000 1.000000
0.986264 0.077298 0.145975 0.000000 -0.085601 0.994999 0.051470 0.296642 -0.141267 -0.063258 0.987948 0.000000 0.000000 0.000000 0.000000 1.000000
0.986264 0.077298 0.145975 0.000000 -0.085601 0.994999 0.051470 0.296642 -0.141267 -0.063258 0.987948 -0.000000 0.000000 0.000000 0.000000 1.000000
0.986264 0.077298 0.145975 0.000000 -0.085601 0.994999 0.051470 0.296642 -0.141267 -0.063258 0.987948 0.000000 0.000000 0.000000 0.000000 1.000000
0.986264 0.077298 0.145975 0.000000 -0.085601 0.994999 0.051470 0.296642 -0.141267 -0.063258 0.987948 -0.000000 0.000000 0.000000 0.000000 1.000000
0.986264 0.077298 0.145975 0.000000 -0.085601 0.994999 0.051470 0.296642 -0.141267 -0.063258 0.987948 0.000000 0.000000 0.000000 0.000000 1.000000
0.986264 0.077298 0.145975 -0.000000 -0.085601 0.994999 0.051470 0.296642 -0.141267 -0.063258 0.987948 -0.000000 0.000000 0.000000 0.000000 1.000000
0.986264 0.077298 0.145975 0.000000 -0.085601 0.994999 0.051470 0.296642 -0.141267 -0.063258 0.987948 0.000000 0.000000 0.000000 0.000000 1.000000
0.986264 0.077298 0.145975 0.000000 -0.085601 0.994999 0.051470 0.296642 -0.141267 -0.063258 0.987948 0.000000 0.000000 0.000000 0.000000 1.000000
0.986264 0.077298 0.145975 -0.000000 -0.085601 0.994999 0.051470 0.296642 -0.141267 -0.063258 0.987948 0.000000 0.000000 0.000000 0.000000 1.000000
0.986264 0.077298 0.145975 0.000000 -0.085601 0.994999 0.051470 0.296642 -0.141267 -0.063258 0.987948 0.000000 0.000000 0.000000 0.000000 1.000000
0.986264 0.077298 0.145975 -0.000000 -0.085601 0.994999 0.051470 0.296642 -0.141267 -0.063258 0.987948 0.000000 0.000000 0.000000 0.000000 1.000000
0.986264 0.077298 0.145975 0.000000 -0.085601 0.994999 0.051470 0.296642 -0.141267 -0.063258 0.987948 -0.000000 0.000000 0.000000 0.000000 1.000000
0.986264 0.077298 0.145975 -0.000000 -0.085601 0.994999 0.051470 0.296642 -0.141267 -0.063258 0.987948 -0.000000 0.000000 0.000000 0.000000 1.000000
0.986264 0.077298 0.145975 0.000000 -0.085601 0.994999 0.051470 0.296642 -0.141267 -0.063258 0.987948 -0.000000 0.000000 0.000000 0.000000 1.000000
0.986264 0.077298 0.145975 0.000000 -0.085601 0.994999 0.051470 0.296642 -0.141267 -0.063258 0.987948 0.000000 0.000000 0.000000 0.000000 1.000000
0.986264 0.077298 0.145975 0.000000 -0.085601 0.994999 0.051470 0.296642 -0.141267 -0.063258 0.987948 -0.000000 0.000000 0.000000 0.000000 1.000000
0.986264 0.077298 0.145975 -0.000000 -0.085601 0.994999 0.051470 0.296642 -0.141267 -0.063258 0.987948 -0.000000 0.000000 0.000000 0.000000 1.000000
0.986264 0.077298 0.145975 0.000000 -0.085601 0.994999 0.051470 0.296642 -0.141267 -0.063258 0.987948 0.000000 0.000000 0.000000 0.000000 1.000000
0.986264 0.077298 0.145975 0.000000 -0.085601 0.994999 0.051470 0.296642 -0.141267 -0.063258 0.987948 0.000000 0.000000 0.000000 0.000000 1.000000
0.986264 0.077298 0.145975 0.000000 -0.085601 0.994999 0.051470 0.296642 -0.141267 -0.063258 0.987948 0.000000 0.000000 0.000000 0.000000 1.000000</float_array><technique_common><accessor source="#jnt_head-Matrix-animation-output-transform-array" count="21" stride="16"><param type="float4x4"/></accessor></technique_common></source><source id="jnt_head-Interpolations"><Name_array id="jnt_head-Interpolations-array" count="21">
 LINEAR LINEAR LINEAR LINEAR LINEAR LINEAR LINEAR LINEAR LINEAR LINEAR LINEAR
LINEAR LINEAR LINEAR LINEAR LINEAR LINEAR LINEAR LINEAR LINEAR LINEAR</Name_array><technique_common><accessor source="#jnt_head-Interpolations-array" count="21"><param type="name"/></accessor></technique_common></source><sampler id="jnt_head-Matrix-animation-transform"><input semantic="INPUT" source="#jnt_head-Matrix-animation-input"/><input semantic="OUTPUT" source="#jnt_head-Matrix-animation-output-transform"/><input semantic="INTERPOLATION" source="#jnt_head-Interpolations"/></sampler><channel source="#jnt_head-Matrix-animation-transform" target="jnt_head/matrix"/></animation></animation>
    <animation id="jnt_06_upperleg-anim" name="jnt_06_upperleg"><animation><source id="jnt_06_upperleg-Matrix-animation-input"><float_array id="jnt_06_upperleg-Matrix-animation-input-array" count="21">

0.000000 0.033333 0.066667 0.100000 0.133333 0.166667 0.200000 0.233333 0.266667 0.300000 0.333333 0.366667 0.400000 0.433333 0.466667 0.500000
0.533333 0.566667 0.600000 0.633333 0.666667</float_array><technique_common><accessor source="#jnt_06_upperleg-Matrix-animation-input-array" count="21"><param name="TIME" type="float"/></accessor></technique_common></source><source id="jnt_06_upperleg-Matrix-animation-output-transform"><float_array id="jnt_06_upperleg-Matrix-animation-output-transform-array" count="336">

0.492139 -0.323417 -0.808209 0.236446 0.317148 0.931229 -0.179526 -0.000000 0.810689 -0.167970 0.560865 0.409537 0.000000 0.000000 0.000000 1.000000
0.491535 -0.324568 -0.808114 0.236446 0.319259 0.930506 -0.179536 -0.000000 0.810226 -0.169750 0.560998 0.409537 0.000000 0.000000 0.000000 1.000000
0.490094 -0.327295 -0.807890 0.236446 0.324259 0.928770 -0.179560 -0.000000 0.809113 -0.173965 0.561313 0.409537 0.000000 0.000000 0.000000 1.000000
0.488373 -0.330509 -0.807624 0.236446 0.330154 0.926686 -0.179588 -0.000000 0.807769 -0.178935 0.561687 0.409537 0.000000 0.000000 0.000000 1.000000
0.486949 -0.333133 -0.807405 0.236446 0.334969 0.924952 -0.179611 -0.000000 0.806645 -0.182995 0.561994 0.409537 0.000000 0.000000 0.000000 1.000000
0.486419 -0.334103 -0.807324 0.236446 0.336751 0.924303 -0.179619 0.000000 0.806223 -0.184497 0.562108 0.409537 0.000000 0.000000 0.000000 1.000000
0.487373 -0.332354 -0.807470 0.236446 0.333541 0.925469 -0.179604 -0.000000 0.806981 -0.181790 0.561903 0.409537 0.000000 0.000000 0.000000 1.000000
0.489338 -0.328712 -0.807773 0.236446 0.326859 0.927856 -0.179572 -0.000000 0.808524 -0.176156 0.561478 0.409537 0.000000 0.000000 0.000000 1.000000
0.491314 -0.324990 -0.808080 0.236446 0.320032 0.930239 -0.179539 -0.000000 0.810056 -0.170401 0.561046 0.409537 0.000000 0.000000 0.000000 1.000000
0.493091 -0.321588 -0.808358 0.236446 0.313795 0.932367 -0.179510 -0.000000 0.811415 -0.165144 0.560654 0.409537 0.000000 0.000000 0.000000 1.000000
0.494470 -0.318912 -0.808576 0.236446 0.308891 0.934008 -0.179487 -0.000000 0.812457 -0.161011 0.560348 0.409537 0.000000 0.000000 0.000000 1.000000
0.495305 -0.317274 -0.808709 0.236446 0.305891 0.934998 -0.179473 -0.000000 0.813083 -0.158483 0.560160 0.409537 0.000000 0.000000 0.000000 1.000000
0.495651 -0.316593 -0.808764 0.236446 0.304643 0.935406 -0.179467 -0.000000 0.813340 -0.157431 0.560083 0.409537 0.000000 0.000000 0.000000 1.000000
0.495604 -0.316685 -0.808756 0.236446 0.304813 0.935351 -0.179468 -0.000000 0.813305 -0.157574 0.560093 0.409537 0.000000 0.000000 0.000000 1.000000
0.495258 -0.317366 -0.808701 0.236446 0.306060 0.934942 -0.179474 -0.000000 0.813048 -0.158625 0.560171 0.409537 0.000000 0.000000 0.000000 1.000000
0.494706 -0.318449 -0.808613 0.236446 0.308044 0.934288 -0.179483 0.000000 0.812634 -0.160298 0.560295 0.409537 0.000000 0.000000 0.000000 1.000000
0.494040 -0.319749 -0.808508 0.236446 0.310425 0.933498 -0.179494 -0.000000 0.812133 -0.162304 0.560443 0.409537 0.000000 0.000000 0.000000 1.000000
0.493354 -0.321079 -0.808400 0.236446 0.312863 0.932681 -0.179506 -0.000000 0.811615 -0.164358 0.560596 0.409537 0.000000 0.000000 0.000000 1.000000
0.492744 -0.322256 -0.808304 0.236446 0.315020 0.931953 -0.179516 -0.000000 0.811151 -0.166176 0.560731 0.409537 0.000000 0.000000 0.000000 1.000000
0.492306 -0.323096 -0.808235 0.236446 0.316560 0.931430 -0.179523 -0.000000 0.810817 -0.167474 0.560828 0.409537 0.000000 0.000000 0.000000 1.000000
0.492139 -0.323417 -0.808209 0.236446 0.317148 0.931229 -0.179526 -0.000000 0.810689 -0.167970 0.560865 0.409537 0.000000 0.000000 0.000000 1.000000</float_array><technique_common><accessor source="#jnt_06_upperleg-Matrix-animation-output-transform-array" count="21" stride="16"><param type="float4x4"/></accessor></technique_common></source><source id="jnt_06_upperleg-Interpolations"><Name_array id="jnt_06_upperleg-Interpolations-array" count="21">
 LINEAR LINEAR LINEAR LINEAR LINEAR LINEAR LINEAR LINEAR LINEAR LINEAR LINEAR
LINEAR LINEAR LINEAR LINEAR LINEAR LINEAR LINEAR LINEAR LINEAR LINEAR</Name_array><technique_common><accessor source="#jnt_06_upperleg-Interpolations-array" count="21"><param type="name"/></accessor></technique_common></source><sampler id="jnt_06_upperleg-Matrix-animation-transform"><input semantic="INPUT" source="#jnt_06_upperleg-Matrix-animation-input"/><input semantic="OUTPUT" source="#jnt_06_upperleg-Matrix-animation-output-transform"/><input semantic="INTERPOLATION" source="#jnt_06_upperleg-Interpolations"/></sampler><channel source="#jnt_06_upperleg-Matrix-animation-transform" target="jnt_06_upperleg/matrix"/></animation></animation>
    <animation id="jnt_06_lowerleg-anim" name="jnt_06_lowerleg"><animation><source id="jnt_06_lowerleg-Matrix-animation-input"><float_array id="jnt_06_lowerleg-Matrix-animation-input-array" count="21">

0.000000 0.033333 0.066667 0.100000 0.133333 0.166667 0.200000 0.233333 0.266667 0.300000 0.333333 0.366667 0.400000 0.433333 0.466667 0.500000
0.533333 0.566667 0.600000 0.633333 0.666667</float_array><technique_common><accessor source="#jnt_06_lowerleg-Matrix-animation-input-array" count="21"><param name="TIME" type="float"/></accessor></technique_common></source><source id="jnt_06_lowerleg-Matrix-animation-output-transform"><float_array id="jnt_06_lowerleg-Matrix-animation-output-transform-array" count="336">

0.154466 0.987998 -0.000000 1.972000 -0.987998 0.154466 0.000000 -0.000000 0.000000 -0.000000 1.000000 -0.000000 0.000000 0.000000 0.000000 1.000000
0.152540 0.988297 -0.000000 1.972000 -0.988297 0.152540 0.000000 -0.000000 -0.000000 -0.000000 1.000000 -0.000000 0.000000 0.000000 0.000000 1.000000
0.147987 0.988989 -0.000000 1.972000 -0.988989 0.147987 -0.000000 -0.000000 0.000000 -0.000000 1.000000 0.000000 0.000000 0.000000 0.000000 1.000000
0.142638 0.989775 0.000000 1.972000 -0.989775 0.142638 0.000000 -0.000000 -0.000000 0.000000 1.000000 0.000000 0.000000 0.000000 0.000000 1.000000
0.138282 0.990393 0.000000 1.972000 -0.990393 0.138282 -0.000000 -0.000000 0.000000 0.000000 1.000000 0.000000 0.000000 0.000000 0.000000 1.000000
0.136675 0.990616 0.000000 1.972000 -0.990616 0.136675 -0.000000 -0.000000 -0.000000 0.000000 1.000000 -0.000000 0.000000 0.000000 0.000000 1.000000
0.139574 0.990212 0.000000 1.972000 -0.990212 0.139574 0.000000 -0.000000 0.000000 0.000000 1.000000 0.000000 0.000000 0.000000 0.000000 1.000000
0.145626 0.989340 0.000000 1.972000 -0.989340 0.145626 -0.000000 -0.000000 -0.000000 -0.000000 1.000000 -0.000000 0.000000 0.000000 0.000000 1.000000
0.151835 0.988406 0.000000 1.972000 -0.988406 0.151835 -0.000000 -0.000000 0.000000 0.000000 1.000000 -0.000000 0.000000 0.000000 0.000000 1.000000
0.157531 0.987514 0.000000 1.972000 -0.987514 0.157531 -0.000000 -0.000000 0.000000 0.000000 1.000000 0.000000 0.000000 0.000000 0.000000 1.000000
0.162024 0.986787 0.000000 1.972000 -0.986787 0.162024 -0.000000 -0.000000 -0.000000 0.000000 1.000000 -0.000000 0.000000 0.000000 0.000000 1.000000
0.164779 0.986330 0.000000 1.972000 -0.986330 0.164779 0.000000 -0.000000 -0.000000 -0.000000 1.000000 0.000000 0.000000 0.000000 0.000000 1.000000
0.165926 0.986138 0.000000 1.972000 -0.986138 0.165926 0.000000 -0.000000 -0.000000 -0.000000 1.000000 -0.000000 0.000000 0.000000 0.000000 1.000000
0.165770 0.986164 0.000000 1.972000 -0.986164 0.165770 -0.000000 -0.000000 -0.000000 -0.000000 1.000000 -0.000000 0.000000 0.000000 0.000000 1.000000
0.164624 0.986356 0.000000 1.972000 -0.986356 0.164624 0.000000 -0.000000 0.000000 -0.000000 1.000000 0.000000 0.000000 0.000000 0.000000 1.000000
0.162801 0.986659 -0.000000 1.972000 -0.986659 0.162801 0.000000 -0.000000 -0.000000 -0.000000 1.000000 -0.000000 0.000000 0.000000 0.000000 1.000000
0.160617 0.987017 0.000000 1.972000 -0.987017 0.160617 0.000000 -0.000000 0.000000 -0.000000 1.000000 -0.000000 0.000000 0.000000 0.000000 1.000000
0.158384 0.987378 0.000000 1.972000 -0.987378 0.158384 0.000000 -0.000000 0.000000 0.000000 1.000000 0.000000 0.000000 0.000000 0.000000 1.000000
0.156411 0.987692 -0.000000 1.972000 -0.987692 0.156411 0.000000 -0.000000 0.000000 -0.000000 1.000000 0.000000 0.000000 0.000000 0.000000 1.000000
0.155003 0.987914 0.000000 1.972000 -0.987914 0.155003 0.000000 -0.000000 -0.000000 0.000000 1.000000 0.000000 0.000000 0.000000 0.000000 1.000000
0.154466 0.987998 -0.000000 1.972000 -0.987998 0.154466 0.000000 -0.000000 0.000000 -0.000000 1.000000 -0.000000 0.000000 0.000000 0.000000 1.000000</float_array><technique_common><accessor source="#jnt_06_lowerleg-Matrix-animation-output-transform-array" count="21" stride="16"><param type="float4x4"/></accessor></technique_common></source><source id="jnt_06_lowerleg-Interpolations"><Name_array id="jnt_06_lowerleg-Interpolations-array" count="21">
 LINEAR LINEAR LINEAR LINEAR LINEAR LINEAR LINEAR LINEAR LINEAR LINEAR LINEAR
LINEAR LINEAR LINEAR LINEAR LINEAR LINEAR LINEAR LINEAR LINEAR LINEAR</Name_array><technique_common><accessor source="#jnt_06_lowerleg-Interpolations-array" count="21"><param type="name"/></accessor></technique_common></source><sampler id="jnt_06_lowerleg-Matrix-animation-transform"><input semantic="INPUT" source="#jnt_06_lowerleg-Matrix-animation-input"/><input semantic="OUTPUT" source="#jnt_06_lowerleg-Matrix-animation-output-transform"/><input semantic="INTERPOLATION" source="#jnt_06_lowerleg-Interpolations"/></sampler><channel source="#jnt_06_lowerleg-Matrix-animation-transform" target="jnt_06_lowerleg/matrix"/></animation></animation>
    <animation id="jnt_06_legend-anim" name="jnt_06_legend"><animation><source id="jnt_06_legend-Matrix-animation-input"><float_array id="jnt_06_legend-Matrix-animation-input-array" count="21">

0.000000 0.033333 0.066667 0.100000 0.133333 0.166667 0.200000 0.233333 0.266667 0.300000 0.333333 0.366667 0.400000 0.433333 0.466667 0.500000
0.533333 0.566667 0.600000 0.633333 0.666667</float_array><technique_common><accessor source="#jnt_06_legend-Matrix-animation-input-array" count="21"><param name="TIME" type="float"/></accessor></technique_common></source><source id="jnt_06_legend-Matrix-animation-output-transform"><float_array id="jnt_06_legend-Matrix-animation-output-transform-array" count="336">

1.000000 0.000000 0.000000 2.276111 0.000000 1.000000 0.000000 0.000000 0.000000 -0.000000 1.000000 0.000000 0.000000 0.000000 0.000000 1.000000
1.000000 0.000000 -0.000000 2.276111 0.000000 1.000000 0.000000 0.000000 -0.000000 0.000000 1.000000 0.000000 0.000000 0.000000 0.000000 1.000000
1.000000 0.000000 -0.000000 2.276111 0.000000 1.000000 0.000000 0.000000 -0.000000 -0.000000 1.000000 -0.000000 0.000000 0.000000 0.000000 1.000000
1.000000 -0.000000 0.000000 2.276111 -0.000000 1.000000 0.000000 0.000000 0.000000 0.000000 1.000000 0.000000 0.000000 0.000000 0.000000 1.000000
1.000000 -0.000000 -0.000000 2.276111 -0.000000 1.000000 -0.000000 0.000000 -0.000000 0.000000 1.000000 -0.000000 0.000000 0.000000 0.000000 1.000000
1.000000 -0.000000 0.000000 2.276111 -0.000000 1.000000 0.000000 0.000000 -0.000000 -0.000000 1.000000 0.000000 0.000000 0.000000 0.000000 1.000000
1.000000 -0.000000 0.000000 2.276111 -0.000000 1.000000 0.000000 0.000000 0.000000 0.000000 1.000000 0.000000 0.000000 0.000000 0.000000 1.000000
1.000000 -0.000000 -0.000000 2.276111 -0.000000 1.000000 -0.000000 0.000000 0.000000 0.000000 1.000000 0.000000 0.000000 0.000000 0.000000 1.000000
1.000000 0.000000 -0.000000 2.276111 0.000000 1.000000 -0.000000 0.000000 0.000000 0.000000 1.000000 0.000000 0.000000 0.000000 0.000000 1.000000
1.000000 0.000000 0.000000 2.276111 -0.000000 1.000000 0.000000 0.000000 -0.000000 -0.000000 1.000000 -0.000000 0.000000 0.000000 0.000000 1.000000
1.000000 0.000000 0.000000 2.276111 0.000000 1.000000 0.000000 0.000000 -0.000000 0.000000 1.000000 0.000000 0.000000 0.000000 0.000000 1.000000
1.000000 -0.000000 0.000000 2.276111 -0.000000 1.000000 -0.000000 0.000000 0.000000 0.000000 1.000000 0.000000 0.000000 0.000000 0.000000 1.000000
1.000000 -0.000000 0.000000 2.276111 0.000000 1.000000 0.000000 0.000000 0.000000 0.000000 1.000000 0.000000 0.000000 0.000000 0.000000 1.000000
1.000000 -0.000000 0.000000 2.276111 -0.000000 1.000000 0.000000 0.000000 0.000000 -0.000000 1.000000 0.000000 0.000000 0.000000 0.000000 1.000000
1.000000 0.000000 0.000000 2.276111 -0.000000 1.000000 0.000000 0.000000 0.000000 -0.000000 1.000000 0.000000 0.000000 0.000000 0.000000 1.000000
1.000000 0.000000 -0.000000 2.276111 -0.000000 1.000000 0.000000 0.000000 -0.000000 0.000000 1.000000 0.000000 0.000000 0.000000 0.000000 1.000000
1.000000 0.000000 0.000000 2.276111 -0.000000 1.000000 0.000000 0.000000 0.000000 -0.000000 1.000000 -0.000000 0.000000 0.000000 0.000000 1.000000
1.000000 -0.000000 0.000000 2.276111 -0.000000 1.000000 -0.000000 0.000000 0.000000 0.000000 1.000000 0.000000 0.000000 0.000000 0.000000 1.000000
1.000000 0.000000 0.000000 2.276111 -0.000000 1.000000 0.000000 0.000000 -0.000000 -0.000000 1.000000 -0.000000 0.000000 0.000000 0.000000 1.000000
1.000000 -0.000000 -0.000000 2.276111 0.000000 1.000000 -0.000000 0.000000 0.000000 0.000000 1.000000 0.000000 0.000000 0.000000 0.000000 1.000000
1.000000 0.000000 0.000000 2.276111 0.000000 1.000000 0.000000 0.000000 0.000000 -0.000000 1.000000 0.000000 0.000000 0.000000 0.000000 1.000000</float_array><technique_common><accessor source="#jnt_06_legend-Matrix-animation-output-transform-array" count="21" stride="16"><param type="float4x4"/></accessor></technique_common></source><source id="jnt_06_legend-Interpolations"><Name_array id="jnt_06_legend-Interpolations-array" count="21">
 LINEAR LINEAR LINEAR LINEAR LINEAR LINEAR LINEAR LINEAR LINEAR LINEAR LINEAR
LINEAR LINEAR LINEAR LINEAR LINEAR LINEAR LINEAR LINEAR LINEAR LINEAR</Name_array><technique_common><accessor source="#jnt_06_legend-Interpolations-array" count="21"><param type="name"/></accessor></technique_common></source><sampler id="jnt_06_legend-Matrix-animation-transform"><input semantic="INPUT" source="#jnt_06_legend-Matrix-animation-input"/><input semantic="OUTPUT" source="#jnt_06_legend-Matrix-animation-output-transform"/><input semantic="INTERPOLATION" source="#jnt_06_legend-Interpolations"/></sampler><channel source="#jnt_06_legend-Matrix-animation-transform" target="jnt_06_legend/matrix"/></animation></animation>
    <animation id="jnt_06_cable-anim" name="jnt_06_cable"><animation><source id="jnt_06_cable-Matrix-animation-input"><float_array id="jnt_06_cable-Matrix-animation-input-array" count="21">

0.000000 0.033333 0.066667 0.100000 0.133333 0.166667 0.200000 0.233333 0.266667 0.300000 0.333333 0.366667 0.400000 0.433333 0.466667 0.500000
0.533333 0.566667 0.600000 0.633333 0.666667</float_array><technique_common><accessor source="#jnt_06_cable-Matrix-animation-input-array" count="21"><param name="TIME" type="float"/></accessor></technique_common></source><source id="jnt_06_cable-Matrix-animation-output-transform"><float_array id="jnt_06_cable-Matrix-animation-output-transform-array" count="336">

0.999959 -0.009044 -0.000000 1.025162 0.009044 0.999959 0.000000 -0.572081 -0.000000 0.000000 1.000000 0.000000 0.000000 0.000000 0.000000 1.000000
0.999959 -0.009044 -0.000000 1.025162 0.009044 0.999959 0.000000 -0.572081 -0.000000 0.000000 1.000000 0.000000 0.000000 0.000000 0.000000 1.000000
0.999959 -0.009044 -0.000000 1.025162 0.009044 0.999959 -0.000000 -0.572081 -0.000000 0.000000 1.000000 -0.000000 0.000000 0.000000 0.000000 1.000000
0.999959 -0.009044 0.000000 1.025162 0.009044 0.999959 0.000000 -0.572081 0.000000 -0.000000 1.000000 0.000000 0.000000 0.000000 0.000000 1.000000
0.999959 -0.009044 0.000000 1.025162 0.009044 0.999959 -0.000000 -0.572081 -0.000000 -0.000000 1.000000 0.000000 0.000000 0.000000 0.000000 1.000000
0.999959 -0.009044 0.000000 1.025162 0.009044 0.999959 -0.000000 -0.572081 0.000000 0.000000 1.000000 -0.000000 0.000000 0.000000 0.000000 1.000000
0.999959 -0.009044 0.000000 1.025162 0.009044 0.999959 0.000000 -0.572081 0.000000 -0.000000 1.000000 0.000000 0.000000 0.000000 0.000000 1.000000
0.999959 -0.009044 0.000000 1.025162 0.009044 0.999959 -0.000000 -0.572081 0.000000 0.000000 1.000000 0.000000 0.000000 0.000000 0.000000 1.000000
0.999959 -0.009044 0.000000 1.025162 0.009044 0.999959 -0.000000 -0.572081 0.000000 0.000000 1.000000 0.000000 0.000000 0.000000 0.000000 1.000000
0.999959 -0.009044 0.000000 1.025162 0.009044 0.999959 -0.000000 -0.572081 -0.000000 0.000000 1.000000 -0.000000 0.000000 0.000000 0.000000 1.000000
0.999959 -0.009044 0.000000 1.025162 0.009044 0.999959 -0.000000 -0.572081 0.000000 0.000000 1.000000 0.000000 0.000000 0.000000 0.000000 1.000000
0.999959 -0.009044 0.000000 1.025162 0.009044 0.999959 0.000000 -0.572081 -0.000000 0.000000 1.000000 -0.000000 0.000000 0.000000 0.000000 1.000000
0.999959 -0.009044 0.000000 1.025162 0.009044 0.999959 0.000000 -0.572081 -0.000000 0.000000 1.000000 -0.000000 0.000000 0.000000 0.000000 1.000000
0.999959 -0.009044 0.000000 1.025162 0.009044 0.999959 -0.000000 -0.572081 -0.000000 0.000000 1.000000 -0.000000 0.000000 0.000000 0.000000 1.000000
0.999959 -0.009044 0.000000 1.025162 0.009044 0.999959 0.000000 -0.572081 0.000000 0.000000 1.000000 0.000000 0.000000 0.000000 0.000000 1.000000
0.999959 -0.009044 -0.000000 1.025162 0.009044 0.999959 0.000000 -0.572081 -0.000000 0.000000 1.000000 -0.000000 0.000000 0.000000 0.000000 1.000000
0.999959 -0.009044 0.000000 1.025162 0.009044 0.999959 0.000000 -0.572081 -0.000000 -0.000000 1.000000 -0.000000 0.000000 0.000000 0.000000 1.000000
0.999959 -0.009044 0.000000 1.025162 0.009044 0.999959 0.000000 -0.572081 0.000000 -0.000000 1.000000 0.000000 0.000000 0.000000 0.000000 1.000000
0.999959 -0.009044 -0.000000 1.025162 0.009044 0.999959 0.000000 -0.572081 0.000000 -0.000000 1.000000 0.000000 0.000000 0.000000 0.000000 1.000000
0.999959 -0.009044 0.000000 1.025162 0.009044 0.999959 0.000000 -0.572081 0.000000 0.000000 1.000000 0.000000 0.000000 0.000000 0.000000 1.000000
0.999959 -0.009044 -0.000000 1.025162 0.009044 0.999959 0.000000 -0.572081 -0.000000 0.000000 1.000000 0.000000 0.000000 0.000000 0.000000 1.000000</float_array><technique_common><accessor source="#jnt_06_cable-Matrix-animation-output-transform-array" count="21" stride="16"><param type="float4x4"/></accessor></technique_common></source><source id="jnt_06_cable-Interpolations"><Name_array id="jnt_06_cable-Interpolations-array" count="21">
 LINEAR LINEAR LINEAR LINEAR LINEAR LINEAR LINEAR LINEAR LINEAR LINEAR LINEAR
LINEAR LINEAR LINEAR LINEAR LINEAR LINEAR LINEAR LINEAR LINEAR LINEAR</Name_array><technique_common><accessor source="#jnt_06_cable-Interpolations-array" count="21"><param type="name"/></accessor></technique_common></source><sampler id="jnt_06_cable-Matrix-animation-transform"><input semantic="INPUT" source="#jnt_06_cable-Matrix-animation-input"/><input semantic="OUTPUT" source="#jnt_06_cable-Matrix-animation-output-transform"/><input semantic="INTERPOLATION" source="#jnt_06_cable-Interpolations"/></sampler><channel source="#jnt_06_cable-Matrix-animation-transform" target="jnt_06_cable/matrix"/></animation></animation>
    <animation id="jnt_05_upperleg-anim" name="jnt_05_upperleg"><animation><source id="jnt_05_upperleg-Matrix-animation-input"><float_array id="jnt_05_upperleg-Matrix-animation-input-array" count="21">

0.000000 0.033333 0.066667 0.100000 0.133333 0.166667 0.200000 0.233333 0.266667 0.300000 0.333333 0.366667 0.400000 0.433333 0.466667 0.500000
0.533333 0.566667 0.600000 0.633333 0.666667</float_array><technique_common><accessor source="#jnt_05_upperleg-Matrix-animation-input-array" count="21"><param name="TIME" type="float"/></accessor></technique_common></source><source id="jnt_05_upperleg-Matrix-animation-output-transform"><float_array id="jnt_05_upperleg-Matrix-animation-output-transform-array" count="336">

0.923572 -0.336846 0.183166 0.472892 0.340731 0.940099 0.010802 -0.000000 -0.175832 0.052434 0.983023 0.000000 0.000000 0.000000 0.000000 1.000000
0.923087 -0.338110 0.183282 0.472892 0.342034 0.939626 0.010750 -0.000000 -0.175851 0.052765 0.983002 0.000000 0.000000 0.000000 0.000000 1.000000
0.921733 -0.341610 0.183605 0.472892 0.345640 0.938307 0.010608 0.000000 -0.175902 0.053684 0.982943 0.000000 0.000000 0.000000 0.000000 1.000000
