<?xml version="1.0" encoding="utf-8"?>
<COLLADA xmlns="http://www.collada.org/2005/11/COLLADASchema" version="1.4.1">
  <asset><contributor><author></author><authoring_tool>FBX COLLADA exporter</authoring_tool><comments></comments></contributor><created>2019-12-02T11:14:07Z</created><keywords></keywords><modified>2019-12-02T11:14:07Z</modified><revision></revision><subject></subject><title></title><unit meter="0.010000" name="centimeter"></unit><up_axis>Y_UP</up_axis></asset>
  <library_animations>
    <animation id="root_jnt-anim" name="root_jnt"><animation><source id="root_jnt-Matrix-animation-input"><float_array id="root_jnt-Matrix-animation-input-array" count="15">

0.000000 0.033333 0.066667 0.100000 0.133333 0.166667 0.200000 0.233333 0.266667 0.300000 0.333333 0.366667 0.400000 0.433333 0.466667</float_array><technique_common><accessor source="#root_jnt-Matrix-animation-input-array" count="15"><param name="TIME" type="float"/></accessor></technique_common></source><source id="root_jnt-Matrix-animation-output-transform"><float_array id="root_jnt-Matrix-animation-output-transform-array" count="240">

0.975064 0.221924 0.000000 0.000000 -0.221924 0.975064 0.000000 2.242071 0.000000 0.000000 1.000000 0.082230 0.000000 0.000000 0.000000 1.000000
0.976006 0.217509 -0.010087 0.000000 -0.217743 0.974983 -0.044682 2.180623 0.000115 0.045806 0.998950 0.100609 0.000000 0.000000 0.000000 1.000000
0.978498 0.204436 -0.027345 0.000000 -0.206257 0.970136 -0.127652 2.066505 0.000432 0.130547 0.991442 0.134742 0.000000 0.000000 0.000000 1.000000
0.981969 0.185941 -0.034113 0.000000 -0.189042 0.966701 -0.172486 2.005057 0.000905 0.175825 0.984421 0.153121 0.000000 0.000000 0.000000 1.000000
0.985840 0.165178 -0.028908 0.000000 -0.167682 0.972575 -0.161188 2.028630 0.001490 0.163753 0.986500 0.151470 0.000000 0.000000 0.000000 1.000000
0.989607 0.142246 -0.021054 0.000000 -0.143780 0.981015 -0.130140 2.090778 0.002142 0.131815 0.991272 0.146942 0.000000 0.000000 0.000000 1.000000
0.992894 0.118283 -0.013069 0.000000 -0.118969 0.989211 -0.085487 2.178641 0.002816 0.086434 0.996254 0.140178 0.000000 0.000000 0.000000 1.000000
0.995480 0.094738 -0.006696 0.000000 -0.094911 0.994915 -0.033713 2.279363 0.003468 0.034196 0.999409 0.131816 0.000000 0.000000 0.000000 1.000000
0.997303 0.073341 -0.002713 0.000000 -0.073279 0.997142 0.018383 2.380085 0.004053 -0.018135 0.999827 0.122495 0.000000 0.000000 0.000000 1.000000
0.998434 0.055930 -0.000956 0.000000 -0.055755 0.996397 0.063903 2.467948 0.004526 -0.063749 0.997956 0.112855 0.000000 0.000000 0.000000 1.000000
0.999019 0.044278 -0.000593 0.000000 -0.044017 0.994402 0.096059 2.530095 0.004843 -0.095939 0.995375 0.103534 0.000000 0.000000 0.000000 1.000000
0.999198 0.040037 -0.000629 0.000000 -0.039734 0.993331 0.108236 2.553668 0.004958 -0.108124 0.994125 0.095172 0.000000 0.000000 0.000000 1.000000
0.996171 0.087360 0.003355 0.000000 -0.087348 0.992946 0.080177 2.472884 0.003673 -0.080163 0.996775 0.088408 0.000000 0.000000 0.000000 1.000000
0.984538 0.175131 0.003654 0.000000 -0.175164 0.984145 0.027875 2.322855 0.001285 -0.028084 0.999605 0.083881 0.000000 0.000000 0.000000 1.000000
0.975064 0.221924 0.000000 0.000000 -0.221924 0.975064 0.000000 2.242071 0.000000 0.000000 1.000000 0.082230 0.000000 0.000000 0.000000 1.000000</float_array><technique_common><accessor source="#root_jnt-Matrix-animation-output-transform-array" count="15" stride="16"><param type="float4x4"/></accessor></technique_common></source><source id="root_jnt-Interpolations"><Name_array id="root_jnt-Interpolations-array" count="15">
 LINEAR LINEAR LINEAR LINEAR LINEAR LINEAR LINEAR LINEAR LINEAR LINEAR LINEAR
LINEAR LINEAR LINEAR LINEAR</Name_array><technique_common><accessor source="#root_jnt-Interpolations-array" count="15"><param type="name"/></accessor></technique_common></source><sampler id="root_jnt-Matrix-animation-transform"><input semantic="INPUT" source="#root_jnt-Matrix-animation-input"/><input semantic="OUTPUT" source="#root_jnt-Matrix-animation-output-transform"/><input semantic="INTERPOLATION" source="#root_jnt-Interpolations"/></sampler><channel source="#root_jnt-Matrix-animation-transform" target="root_jnt/matrix"/></animation></animation>
    <animation id="jnt_spine1-anim" name="jnt_spine1"><animation><source id="jnt_spine1-Matrix-animation-input"><float_array id="jnt_spine1-Matrix-animation-input-array" count="15">

0.000000 0.033333 0.066667 0.100000 0.133333 0.166667 0.200000 0.233333 0.266667 0.300000 0.333333 0.366667 0.400000 0.433333 0.466667</float_array><technique_common><accessor source="#jnt_spine1-Matrix-animation-input-array" count="15"><param name="TIME" type="float"/></accessor></technique_common></source><source id="jnt_spine1-Matrix-animation-output-transform"><float_array id="jnt_spine1-Matrix-animation-output-transform-array" count="240">

0.972418 -0.233243 0.000000 0.000000 0.233243 0.972418 0.000000 0.479000 0.000000 0.000000 1.000000 0.000000 0.000000 0.000000 0.000000 1.000000
0.973409 -0.228837 -0.010381 0.000000 0.229073 0.972386 0.044615 0.479000 -0.000115 -0.045806 0.998950 0.000000 0.000000 0.000000 0.000000 1.000000
0.976034 -0.215809 -0.027991 0.000000 0.217616 0.967669 0.127512 0.479000 -0.000432 -0.130547 0.991442 0.000000 0.000000 0.000000 0.000000 1.000000
0.979705 -0.197477 -0.034370 0.000000 0.200444 0.964411 0.172435 0.479000 -0.000905 -0.175825 0.984421 -0.000000 0.000000 0.000000 0.000000 1.000000
0.983824 -0.176952 -0.027887 0.000000 0.179130 0.970501 0.161368 0.479000 -0.001490 -0.163753 0.986500 -0.000000 0.000000 0.000000 0.000000 1.000000
0.987869 -0.154197 -0.018370 -0.000000 0.155273 0.979208 0.130546 0.479000 -0.002142 -0.131815 0.991272 0.000000 0.000000 0.000000 0.000000 1.000000
0.991444 -0.130256 -0.008498 0.000000 0.130502 0.987706 0.086061 0.479000 -0.002816 -0.086434 0.996254 -0.000000 0.000000 0.000000 0.000000 1.000000
0.994309 -0.106532 -0.000195 0.000000 0.106475 0.993721 0.034371 0.479000 -0.003468 -0.034196 0.999409 -0.000000 0.000000 0.000000 0.000000 1.000000
0.996384 -0.084780 0.005577 0.000000 0.084866 0.996235 -0.017725 0.479000 -0.004053 0.018135 0.999827 0.000000 0.000000 0.000000 0.000000 1.000000
0.997719 -0.066933 0.008801 0.000000 0.067357 0.995719 -0.063301 0.479000 -0.004526 0.063749 0.997956 0.000000 0.000000 0.000000 0.000000 1.000000
0.998440 -0.054906 0.010150 -0.000000 0.055626 0.993872 -0.095523 0.479000 -0.004843 0.095939 0.995375 0.000000 0.000000 0.000000 0.000000 1.000000
0.998669 -0.050510 0.010475 -0.000000 0.051345 0.992853 -0.107730 0.479000 -0.004958 0.108124 0.994125 0.000000 0.000000 0.000000 0.000000 1.000000
0.995089 -0.098310 0.011573 -0.000000 0.098921 0.991922 -0.079408 0.479000 -0.003673 0.080163 0.996775 0.000000 0.000000 0.000000 0.000000 1.000000
0.982436 -0.186487 0.006503 0.000000 0.186596 0.982056 -0.027351 0.479000 -0.001285 0.028084 0.999605 0.000000 0.000000 0.000000 0.000000 1.000000
0.972418 -0.233243 0.000000 0.000000 0.233243 0.972418 0.000000 0.479000 0.000000 0.000000 1.000000 0.000000 0.000000 0.000000 0.000000 1.000000</float_array><technique_common><accessor source="#jnt_spine1-Matrix-animation-output-transform-array" count="15" stride="16"><param type="float4x4"/></accessor></technique_common></source><source id="jnt_spine1-Interpolations"><Name_array id="jnt_spine1-Interpolations-array" count="15">
 LINEAR LINEAR LINEAR LINEAR LINEAR LINEAR LINEAR LINEAR LINEAR LINEAR LINEAR
LINEAR LINEAR LINEAR LINEAR</Name_array><technique_common><accessor source="#jnt_spine1-Interpolations-array" count="15"><param type="name"/></accessor></technique_common></source><sampler id="jnt_spine1-Matrix-animation-transform"><input semantic="INPUT" source="#jnt_spine1-Matrix-animation-input"/><input semantic="OUTPUT" source="#jnt_spine1-Matrix-animation-output-transform"/><input semantic="INTERPOLATION" source="#jnt_spine1-Interpolations"/></sampler><channel source="#jnt_spine1-Matrix-animation-transform" target="jnt_spine1/matrix"/></animation></animation>
    <animation id="jnt_spine2-anim" name="jnt_spine2"><animation><source id="jnt_spine2-Matrix-animation-input"><float_array id="jnt_spine2-Matrix-animation-input-array" count="15">

0.000000 0.033333 0.066667 0.100000 0.133333 0.166667 0.200000 0.233333 0.266667 0.300000 0.333333 0.366667 0.400000 0.433333 0.466667</float_array><technique_common><accessor source="#jnt_spine2-Matrix-animation-input-array" count="15"><param name="TIME" type="float"/></accessor></technique_common></source><source id="jnt_spine2-Matrix-animation-output-transform"><float_array id="jnt_spine2-Matrix-animation-output-transform-array" count="240">

1.000000 0.000000 0.000000 0.000000 0.000000 1.000000 0.000000 0.449000 0.000000 0.000000 1.000000 0.000000 0.000000 0.000000 0.000000 1.000000
1.000000 0.000000 0.000000 0.000000 -0.000000 1.000000 0.000000 0.449000 -0.000000 0.000000 1.000000 0.000000 0.000000 0.000000 0.000000 1.000000
1.000000 0.000000 0.000000 0.000000 0.000000 1.000000 -0.000000 0.449000 0.000000 0.000000 1.000000 0.000000 0.000000 0.000000 0.000000 1.000000
1.000000 0.000000 -0.000000 0.000000 -0.000000 1.000000 0.000000 0.449000 0.000000 0.000000 1.000000 0.000000 0.000000 0.000000 0.000000 1.000000
1.000000 0.000000 0.000000 0.000000 0.000000 1.000000 0.000000 0.449000 -0.000000 0.000000 1.000000 0.000000 0.000000 0.000000 0.000000 1.000000
1.000000 -0.000000 0.000000 0.000000 -0.000000 1.000000 0.000000 0.449000 -0.000000 0.000000 1.000000 0.000000 0.000000 0.000000 0.000000 1.000000
1.000000 -0.000000 0.000000 -0.000000 0.000000 1.000000 0.000000 0.449000 0.000000 0.000000 1.000000 0.000000 0.000000 0.000000 0.000000 1.000000
1.000000 0.000000 -0.000000 0.000000 -0.000000 1.000000 -0.000000 0.449000 0.000000 0.000000 1.000000 0.000000 0.000000 0.000000 0.000000 1.000000
1.000000 -0.000000 0.000000 -0.000000 -0.000000 1.000000 0.000000 0.449000 -0.000000 0.000000 1.000000 0.000000 0.000000 0.000000 0.000000 1.000000
1.000000 0.000000 0.000000 0.000000 -0.000000 1.000000 -0.000000 0.449000 0.000000 0.000000 1.000000 -0.000000 0.000000 0.000000 0.000000 1.000000
1.000000 0.000000 -0.000000 0.000000 -0.000000 1.000000 -0.000000 0.449000 0.000000 0.000000 1.000000 0.000000 0.000000 0.000000 0.000000 1.000000
1.000000 -0.000000 0.000000 0.000000 0.000000 1.000000 0.000000 0.449000 -0.000000 -0.000000 1.000000 0.000000 0.000000 0.000000 0.000000 1.000000
1.000000 -0.000000 -0.000000 0.000000 0.000000 1.000000 0.000000 0.449000 0.000000 -0.000000 1.000000 0.000000 0.000000 0.000000 0.000000 1.000000
1.000000 -0.000000 0.000000 0.000000 -0.000000 1.000000 0.000000 0.449000 0.000000 -0.000000 1.000000 -0.000000 0.000000 0.000000 0.000000 1.000000
1.000000 0.000000 0.000000 0.000000 0.000000 1.000000 0.000000 0.449000 0.000000 0.000000 1.000000 0.000000 0.000000 0.000000 0.000000 1.000000</float_array><technique_common><accessor source="#jnt_spine2-Matrix-animation-output-transform-array" count="15" stride="16"><param type="float4x4"/></accessor></technique_common></source><source id="jnt_spine2-Interpolations"><Name_array id="jnt_spine2-Interpolations-array" count="15">
 LINEAR LINEAR LINEAR LINEAR LINEAR LINEAR LINEAR LINEAR LINEAR LINEAR LINEAR
LINEAR LINEAR LINEAR LINEAR</Name_array><technique_common><accessor source="#jnt_spine2-Interpolations-array" count="15"><param type="name"/></accessor></technique_common></source><sampler id="jnt_spine2-Matrix-animation-transform"><input semantic="INPUT" source="#jnt_spine2-Matrix-animation-input"/><input semantic="OUTPUT" source="#jnt_spine2-Matrix-animation-output-transform"/><input semantic="INTERPOLATION" source="#jnt_spine2-Interpolations"/></sampler><channel source="#jnt_spine2-Matrix-animation-transform" target="jnt_spine2/matrix"/></animation></animation>
    <animation id="jnt_head-anim" name="jnt_head"><animation><source id="jnt_head-Matrix-animation-input"><float_array id="jnt_head-Matrix-animation-input-array" count="15">

0.000000 0.033333 0.066667 0.100000 0.133333 0.166667 0.200000 0.233333 0.266667 0.300000 0.333333 0.366667 0.400000 0.433333 0.466667</float_array><technique_common><accessor source="#jnt_head-Matrix-animation-input-array" count="15"><param name="TIME" type="float"/></accessor></technique_common></source><source id="jnt_head-Matrix-animation-output-transform"><float_array id="jnt_head-Matrix-animation-output-transform-array" count="240">

0.999983 -0.005760 -0.000776 -0.000000 0.005812 0.991026 0.133544 0.296642 -0.000000 -0.133546 0.991043 -0.000000 0.000000 0.000000 0.000000 1.000000
0.999983 -0.005767 -0.000720 0.000000 0.005812 0.992287 0.123824 0.296642 -0.000000 -0.123826 0.992304 0.000000 0.000000 0.000000 0.000000 1.000000
0.999983 -0.005784 -0.000570 0.000000 0.005812 0.995155 0.098143 0.296642 0.000000 -0.098145 0.995172 -0.000000 0.000000 0.000000 0.000000 1.000000
0.999983 -0.005801 -0.000359 -0.000000 0.005812 0.998076 0.061728 0.296642 0.000000 -0.061729 0.998093 -0.000000 0.000000 0.000000 0.000000 1.000000
0.999983 -0.005811 -0.000116 -0.000000 0.005812 0.999785 0.019886 0.296642 -0.000000 -0.019886 0.999802 -0.000000 0.000000 0.000000 0.000000 1.000000
0.999983 -0.005811 0.000128 -0.000000 0.005812 0.999741 -0.021991 0.296642 -0.000000 0.021992 0.999758 0.000000 0.000000 0.000000 0.000000 1.000000
0.999983 -0.005802 0.000340 0.000000 0.005812 0.998271 -0.058493 0.296642 0.000000 0.058494 0.998288 -0.000000 0.000000 0.000000 0.000000 1.000000
0.999983 -0.005791 0.000490 0.000000 0.005812 0.996426 -0.084268 0.296642 0.000000 0.084269 0.996443 -0.000000 0.000000 0.000000 0.000000 1.000000
0.999983 -0.005786 0.000547 -0.000000 0.005812 0.995552 -0.094031 0.296642 -0.000000 0.094032 0.995569 -0.000000 0.000000 0.000000 0.000000 1.000000
0.999983 -0.005795 0.000449 -0.000000 0.005812 0.996999 -0.077195 0.296642 0.000000 0.077197 0.997016 -0.000000 0.000000 0.000000 0.000000 1.000000
0.999983 -0.005808 0.000204 0.000000 0.005812 0.999370 -0.035022 0.296642 0.000000 0.035023 0.999387 -0.000000 0.000000 0.000000 0.000000 1.000000
0.999983 -0.005811 -0.000116 -0.000000 0.005812 0.999785 0.019886 0.296642 -0.000000 -0.019886 0.999802 -0.000000 0.000000 0.000000 0.000000 1.000000
0.999983 -0.005796 -0.000434 -0.000000 0.005812 0.997187 0.074734 0.296642 0.000000 -0.074735 0.997203 0.000000 0.000000 0.000000 0.000000 1.000000
0.999983 -0.005772 -0.000679 -0.000000 0.005812 0.993141 0.116780 0.296642 0.000000 -0.116782 0.993158 0.000000 0.000000 0.000000 0.000000 1.000000
0.999983 -0.005760 -0.000776 -0.000000 0.005812 0.991026 0.133544 0.296642 -0.000000 -0.133546 0.991043 -0.000000 0.000000 0.000000 0.000000 1.000000</float_array><technique_common><accessor source="#jnt_head-Matrix-animation-output-transform-array" count="15" stride="16"><param type="float4x4"/></accessor></technique_common></source><source id="jnt_head-Interpolations"><Name_array id="jnt_head-Interpolations-array" count="15">
 LINEAR LINEAR LINEAR LINEAR LINEAR LINEAR LINEAR LINEAR LINEAR LINEAR LINEAR
LINEAR LINEAR LINEAR LINEAR</Name_array><technique_common><accessor source="#jnt_head-Interpolations-array" count="15"><param type="name"/></accessor></technique_common></source><sampler id="jnt_head-Matrix-animation-transform"><input semantic="INPUT" source="#jnt_head-Matrix-animation-input"/><input semantic="OUTPUT" source="#jnt_head-Matrix-animation-output-transform"/><input semantic="INTERPOLATION" source="#jnt_head-Interpolations"/></sampler><channel source="#jnt_head-Matrix-animation-transform" target="jnt_head/matrix"/></animation></animation>
    <animation id="jnt_06_upperleg-anim" name="jnt_06_upperleg"><animation><source id="jnt_06_upperleg-Matrix-animation-input"><float_array id="jnt_06_upperleg-Matrix-animation-input-array" count="15">

0.000000 0.033333 0.066667 0.100000 0.133333 0.166667 0.200000 0.233333 0.266667 0.300000 0.333333 0.366667 0.400000 0.433333 0.466667</float_array><technique_common><accessor source="#jnt_06_upperleg-Matrix-animation-input-array" count="15"><param name="TIME" type="float"/></accessor></technique_common></source><source id="jnt_06_upperleg-Matrix-animation-output-transform"><float_array id="jnt_06_upperleg-Matrix-animation-output-transform-array" count="240">

0.304493 -0.198899 -0.931517 0.236446 0.057112 0.980008 -0.190584 0.000000 0.950801 0.004831 0.309765 0.409537 0.000000 0.000000 0.000000 1.000000
0.338294 -0.133078 -0.931583 0.236446 0.003077 0.990101 -0.140320 0.000000 0.941035 0.044603 0.335355 0.409537 0.000000 0.000000 0.000000 1.000000
0.313684 -0.202115 -0.927767 0.236446 0.221788 0.965651 -0.135380 0.000000 0.923262 -0.163302 0.347736 0.409537 0.000000 0.000000 0.000000 1.000000
0.264144 -0.307101 -0.914285 0.236446 0.386369 0.902259 -0.191437 0.000000 0.883712 -0.302684 0.356981 0.409537 0.000000 0.000000 0.000000 1.000000
0.213546 -0.397234 -0.892526 0.236446 0.405169 0.867335 -0.289081 0.000000 0.888952 -0.299892 0.346163 0.409537 0.000000 0.000000 0.000000 1.000000
0.191514 -0.452790 -0.870806 0.236446 0.309983 0.869721 -0.384053 0.000000 0.931254 -0.196383 0.306920 0.409537 0.000000 0.000000 0.000000 1.000000
0.210068 -0.461712 -0.861797 0.236446 0.112776 0.887024 -0.447738 0.000000 0.971161 -0.003135 0.238406 0.409537 0.000000 0.000000 0.000000 1.000000
0.237313 -0.432849 -0.869669 0.236446 -0.115191 0.876388 -0.467627 -0.000000 0.964580 0.211151 0.158118 0.409537 0.000000 0.000000 0.000000 1.000000
0.242118 -0.394076 -0.886613 0.236446 -0.274299 0.848722 -0.452140 -0.000000 0.930666 0.352669 0.097396 0.409537 0.000000 0.000000 0.000000 1.000000
0.258701 -0.368502 -0.892905 0.236446 -0.295858 0.849720 -0.436398 -0.000000 0.919534 0.377070 0.110799 0.409537 0.000000 0.000000 0.000000 1.000000
0.303644 -0.345547 -0.887918 0.236446 -0.217069 0.882322 -0.417600 0.000000 0.927729 0.319541 0.192904 0.409537 0.000000 0.000000 0.000000 1.000000
0.291727 -0.309895 -0.904909 0.236446 -0.040337 0.941234 -0.335339 0.000000 0.955651 0.134328 0.262083 0.409537 0.000000 0.000000 0.000000 1.000000
0.267536 -0.263093 -0.926934 0.236446 0.117666 0.963722 -0.239573 -0.000000 0.956336 -0.044974 0.288788 0.409537 0.000000 0.000000 0.000000 1.000000
0.271775 -0.229065 -0.934702 0.236446 0.143487 0.970048 -0.196006 0.000000 0.951604 -0.080848 0.296503 0.409537 0.000000 0.000000 0.000000 1.000000
0.304493 -0.198899 -0.931517 0.236446 0.057112 0.980008 -0.190584 0.000000 0.950801 0.004831 0.309765 0.409537 0.000000 0.000000 0.000000 1.000000</float_array><technique_common><accessor source="#jnt_06_upperleg-Matrix-animation-output-transform-array" count="15" stride="16"><param type="float4x4"/></accessor></technique_common></source><source id="jnt_06_upperleg-Interpolations"><Name_array id="jnt_06_upperleg-Interpolations-array" count="15">
 LINEAR LINEAR LINEAR LINEAR LINEAR LINEAR LINEAR LINEAR LINEAR LINEAR LINEAR
LINEAR LINEAR LINEAR LINEAR</Name_array><technique_common><accessor source="#jnt_06_upperleg-Interpolations-array" count="15"><param type="name"/></accessor></technique_common></source><sampler id="jnt_06_upperleg-Matrix-animation-transform"><input semantic="INPUT" source="#jnt_06_upperleg-Matrix-animation-input"/><input semantic="OUTPUT" source="#jnt_06_upperleg-Matrix-animation-output-transform"/><input semantic="INTERPOLATION" source="#jnt_06_upperleg-Interpolations"/></sampler><channel source="#jnt_06_upperleg-Matrix-animation-transform" target="jnt_06_upperleg/matrix"/></animation></animation>
    <animation id="jnt_06_lowerleg-anim" name="jnt_06_lowerleg"><animation><source id="jnt_06_lowerleg-Matrix-animation-input"><float_array id="jnt_06_lowerleg-Matrix-animation-input-array" count="15">

0.000000 0.033333 0.066667 0.100000 0.133333 0.166667 0.200000 0.233333 0.266667 0.300000 0.333333 0.366667 0.400000 0.433333 0.466667</float_array><technique_common><accessor source="#jnt_06_lowerleg-Matrix-animation-input-array" count="15"><param name="TIME" type="float"/></accessor></technique_common></source><source id="jnt_06_lowerleg-Matrix-animation-output-transform"><float_array id="jnt_06_lowerleg-Matrix-animation-output-transform-array" count="240">

0.628456 0.777845 -0.000000 1.972000 -0.777845 0.628456 -0.000000 -0.000000 0.000000 0.000000 1.000000 -0.000000 0.000000 0.000000 0.000000 1.000000
0.709944 0.704258 0.000000 1.972000 -0.704258 0.709944 -0.000000 -0.000000 -0.000000 0.000000 1.000000 0.000000 0.000000 0.000000 0.000000 1.000000
0.519320 0.854580 0.000000 1.972000 -0.854580 0.519320 0.000000 -0.000000 -0.000000 0.000000 1.000000 0.000000 0.000000 0.000000 0.000000 1.000000
0.225686 0.974200 0.000000 1.972000 -0.974200 0.225686 0.000000 -0.000000 0.000000 0.000000 1.000000 -0.000000 0.000000 0.000000 0.000000 1.000000
-0.048854 0.998806 0.000000 1.972000 -0.998806 -0.048854 0.000000 -0.000000 -0.000000 0.000000 1.000000 -0.000000 0.000000 0.000000 0.000000 1.000000
-0.251610 0.967829 0.000000 1.972000 -0.967829 -0.251610 0.000000 -0.000000 0.000000 0.000000 1.000000 0.000000 0.000000 0.000000 0.000000 1.000000
-0.348736 0.937221 0.000000 1.972000 -0.937221 -0.348736 -0.000000 -0.000000 -0.000000 -0.000000 1.000000 0.000000 0.000000 0.000000 0.000000 1.000000
-0.354109 0.935204 0.000000 1.972000 -0.935204 -0.354109 0.000000 -0.000000 0.000000 -0.000000 1.000000 -0.000000 0.000000 0.000000 0.000000 1.000000
-0.307611 0.951512 -0.000000 1.972000 -0.951512 -0.307611 0.000000 -0.000000 -0.000000 -0.000000 1.000000 0.000000 0.000000 0.000000 0.000000 1.000000
-0.310860 0.950456 0.000000 1.972000 -0.950456 -0.310860 0.000000 -0.000000 -0.000000 0.000000 1.000000 0.000000 0.000000 0.000000 0.000000 1.000000
-0.342630 0.939471 -0.000000 1.972000 -0.939471 -0.342630 0.000000 -0.000000 -0.000000 0.000000 1.000000 0.000000 0.000000 0.000000 0.000000 1.000000
-0.251649 0.967818 0.000000 1.972000 -0.967818 -0.251649 0.000000 -0.000000 -0.000000 -0.000000 1.000000 0.000000 0.000000 0.000000 0.000000 1.000000
0.071694 0.997427 0.000000 1.972000 -0.997427 0.071694 0.000000 -0.000000 -0.000000 -0.000000 1.000000 -0.000000 0.000000 0.000000 0.000000 1.000000
0.458808 0.888536 0.000000 1.972000 -0.888536 0.458808 -0.000000 -0.000000 0.000000 0.000000 1.000000 0.000000 0.000000 0.000000 0.000000 1.000000
0.628456 0.777845 -0.000000 1.972000 -0.777845 0.628456 -0.000000 -0.000000 0.000000 0.000000 1.000000 -0.000000 0.000000 0.000000 0.000000 1.000000</float_array><technique_common><accessor source="#jnt_06_lowerleg-Matrix-animation-output-transform-array" count="15" stride="16"><param type="float4x4"/></accessor></technique_common></source><source id="jnt_06_lowerleg-Interpolations"><Name_array id="jnt_06_lowerleg-Interpolations-array" count="15">
 LINEAR LINEAR LINEAR LINEAR LINEAR LINEAR LINEAR LINEAR LINEAR LINEAR LINEAR
LINEAR LINEAR LINEAR LINEAR</Name_array><technique_common><accessor source="#jnt_06_lowerleg-Interpolations-array" count="15"><param type="name"/></accessor></technique_common></source><sampler id="jnt_06_lowerleg-Matrix-animation-transform"><input semantic="INPUT" source="#jnt_06_lowerleg-Matrix-animation-input"/><input semantic="OUTPUT" source="#jnt_06_lowerleg-Matrix-animation-output-transform"/><input semantic="INTERPOLATION" source="#jnt_06_lowerleg-Interpolations"/></sampler><channel source="#jnt_06_lowerleg-Matrix-animation-transform" target="jnt_06_lowerleg/matrix"/></animation></animation>
    <animation id="jnt_06_legend-anim" name="jnt_06_legend"><animation><source id="jnt_06_legend-Matrix-animation-input"><float_array id="jnt_06_legend-Matrix-animation-input-array" count="15">

0.000000 0.033333 0.066667 0.100000 0.133333 0.166667 0.200000 0.233333 0.266667 0.300000 0.333333 0.366667 0.400000 0.433333 0.466667</float_array><technique_common><accessor source="#jnt_06_legend-Matrix-animation-input-array" count="15"><param name="TIME" type="float"/></accessor></technique_common></source><source id="jnt_06_legend-Matrix-animation-output-transform"><float_array id="jnt_06_legend-Matrix-animation-output-transform-array" count="240">

1.000000 0.000000 0.000000 2.425000 0.000000 1.000000 0.000000 0.000000 0.000000 0.000000 1.000000 0.000000 0.000000 0.000000 0.000000 1.000000
1.000000 0.000000 0.000000 2.425000 0.000000 1.000000 0.000000 0.000000 -0.000000 -0.000000 1.000000 -0.000000 0.000000 0.000000 0.000000 1.000000
1.000000 0.000000 0.000000 2.425000 -0.000000 1.000000 -0.000000 0.000000 0.000000 0.000000 1.000000 0.000000 0.000000 0.000000 0.000000 1.000000
1.000000 -0.000000 -0.000000 2.425000 -0.000000 1.000000 -0.000000 -0.000000 -0.000000 0.000000 1.000000 0.000000 0.000000 0.000000 0.000000 1.000000
1.000000 0.000000 0.000000 2.425000 0.000000 1.000000 -0.000000 0.000000 -0.000000 -0.000000 1.000000 0.000000 0.000000 0.000000 0.000000 1.000000
1.000000 0.000000 -0.000000 2.425000 -0.000000 1.000000 -0.000000 0.000000 0.000000 0.000000 1.000000 -0.000000 0.000000 0.000000 0.000000 1.000000
1.000000 -0.000000 0.000000 2.425000 0.000000 1.000000 0.000000 0.000000 0.000000 -0.000000 1.000000 0.000000 0.000000 0.000000 0.000000 1.000000
1.000000 0.000000 0.000000 2.425000 0.000000 1.000000 0.000000 0.000000 0.000000 -0.000000 1.000000 0.000000 0.000000 0.000000 0.000000 1.000000
1.000000 0.000000 0.000000 2.425000 0.000000 1.000000 0.000000 0.000000 -0.000000 0.000000 1.000000 -0.000000 0.000000 0.000000 0.000000 1.000000
1.000000 0.000000 0.000000 2.425000 0.000000 1.000000 -0.000000 0.000000 0.000000 0.000000 1.000000 0.000000 0.000000 0.000000 0.000000 1.000000
1.000000 0.000000 -0.000000 2.425000 0.000000 1.000000 -0.000000 0.000000 -0.000000 -0.000000 1.000000 0.000000 0.000000 0.000000 0.000000 1.000000
1.000000 0.000000 -0.000000 2.425000 0.000000 1.000000 0.000000 0.000000 0.000000 -0.000000 1.000000 0.000000 0.000000 0.000000 0.000000 1.000000
1.000000 0.000000 -0.000000 2.425000 0.000000 1.000000 0.000000 0.000000 -0.000000 0.000000 1.000000 0.000000 0.000000 0.000000 0.000000 1.000000
1.000000 0.000000 0.000000 2.425000 -0.000000 1.000000 0.000000 0.000000 -0.000000 0.000000 1.000000 0.000000 0.000000 0.000000 0.000000 1.000000
1.000000 0.000000 0.000000 2.425000 0.000000 1.000000 0.000000 0.000000 0.000000 0.000000 1.000000 0.000000 0.000000 0.000000 0.000000 1.000000</float_array><technique_common><accessor source="#jnt_06_legend-Matrix-animation-output-transform-array" count="15" stride="16"><param type="float4x4"/></accessor></technique_common></source><source id="jnt_06_legend-Interpolations"><Name_array id="jnt_06_legend-Interpolations-array" count="15">
 LINEAR LINEAR LINEAR LINEAR LINEAR LINEAR LINEAR LINEAR LINEAR LINEAR LINEAR
LINEAR LINEAR LINEAR LINEAR</Name_array><technique_common><accessor source="#jnt_06_legend-Interpolations-array" count="15"><param type="name"/></accessor></technique_common></source><sampler id="jnt_06_legend-Matrix-animation-transform"><input semantic="INPUT" source="#jnt_06_legend-Matrix-animation-input"/><input semantic="OUTPUT" source="#jnt_06_legend-Matrix-animation-output-transform"/><input semantic="INTERPOLATION" source="#jnt_06_legend-Interpolations"/></sampler><channel source="#jnt_06_legend-Matrix-animation-transform" target="jnt_06_legend/matrix"/></animation></animation>
    <animation id="jnt_06_cable-anim" name="jnt_06_cable"><animation><source id="jnt_06_cable-Matrix-animation-input"><float_array id="jnt_06_cable-Matrix-animation-input-array" count="15">

0.000000 0.033333 0.066667 0.100000 0.133333 0.166667 0.200000 0.233333 0.266667 0.300000 0.333333 0.366667 0.400000 0.433333 0.466667</float_array><technique_common><accessor source="#jnt_06_cable-Matrix-animation-input-array" count="15"><param name="TIME" type="float"/></accessor></technique_common></source><source id="jnt_06_cable-Matrix-animation-output-transform"><float_array id="jnt_06_cable-Matrix-animation-output-transform-array" count="240">

0.999959 -0.009044 -0.000000 1.025162 0.009044 0.999959 -0.000000 -0.572081 0.000000 -0.000000 1.000000 0.000000 0.000000 0.000000 0.000000 1.000000
0.999959 -0.009044 0.000000 1.025162 0.009044 0.999959 -0.000000 -0.572081 0.000000 0.000000 1.000000 0.000000 0.000000 0.000000 0.000000 1.000000
0.999959 -0.009044 0.000000 1.025162 0.009044 0.999959 0.000000 -0.572081 0.000000 0.000000 1.000000 -0.000000 0.000000 0.000000 0.000000 1.000000
0.999959 -0.009044 0.000000 1.025162 0.009044 0.999959 0.000000 -0.572081 0.000000 0.000000 1.000000 0.000000 0.000000 0.000000 0.000000 1.000000
0.999959 -0.009044 0.000000 1.025162 0.009044 0.999959 0.000000 -0.572081 -0.000000 0.000000 1.000000 -0.000000 0.000000 0.000000 0.000000 1.000000
0.999959 -0.009044 0.000000 1.025162 0.009044 0.999959 0.000000 -0.572081 0.000000 -0.000000 1.000000 0.000000 0.000000 0.000000 0.000000 1.000000
0.999959 -0.009044 0.000000 1.025162 0.009044 0.999959 -0.000000 -0.572081 -0.000000 0.000000 1.000000 0.000000 0.000000 0.000000 0.000000 1.000000
0.999959 -0.009044 0.000000 1.025162 0.009044 0.999959 0.000000 -0.572081 -0.000000 -0.000000 1.000000 0.000000 0.000000 0.000000 0.000000 1.000000
0.999959 -0.009044 -0.000000 1.025162 0.009044 0.999959 0.000000 -0.572081 -0.000000 0.000000 1.000000 0.000000 0.000000 0.000000 0.000000 1.000000
0.999959 -0.009044 0.000000 1.025162 0.009044 0.999959 0.000000 -0.572081 0.000000 -0.000000 1.000000 0.000000 0.000000 0.000000 0.000000 1.000000
0.999959 -0.009044 -0.000000 1.025162 0.009044 0.999959 0.000000 -0.572081 0.000000 0.000000 1.000000 0.000000 0.000000 0.000000 0.000000 1.000000
0.999959 -0.009044 0.000000 1.025162 0.009044 0.999959 0.000000 -0.572081 -0.000000 0.000000 1.000000 0.000000 0.000000 0.000000 0.000000 1.000000
0.999959 -0.009044 0.000000 1.025162 0.009044 0.999959 0.000000 -0.572081 -0.000000 0.000000 1.000000 0.000000 0.000000 0.000000 0.000000 1.000000
0.999959 -0.009044 0.000000 1.025162 0.009044 0.999959 -0.000000 -0.572081 0.000000 0.000000 1.000000 0.000000 0.000000 0.000000 0.000000 1.000000
0.999959 -0.009044 -0.000000 1.025162 0.009044 0.999959 -0.000000 -0.572081 0.000000 -0.000000 1.000000 0.000000 0.000000 0.000000 0.000000 1.000000</float_array><technique_common><accessor source="#jnt_06_cable-Matrix-animation-output-transform-array" count="15" stride="16"><param type="float4x4"/></accessor></technique_common></source><source id="jnt_06_cable-Interpolations"><Name_array id="jnt_06_cable-Interpolations-array" count="15">
 LINEAR LINEAR LINEAR LINEAR LINEAR LINEAR LINEAR LINEAR LINEAR LINEAR LINEAR
LINEAR LINEAR LINEAR LINEAR</Name_array><technique_common><accessor source="#jnt_06_cable-Interpolations-array" count="15"><param type="name"/></accessor></technique_common></source><sampler id="jnt_06_cable-Matrix-animation-transform"><input semantic="INPUT" source="#jnt_06_cable-Matrix-animation-input"/><input semantic="OUTPUT" source="#jnt_06_cable-Matrix-animation-output-transform"/><input semantic="INTERPOLATION" source="#jnt_06_cable-Interpolations"/></sampler><channel source="#jnt_06_cable-Matrix-animation-transform" target="jnt_06_cable/matrix"/></animation></animation>
    <animation id="jnt_05_upperleg-anim" name="jnt_05_upperleg"><animation><source id="jnt_05_upperleg-Matrix-animation-input"><float_array id="jnt_05_upperleg-Matrix-animation-input-array" count="15">

0.000000 0.033333 0.066667 0.100000 0.133333 0.166667 0.200000 0.233333 0.266667 0.300000 0.333333 0.366667 0.400000 0.433333 0.466667</float_array><technique_common><accessor source="#jnt_05_upperleg-Matrix-animation-input-array" count="15"><param name="TIME" type="float"/></accessor></technique_common></source><source id="jnt_05_upperleg-Matrix-animation-output-transform"><float_array id="jnt_05_upperleg-Matrix-animation-output-transform-array" count="240">

0.663142 -0.084339 -0.743727 0.472892 0.160990 0.986447 0.031684 0.000000 0.730975 -0.140744 0.667733 0.000000 0.000000 0.000000 0.000000 1.000000
0.646979 -0.188924 -0.738733 0.472892 0.276517 0.961002 -0.003595 -0.000000 0.710603 -0.201947 0.673989 -0.000000 0.000000 0.000000 0.000000 1.000000
0.584458 -0.399758 -0.706118 0.472892 0.460192 0.880034 -0.117315 0.000000 0.668306 -0.256384 0.698309 0.000000 0.000000 0.000000 0.000000 1.000000
0.527443 -0.570526 -0.629527 0.472892 0.507429 0.805844 -0.305173 0.000000 0.681410 -0.158479 0.714538 0.000000 0.000000 0.000000 0.000000 1.000000
0.573433 -0.613947 -0.542443 0.472892 0.365716 0.784318 -0.501096 0.000000 0.733094 0.088965 0.674284 -0.000000 0.000000 0.000000 0.000000 1.000000
0.696135 -0.527214 -0.487280 0.472892 0.131568 0.760940 -0.635342 0.000000 0.705752 0.378173 0.599081 0.000000 0.000000 0.000000 0.000000 1.000000
0.789899 -0.382324 -0.479465 0.472892 -0.090883 0.700242 -0.708097 -0.000000 0.606465 0.602900 0.518374 0.000000 0.000000 0.000000 0.000000 1.000000
0.810548 -0.286438 -0.510847 0.472892 -0.233163 0.642319 -0.730110 0.000000 0.537258 0.710900 0.453844 0.000000 0.000000 0.000000 0.000000 1.000000
0.810816 -0.279589 -0.514206 0.472892 -0.248433 0.631070 -0.734868 0.000000 0.529961 0.723589 0.442222 0.000000 0.000000 0.000000 0.000000 1.000000
0.794030 -0.338381 -0.504990 0.472892 -0.165970 0.678496 -0.715609 -0.000000 0.584782 0.652029 0.482585 0.000000 0.000000 0.000000 0.000000 1.000000
0.660000 -0.446751 -0.603998 0.472892 0.005347 0.806746 -0.590874 0.000000 0.751246 0.386747 0.534842 0.000000 0.000000 0.000000 0.000000 1.000000
0.561157 -0.370537 -0.740139 0.472892 0.143026 0.924158 -0.354224 0.000000 0.815259 0.092917 0.571594 -0.000000 0.000000 0.000000 0.000000 1.000000
0.579572 -0.225545 -0.783087 0.472892 0.186346 0.972156 -0.142083 0.000000 0.793329 -0.063577 0.605464 0.000000 0.000000 0.000000 0.000000 1.000000
0.630775 -0.139104 -0.763396 0.472892 0.196630 0.980345 -0.016165 0.000000 0.750639 -0.139910 0.645729 -0.000000 0.000000 0.000000 0.000000 1.000000
0.663142 -0.084339 -0.743727 0.472892 0.160990 0.986447 0.031684 0.000000 0.730975 -0.140744 0.667733 0.000000 0.000000 0.000000 0.000000 1.000000</float_array><technique_common><accessor source="#jnt_05_upperleg-Matrix-animation-output-transform-array" count="15" stride="16"><param type="float4x4"/></accessor></technique_common></source><source id="jnt_05_upperleg-Interpolations"><Name_array id="jnt_05_upperleg-Interpolations-array" count="15">
 LINEAR LINEAR LINEAR LINEAR LINEAR LINEAR LINEAR LINEAR LINEAR LINEAR LINEAR
LINEAR LINEAR LINEAR LINEAR</Name_array><technique_common><accessor source="#jnt_05_upperleg-Interpolations-array" count="15"><param type="name"/></accessor></technique_common></source><sampler id="jnt_05_upperleg-Matrix-animation-transform"><input semantic="INPUT" source="#jnt_05_upperleg-Matrix-animation-input"/><input semantic="OUTPUT" source="#jnt_05_upperleg-Matrix-animation-output-transform"/><input semantic="INTERPOLATION" source="#jnt_05_upperleg-Interpolations"/></sampler><channel source="#jnt_05_upperleg-Matrix-animation-transform" target="jnt_05_upperleg/matrix"/></animation></animation>
    <animation id="jnt_05_lowerleg-anim" name="jnt_05_lowerleg"><animation><source id="jnt_05_lowerleg-Matrix-animation-input"><float_array id="jnt_05_lowerleg-Matrix-animation-input-array" count="15">

0.000000 0.033333 0.066667 0.100000 0.133333 0.166667 0.200000 0.233333 0.266667 0.300000 0.333333 0.366667 0.400000 0.433333 0.466667</float_array><technique_common><accessor source="#jnt_05_lowerleg-Matrix-animation-input-array" count="15"><param name="TIME" type="float"/></accessor></technique_common></source><source id="jnt_05_lowerleg-Matrix-animation-output-transform"><float_array id="jnt_05_lowerleg-Matrix-animation-output-transform-array" count="240">

0.523334 0.852128 -0.000000 1.972000 -0.852128 0.523334 0.000000 -0.000000 0.000000 0.000000 1.000000 -0.000000 0.000000 0.000000 0.000000 1.000000
0.384948 0.922938 0.000000 1.972000 -0.922938 0.384948 -0.000000 -0.000000 -0.000000 0.000000 1.000000 0.000000 0.000000 0.000000 0.000000 1.000000
0.097305 0.995255 -0.000000 1.972000 -0.995255 0.097305 -0.000000 -0.000000 -0.000000 -0.000000 1.000000 -0.000000 0.000000 0.000000 0.000000 1.000000
-0.152843 0.988251 0.000000 1.972000 -0.988251 -0.152843 0.000000 -0.000000 0.000000 0.000000 1.000000 0.000000 0.000000 0.000000 0.000000 1.000000
-0.269390 0.963031 -0.000000 1.972000 -0.963031 -0.269390 0.000000 -0.000000 -0.000000 0.000000 1.000000 0.000000 0.000000 0.000000 0.000000 1.000000
-0.256011 0.966674 0.000000 1.972000 -0.966674 -0.256011 -0.000000 -0.000000 -0.000000 -0.000000 1.000000 0.000000 0.000000 0.000000 0.000000 1.000000
-0.165026 0.986289 -0.000000 1.972000 -0.986289 -0.165026 0.000000 -0.000000 -0.000000 0.000000 1.000000 0.000000 0.000000 0.000000 0.000000 1.000000
-0.084988 0.996382 -0.000000 1.972000 -0.996382 -0.084988 -0.000000 -0.000000 -0.000000 0.000000 1.000000 0.000000 0.000000 0.000000 0.000000 1.000000
-0.098580 0.995129 0.000000 1.972000 -0.995129 -0.098580 0.000000 -0.000000 0.000000 -0.000000 1.000000 0.000000 0.000000 0.000000 0.000000 1.000000
-0.173693 0.984800 -0.000000 1.972000 -0.984800 -0.173693 0.000000 -0.000000 0.000000 0.000000 1.000000 0.000000 0.000000 0.000000 0.000000 1.000000
-0.222497 0.974933 -0.000000 1.972000 -0.974933 -0.222497 -0.000000 -0.000000 0.000000 0.000000 1.000000 0.000000 0.000000 0.000000 0.000000 1.000000
-0.015262 0.999884 0.000000 1.972000 -0.999884 -0.015262 0.000000 -0.000000 -0.000000 0.000000 1.000000 -0.000000 0.000000 0.000000 0.000000 1.000000
0.281399 0.959591 -0.000000 1.972000 -0.959591 0.281399 -0.000000 -0.000000 0.000000 0.000000 1.000000 0.000000 0.000000 0.000000 0.000000 1.000000
0.437545 0.899196 -0.000000 1.972000 -0.899196 0.437545 -0.000000 -0.000000 -0.000000 0.000000 1.000000 -0.000000 0.000000 0.000000 0.000000 1.000000
0.523334 0.852128 -0.000000 1.972000 -0.852128 0.523334 0.000000 -0.000000 0.000000 0.000000 1.000000 -0.000000 0.000000 0.000000 0.000000 1.000000</float_array><technique_common><accessor source="#jnt_05_lowerleg-Matrix-animation-output-transform-array" count="15" stride="16"><param type="float4x4"/></accessor></technique_common></source><source id="jnt_05_lowerleg-Interpolations"><Name_array id="jnt_05_lowerleg-Interpolations-array" count="15">
 LINEAR LINEAR LINEAR LINEAR LINEAR LINEAR LINEAR LINEAR LINEAR LINEAR LINEAR
LINEAR LINEAR LINEAR LINEAR</Name_array><technique_common><accessor source="#jnt_05_lowerleg-Interpolations-array" count="15"><param type="name"/></accessor></technique_common></source><sampler id="jnt_05_lowerleg-Matrix-animation-transform"><input semantic="INPUT" source="#jnt_05_lowerleg-Matrix-animation-input"/><input semantic="OUTPUT" source="#jnt_05_lowerleg-Matrix-animation-output-transform"/><input semantic="INTERPOLATION" source="#jnt_05_lowerleg-Interpolations"/></sampler><channel source="#jnt_05_lowerleg-Matrix-animation-transform" target="jnt_05_lowerleg/matrix"/></animation></animation>
    <animation id="jnt_05_legend-anim" name="jnt_05_legend"><animation><source id="jnt_05_legend-Matrix-animation-input"><float_array id="jnt_05_legend-Matrix-animation-input-array" count="15">

0.000000 0.033333 0.066667 0.100000 0.133333 0.166667 0.200000 0.233333 0.266667 0.300000 0.333333 0.366667 0.400000 0.433333 0.466667</float_array><technique_common><accessor source="#jnt_05_legend-Matrix-animation-input-array" count="15"><param name="TIME" type="float"/></accessor></technique_common></source><source id="jnt_05_legend-Matrix-animation-output-transform"><float_array id="jnt_05_legend-Matrix-animation-output-transform-array" count="240">

1.000000 -0.000000 0.000000 2.597000 0.000000 1.000000 0.000000 0.000000 0.000000 0.000000 1.000000 0.000000 0.000000 0.000000 0.000000 1.000000
1.000000 -0.000000 -0.000000 2.597000 0.000000 1.000000 -0.000000 0.000000 -0.000000 -0.000000 1.000000 -0.000000 0.000000 0.000000 0.000000 1.000000
1.000000 -0.000000 -0.000000 2.597000 0.000000 1.000000 0.000000 0.000000 0.000000 0.000000 1.000000 0.000000 0.000000 0.000000 0.000000 1.000000
1.000000 0.000000 0.000000 2.597000 0.000000 1.000000 0.000000 0.000000 0.000000 -0.000000 1.000000 -0.000000 0.000000 0.000000 0.000000 1.000000
