<?xml version="1.0" encoding="utf-8"?>
<COLLADA xmlns="http://www.collada.org/2005/11/COLLADASchema" version="1.4.1">
  <asset><contributor><author></author><authoring_tool>FBX COLLADA exporter</authoring_tool><comments></comments></contributor><created>2020-04-19T21:21:29Z</created><keywords></keywords><modified>2020-04-19T21:21:29Z</modified><revision></revision><subject></subject><title></title><unit meter="0.010000" name="centimeter"></unit><up_axis>Y_UP</up_axis></asset>
  <library_animations>
    <animation id="rig_root_jnt-anim" name="rig_root_jnt"><animation><source id="rig_root_jnt-Matrix-animation-input"><float_array id="rig_root_jnt-Matrix-animation-input-array" count="33">

0.000000 0.033333 0.066667 0.100000 0.133333 0.166667 0.200000 0.233333 0.266667 0.300000 0.333333 0.366667 0.400000 0.433333 0.466667 0.500000
0.533333 0.566667 0.600000 0.633333 0.666667 0.700000 0.733333 0.766667 0.800000 0.833333 0.866667 0.900000 0.933333 0.966667 1.000000 1.033333
1.066667</float_array><technique_common><accessor source="#rig_root_jnt-Matrix-animation-input-array" count="33"><param name="TIME" type="float"/></accessor></technique_common></source><source id="rig_root_jnt-Matrix-animation-output-transform"><float_array id="rig_root_jnt-Matrix-animation-output-transform-array" count="528">

0.921748 0.387789 -0.000000 -0.641896 -0.339603 0.807213 -0.482781 0.992978 -0.187217 0.445002 0.875741 0.332828 0.000000 0.000000 0.000000 1.000000
0.930879 0.351168 0.100724 -0.610773 -0.316073 0.912419 -0.259981 1.050349 -0.183199 0.210174 0.960346 0.347486 0.000000 0.000000 0.000000 1.000000
0.944654 0.278848 0.172834 -0.559620 -0.279470 0.959920 -0.021232 1.221486 -0.171828 -0.028245 0.984722 0.387570 0.000000 0.000000 0.000000 1.000000
0.960548 0.188935 0.204085 -0.496649 -0.231509 0.949830 0.210302 1.470243 -0.154113 -0.249252 0.956098 0.447246 0.000000 0.000000 0.000000 1.000000
0.975971 0.100765 0.193202 -0.426742 -0.174078 0.893861 0.413170 1.759993 -0.131063 -0.436874 0.889923 0.520676 0.000000 0.000000 0.000000 1.000000
0.988574 0.028832 0.147956 -0.351404 -0.109401 0.812468 0.572649 2.053717 -0.103699 -0.582293 0.806339 0.602027 0.000000 0.000000 0.000000 1.000000
0.996521 -0.020758 0.080716 -0.269143 -0.040092 0.729670 0.682623 2.314087 -0.073065 -0.683485 0.726299 0.685462 0.000000 0.000000 0.000000 1.000000
0.998712 -0.050583 0.003909 -0.176297 0.030909 0.667755 0.743739 2.503499 -0.040231 -0.742661 0.668458 0.765146 0.000000 0.000000 0.000000 1.000000
0.994919 -0.069803 -0.072553 -0.068293 0.100483 0.643444 0.758870 2.584008 -0.006287 -0.762304 0.647188 0.835244 0.000000 0.000000 0.000000 1.000000
0.985816 -0.119134 -0.118210 0.063253 0.165533 0.806316 0.567849 2.477472 0.027664 -0.579363 0.814600 0.838903 0.000000 0.000000 0.000000 1.000000
0.973988 -0.207981 -0.089953 0.214786 0.218369 0.967506 0.127468 2.188835 0.060519 -0.143795 0.987755 0.750371 0.000000 0.000000 0.000000 1.000000
0.962875 -0.265299 -0.049891 0.361455 0.254083 0.953096 -0.164469 1.802371 0.091185 0.145687 0.985120 0.610464 0.000000 0.000000 0.000000 1.000000
0.954401 -0.296071 -0.038214 0.475665 0.273962 0.919512 -0.281854 1.404740 0.118587 0.258533 0.958696 0.459997 0.000000 0.000000 0.000000 1.000000
0.949701 -0.313114 -0.005223 0.542325 0.279276 0.854379 -0.438224 1.086850 0.141677 0.414724 0.898850 0.339786 0.000000 0.000000 0.000000 1.000000
0.949240 -0.313855 0.020940 0.565666 0.271158 0.782729 -0.560186 0.942958 0.159427 0.537429 0.828102 0.290645 0.000000 0.000000 0.000000 1.000000
0.952916 -0.302998 0.011991 0.562582 0.250541 0.764433 -0.594029 0.936226 0.170824 0.569064 0.804354 0.311737 0.000000 0.000000 0.000000 1.000000
0.960126 -0.274989 -0.050394 0.535188 0.218142 0.849633 -0.480144 0.931370 0.174851 0.450005 0.875741 0.332828 0.000000 0.000000 0.000000 1.000000
0.969616 -0.210110 -0.125293 0.491239 0.175110 0.953765 -0.244272 0.982128 0.170824 0.214910 0.961578 0.347486 0.000000 0.000000 0.000000 1.000000
0.979252 -0.122797 -0.161203 0.451718 0.125094 0.992136 0.004139 1.152819 0.159427 -0.024219 0.986913 0.387570 0.000000 0.000000 0.000000 1.000000
0.987248 -0.035884 -0.155092 0.421487 0.072587 0.968559 0.237958 1.406734 0.141677 -0.246182 0.958813 0.447246 0.000000 0.000000 0.000000 1.000000
0.992692 0.031678 -0.116442 0.394661 0.022349 0.899975 0.435367 1.706934 0.118587 -0.434788 0.892691 0.520676 0.000000 0.000000 0.000000 1.000000
0.995487 0.074638 -0.058615 0.357235 -0.026305 0.810440 0.585231 2.014113 0.091185 -0.581048 0.808745 0.602027 0.000000 0.000000 0.000000 1.000000
0.995243 0.097065 0.008309 0.298479 -0.076342 0.724081 0.685476 2.288015 0.060519 -0.682850 0.728047 0.685462 0.000000 0.000000 0.000000 1.000000
0.991620 0.104917 0.075383 0.212713 -0.126194 0.661677 0.739093 2.489742 0.027664 -0.742412 0.669372 0.765146 0.000000 0.000000 0.000000 1.000000
0.984679 0.108068 0.136856 0.098060 -0.174266 0.638133 0.749945 2.579877 -0.006287 -0.762304 0.647188 0.835244 0.000000 0.000000 0.000000 1.000000
0.974893 0.155734 0.159157 -0.048478 -0.219011 0.799735 0.558980 2.479112 -0.040231 -0.579803 0.813763 0.838903 0.000000 0.000000 0.000000 1.000000
0.963108 0.246648 0.107645 -0.211118 -0.259006 0.958148 0.121933 2.192473 -0.073065 -0.145315 0.986684 0.750371 0.000000 0.000000 0.000000 1.000000
0.950472 0.305783 0.055676 -0.364191 -0.293001 0.941283 -0.167738 1.808169 -0.103699 0.143117 0.984258 0.610464 0.000000 0.000000 0.000000 1.000000
0.938331 0.343773 0.036816 -0.489318 -0.319934 0.903727 -0.284463 1.416335 -0.131063 0.255142 0.957980 0.459997 0.000000 0.000000 0.000000 1.000000
0.928113 0.372139 -0.010879 -0.576811 -0.338903 0.832404 -0.438460 1.108719 -0.154113 0.410628 0.898685 0.339786 0.000000 0.000000 0.000000 1.000000
0.921201 0.384957 -0.056536 -0.625847 -0.349090 0.753564 -0.557026 0.978095 -0.171828 0.532870 0.828568 0.290645 0.000000 0.000000 0.000000 1.000000
0.918792 0.389531 -0.063921 -0.645814 -0.349655 0.727958 -0.589762 0.985507 -0.183199 0.564219 0.805043 0.311737 0.000000 0.000000 0.000000 1.000000
0.921748 0.387789 -0.000000 -0.641896 -0.339603 0.807213 -0.482781 0.992978 -0.187217 0.445002 0.875741 0.332828 0.000000 0.000000 0.000000 1.000000</float_array><technique_common><accessor source="#rig_root_jnt-Matrix-animation-output-transform-array" count="33" stride="16"><param type="float4x4"/></accessor></technique_common></source><source id="rig_root_jnt-Interpolations"><Name_array id="rig_root_jnt-Interpolations-array" count="33">
 LINEAR LINEAR LINEAR LINEAR LINEAR LINEAR LINEAR LINEAR LINEAR LINEAR LINEAR
LINEAR LINEAR LINEAR LINEAR LINEAR LINEAR LINEAR LINEAR LINEAR LINEAR LINEAR LINEAR
LINEAR LINEAR LINEAR LINEAR LINEAR LINEAR LINEAR LINEAR LINEAR LINEAR</Name_array><technique_common><accessor source="#rig_root_jnt-Interpolations-array" count="33"><param type="name"/></accessor></technique_common></source><sampler id="rig_root_jnt-Matrix-animation-transform"><input semantic="INPUT" source="#rig_root_jnt-Matrix-animation-input"/><input semantic="OUTPUT" source="#rig_root_jnt-Matrix-animation-output-transform"/><input semantic="INTERPOLATION" source="#rig_root_jnt-Interpolations"/></sampler><channel source="#rig_root_jnt-Matrix-animation-transform" target="rig_root_jnt/matrix"/></animation></animation>
    <animation id="rig_jnt_spine1-anim" name="rig_jnt_spine1"><animation><source id="rig_jnt_spine1-Matrix-animation-input"><float_array id="rig_jnt_spine1-Matrix-animation-input-array" count="33">

0.000000 0.033333 0.066667 0.100000 0.133333 0.166667 0.200000 0.233333 0.266667 0.300000 0.333333 0.366667 0.400000 0.433333 0.466667 0.500000
0.533333 0.566667 0.600000 0.633333 0.666667 0.700000 0.733333 0.766667 0.800000 0.833333 0.866667 0.900000 0.933333 0.966667 1.000000 1.033333
1.066667</float_array><technique_common><accessor source="#rig_jnt_spine1-Matrix-animation-input-array" count="33"><param name="TIME" type="float"/></accessor></technique_common></source><source id="rig_jnt_spine1-Matrix-animation-output-transform"><float_array id="rig_jnt_spine1-Matrix-animation-output-transform-array" count="528">

1.000000 0.000000 0.000000 -0.000000 0.000000 0.858272 -0.513194 0.479000 0.000000 0.513194 0.858272 -0.000000 0.000000 0.000000 0.000000 1.000000
0.999838 -0.014589 0.010584 0.000000 0.018024 0.809284 -0.587141 0.479000 -0.000000 0.587237 0.809415 0.000000 0.000000 0.000000 0.000000 1.000000
0.999348 -0.028630 0.021980 0.000000 0.036094 0.792687 -0.608559 0.479000 0.000000 0.608956 0.793204 0.000000 0.000000 0.000000 0.000000 1.000000
0.998561 -0.043312 0.031617 0.000000 0.053624 0.806533 -0.588752 0.479000 -0.000000 0.589600 0.807695 0.000000 0.000000 0.000000 0.000000 1.000000
0.997545 -0.059132 0.037523 0.000000 0.070032 0.842272 -0.534484 0.479000 -0.000000 0.535799 0.844345 0.000000 0.000000 0.000000 0.000000 1.000000
0.996403 -0.075560 0.038360 -0.000000 0.084739 0.888467 -0.451050 0.479000 -0.000000 0.452678 0.891674 -0.000000 0.000000 0.000000 0.000000 1.000000
0.995268 -0.091150 0.033671 -0.000000 0.097171 0.933605 -0.344877 0.479000 -0.000000 0.346516 0.938044 0.000000 0.000000 0.000000 0.000000 1.000000
0.994285 -0.103990 0.024137 0.000000 0.106755 0.968538 -0.224807 0.479000 0.000000 0.226099 0.974104 0.000000 0.000000 0.000000 0.000000 1.000000
0.993604 -0.112328 0.011584 0.000000 0.112923 0.988361 -0.101931 0.479000 -0.000000 0.102587 0.994724 0.000000 0.000000 0.000000 0.000000 1.000000
0.993353 -0.115097 -0.001474 0.000000 0.115107 0.993272 0.012722 0.479000 0.000000 -0.012807 0.999918 -0.000000 0.000000 0.000000 0.000000 1.000000
0.994169 -0.107289 -0.010777 0.000000 0.107829 0.989192 0.099363 0.479000 -0.000000 -0.099945 0.994993 0.000000 0.000000 0.000000 0.000000 1.000000
0.996134 -0.087048 -0.011811 -0.000000 0.087845 0.987090 0.133928 0.479000 0.000000 -0.134448 0.990921 0.000000 0.000000 0.000000 0.000000 1.000000
0.998321 -0.057675 -0.005365 0.000000 0.057924 0.994030 0.092458 0.479000 -0.000000 -0.092614 0.995702 -0.000000 0.000000 0.000000 0.000000 1.000000
0.999782 -0.020839 0.001053 0.000000 0.020866 0.998507 -0.050476 0.479000 0.000000 0.050487 0.998725 -0.000000 0.000000 0.000000 0.000000 1.000000
0.999790 0.019873 -0.004917 0.000000 -0.020472 0.970522 -0.240141 0.479000 -0.000000 0.240191 0.970726 0.000000 0.000000 0.000000 0.000000 1.000000
0.998001 0.057990 -0.025103 -0.000000 -0.063191 0.915871 -0.396468 0.479000 0.000000 0.397262 0.917705 0.000000 0.000000 0.000000 0.000000 1.000000
0.994537 0.089590 -0.053569 0.000000 -0.104384 0.853584 -0.510391 0.479000 0.000000 0.513194 0.858272 -0.000000 0.000000 0.000000 0.000000 1.000000
0.989983 0.114281 -0.082912 -0.000000 -0.141190 0.801307 -0.581354 0.479000 -0.000000 0.587237 0.809415 0.000000 0.000000 0.000000 0.000000 1.000000
0.985302 0.135498 -0.104024 -0.000000 -0.170824 0.781545 -0.600005 0.479000 -0.000000 0.608956 0.793204 0.000000 0.000000 0.000000 0.000000 1.000000
0.981673 0.153925 -0.112362 0.000000 -0.190573 0.792893 -0.578795 0.479000 0.000000 0.589600 0.807695 0.000000 0.000000 0.000000 0.000000 1.000000
0.980251 0.166975 -0.105958 0.000000 -0.197757 0.827671 -0.525218 0.479000 -0.000000 0.535799 0.844345 0.000000 0.000000 0.000000 0.000000 1.000000
0.980764 0.174052 -0.088361 -0.000000 -0.195197 0.874522 -0.443971 0.479000 0.000000 0.452678 0.891674 0.000000 0.000000 0.000000 0.000000 1.000000
0.982179 0.176303 -0.065127 0.000000 -0.187947 0.921327 -0.340341 0.479000 0.000000 0.346516 0.938044 0.000000 0.000000 0.000000 0.000000 1.000000
0.984274 0.172074 -0.039940 0.000000 -0.176649 0.958786 -0.222543 0.479000 -0.000000 0.226099 0.974104 0.000000 0.000000 0.000000 0.000000 1.000000
0.986801 0.161084 -0.016613 -0.000000 -0.161938 0.981595 -0.101233 0.479000 0.000000 0.102587 0.994724 0.000000 0.000000 0.000000 0.000000 1.000000
0.989511 0.144444 0.001850 0.000000 -0.144456 0.989430 0.012672 0.479000 0.000000 -0.012807 0.999918 0.000000 0.000000 0.000000 0.000000 1.000000
0.992176 0.124226 0.012478 -0.000000 -0.124851 0.987208 0.099163 0.479000 0.000000 -0.099945 0.994993 -0.000000 0.000000 0.000000 0.000000 1.000000
0.994600 0.102837 0.013953 0.000000 -0.103780 0.985570 0.133722 0.479000 -0.000000 -0.134448 0.990921 -0.000000 0.000000 0.000000 0.000000 1.000000
0.996640 0.081558 0.007586 -0.000000 -0.081910 0.992356 0.092303 0.479000 -0.000000 -0.092614 0.995702 0.000000 0.000000 0.000000 0.000000 1.000000
0.998203 0.059840 -0.003025 -0.000000 -0.059917 0.996930 -0.050396 0.479000 0.000000 0.050487 0.998725 0.000000 0.000000 0.000000 0.000000 1.000000
0.999259 0.037353 -0.009243 -0.000000 -0.038480 0.970007 -0.240014 0.479000 0.000000 0.240191 0.970726 -0.000000 0.000000 0.000000 0.000000 1.000000
0.999833 0.016776 -0.007262 0.000000 -0.018281 0.917552 -0.397196 0.479000 -0.000000 0.397262 0.917705 -0.000000 0.000000 0.000000 0.000000 1.000000
1.000000 0.000000 0.000000 -0.000000 0.000000 0.858272 -0.513194 0.479000 0.000000 0.513194 0.858272 -0.000000 0.000000 0.000000 0.000000 1.000000</float_array><technique_common><accessor source="#rig_jnt_spine1-Matrix-animation-output-transform-array" count="33" stride="16"><param type="float4x4"/></accessor></technique_common></source><source id="rig_jnt_spine1-Interpolations"><Name_array id="rig_jnt_spine1-Interpolations-array" count="33">
 LINEAR LINEAR LINEAR LINEAR LINEAR LINEAR LINEAR LINEAR LINEAR LINEAR LINEAR
LINEAR LINEAR LINEAR LINEAR LINEAR LINEAR LINEAR LINEAR LINEAR LINEAR LINEAR LINEAR
LINEAR LINEAR LINEAR LINEAR LINEAR LINEAR LINEAR LINEAR LINEAR LINEAR</Name_array><technique_common><accessor source="#rig_jnt_spine1-Interpolations-array" count="33"><param type="name"/></accessor></technique_common></source><sampler id="rig_jnt_spine1-Matrix-animation-transform"><input semantic="INPUT" source="#rig_jnt_spine1-Matrix-animation-input"/><input semantic="OUTPUT" source="#rig_jnt_spine1-Matrix-animation-output-transform"/><input semantic="INTERPOLATION" source="#rig_jnt_spine1-Interpolations"/></sampler><channel source="#rig_jnt_spine1-Matrix-animation-transform" target="rig_jnt_spine1/matrix"/></animation></animation>
    <animation id="rig_jnt_spine2-anim" name="rig_jnt_spine2"><animation><source id="rig_jnt_spine2-Matrix-animation-input"><float_array id="rig_jnt_spine2-Matrix-animation-input-array" count="33">

0.000000 0.033333 0.066667 0.100000 0.133333 0.166667 0.200000 0.233333 0.266667 0.300000 0.333333 0.366667 0.400000 0.433333 0.466667 0.500000
0.533333 0.566667 0.600000 0.633333 0.666667 0.700000 0.733333 0.766667 0.800000 0.833333 0.866667 0.900000 0.933333 0.966667 1.000000 1.033333
1.066667</float_array><technique_common><accessor source="#rig_jnt_spine2-Matrix-animation-input-array" count="33"><param name="TIME" type="float"/></accessor></technique_common></source><source id="rig_jnt_spine2-Matrix-animation-output-transform"><float_array id="rig_jnt_spine2-Matrix-animation-output-transform-array" count="528">

1.000000 0.000000 0.000000 0.000000 0.000000 1.000000 -0.000000 0.449000 0.000000 0.000000 1.000000 -0.000000 0.000000 0.000000 0.000000 1.000000
1.000000 -0.000000 0.000000 0.000000 -0.000000 1.000000 0.000000 0.449000 0.000000 -0.000000 1.000000 -0.000000 0.000000 0.000000 0.000000 1.000000
1.000000 -0.000000 -0.000000 0.000000 -0.000000 1.000000 0.000000 0.449000 0.000000 -0.000000 1.000000 -0.000000 0.000000 0.000000 0.000000 1.000000
1.000000 0.000000 -0.000000 0.000000 0.000000 1.000000 0.000000 0.449000 0.000000 -0.000000 1.000000 0.000000 0.000000 0.000000 0.000000 1.000000
1.000000 -0.000000 -0.000000 0.000000 -0.000000 1.000000 0.000000 0.449000 0.000000 -0.000000 1.000000 -0.000000 0.000000 0.000000 0.000000 1.000000
1.000000 -0.000000 0.000000 -0.000000 -0.000000 1.000000 0.000000 0.449000 0.000000 -0.000000 1.000000 0.000000 0.000000 0.000000 0.000000 1.000000
1.000000 -0.000000 0.000000 0.000000 0.000000 1.000000 -0.000000 0.449000 0.000000 0.000000 1.000000 0.000000 0.000000 0.000000 0.000000 1.000000
1.000000 -0.000000 0.000000 0.000000 -0.000000 1.000000 -0.000000 0.449000 -0.000000 0.000000 1.000000 -0.000000 0.000000 0.000000 0.000000 1.000000
1.000000 0.000000 0.000000 -0.000000 0.000000 1.000000 0.000000 0.449000 0.000000 0.000000 1.000000 0.000000 0.000000 0.000000 0.000000 1.000000
1.000000 0.000000 0.000000 0.000000 0.000000 1.000000 -0.000000 0.449000 -0.000000 0.000000 1.000000 0.000000 0.000000 0.000000 0.000000 1.000000
1.000000 -0.000000 -0.000000 0.000000 0.000000 1.000000 -0.000000 0.449000 0.000000 0.000000 1.000000 -0.000000 0.000000 0.000000 0.000000 1.000000
1.000000 -0.000000 -0.000000 0.000000 0.000000 1.000000 0.000000 0.449000 -0.000000 -0.000000 1.000000 0.000000 0.000000 0.000000 0.000000 1.000000
1.000000 0.000000 0.000000 0.000000 0.000000 1.000000 0.000000 0.449000 -0.000000 0.000000 1.000000 0.000000 0.000000 0.000000 0.000000 1.000000
1.000000 0.000000 0.000000 0.000000 0.000000 1.000000 0.000000 0.449000 -0.000000 -0.000000 1.000000 -0.000000 0.000000 0.000000 0.000000 1.000000
1.000000 -0.000000 0.000000 0.000000 -0.000000 1.000000 0.000000 0.449000 -0.000000 0.000000 1.000000 0.000000 0.000000 0.000000 0.000000 1.000000
1.000000 0.000000 -0.000000 0.000000 0.000000 1.000000 0.000000 0.449000 0.000000 -0.000000 1.000000 0.000000 0.000000 0.000000 0.000000 1.000000
1.000000 0.000000 -0.000000 0.000000 0.000000 1.000000 0.000000 0.449000 -0.000000 0.000000 1.000000 -0.000000 0.000000 0.000000 0.000000 1.000000
1.000000 -0.000000 0.000000 0.000000 0.000000 1.000000 0.000000 0.449000 0.000000 -0.000000 1.000000 0.000000 0.000000 0.000000 0.000000 1.000000
1.000000 0.000000 0.000000 0.000000 0.000000 1.000000 0.000000 0.449000 -0.000000 -0.000000 1.000000 -0.000000 0.000000 0.000000 0.000000 1.000000
1.000000 0.000000 0.000000 -0.000000 0.000000 1.000000 0.000000 0.449000 0.000000 -0.000000 1.000000 0.000000 0.000000 0.000000 0.000000 1.000000
1.000000 -0.000000 0.000000 0.000000 -0.000000 1.000000 -0.000000 0.449000 0.000000 0.000000 1.000000 0.000000 0.000000 0.000000 0.000000 1.000000
1.000000 -0.000000 0.000000 -0.000000 -0.000000 1.000000 0.000000 0.449000 -0.000000 -0.000000 1.000000 0.000000 0.000000 0.000000 0.000000 1.000000
1.000000 -0.000000 0.000000 0.000000 0.000000 1.000000 0.000000 0.449000 0.000000 -0.000000 1.000000 0.000000 0.000000 0.000000 0.000000 1.000000
1.000000 0.000000 0.000000 0.000000 0.000000 1.000000 0.000000 0.449000 0.000000 -0.000000 1.000000 -0.000000 0.000000 0.000000 0.000000 1.000000
1.000000 -0.000000 -0.000000 -0.000000 -0.000000 1.000000 -0.000000 0.449000 0.000000 0.000000 1.000000 -0.000000 0.000000 0.000000 0.000000 1.000000
1.000000 0.000000 0.000000 -0.000000 0.000000 1.000000 -0.000000 0.449000 0.000000 0.000000 1.000000 -0.000000 0.000000 0.000000 0.000000 1.000000
1.000000 -0.000000 0.000000 -0.000000 -0.000000 1.000000 -0.000000 0.449000 -0.000000 0.000000 1.000000 0.000000 0.000000 0.000000 0.000000 1.000000
1.000000 0.000000 -0.000000 -0.000000 -0.000000 1.000000 -0.000000 0.449000 -0.000000 0.000000 1.000000 0.000000 0.000000 0.000000 0.000000 1.000000
1.000000 0.000000 0.000000 -0.000000 -0.000000 1.000000 -0.000000 0.449000 0.000000 -0.000000 1.000000 0.000000 0.000000 0.000000 0.000000 1.000000
1.000000 -0.000000 -0.000000 -0.000000 -0.000000 1.000000 0.000000 0.449000 0.000000 0.000000 1.000000 0.000000 0.000000 0.000000 0.000000 1.000000
1.000000 0.000000 0.000000 0.000000 0.000000 1.000000 0.000000 0.449000 -0.000000 -0.000000 1.000000 0.000000 0.000000 0.000000 0.000000 1.000000
1.000000 -0.000000 0.000000 0.000000 -0.000000 1.000000 0.000000 0.449000 -0.000000 -0.000000 1.000000 0.000000 0.000000 0.000000 0.000000 1.000000
1.000000 0.000000 0.000000 0.000000 0.000000 1.000000 -0.000000 0.449000 0.000000 0.000000 1.000000 -0.000000 0.000000 0.000000 0.000000 1.000000</float_array><technique_common><accessor source="#rig_jnt_spine2-Matrix-animation-output-transform-array" count="33" stride="16"><param type="float4x4"/></accessor></technique_common></source><source id="rig_jnt_spine2-Interpolations"><Name_array id="rig_jnt_spine2-Interpolations-array" count="33">
 LINEAR LINEAR LINEAR LINEAR LINEAR LINEAR LINEAR LINEAR LINEAR LINEAR LINEAR
LINEAR LINEAR LINEAR LINEAR LINEAR LINEAR LINEAR LINEAR LINEAR LINEAR LINEAR LINEAR
LINEAR LINEAR LINEAR LINEAR LINEAR LINEAR LINEAR LINEAR LINEAR LINEAR</Name_array><technique_common><accessor source="#rig_jnt_spine2-Interpolations-array" count="33"><param type="name"/></accessor></technique_common></source><sampler id="rig_jnt_spine2-Matrix-animation-transform"><input semantic="INPUT" source="#rig_jnt_spine2-Matrix-animation-input"/><input semantic="OUTPUT" source="#rig_jnt_spine2-Matrix-animation-output-transform"/><input semantic="INTERPOLATION" source="#rig_jnt_spine2-Interpolations"/></sampler><channel source="#rig_jnt_spine2-Matrix-animation-transform" target="rig_jnt_spine2/matrix"/></animation></animation>
    <animation id="rig_jnt_head-anim" name="rig_jnt_head"><animation><source id="rig_jnt_head-Matrix-animation-input"><float_array id="rig_jnt_head-Matrix-animation-input-array" count="33">

0.000000 0.033333 0.066667 0.100000 0.133333 0.166667 0.200000 0.233333 0.266667 0.300000 0.333333 0.366667 0.400000 0.433333 0.466667 0.500000
0.533333 0.566667 0.600000 0.633333 0.666667 0.700000 0.733333 0.766667 0.800000 0.833333 0.866667 0.900000 0.933333 0.966667 1.000000 1.033333
1.066667</float_array><technique_common><accessor source="#rig_jnt_head-Matrix-animation-input-array" count="33"><param name="TIME" type="float"/></accessor></technique_common></source><source id="rig_jnt_head-Matrix-animation-output-transform"><float_array id="rig_jnt_head-Matrix-animation-output-transform-array" count="528">

0.978635 -0.159241 -0.130064 0.000000 0.205330 0.789801 0.577974 0.296642 0.010688 -0.592331 0.805624 -0.000000 0.000000 0.000000 0.000000 1.000000
0.975521 -0.190349 -0.110119 0.000000 0.219606 0.869416 0.442593 0.296642 0.011492 -0.455942 0.889936 0.000000 0.000000 0.000000 0.000000 1.000000
0.973606 -0.214360 -0.078367 -0.000000 0.227820 0.933456 0.277053 0.296642 0.013763 -0.287594 0.957654 -0.000000 0.000000 0.000000 0.000000 1.000000
0.972965 -0.226638 -0.044442 0.000000 0.230306 0.966509 0.113223 0.296642 0.017293 -0.120397 0.992575 0.000000 0.000000 0.000000 0.000000 1.000000
0.973562 -0.227933 -0.014951 -0.000000 0.227373 0.973278 -0.032112 0.296642 0.021871 0.027864 0.999372 -0.000000 0.000000 0.000000 0.000000 1.000000
0.975273 -0.220954 0.004748 -0.000000 0.219314 0.964934 -0.144232 0.296642 0.027287 0.141707 0.989532 0.000000 0.000000 0.000000 0.000000 1.000000
0.977899 -0.208773 0.011285 0.000000 0.206404 0.955381 -0.211293 0.296642 0.033331 0.208952 0.977358 0.000000 0.000000 0.000000 0.000000 1.000000
0.981187 -0.193030 0.003370 0.000000 0.188914 0.956375 -0.222840 0.296642 0.039792 0.219284 0.974849 -0.000000 0.000000 0.000000 0.000000 1.000000
0.984843 -0.172497 -0.018158 0.000000 0.167112 0.971681 -0.167064 0.296642 0.046462 0.161497 0.985779 -0.000000 0.000000 0.000000 0.000000 1.000000
0.988544 -0.142878 -0.048646 0.000000 0.141272 0.989352 -0.035004 0.296642 0.053129 0.027731 0.998203 -0.000000 0.000000 0.000000 0.000000 1.000000
0.992495 -0.094503 -0.077610 0.000000 0.106788 0.979025 0.173510 0.296642 0.059585 -0.180495 0.981769 -0.000000 0.000000 0.000000 0.000000 1.000000
0.995962 -0.027705 -0.085396 0.000000 0.061270 0.904998 0.420980 0.296642 0.065620 -0.424512 0.903041 0.000000 0.000000 0.000000 0.000000 1.000000
0.997439 0.038360 -0.060366 0.000000 0.008426 0.775105 0.631777 0.296642 0.071025 -0.630667 0.772796 0.000000 0.000000 0.000000 0.000000 1.000000
0.995987 0.088525 -0.013170 0.000000 -0.047918 0.651727 0.756938 0.296642 0.075591 -0.753270 0.653354 -0.000000 0.000000 0.000000 0.000000 1.000000
0.991439 0.126591 0.032005 -0.000000 -0.103881 0.616195 0.780713 0.296642 0.079111 -0.777354 0.624069 0.000000 0.000000 0.000000 0.000000 1.000000
0.984457 0.165397 0.059067 0.000000 -0.155638 0.665759 0.729755 0.296642 0.081375 -0.727605 0.681153 0.000000 0.000000 0.000000 0.000000 1.000000
0.976444 0.205512 0.065748 -0.000000 -0.199512 0.743874 0.637846 0.296642 0.082176 -0.635938 0.767353 0.000000 0.000000 0.000000 0.000000 1.000000
0.969236 0.241901 0.045448 -0.000000 -0.232292 0.837956 0.493831 0.296642 0.081375 -0.489196 0.868369 0.000000 0.000000 0.000000 0.000000 1.000000
0.964482 0.264130 -0.002994 -0.000000 -0.252022 0.923546 0.289045 0.296642 0.079111 -0.278024 0.957311 -0.000000 0.000000 0.000000 0.000000 1.000000
0.963449 0.260634 -0.061940 -0.000000 -0.257007 0.964494 0.060813 0.296642 0.075591 -0.042671 0.996225 0.000000 0.000000 0.000000 0.000000 1.000000
0.966815 0.229204 -0.112842 -0.000000 -0.245405 0.955995 -0.160782 0.296642 0.071025 0.183139 0.980518 -0.000000 0.000000 0.000000 0.000000 1.000000
0.973142 0.181919 -0.141069 -0.000000 -0.220656 0.911790 -0.346339 0.296642 0.065620 0.368164 0.927442 0.000000 0.000000 0.000000 0.000000 1.000000
0.980273 0.135469 -0.143919 -0.000000 -0.188452 0.860146 -0.473956 0.296642 0.059585 0.491728 0.868708 0.000000 0.000000 0.000000 0.000000 1.000000
0.987226 0.097745 -0.125822 -0.000000 -0.150209 0.834318 -0.530425 0.296642 0.053129 0.542549 0.838342 -0.000000 0.000000 0.000000 0.000000 1.000000
0.993128 0.069050 -0.094489 -0.000000 -0.107412 0.858346 -0.501702 0.296642 0.046462 0.508403 0.859865 0.000000 0.000000 0.000000 0.000000 1.000000
0.997306 0.042191 -0.060009 -0.000000 -0.061625 0.925626 -0.373388 0.296642 0.039792 0.376080 0.925732 0.000000 0.000000 0.000000 0.000000 1.000000
0.999340 0.009666 -0.035030 -0.000000 -0.014477 0.990072 -0.139817 0.296642 0.033331 0.140232 0.989558 -0.000000 0.000000 0.000000 0.000000 1.000000
0.999103 -0.027395 -0.032277 -0.000000 0.032369 0.985707 0.165328 0.296642 0.027287 -0.166224 0.985710 0.000000 0.000000 0.000000 0.000000 1.000000
0.996772 -0.059031 -0.054414 -0.000000 0.077248 0.889819 0.449727 0.296642 0.021871 -0.452479 0.891507 -0.000000 0.000000 0.000000 0.000000 1.000000
0.992800 -0.079689 -0.089428 0.000000 0.118527 0.761363 0.637399 0.296642 0.017293 -0.643410 0.765326 0.000000 0.000000 0.000000 0.000000 1.000000
0.987876 -0.099508 -0.119158 -0.000000 0.154632 0.698765 0.698438 0.296642 0.013763 -0.708396 0.705681 0.000000 0.000000 0.000000 0.000000 1.000000
0.982849 -0.127398 -0.133330 -0.000000 0.184051 0.722728 0.666175 0.296642 0.011492 -0.679289 0.733780 -0.000000 0.000000 0.000000 0.000000 1.000000
0.978635 -0.159241 -0.130064 0.000000 0.205330 0.789801 0.577974 0.296642 0.010688 -0.592331 0.805624 -0.000000 0.000000 0.000000 0.000000 1.000000</float_array><technique_common><accessor source="#rig_jnt_head-Matrix-animation-output-transform-array" count="33" stride="16"><param type="float4x4"/></accessor></technique_common></source><source id="rig_jnt_head-Interpolations"><Name_array id="rig_jnt_head-Interpolations-array" count="33">
 LINEAR LINEAR LINEAR LINEAR LINEAR LINEAR LINEAR LINEAR LINEAR LINEAR LINEAR
LINEAR LINEAR LINEAR LINEAR LINEAR LINEAR LINEAR LINEAR LINEAR LINEAR LINEAR LINEAR
LINEAR LINEAR LINEAR LINEAR LINEAR LINEAR LINEAR LINEAR LINEAR LINEAR</Name_array><technique_common><accessor source="#rig_jnt_head-Interpolations-array" count="33"><param type="name"/></accessor></technique_common></source><sampler id="rig_jnt_head-Matrix-animation-transform"><input semantic="INPUT" source="#rig_jnt_head-Matrix-animation-input"/><input semantic="OUTPUT" source="#rig_jnt_head-Matrix-animation-output-transform"/><input semantic="INTERPOLATION" source="#rig_jnt_head-Interpolations"/></sampler><channel source="#rig_jnt_head-Matrix-animation-transform" target="rig_jnt_head/matrix"/></animation></animation>
    <animation id="master_ctrl-anim" name="master_ctrl"><animation><source id="master_ctrl-Matrix-animation-input"><float_array id="master_ctrl-Matrix-animation-input-array" count="33">

0.000000 0.033333 0.066667 0.100000 0.133333 0.166667 0.200000 0.233333 0.266667 0.300000 0.333333 0.366667 0.400000 0.433333 0.466667 0.500000
0.533333 0.566667 0.600000 0.633333 0.666667 0.700000 0.733333 0.766667 0.800000 0.833333 0.866667 0.900000 0.933333 0.966667 1.000000 1.033333
1.066667</float_array><technique_common><accessor source="#master_ctrl-Matrix-animation-input-array" count="33"><param name="TIME" type="float"/></accessor></technique_common></source><source id="master_ctrl-Matrix-animation-output-transform"><float_array id="master_ctrl-Matrix-animation-output-transform-array" count="528">

1.000000 0.000000 0.000000 0.000000 0.000000 1.000000 0.000000 0.000000 0.000000 0.000000 1.000000 0.000000 0.000000 0.000000 0.000000 1.000000
1.000000 0.000000 0.000000 0.000000 0.000000 1.000000 0.000000 0.000000 0.000000 0.000000 1.000000 0.000000 0.000000 0.000000 0.000000 1.000000
1.000000 0.000000 0.000000 0.000000 0.000000 1.000000 0.000000 0.000000 0.000000 0.000000 1.000000 0.000000 0.000000 0.000000 0.000000 1.000000
1.000000 0.000000 0.000000 0.000000 0.000000 1.000000 0.000000 0.000000 0.000000 0.000000 1.000000 0.000000 0.000000 0.000000 0.000000 1.000000
1.000000 0.000000 0.000000 0.000000 0.000000 1.000000 0.000000 0.000000 0.000000 0.000000 1.000000 0.000000 0.000000 0.000000 0.000000 1.000000
1.000000 0.000000 0.000000 0.000000 0.000000 1.000000 0.000000 0.000000 0.000000 0.000000 1.000000 0.000000 0.000000 0.000000 0.000000 1.000000
1.000000 0.000000 0.000000 0.000000 0.000000 1.000000 0.000000 0.000000 0.000000 0.000000 1.000000 0.000000 0.000000 0.000000 0.000000 1.000000
1.000000 0.000000 0.000000 0.000000 0.000000 1.000000 0.000000 0.000000 0.000000 0.000000 1.000000 0.000000 0.000000 0.000000 0.000000 1.000000
1.000000 0.000000 0.000000 0.000000 0.000000 1.000000 0.000000 0.000000 0.000000 0.000000 1.000000 0.000000 0.000000 0.000000 0.000000 1.000000
1.000000 0.000000 0.000000 0.000000 0.000000 1.000000 0.000000 0.000000 0.000000 0.000000 1.000000 0.000000 0.000000 0.000000 0.000000 1.000000
1.000000 0.000000 0.000000 0.000000 0.000000 1.000000 0.000000 0.000000 0.000000 0.000000 1.000000 0.000000 0.000000 0.000000 0.000000 1.000000
1.000000 0.000000 0.000000 0.000000 0.000000 1.000000 0.000000 0.000000 0.000000 0.000000 1.000000 0.000000 0.000000 0.000000 0.000000 1.000000
1.000000 0.000000 0.000000 0.000000 0.000000 1.000000 0.000000 0.000000 0.000000 0.000000 1.000000 0.000000 0.000000 0.000000 0.000000 1.000000
1.000000 0.000000 0.000000 0.000000 0.000000 1.000000 0.000000 0.000000 0.000000 0.000000 1.000000 0.000000 0.000000 0.000000 0.000000 1.000000
1.000000 0.000000 0.000000 0.000000 0.000000 1.000000 0.000000 0.000000 0.000000 0.000000 1.000000 0.000000 0.000000 0.000000 0.000000 1.000000
1.000000 0.000000 0.000000 0.000000 0.000000 1.000000 0.000000 0.000000 0.000000 0.000000 1.000000 0.000000 0.000000 0.000000 0.000000 1.000000
1.000000 0.000000 0.000000 0.000000 0.000000 1.000000 0.000000 0.000000 0.000000 0.000000 1.000000 0.000000 0.000000 0.000000 0.000000 1.000000
1.000000 0.000000 0.000000 0.000000 0.000000 1.000000 0.000000 0.000000 0.000000 0.000000 1.000000 0.000000 0.000000 0.000000 0.000000 1.000000
1.000000 0.000000 0.000000 0.000000 0.000000 1.000000 0.000000 0.000000 0.000000 0.000000 1.000000 0.000000 0.000000 0.000000 0.000000 1.000000
1.000000 0.000000 0.000000 0.000000 0.000000 1.000000 0.000000 0.000000 0.000000 0.000000 1.000000 0.000000 0.000000 0.000000 0.000000 1.000000
1.000000 0.000000 0.000000 0.000000 0.000000 1.000000 0.000000 0.000000 0.000000 0.000000 1.000000 0.000000 0.000000 0.000000 0.000000 1.000000
1.000000 0.000000 0.000000 0.000000 0.000000 1.000000 0.000000 0.000000 0.000000 0.000000 1.000000 0.000000 0.000000 0.000000 0.000000 1.000000
1.000000 0.000000 0.000000 0.000000 0.000000 1.000000 0.000000 0.000000 0.000000 0.000000 1.000000 0.000000 0.000000 0.000000 0.000000 1.000000
1.000000 0.000000 0.000000 0.000000 0.000000 1.000000 0.000000 0.000000 0.000000 0.000000 1.000000 0.000000 0.000000 0.000000 0.000000 1.000000
1.000000 0.000000 0.000000 0.000000 0.000000 1.000000 0.000000 0.000000 0.000000 0.000000 1.000000 0.000000 0.000000 0.000000 0.000000 1.000000
1.000000 0.000000 0.000000 0.000000 0.000000 1.000000 0.000000 0.000000 0.000000 0.000000 1.000000 0.000000 0.000000 0.000000 0.000000 1.000000
1.000000 0.000000 0.000000 0.000000 0.000000 1.000000 0.000000 0.000000 0.000000 0.000000 1.000000 0.000000 0.000000 0.000000 0.000000 1.000000
1.000000 0.000000 0.000000 0.000000 0.000000 1.000000 0.000000 0.000000 0.000000 0.000000 1.000000 0.000000 0.000000 0.000000 0.000000 1.000000
1.000000 0.000000 0.000000 0.000000 0.000000 1.000000 0.000000 0.000000 0.000000 0.000000 1.000000 0.000000 0.000000 0.000000 0.000000 1.000000
1.000000 0.000000 0.000000 0.000000 0.000000 1.000000 0.000000 0.000000 0.000000 0.000000 1.000000 0.000000 0.000000 0.000000 0.000000 1.000000
1.000000 0.000000 0.000000 0.000000 0.000000 1.000000 0.000000 0.000000 0.000000 0.000000 1.000000 0.000000 0.000000 0.000000 0.000000 1.000000
1.000000 0.000000 0.000000 0.000000 0.000000 1.000000 0.000000 0.000000 0.000000 0.000000 1.000000 0.000000 0.000000 0.000000 0.000000 1.000000
1.000000 0.000000 0.000000 0.000000 0.000000 1.000000 0.000000 0.000000 0.000000 0.000000 1.000000 0.000000 0.000000 0.000000 0.000000 1.000000</float_array><technique_common><accessor source="#master_ctrl-Matrix-animation-output-transform-array" count="33" stride="16"><param type="float4x4"/></accessor></technique_common></source><source id="master_ctrl-Interpolations"><Name_array id="master_ctrl-Interpolations-array" count="33">
 LINEAR LINEAR LINEAR LINEAR LINEAR LINEAR LINEAR LINEAR LINEAR LINEAR LINEAR
LINEAR LINEAR LINEAR LINEAR LINEAR LINEAR LINEAR LINEAR LINEAR LINEAR LINEAR LINEAR
LINEAR LINEAR LINEAR LINEAR LINEAR LINEAR LINEAR LINEAR LINEAR LINEAR</Name_array><technique_common><accessor source="#master_ctrl-Interpolations-array" count="33"><param type="name"/></accessor></technique_common></source><sampler id="master_ctrl-Matrix-animation-transform"><input semantic="INPUT" source="#master_ctrl-Matrix-animation-input"/><input semantic="OUTPUT" source="#master_ctrl-Matrix-animation-output-transform"/><input semantic="INTERPOLATION" source="#master_ctrl-Interpolations"/></sampler><channel source="#master_ctrl-Matrix-animation-transform" target="master_ctrl/matrix"/></animation><animation><source id="master_ctrl-visibility-animation-input"><float_array id="master_ctrl-visibility-animation-input-array" count="33">

0.000000 0.033333 0.066667 0.100000 0.133333 0.166667 0.200000 0.233333 0.266667 0.300000 0.333333 0.366667 0.400000 0.433333 0.466667 0.500000
0.533333 0.566667 0.600000 0.633333 0.666667 0.700000 0.733333 0.766667 0.800000 0.833333 0.866667 0.900000 0.933333 0.966667 1.000000 1.033333
1.066667</float_array><technique_common><accessor source="#master_ctrl-visibility-animation-input-array" count="33"><param name="TIME" type="float"/></accessor></technique_common></source><source id="master_ctrl-visibility-animation-output"><float_array id="master_ctrl-visibility-animation-output-array" count="33">

1.000000 1.000000 1.000000 1.000000 1.000000 1.000000 1.000000 1.000000 1.000000 1.000000 1.000000 1.000000 1.000000 1.000000 1.000000 1.000000
1.000000 1.000000 1.000000 1.000000 1.000000 1.000000 1.000000 1.000000 1.000000 1.000000 1.000000 1.000000 1.000000 1.000000 1.000000 1.000000
1.000000</float_array><technique_common><accessor source="#master_ctrl-visibility-animation-output-array" count="33"><param type="float"/></accessor></technique_common></source><source id="master_ctrl-visibility-animation-intan"><float_array id="master_ctrl-visibility-animation-intan-array" count="33">

0.000000 -0.000000 -0.000000 -0.000000 -0.000000 -0.000000 -0.000000 -0.000000 -0.000000 -0.000000 -0.000000 -0.000000 -0.000000 -0.000000 -0.000000 -0.000000
-0.000000 -0.000000 -0.000000 -0.000000 -0.000000 -0.000000 -0.000000 -0.000000 -0.000000 -0.000000 -0.000000 -0.000000 -0.000000 -0.000000 -0.000000 -0.000000
-0.000000</float_array><technique_common><accessor source="#master_ctrl-visibility-animation-intan-array" count="33"><param type="float"/></accessor></technique_common></source><source id="master_ctrl-visibility-animation-outtan"><float_array id="master_ctrl-visibility-animation-outtan-array" count="33">

0.000000 0.000000 0.000000 0.000000 0.000000 0.000000 0.000000 0.000000 0.000000 0.000000 0.000000 0.000000 0.000000 0.000000 0.000000 0.000000
0.000000 0.000000 0.000000 0.000000 0.000000 0.000000 0.000000 0.000000 0.000000 0.000000 0.000000 0.000000 0.000000 0.000000 0.000000 0.000000
0.000000</float_array><technique_common><accessor source="#master_ctrl-visibility-animation-outtan-array" count="33"><param type="float"/></accessor></technique_common></source><source id="master_ctrl-visibility-animation-interpolation"><Name_array id="master_ctrl-visibility-animation-interpolation-array" count="33">
 BEZIER BEZIER BEZIER BEZIER BEZIER BEZIER BEZIER BEZIER BEZIER BEZIER BEZIER
BEZIER BEZIER BEZIER BEZIER BEZIER BEZIER BEZIER BEZIER BEZIER BEZIER BEZIER BEZIER
BEZIER BEZIER BEZIER BEZIER BEZIER BEZIER BEZIER BEZIER BEZIER BEZIER</Name_array><technique_common><accessor source="#master_ctrl-visibility-animation-interpolation-array" count="33"><param type="name"/></accessor></technique_common></source><sampler id="master_ctrl-visibility-animation"><input semantic="INPUT" source="#master_ctrl-visibility-animation-input"/><input semantic="OUTPUT" source="#master_ctrl-visibility-animation-output"/><input semantic="IN_TANGENT" source="#master_ctrl-visibility-animation-intan"/><input semantic="OUT_TANGENT" source="#master_ctrl-visibility-animation-outtan"/><input semantic="INTERPOLATION" source="#master_ctrl-visibility-animation-interpolation"/></sampler><channel source="#master_ctrl-visibility-animation" target="master_ctrl/visibility"/></animation></animation>
    <animation id="rig_ctrl-anim" name="rig_ctrl"></animation>
    <animation id="jnt_head-anim" name="jnt_head"><animation><source id="jnt_head-Matrix-animation-input"><float_array id="jnt_head-Matrix-animation-input-array" count="33">

0.000000 0.033333 0.066667 0.100000 0.133333 0.166667 0.200000 0.233333 0.266667 0.300000 0.333333 0.366667 0.400000 0.433333 0.466667 0.500000
0.533333 0.566667 0.600000 0.633333 0.666667 0.700000 0.733333 0.766667 0.800000 0.833333 0.866667 0.900000 0.933333 0.966667 1.000000 1.033333
1.066667</float_array><technique_common><accessor source="#jnt_head-Matrix-animation-input-array" count="33"><param name="TIME" type="float"/></accessor></technique_common></source><source id="jnt_head-Matrix-animation-output-transform"><float_array id="jnt_head-Matrix-animation-output-transform-array" count="528">

1.000000 0.000000 0.000000 0.000000 0.000000 1.000000 0.000000 0.000000 0.000000 0.000000 1.000000 0.000000 0.000000 0.000000 0.000000 1.000000
1.000000 0.000000 0.000000 0.000000 0.000000 1.000000 0.000000 0.000000 0.000000 0.000000 1.000000 0.000000 0.000000 0.000000 0.000000 1.000000
1.000000 0.000000 0.000000 0.000000 0.000000 1.000000 0.000000 0.000000 0.000000 0.000000 1.000000 0.000000 0.000000 0.000000 0.000000 1.000000
1.000000 0.000000 0.000000 0.000000 0.000000 1.000000 0.000000 0.000000 0.000000 0.000000 1.000000 0.000000 0.000000 0.000000 0.000000 1.000000
1.000000 0.000000 0.000000 0.000000 0.000000 1.000000 0.000000 0.000000 0.000000 0.000000 1.000000 0.000000 0.000000 0.000000 0.000000 1.000000
1.000000 0.000000 0.000000 0.000000 0.000000 1.000000 0.000000 0.000000 0.000000 0.000000 1.000000 0.000000 0.000000 0.000000 0.000000 1.000000
1.000000 0.000000 0.000000 0.000000 0.000000 1.000000 0.000000 0.000000 0.000000 0.000000 1.000000 0.000000 0.000000 0.000000 0.000000 1.000000
1.000000 0.000000 0.000000 0.000000 0.000000 1.000000 0.000000 0.000000 0.000000 0.000000 1.000000 0.000000 0.000000 0.000000 0.000000 1.000000
1.000000 0.000000 0.000000 0.000000 0.000000 1.000000 0.000000 0.000000 0.000000 0.000000 1.000000 0.000000 0.000000 0.000000 0.000000 1.000000
