<?xml version="1.0" encoding="utf-8"?>
<COLLADA xmlns="http://www.collada.org/2005/11/COLLADASchema" version="1.4.1">
  <asset><contributor><author></author><authoring_tool>FBX COLLADA exporter</authoring_tool><comments></comments></contributor><created>2019-12-02T11:11:42Z</created><keywords></keywords><modified>2019-12-02T11:11:42Z</modified><revision></revision><subject></subject><title></title><unit meter="0.010000" name="centimeter"></unit><up_axis>Y_UP</up_axis></asset>
  <library_animations>
    <animation id="root_jnt-anim" name="root_jnt"><animation><source id="root_jnt-Matrix-animation-input"><float_array id="root_jnt-Matrix-animation-input-array" count="21">

0.000000 0.033333 0.066667 0.100000 0.133333 0.166667 0.200000 0.233333 0.266667 0.300000 0.333333 0.366667 0.400000 0.433333 0.466667 0.500000
0.533333 0.566667 0.600000 0.633333 0.666667</float_array><technique_common><accessor source="#root_jnt-Matrix-animation-input-array" count="21"><param name="TIME" type="float"/></accessor></technique_common></source><source id="root_jnt-Matrix-animation-output-transform"><float_array id="root_jnt-Matrix-animation-output-transform-array" count="336">

0.972100 -0.231099 0.040188 -0.009139 0.230959 0.972929 0.008139 1.837361 -0.040982 0.001370 0.999159 0.141395 0.000000 0.000000 0.000000 1.000000
0.972100 -0.231099 0.040188 -0.008865 0.230959 0.972929 0.008139 1.790285 -0.040982 0.001370 0.999159 0.141395 0.000000 0.000000 0.000000 1.000000
0.972100 -0.231099 0.040188 -0.008517 0.230959 0.972929 0.008139 1.730335 -0.040982 0.001370 0.999159 0.141395 0.000000 0.000000 0.000000 1.000000
0.972100 -0.231099 0.040188 -0.008207 0.230959 0.972929 0.008139 1.677088 -0.040982 0.001370 0.999159 0.141395 0.000000 0.000000 0.000000 1.000000
0.972100 -0.231099 0.040188 -0.008051 0.230959 0.972929 0.008139 1.650119 -0.040982 0.001370 0.999159 0.141395 0.000000 0.000000 0.000000 1.000000
0.972100 -0.231099 0.040188 -0.008030 0.230959 0.972929 0.008139 1.646645 -0.040982 0.001370 0.999159 0.141395 0.000000 0.000000 0.000000 1.000000
0.972100 -0.231099 0.040188 -0.008055 0.230959 0.972929 0.008139 1.650837 -0.040982 0.001370 0.999159 0.141395 0.000000 0.000000 0.000000 1.000000
0.972100 -0.231099 0.040188 -0.008124 0.230959 0.972929 0.008139 1.662702 -0.040982 0.001370 0.999159 0.141395 0.000000 0.000000 0.000000 1.000000
0.972100 -0.231099 0.040188 -0.008237 0.230959 0.972929 0.008139 1.682247 -0.040982 0.001370 0.999159 0.141395 0.000000 0.000000 0.000000 1.000000
0.972100 -0.231099 0.040188 -0.008396 0.230959 0.972929 0.008139 1.709478 -0.040982 0.001370 0.999159 0.141395 0.000000 0.000000 0.000000 1.000000
0.972100 -0.231099 0.040188 -0.008599 0.230959 0.972929 0.008139 1.744403 -0.040982 0.001370 0.999159 0.141395 0.000000 0.000000 0.000000 1.000000
0.972100 -0.231099 0.040188 -0.008846 0.230959 0.972929 0.008139 1.787029 -0.040982 0.001370 0.999159 0.141395 0.000000 0.000000 0.000000 1.000000
0.972100 -0.231099 0.040188 -0.009139 0.230959 0.972929 0.008139 1.837361 -0.040982 0.001370 0.999159 0.141395 0.000000 0.000000 0.000000 1.000000
0.972100 -0.231099 0.040188 -0.009402 0.230959 0.972929 0.008139 1.882566 -0.040982 0.001370 0.999159 0.141395 0.000000 0.000000 0.000000 1.000000
0.972100 -0.231099 0.040188 -0.009567 0.230959 0.972929 0.008139 1.911067 -0.040982 0.001370 0.999159 0.141395 0.000000 0.000000 0.000000 1.000000
0.972100 -0.231099 0.040188 -0.009647 0.230959 0.972929 0.008139 1.924758 -0.040982 0.001370 0.999159 0.141395 0.000000 0.000000 0.000000 1.000000
0.972100 -0.231099 0.040188 -0.009651 0.230959 0.972929 0.008139 1.925534 -0.040982 0.001370 0.999159 0.141395 0.000000 0.000000 0.000000 1.000000
0.972100 -0.231099 0.040188 -0.009592 0.230959 0.972929 0.008139 1.915288 -0.040982 0.001370 0.999159 0.141395 0.000000 0.000000 0.000000 1.000000
0.972100 -0.231099 0.040188 -0.009479 0.230959 0.972929 0.008139 1.895914 -0.040982 0.001370 0.999159 0.141395 0.000000 0.000000 0.000000 1.000000
0.972100 -0.231099 0.040188 -0.009324 0.230959 0.972929 0.008139 1.869307 -0.040982 0.001370 0.999159 0.141395 0.000000 0.000000 0.000000 1.000000
0.972100 -0.231099 0.040188 -0.009139 0.230959 0.972929 0.008139 1.837361 -0.040982 0.001370 0.999159 0.141395 0.000000 0.000000 0.000000 1.000000</float_array><technique_common><accessor source="#root_jnt-Matrix-animation-output-transform-array" count="21" stride="16"><param type="float4x4"/></accessor></technique_common></source><source id="root_jnt-Interpolations"><Name_array id="root_jnt-Interpolations-array" count="21">
 LINEAR LINEAR LINEAR LINEAR LINEAR LINEAR LINEAR LINEAR LINEAR LINEAR LINEAR
LINEAR LINEAR LINEAR LINEAR LINEAR LINEAR LINEAR LINEAR LINEAR LINEAR</Name_array><technique_common><accessor source="#root_jnt-Interpolations-array" count="21"><param type="name"/></accessor></technique_common></source><sampler id="root_jnt-Matrix-animation-transform"><input semantic="INPUT" source="#root_jnt-Matrix-animation-input"/><input semantic="OUTPUT" source="#root_jnt-Matrix-animation-output-transform"/><input semantic="INTERPOLATION" source="#root_jnt-Interpolations"/></sampler><channel source="#root_jnt-Matrix-animation-transform" target="root_jnt/matrix"/></animation></animation>
    <animation id="jnt_spine1-anim" name="jnt_spine1"><animation><source id="jnt_spine1-Matrix-animation-input"><float_array id="jnt_spine1-Matrix-animation-input-array" count="21">

0.000000 0.033333 0.066667 0.100000 0.133333 0.166667 0.200000 0.233333 0.266667 0.300000 0.333333 0.366667 0.400000 0.433333 0.466667 0.500000
0.533333 0.566667 0.600000 0.633333 0.666667</float_array><technique_common><accessor source="#jnt_spine1-Matrix-animation-input-array" count="21"><param name="TIME" type="float"/></accessor></technique_common></source><source id="jnt_spine1-Matrix-animation-output-transform"><float_array id="jnt_spine1-Matrix-animation-output-transform-array" count="336">

0.968196 0.244928 -0.051052 0.000000 -0.247355 0.967719 -0.048325 0.479000 0.037568 0.059416 0.997526 0.000000 0.000000 0.000000 0.000000 1.000000
0.969349 0.240384 -0.050777 -0.000000 -0.242799 0.968870 -0.048378 0.479000 0.037567 0.059224 0.997538 -0.000000 0.000000 0.000000 0.000000 1.000000
0.972370 0.228022 -0.050028 0.000000 -0.230404 0.971885 -0.048516 0.479000 0.037558 0.058702 0.997569 -0.000000 0.000000 0.000000 0.000000 1.000000
0.976533 0.209736 -0.048920 0.000000 -0.212070 0.976040 -0.048701 0.479000 0.037534 0.057933 0.997615 -0.000000 0.000000 0.000000 0.000000 1.000000
0.981125 0.187433 -0.047572 -0.000000 -0.189708 0.980622 -0.048898 0.479000 0.037485 0.057000 0.997670 0.000000 0.000000 0.000000 0.000000 1.000000
0.985540 0.163049 -0.046099 0.000000 -0.165260 0.985028 -0.049077 0.479000 0.037407 0.055986 0.997731 -0.000000 0.000000 0.000000 0.000000 1.000000
0.989348 0.138563 -0.044622 0.000000 -0.140710 0.988827 -0.049219 0.479000 0.037304 0.054974 0.997791 -0.000000 0.000000 0.000000 0.000000 1.000000
0.992308 0.115986 -0.043263 0.000000 -0.118074 0.991779 -0.049318 0.479000 0.037187 0.054047 0.997846 0.000000 0.000000 0.000000 0.000000 1.000000
0.994358 0.097346 -0.042142 0.000000 -0.099386 0.993823 -0.049376 0.479000 0.037075 0.053285 0.997891 0.000000 0.000000 0.000000 0.000000 1.000000
0.995549 0.084677 -0.041380 -0.000000 -0.086685 0.995010 -0.049403 0.479000 0.036991 0.052770 0.997921 0.000000 0.000000 0.000000 0.000000 1.000000
0.995947 0.080006 -0.041100 0.000000 -0.082001 0.995407 -0.049410 0.479000 0.036958 0.052580 0.997933 0.000000 0.000000 0.000000 0.000000 1.000000
0.994846 0.092357 -0.041842 0.000000 -0.094384 0.994310 -0.049388 0.479000 0.037043 0.053082 0.997903 -0.000000 0.000000 0.000000 0.000000 1.000000
0.991423 0.123168 -0.043695 0.000000 -0.125275 0.990897 -0.049290 0.479000 0.037226 0.054341 0.997828 0.000000 0.000000 0.000000 0.000000 1.000000
0.985542 0.163038 -0.046098 0.000000 -0.165249 0.985030 -0.049077 0.479000 0.037407 0.055985 0.997731 0.000000 0.000000 0.000000 0.000000 1.000000
0.978052 0.202640 -0.048491 -0.000000 -0.204955 0.977556 -0.048767 0.479000 0.037521 0.057635 0.997632 0.000000 0.000000 0.000000 0.000000 1.000000
0.971202 0.232883 -0.050322 0.000000 -0.235279 0.970719 -0.048463 0.479000 0.037563 0.058907 0.997557 -0.000000 0.000000 0.000000 0.000000 1.000000
0.968196 0.244928 -0.051052 0.000000 -0.247355 0.967719 -0.048325 0.479000 0.037568 0.059416 0.997526 0.000000 0.000000 0.000000 0.000000 1.000000
0.968194 0.244936 -0.051053 0.000000 -0.247364 0.967717 -0.048325 0.479000 0.037568 0.059417 0.997526 -0.000000 0.000000 0.000000 0.000000 1.000000
0.968194 0.244936 -0.051053 -0.000000 -0.247363 0.967717 -0.048325 0.479000 0.037568 0.059417 0.997526 0.000000 0.000000 0.000000 0.000000 1.000000
0.968195 0.244931 -0.051053 0.000000 -0.247358 0.967718 -0.048325 0.479000 0.037568 0.059416 0.997526 -0.000000 0.000000 0.000000 0.000000 1.000000
0.968196 0.244928 -0.051052 0.000000 -0.247355 0.967719 -0.048325 0.479000 0.037568 0.059416 0.997526 0.000000 0.000000 0.000000 0.000000 1.000000</float_array><technique_common><accessor source="#jnt_spine1-Matrix-animation-output-transform-array" count="21" stride="16"><param type="float4x4"/></accessor></technique_common></source><source id="jnt_spine1-Interpolations"><Name_array id="jnt_spine1-Interpolations-array" count="21">
 LINEAR LINEAR LINEAR LINEAR LINEAR LINEAR LINEAR LINEAR LINEAR LINEAR LINEAR
LINEAR LINEAR LINEAR LINEAR LINEAR LINEAR LINEAR LINEAR LINEAR LINEAR</Name_array><technique_common><accessor source="#jnt_spine1-Interpolations-array" count="21"><param type="name"/></accessor></technique_common></source><sampler id="jnt_spine1-Matrix-animation-transform"><input semantic="INPUT" source="#jnt_spine1-Matrix-animation-input"/><input semantic="OUTPUT" source="#jnt_spine1-Matrix-animation-output-transform"/><input semantic="INTERPOLATION" source="#jnt_spine1-Interpolations"/></sampler><channel source="#jnt_spine1-Matrix-animation-transform" target="jnt_spine1/matrix"/></animation></animation>
    <animation id="jnt_spine2-anim" name="jnt_spine2"><animation><source id="jnt_spine2-Matrix-animation-input"><float_array id="jnt_spine2-Matrix-animation-input-array" count="21">

0.000000 0.033333 0.066667 0.100000 0.133333 0.166667 0.200000 0.233333 0.266667 0.300000 0.333333 0.366667 0.400000 0.433333 0.466667 0.500000
0.533333 0.566667 0.600000 0.633333 0.666667</float_array><technique_common><accessor source="#jnt_spine2-Matrix-animation-input-array" count="21"><param name="TIME" type="float"/></accessor></technique_common></source><source id="jnt_spine2-Matrix-animation-output-transform"><float_array id="jnt_spine2-Matrix-animation-output-transform-array" count="336">

1.000000 0.000000 -0.000000 0.000000 -0.000000 1.000000 0.000000 0.449000 0.000000 0.000000 1.000000 -0.000000 0.000000 0.000000 0.000000 1.000000
1.000000 -0.000000 0.000000 0.000000 0.000000 1.000000 0.000000 0.449000 -0.000000 -0.000000 1.000000 -0.000000 0.000000 0.000000 0.000000 1.000000
1.000000 -0.000000 0.000000 0.000000 0.000000 1.000000 0.000000 0.449000 -0.000000 -0.000000 1.000000 0.000000 0.000000 0.000000 0.000000 1.000000
1.000000 -0.000000 0.000000 -0.000000 0.000000 1.000000 0.000000 0.449000 -0.000000 0.000000 1.000000 0.000000 0.000000 0.000000 0.000000 1.000000
1.000000 0.000000 0.000000 -0.000000 -0.000000 1.000000 -0.000000 0.449000 -0.000000 -0.000000 1.000000 0.000000 0.000000 0.000000 0.000000 1.000000
1.000000 0.000000 -0.000000 -0.000000 -0.000000 1.000000 -0.000000 0.449000 0.000000 0.000000 1.000000 0.000000 0.000000 0.000000 0.000000 1.000000
1.000000 -0.000000 0.000000 -0.000000 0.000000 1.000000 0.000000 0.449000 -0.000000 -0.000000 1.000000 0.000000 0.000000 0.000000 0.000000 1.000000
1.000000 -0.000000 0.000000 -0.000000 0.000000 1.000000 0.000000 0.449000 -0.000000 -0.000000 1.000000 -0.000000 0.000000 0.000000 0.000000 1.000000
1.000000 0.000000 0.000000 0.000000 0.000000 1.000000 0.000000 0.449000 -0.000000 -0.000000 1.000000 0.000000 0.000000 0.000000 0.000000 1.000000
1.000000 0.000000 0.000000 0.000000 -0.000000 1.000000 0.000000 0.449000 -0.000000 -0.000000 1.000000 -0.000000 0.000000 0.000000 0.000000 1.000000
1.000000 -0.000000 0.000000 0.000000 0.000000 1.000000 0.000000 0.449000 -0.000000 -0.000000 1.000000 0.000000 0.000000 0.000000 0.000000 1.000000
1.000000 -0.000000 0.000000 0.000000 0.000000 1.000000 0.000000 0.449000 -0.000000 -0.000000 1.000000 -0.000000 0.000000 0.000000 0.000000 1.000000
1.000000 -0.000000 0.000000 0.000000 0.000000 1.000000 0.000000 0.449000 -0.000000 0.000000 1.000000 0.000000 0.000000 0.000000 0.000000 1.000000
1.000000 -0.000000 -0.000000 -0.000000 0.000000 1.000000 -0.000000 0.449000 0.000000 0.000000 1.000000 0.000000 0.000000 0.000000 0.000000 1.000000
1.000000 0.000000 0.000000 0.000000 -0.000000 1.000000 0.000000 0.449000 -0.000000 -0.000000 1.000000 -0.000000 0.000000 0.000000 0.000000 1.000000
1.000000 0.000000 0.000000 0.000000 -0.000000 1.000000 0.000000 0.449000 -0.000000 -0.000000 1.000000 0.000000 0.000000 0.000000 0.000000 1.000000
1.000000 0.000000 -0.000000 0.000000 -0.000000 1.000000 0.000000 0.449000 0.000000 0.000000 1.000000 -0.000000 0.000000 0.000000 0.000000 1.000000
1.000000 -0.000000 0.000000 0.000000 0.000000 1.000000 0.000000 0.449000 -0.000000 0.000000 1.000000 0.000000 0.000000 0.000000 0.000000 1.000000
1.000000 -0.000000 0.000000 0.000000 0.000000 1.000000 0.000000 0.449000 -0.000000 -0.000000 1.000000 -0.000000 0.000000 0.000000 0.000000 1.000000
1.000000 0.000000 0.000000 0.000000 -0.000000 1.000000 -0.000000 0.449000 0.000000 0.000000 1.000000 0.000000 0.000000 0.000000 0.000000 1.000000
1.000000 0.000000 -0.000000 0.000000 -0.000000 1.000000 0.000000 0.449000 0.000000 0.000000 1.000000 -0.000000 0.000000 0.000000 0.000000 1.000000</float_array><technique_common><accessor source="#jnt_spine2-Matrix-animation-output-transform-array" count="21" stride="16"><param type="float4x4"/></accessor></technique_common></source><source id="jnt_spine2-Interpolations"><Name_array id="jnt_spine2-Interpolations-array" count="21">
 LINEAR LINEAR LINEAR LINEAR LINEAR LINEAR LINEAR LINEAR LINEAR LINEAR LINEAR
LINEAR LINEAR LINEAR LINEAR LINEAR LINEAR LINEAR LINEAR LINEAR LINEAR</Name_array><technique_common><accessor source="#jnt_spine2-Interpolations-array" count="21"><param type="name"/></accessor></technique_common></source><sampler id="jnt_spine2-Matrix-animation-transform"><input semantic="INPUT" source="#jnt_spine2-Matrix-animation-input"/><input semantic="OUTPUT" source="#jnt_spine2-Matrix-animation-output-transform"/><input semantic="INTERPOLATION" source="#jnt_spine2-Interpolations"/></sampler><channel source="#jnt_spine2-Matrix-animation-transform" target="jnt_spine2/matrix"/></animation></animation>
    <animation id="jnt_head-anim" name="jnt_head"><animation><source id="jnt_head-Matrix-animation-input"><float_array id="jnt_head-Matrix-animation-input-array" count="21">

0.000000 0.033333 0.066667 0.100000 0.133333 0.166667 0.200000 0.233333 0.266667 0.300000 0.333333 0.366667 0.400000 0.433333 0.466667 0.500000
0.533333 0.566667 0.600000 0.633333 0.666667</float_array><technique_common><accessor source="#jnt_head-Matrix-animation-input-array" count="21"><param name="TIME" type="float"/></accessor></technique_common></source><source id="jnt_head-Matrix-animation-output-transform"><float_array id="jnt_head-Matrix-animation-output-transform-array" count="336">

0.999002 0.007010 -0.044105 -0.000000 -0.005074 0.999025 0.043856 0.296642 0.044369 -0.043589 0.998064 0.000000 0.000000 0.000000 0.000000 1.000000
0.999010 0.005140 -0.044192 0.000000 -0.003270 0.999101 0.042276 0.296642 0.044369 -0.042090 0.998128 0.000000 0.000000 0.000000 0.000000 1.000000
0.999014 0.000062 -0.044399 -0.000000 0.001626 0.999277 0.037987 0.296642 0.044369 -0.038022 0.998291 -0.000000 0.000000 0.000000 0.000000 1.000000
0.998976 -0.007424 -0.044628 -0.000000 0.008842 0.999459 0.031663 0.296642 0.044369 -0.032025 0.998502 0.000000 0.000000 0.000000 0.000000 1.000000
0.998860 -0.016517 -0.044785 0.000000 0.017603 0.999557 0.023981 0.296642 0.044369 -0.024742 0.998709 -0.000000 0.000000 0.000000 0.000000 1.000000
0.998647 -0.026412 -0.044804 0.000000 0.027136 0.999510 0.015621 0.296642 0.044369 -0.016815 0.998874 0.000000 0.000000 0.000000 0.000000 1.000000
0.998342 -0.036306 -0.044664 0.000000 0.036666 0.999301 0.007261 0.296642 0.044369 -0.008887 0.998976 0.000000 0.000000 0.000000 0.000000 1.000000
0.997982 -0.045394 -0.044396 0.000000 0.045421 0.998968 -0.000416 0.296642 0.044369 -0.001601 0.999014 0.000000 0.000000 0.000000 0.000000 1.000000
0.997628 -0.052874 -0.044075 0.000000 0.052628 0.998591 -0.006734 0.296642 0.044369 0.004399 0.999006 -0.000000 0.000000 0.000000 0.000000 1.000000
0.997358 -0.057947 -0.043806 0.000000 0.057517 0.998284 -0.011019 0.296642 0.044369 0.008470 0.998979 0.000000 0.000000 0.000000 0.000000 1.000000
0.997253 -0.059815 -0.043696 -0.000000 0.059318 0.998160 -0.012597 0.296642 0.044369 0.009970 0.998965 -0.000000 0.000000 0.000000 0.000000 1.000000
0.997358 -0.057947 -0.043806 0.000000 0.057517 0.998284 -0.011019 0.296642 0.044369 0.008470 0.998979 0.000000 0.000000 0.000000 0.000000 1.000000
0.997628 -0.052874 -0.044075 0.000000 0.052628 0.998591 -0.006734 0.296642 0.044369 0.004399 0.999006 0.000000 0.000000 0.000000 0.000000 1.000000
0.997982 -0.045394 -0.044396 0.000000 0.045421 0.998968 -0.000416 0.296642 0.044369 -0.001601 0.999014 -0.000000 0.000000 0.000000 0.000000 1.000000
0.998342 -0.036306 -0.044664 0.000000 0.036666 0.999301 0.007261 0.296642 0.044369 -0.008887 0.998976 0.000000 0.000000 0.000000 0.000000 1.000000
0.998647 -0.026412 -0.044804 0.000000 0.027136 0.999510 0.015621 0.296642 0.044369 -0.016815 0.998874 0.000000 0.000000 0.000000 0.000000 1.000000
0.998860 -0.016517 -0.044785 -0.000000 0.017603 0.999557 0.023981 0.296642 0.044369 -0.024742 0.998709 0.000000 0.000000 0.000000 0.000000 1.000000
0.998976 -0.007424 -0.044628 -0.000000 0.008842 0.999459 0.031663 0.296642 0.044369 -0.032025 0.998502 -0.000000 0.000000 0.000000 0.000000 1.000000
0.999014 0.000062 -0.044399 -0.000000 0.001626 0.999277 0.037987 0.296642 0.044369 -0.038022 0.998291 0.000000 0.000000 0.000000 0.000000 1.000000
0.999010 0.005140 -0.044192 0.000000 -0.003270 0.999101 0.042276 0.296642 0.044369 -0.042090 0.998128 0.000000 0.000000 0.000000 0.000000 1.000000
0.999002 0.007010 -0.044105 -0.000000 -0.005074 0.999025 0.043856 0.296642 0.044369 -0.043589 0.998064 0.000000 0.000000 0.000000 0.000000 1.000000</float_array><technique_common><accessor source="#jnt_head-Matrix-animation-output-transform-array" count="21" stride="16"><param type="float4x4"/></accessor></technique_common></source><source id="jnt_head-Interpolations"><Name_array id="jnt_head-Interpolations-array" count="21">
 LINEAR LINEAR LINEAR LINEAR LINEAR LINEAR LINEAR LINEAR LINEAR LINEAR LINEAR
LINEAR LINEAR LINEAR LINEAR LINEAR LINEAR LINEAR LINEAR LINEAR LINEAR</Name_array><technique_common><accessor source="#jnt_head-Interpolations-array" count="21"><param type="name"/></accessor></technique_common></source><sampler id="jnt_head-Matrix-animation-transform"><input semantic="INPUT" source="#jnt_head-Matrix-animation-input"/><input semantic="OUTPUT" source="#jnt_head-Matrix-animation-output-transform"/><input semantic="INTERPOLATION" source="#jnt_head-Interpolations"/></sampler><channel source="#jnt_head-Matrix-animation-transform" target="jnt_head/matrix"/></animation></animation>
    <animation id="jnt_06_upperleg-anim" name="jnt_06_upperleg"><animation><source id="jnt_06_upperleg-Matrix-animation-input"><float_array id="jnt_06_upperleg-Matrix-animation-input-array" count="21">

0.000000 0.033333 0.066667 0.100000 0.133333 0.166667 0.200000 0.233333 0.266667 0.300000 0.333333 0.366667 0.400000 0.433333 0.466667 0.500000
0.533333 0.566667 0.600000 0.633333 0.666667</float_array><technique_common><accessor source="#jnt_06_upperleg-Matrix-animation-input-array" count="21"><param name="TIME" type="float"/></accessor></technique_common></source><source id="jnt_06_upperleg-Matrix-animation-output-transform"><float_array id="jnt_06_upperleg-Matrix-animation-output-transform-array" count="336">

-0.516952 -0.186980 -0.835344 0.236446 0.051289 0.967333 -0.248265 0.000000 0.854476 -0.171185 -0.490475 0.409537 0.000000 0.000000 0.000000 1.000000
-0.496710 -0.190532 -0.846745 0.236446 0.069603 0.963719 -0.257684 0.000000 0.865121 -0.186930 -0.465427 0.409537 0.000000 0.000000 0.000000 1.000000
-0.441038 -0.215274 -0.871288 0.236446 0.085363 0.956344 -0.279499 0.000000 0.893420 -0.197645 -0.403408 0.409537 0.000000 0.000000 0.000000 1.000000
-0.351690 -0.259991 -0.899288 0.236446 0.089406 0.946938 -0.308732 0.000000 0.931837 -0.188979 -0.309784 0.409537 0.000000 0.000000 0.000000 1.000000
-0.232996 -0.314262 -0.920300 0.236446 0.074602 0.937781 -0.339118 0.000000 0.969612 -0.147669 -0.195055 0.409537 0.000000 0.000000 0.000000 1.000000
-0.095085 -0.360320 -0.927970 0.236446 0.045180 0.929671 -0.365610 0.000000 0.994443 -0.076690 -0.072119 0.409537 0.000000 0.000000 0.000000 1.000000
0.046048 -0.385535 -0.921543 0.236446 0.010085 0.922654 -0.385496 0.000000 0.998888 0.008457 0.046374 0.409537 0.000000 0.000000 0.000000 1.000000
0.172531 -0.387403 -0.905623 0.236446 -0.030339 0.916884 -0.398000 0.000000 0.984537 0.096143 0.146438 0.409537 0.000000 0.000000 0.000000 1.000000
0.270733 -0.372030 -0.887861 0.236446 -0.074197 0.911498 -0.404558 0.000000 0.959791 0.175403 0.219169 0.409537 0.000000 0.000000 0.000000 1.000000
0.331814 -0.351103 -0.875572 0.236446 -0.116088 0.905904 -0.407260 0.000000 0.936175 0.236778 0.259833 0.409537 0.000000 0.000000 0.000000 1.000000
0.365288 -0.362932 -0.857231 0.236446 -0.056790 0.910465 -0.409669 -0.000000 0.929161 0.198330 0.311971 0.409537 0.000000 0.000000 0.000000 1.000000
0.380277 -0.383740 -0.841506 0.236446 0.011274 0.911718 -0.410663 0.000000 0.924804 0.146678 0.351031 0.409537 0.000000 0.000000 0.000000 1.000000
0.347732 -0.387773 -0.853648 0.236446 0.010622 0.912037 -0.409970 0.000000 0.937534 0.133492 0.321264 0.409537 0.000000 0.000000 0.000000 1.000000
0.247637 -0.401759 -0.881627 0.236446 0.035802 0.913143 -0.406065 0.000000 0.968191 0.068992 0.240512 0.409537 0.000000 0.000000 0.000000 1.000000
0.094574 -0.400566 -0.911374 0.236446 0.075062 0.915741 -0.394696 0.000000 0.992684 -0.031081 0.116673 0.409537 0.000000 0.000000 0.000000 1.000000
-0.087483 -0.363544 -0.927460 0.236446 0.120082 0.920392 -0.372100 0.000000 0.988902 -0.143924 -0.036864 0.409537 0.000000 0.000000 0.000000 1.000000
-0.262111 -0.289879 -0.920471 0.236446 0.168669 0.925377 -0.339454 0.000000 0.950183 -0.244230 -0.193658 0.409537 0.000000 0.000000 0.000000 1.000000
-0.405021 -0.213753 -0.888970 0.236446 0.155009 0.942159 -0.297166 0.000000 0.901072 -0.258157 -0.348461 0.409537 0.000000 0.000000 0.000000 1.000000
-0.500055 -0.185021 -0.845998 0.236446 0.078500 0.963203 -0.257055 -0.000000 0.862428 -0.194952 -0.467131 0.409537 0.000000 0.000000 0.000000 1.000000
-0.532648 -0.183763 -0.826146 0.236446 0.039103 0.969757 -0.240918 0.000000 0.845433 -0.160629 -0.509354 0.409537 0.000000 0.000000 0.000000 1.000000
-0.514237 -0.189026 -0.836558 0.236446 0.049970 0.967149 -0.249251 0.000000 0.856191 -0.169977 -0.487898 0.409537 0.000000 0.000000 0.000000 1.000000</float_array><technique_common><accessor source="#jnt_06_upperleg-Matrix-animation-output-transform-array" count="21" stride="16"><param type="float4x4"/></accessor></technique_common></source><source id="jnt_06_upperleg-Interpolations"><Name_array id="jnt_06_upperleg-Interpolations-array" count="21">
 LINEAR LINEAR LINEAR LINEAR LINEAR LINEAR LINEAR LINEAR LINEAR LINEAR LINEAR
LINEAR LINEAR LINEAR LINEAR LINEAR LINEAR LINEAR LINEAR LINEAR LINEAR</Name_array><technique_common><accessor source="#jnt_06_upperleg-Interpolations-array" count="21"><param type="name"/></accessor></technique_common></source><sampler id="jnt_06_upperleg-Matrix-animation-transform"><input semantic="INPUT" source="#jnt_06_upperleg-Matrix-animation-input"/><input semantic="OUTPUT" source="#jnt_06_upperleg-Matrix-animation-output-transform"/><input semantic="INTERPOLATION" source="#jnt_06_upperleg-Interpolations"/></sampler><channel source="#jnt_06_upperleg-Matrix-animation-transform" target="jnt_06_upperleg/matrix"/></animation></animation>
    <animation id="jnt_06_lowerleg-anim" name="jnt_06_lowerleg"><animation><source id="jnt_06_lowerleg-Matrix-animation-input"><float_array id="jnt_06_lowerleg-Matrix-animation-input-array" count="21">

0.000000 0.033333 0.066667 0.100000 0.133333 0.166667 0.200000 0.233333 0.266667 0.300000 0.333333 0.366667 0.400000 0.433333 0.466667 0.500000
0.533333 0.566667 0.600000 0.633333 0.666667</float_array><technique_common><accessor source="#jnt_06_lowerleg-Matrix-animation-input-array" count="21"><param name="TIME" type="float"/></accessor></technique_common></source><source id="jnt_06_lowerleg-Matrix-animation-output-transform"><float_array id="jnt_06_lowerleg-Matrix-animation-output-transform-array" count="336">

0.025912 0.999664 -0.000000 1.972000 -0.999664 0.025912 -0.000000 -0.000000 0.000000 0.000000 1.000000 0.000000 0.000000 0.000000 0.000000 1.000000
-0.004184 0.999991 0.000000 1.972000 -0.999991 -0.004184 -0.000000 -0.000000 0.000000 -0.000000 1.000000 -0.000000 0.000000 0.000000 0.000000 1.000000
-0.045134 0.998981 0.000000 1.972000 -0.998981 -0.045134 -0.000000 -0.000000 -0.000000 -0.000000 1.000000 0.000000 0.000000 0.000000 0.000000 1.000000
-0.070450 0.997515 0.000000 1.972000 -0.997515 -0.070450 -0.000000 -0.000000 0.000000 0.000000 1.000000 0.000000 0.000000 0.000000 0.000000 1.000000
-0.057946 0.998320 0.000000 1.972000 -0.998320 -0.057946 0.000000 -0.000000 -0.000000 0.000000 1.000000 0.000000 0.000000 0.000000 0.000000 1.000000
-0.003453 0.999994 0.000000 1.972000 -0.999994 -0.003453 0.000000 -0.000000 0.000000 -0.000000 1.000000 0.000000 0.000000 0.000000 0.000000 1.000000
0.082896 0.996558 0.000000 1.972000 -0.996558 0.082896 0.000000 -0.000000 -0.000000 0.000000 1.000000 0.000000 0.000000 0.000000 0.000000 1.000000
0.188965 0.981984 -0.000000 1.972000 -0.981984 0.188965 0.000000 -0.000000 0.000000 -0.000000 1.000000 0.000000 0.000000 0.000000 0.000000 1.000000
0.296186 0.955130 0.000000 1.972000 -0.955130 0.296186 -0.000000 -0.000000 0.000000 0.000000 1.000000 0.000000 0.000000 0.000000 0.000000 1.000000
0.382805 0.923829 -0.000000 1.972000 -0.923829 0.382805 0.000000 -0.000000 0.000000 0.000000 1.000000 -0.000000 0.000000 0.000000 0.000000 1.000000
0.358598 0.933492 0.000000 1.972000 -0.933492 0.358598 -0.000000 -0.000000 -0.000000 0.000000 1.000000 0.000000 0.000000 0.000000 0.000000 1.000000
0.317232 0.948348 0.000000 1.972000 -0.948348 0.317232 -0.000000 -0.000000 0.000000 0.000000 1.000000 0.000000 0.000000 0.000000 0.000000 1.000000
0.289151 0.957284 -0.000000 1.972000 -0.957284 0.289151 0.000000 -0.000000 -0.000000 -0.000000 1.000000 -0.000000 0.000000 0.000000 0.000000 1.000000
0.186483 0.982458 -0.000000 1.972000 -0.982458 0.186483 -0.000000 -0.000000 -0.000000 0.000000 1.000000 0.000000 0.000000 0.000000 0.000000 1.000000
0.054037 0.998539 -0.000000 1.972000 -0.998539 0.054037 -0.000000 -0.000000 -0.000000 0.000000 1.000000 0.000000 0.000000 0.000000 0.000000 1.000000
-0.063229 0.997999 -0.000000 1.972000 -0.997999 -0.063229 0.000000 -0.000000 -0.000000 0.000000 1.000000 -0.000000 0.000000 0.000000 0.000000 1.000000
-0.137583 0.990490 -0.000000 1.972000 -0.990490 -0.137583 0.000000 -0.000000 0.000000 0.000000 1.000000 0.000000 0.000000 0.000000 0.000000 1.000000
-0.114850 0.993383 0.000000 1.972000 -0.993383 -0.114850 0.000000 -0.000000 -0.000000 -0.000000 1.000000 -0.000000 0.000000 0.000000 0.000000 1.000000
-0.009620 0.999954 0.000000 1.972000 -0.999954 -0.009620 0.000000 -0.000000 0.000000 0.000000 1.000000 -0.000000 0.000000 0.000000 0.000000 1.000000
0.049015 0.998798 -0.000000 1.972000 -0.998798 0.049015 0.000000 -0.000000 -0.000000 -0.000000 1.000000 -0.000000 0.000000 0.000000 0.000000 1.000000
0.025511 0.999675 0.000000 1.972000 -0.999675 0.025511 -0.000000 -0.000000 0.000000 0.000000 1.000000 -0.000000 0.000000 0.000000 0.000000 1.000000</float_array><technique_common><accessor source="#jnt_06_lowerleg-Matrix-animation-output-transform-array" count="21" stride="16"><param type="float4x4"/></accessor></technique_common></source><source id="jnt_06_lowerleg-Interpolations"><Name_array id="jnt_06_lowerleg-Interpolations-array" count="21">
 LINEAR LINEAR LINEAR LINEAR LINEAR LINEAR LINEAR LINEAR LINEAR LINEAR LINEAR
LINEAR LINEAR LINEAR LINEAR LINEAR LINEAR LINEAR LINEAR LINEAR LINEAR</Name_array><technique_common><accessor source="#jnt_06_lowerleg-Interpolations-array" count="21"><param type="name"/></accessor></technique_common></source><sampler id="jnt_06_lowerleg-Matrix-animation-transform"><input semantic="INPUT" source="#jnt_06_lowerleg-Matrix-animation-input"/><input semantic="OUTPUT" source="#jnt_06_lowerleg-Matrix-animation-output-transform"/><input semantic="INTERPOLATION" source="#jnt_06_lowerleg-Interpolations"/></sampler><channel source="#jnt_06_lowerleg-Matrix-animation-transform" target="jnt_06_lowerleg/matrix"/></animation></animation>
    <animation id="jnt_06_legend-anim" name="jnt_06_legend"><animation><source id="jnt_06_legend-Matrix-animation-input"><float_array id="jnt_06_legend-Matrix-animation-input-array" count="21">

0.000000 0.033333 0.066667 0.100000 0.133333 0.166667 0.200000 0.233333 0.266667 0.300000 0.333333 0.366667 0.400000 0.433333 0.466667 0.500000
0.533333 0.566667 0.600000 0.633333 0.666667</float_array><technique_common><accessor source="#jnt_06_legend-Matrix-animation-input-array" count="21"><param name="TIME" type="float"/></accessor></technique_common></source><source id="jnt_06_legend-Matrix-animation-output-transform"><float_array id="jnt_06_legend-Matrix-animation-output-transform-array" count="336">

1.000000 0.000000 0.000000 1.973680 -0.000000 1.000000 0.000000 0.000000 -0.000000 -0.000000 1.000000 -0.000000 0.000000 0.000000 0.000000 1.000000
1.000000 -0.000000 -0.000000 1.984013 0.000000 1.000000 0.000000 0.000000 0.000000 0.000000 1.000000 -0.000000 0.000000 0.000000 0.000000 1.000000
1.000000 0.000000 0.000000 2.011707 0.000000 1.000000 -0.000000 0.000000 0.000000 -0.000000 1.000000 0.000000 0.000000 0.000000 0.000000 1.000000
1.000000 -0.000000 -0.000000 2.051800 -0.000000 1.000000 0.000000 0.000000 0.000000 -0.000000 1.000000 0.000000 0.000000 0.000000 0.000000 1.000000
1.000000 -0.000000 -0.000000 2.099333 0.000000 1.000000 0.000000 0.000000 -0.000000 -0.000000 1.000000 -0.000000 0.000000 0.000000 0.000000 1.000000
1.000000 -0.000000 -0.000000 2.149347 0.000000 1.000000 -0.000000 0.000000 -0.000000 0.000000 1.000000 0.000000 0.000000 0.000000 0.000000 1.000000
1.000000 0.000000 -0.000000 2.196880 0.000000 1.000000 0.000000 0.000000 0.000000 -0.000000 1.000000 0.000000 0.000000 0.000000 0.000000 1.000000
1.000000 0.000000 -0.000000 2.236973 0.000000 1.000000 0.000000 0.000000 0.000000 0.000000 1.000000 0.000000 0.000000 0.000000 0.000000 1.000000
1.000000 -0.000000 0.000000 2.264667 0.000000 1.000000 0.000000 0.000000 -0.000000 0.000000 1.000000 0.000000 0.000000 0.000000 0.000000 1.000000
1.000000 0.000000 0.000000 2.275000 0.000000 1.000000 0.000000 0.000000 0.000000 -0.000000 1.000000 0.000000 0.000000 0.000000 0.000000 1.000000
1.000000 0.000000 0.000000 2.266320 0.000000 1.000000 0.000000 0.000000 0.000000 -0.000000 1.000000 -0.000000 0.000000 0.000000 0.000000 1.000000
1.000000 -0.000000 0.000000 2.242760 0.000000 1.000000 0.000000 0.000000 -0.000000 -0.000000 1.000000 -0.000000 0.000000 0.000000 0.000000 1.000000
1.000000 0.000000 -0.000000 2.208040 0.000000 1.000000 0.000000 0.000000 -0.000000 0.000000 1.000000 -0.000000 0.000000 0.000000 0.000000 1.000000
1.000000 0.000000 0.000000 2.165880 0.000000 1.000000 -0.000000 0.000000 -0.000000 0.000000 1.000000 0.000000 0.000000 0.000000 0.000000 1.000000
1.000000 -0.000000 0.000000 2.120000 -0.000000 1.000000 -0.000000 0.000000 0.000000 -0.000000 1.000000 0.000000 0.000000 0.000000 0.000000 1.000000
1.000000 0.000000 0.000000 2.074120 -0.000000 1.000000 -0.000000 0.000000 0.000000 0.000000 1.000000 -0.000000 0.000000 0.000000 0.000000 1.000000
1.000000 0.000000 -0.000000 2.031960 0.000000 1.000000 0.000000 0.000000 0.000000 -0.000000 1.000000 0.000000 0.000000 0.000000 0.000000 1.000000
1.000000 0.000000 0.000000 1.997240 0.000000 1.000000 -0.000000 0.000000 -0.000000 -0.000000 1.000000 -0.000000 0.000000 0.000000 0.000000 1.000000
1.000000 0.000000 0.000000 1.973680 -0.000000 1.000000 0.000000 0.000000 0.000000 -0.000000 1.000000 0.000000 0.000000 0.000000 0.000000 1.000000
1.000000 0.000000 -0.000000 1.965000 0.000000 1.000000 0.000000 0.000000 -0.000000 0.000000 1.000000 0.000000 0.000000 0.000000 0.000000 1.000000
1.000000 -0.000000 0.000000 1.973680 0.000000 1.000000 0.000000 0.000000 0.000000 0.000000 1.000000 0.000000 0.000000 0.000000 0.000000 1.000000</float_array><technique_common><accessor source="#jnt_06_legend-Matrix-animation-output-transform-array" count="21" stride="16"><param type="float4x4"/></accessor></technique_common></source><source id="jnt_06_legend-Interpolations"><Name_array id="jnt_06_legend-Interpolations-array" count="21">
 LINEAR LINEAR LINEAR LINEAR LINEAR LINEAR LINEAR LINEAR LINEAR LINEAR LINEAR
LINEAR LINEAR LINEAR LINEAR LINEAR LINEAR LINEAR LINEAR LINEAR LINEAR</Name_array><technique_common><accessor source="#jnt_06_legend-Interpolations-array" count="21"><param type="name"/></accessor></technique_common></source><sampler id="jnt_06_legend-Matrix-animation-transform"><input semantic="INPUT" source="#jnt_06_legend-Matrix-animation-input"/><input semantic="OUTPUT" source="#jnt_06_legend-Matrix-animation-output-transform"/><input semantic="INTERPOLATION" source="#jnt_06_legend-Interpolations"/></sampler><channel source="#jnt_06_legend-Matrix-animation-transform" target="jnt_06_legend/matrix"/></animation></animation>
    <animation id="jnt_06_cable-anim" name="jnt_06_cable"><animation><source id="jnt_06_cable-Matrix-animation-input"><float_array id="jnt_06_cable-Matrix-animation-input-array" count="21">

0.000000 0.033333 0.066667 0.100000 0.133333 0.166667 0.200000 0.233333 0.266667 0.300000 0.333333 0.366667 0.400000 0.433333 0.466667 0.500000
0.533333 0.566667 0.600000 0.633333 0.666667</float_array><technique_common><accessor source="#jnt_06_cable-Matrix-animation-input-array" count="21"><param name="TIME" type="float"/></accessor></technique_common></source><source id="jnt_06_cable-Matrix-animation-output-transform"><float_array id="jnt_06_cable-Matrix-animation-output-transform-array" count="336">

0.999959 -0.009044 -0.000000 1.025162 0.009044 0.999959 -0.000000 -0.572081 0.000000 -0.000000 1.000000 0.000000 0.000000 0.000000 0.000000 1.000000
0.999959 -0.009044 0.000000 1.025162 0.009044 0.999959 -0.000000 -0.572081 0.000000 -0.000000 1.000000 0.000000 0.000000 0.000000 0.000000 1.000000
0.999959 -0.009044 0.000000 1.025162 0.009044 0.999959 -0.000000 -0.572081 -0.000000 0.000000 1.000000 0.000000 0.000000 0.000000 0.000000 1.000000
0.999959 -0.009044 0.000000 1.025162 0.009044 0.999959 -0.000000 -0.572081 0.000000 -0.000000 1.000000 0.000000 0.000000 0.000000 0.000000 1.000000
0.999959 -0.009044 0.000000 1.025162 0.009044 0.999959 0.000000 -0.572081 0.000000 0.000000 1.000000 0.000000 0.000000 0.000000 0.000000 1.000000
0.999959 -0.009044 0.000000 1.025162 0.009044 0.999959 0.000000 -0.572081 -0.000000 0.000000 1.000000 0.000000 0.000000 0.000000 0.000000 1.000000
0.999959 -0.009044 0.000000 1.025162 0.009044 0.999959 0.000000 -0.572081 0.000000 0.000000 1.000000 0.000000 0.000000 0.000000 0.000000 1.000000
0.999959 -0.009044 -0.000000 1.025162 0.009044 0.999959 0.000000 -0.572081 0.000000 -0.000000 1.000000 0.000000 0.000000 0.000000 0.000000 1.000000
0.999959 -0.009044 0.000000 1.025162 0.009044 0.999959 -0.000000 -0.572081 0.000000 -0.000000 1.000000 0.000000 0.000000 0.000000 0.000000 1.000000
0.999959 -0.009044 -0.000000 1.025162 0.009044 0.999959 0.000000 -0.572081 -0.000000 -0.000000 1.000000 -0.000000 0.000000 0.000000 0.000000 1.000000
0.999959 -0.009044 0.000000 1.025162 0.009044 0.999959 -0.000000 -0.572081 -0.000000 0.000000 1.000000 -0.000000 0.000000 0.000000 0.000000 1.000000
0.999959 -0.009044 0.000000 1.025162 0.009044 0.999959 -0.000000 -0.572081 0.000000 0.000000 1.000000 0.000000 0.000000 0.000000 0.000000 1.000000
0.999959 -0.009044 -0.000000 1.025162 0.009044 0.999959 0.000000 -0.572081 -0.000000 -0.000000 1.000000 0.000000 0.000000 0.000000 0.000000 1.000000
0.999959 -0.009044 -0.000000 1.025162 0.009044 0.999959 -0.000000 -0.572081 -0.000000 -0.000000 1.000000 0.000000 0.000000 0.000000 0.000000 1.000000
0.999959 -0.009044 -0.000000 1.025162 0.009044 0.999959 -0.000000 -0.572081 0.000000 0.000000 1.000000 0.000000 0.000000 0.000000 0.000000 1.000000
0.999959 -0.009044 -0.000000 1.025162 0.009044 0.999959 0.000000 -0.572081 0.000000 -0.000000 1.000000 -0.000000 0.000000 0.000000 0.000000 1.000000
0.999959 -0.009044 -0.000000 1.025162 0.009044 0.999959 0.000000 -0.572081 -0.000000 0.000000 1.000000 0.000000 0.000000 0.000000 0.000000 1.000000
0.999959 -0.009044 0.000000 1.025162 0.009044 0.999959 0.000000 -0.572081 0.000000 -0.000000 1.000000 -0.000000 0.000000 0.000000 0.000000 1.000000
0.999959 -0.009044 0.000000 1.025162 0.009044 0.999959 0.000000 -0.572081 0.000000 -0.000000 1.000000 -0.000000 0.000000 0.000000 0.000000 1.000000
0.999959 -0.009044 -0.000000 1.025162 0.009044 0.999959 0.000000 -0.572081 -0.000000 -0.000000 1.000000 0.000000 0.000000 0.000000 0.000000 1.000000
0.999959 -0.009044 0.000000 1.025162 0.009044 0.999959 -0.000000 -0.572081 0.000000 -0.000000 1.000000 -0.000000 0.000000 0.000000 0.000000 1.000000</float_array><technique_common><accessor source="#jnt_06_cable-Matrix-animation-output-transform-array" count="21" stride="16"><param type="float4x4"/></accessor></technique_common></source><source id="jnt_06_cable-Interpolations"><Name_array id="jnt_06_cable-Interpolations-array" count="21">
 LINEAR LINEAR LINEAR LINEAR LINEAR LINEAR LINEAR LINEAR LINEAR LINEAR LINEAR
LINEAR LINEAR LINEAR LINEAR LINEAR LINEAR LINEAR LINEAR LINEAR LINEAR</Name_array><technique_common><accessor source="#jnt_06_cable-Interpolations-array" count="21"><param type="name"/></accessor></technique_common></source><sampler id="jnt_06_cable-Matrix-animation-transform"><input semantic="INPUT" source="#jnt_06_cable-Matrix-animation-input"/><input semantic="OUTPUT" source="#jnt_06_cable-Matrix-animation-output-transform"/><input semantic="INTERPOLATION" source="#jnt_06_cable-Interpolations"/></sampler><channel source="#jnt_06_cable-Matrix-animation-transform" target="jnt_06_cable/matrix"/></animation></animation>
    <animation id="jnt_05_upperleg-anim" name="jnt_05_upperleg"><animation><source id="jnt_05_upperleg-Matrix-animation-input"><float_array id="jnt_05_upperleg-Matrix-animation-input-array" count="21">

0.000000 0.033333 0.066667 0.100000 0.133333 0.166667 0.200000 0.233333 0.266667 0.300000 0.333333 0.366667 0.400000 0.433333 0.466667 0.500000
0.533333 0.566667 0.600000 0.633333 0.666667</float_array><technique_common><accessor source="#jnt_05_upperleg-Matrix-animation-input-array" count="21"><param name="TIME" type="float"/></accessor></technique_common></source><source id="jnt_05_upperleg-Matrix-animation-output-transform"><float_array id="jnt_05_upperleg-Matrix-animation-output-transform-array" count="336">

0.930860 0.365060 -0.015229 0.472892 -0.365252 0.930822 -0.012688 0.000000 0.009543 0.017373 0.999804 0.000000 0.000000 0.000000 0.000000 1.000000
0.966974 0.254442 -0.014842 0.472892 -0.254634 0.966951 -0.012899 0.000000 0.011070 0.016252 0.999807 -0.000000 0.000000 0.000000 0.000000 1.000000
