<?xml version="1.0" encoding="utf-8"?>
<COLLADA xmlns="http://www.collada.org/2005/11/COLLADASchema" version="1.4.1">
  <asset><contributor><author></author><authoring_tool>FBX COLLADA exporter</authoring_tool><comments></comments></contributor><created>2020-02-07T14:18:59Z</created><keywords></keywords><modified>2020-02-07T14:18:59Z</modified><revision></revision><subject></subject><title></title><unit meter="0.010000" name="centimeter"></unit><up_axis>Y_UP</up_axis></asset>
  <library_animations>
    <animation id="rig_root_jnt-anim" name="rig_root_jnt"><animation><source id="rig_root_jnt-Matrix-animation-input"><float_array id="rig_root_jnt-Matrix-animation-input-array" count="25">

0.000000 0.033333 0.066667 0.100000 0.133333 0.166667 0.200000 0.233333 0.266667 0.300000 0.333333 0.366667 0.400000 0.433333 0.466667 0.500000
0.533333 0.566667 0.600000 0.633333 0.666667 0.700000 0.733333 0.766667 0.800000</float_array><technique_common><accessor source="#rig_root_jnt-Matrix-animation-input-array" count="25"><param name="TIME" type="float"/></accessor></technique_common></source><source id="rig_root_jnt-Matrix-animation-output-transform"><float_array id="rig_root_jnt-Matrix-animation-output-transform-array" count="400">

0.000000 -0.090717 -0.995877 -0.000000 -0.176701 0.980206 -0.089290 1.150955 0.984265 0.175972 -0.016030 0.264002 0.000000 0.000000 0.000000 1.000000
0.000000 -0.090717 -0.995877 -0.000000 -0.168529 0.981632 -0.089420 1.183385 0.985697 0.167834 -0.015289 0.249218 0.000000 0.000000 0.000000 1.000000
0.000000 -0.090717 -0.995877 -0.000000 -0.145878 0.985223 -0.089747 1.264459 0.989303 0.145277 -0.013234 0.209090 0.000000 0.000000 0.000000 1.000000
0.000000 -0.090717 -0.995877 -0.000000 -0.111519 0.989665 -0.090151 1.369855 0.993762 0.111059 -0.010117 0.149954 0.000000 0.000000 0.000000 1.000000
0.000000 -0.090717 -0.995877 -0.000000 -0.068265 0.993554 -0.090506 1.475251 0.997667 0.067983 -0.006193 0.078145 0.000000 0.000000 0.000000 1.000000
0.000000 -0.090717 -0.995877 -0.000000 -0.019027 0.995696 -0.090701 1.556324 0.999819 0.018948 -0.001726 0.000001 0.000000 0.000000 0.000000 1.000000
-0.000000 -0.090717 -0.995877 -0.000000 0.033184 0.995328 -0.090667 1.588754 0.999449 -0.033047 0.003010 -0.078143 0.000000 0.000000 0.000000 1.000000
-0.000000 -0.090717 -0.995877 -0.000000 0.085304 0.992247 -0.090386 1.486643 0.996355 -0.084952 0.007739 -0.149952 0.000000 0.000000 0.000000 1.000000
-0.000000 -0.090717 -0.995877 -0.000000 0.134291 0.986856 -0.089895 1.261999 0.990942 -0.133737 0.012182 -0.209088 0.000000 0.000000 0.000000 1.000000
-0.000000 -0.090717 -0.995877 -0.000000 0.177191 0.980118 -0.089282 1.037355 0.984177 -0.176460 0.016074 -0.249216 0.000000 0.000000 0.000000 1.000000
-0.000000 -0.090717 -0.995877 -0.000000 0.211179 0.973417 -0.088671 0.935245 0.977447 -0.210308 0.019157 -0.264000 0.000000 0.000000 0.000000 1.000000
-0.000000 -0.090717 -0.995877 -0.000000 0.233541 0.968338 -0.088208 1.022678 0.972347 -0.232578 0.021186 -0.256303 0.000000 0.000000 0.000000 1.000000
-0.000000 -0.090717 -0.995877 -0.000000 0.241600 0.966375 -0.088030 1.150955 0.970376 -0.240603 0.021917 -0.234752 0.000000 0.000000 0.000000 1.000000
-0.000000 -0.090717 -0.995877 -0.000000 0.233541 0.968338 -0.088208 1.240113 0.972347 -0.232578 0.021186 -0.201656 0.000000 0.000000 0.000000 1.000000
-0.000000 -0.090717 -0.995877 -0.000000 0.211179 0.973417 -0.088671 1.337071 0.977447 -0.210308 0.019157 -0.159323 0.000000 0.000000 0.000000 1.000000
-0.000000 -0.090717 -0.995877 -0.000000 0.177191 0.980118 -0.089282 1.431121 0.984177 -0.176460 0.016074 -0.110064 0.000000 0.000000 0.000000 1.000000
-0.000000 -0.090717 -0.995877 -0.000000 0.134291 0.986856 -0.089895 1.511557 0.990942 -0.133737 0.012182 -0.056186 0.000000 0.000000 0.000000 1.000000
-0.000000 -0.090717 -0.995877 -0.000000 0.085304 0.992247 -0.090386 1.567670 0.996355 -0.084952 0.007739 0.000001 0.000000 0.000000 0.000000 1.000000
-0.000000 -0.090717 -0.995877 -0.000000 0.033184 0.995328 -0.090667 1.588754 0.999449 -0.033047 0.003010 0.056188 0.000000 0.000000 0.000000 1.000000
0.000000 -0.090717 -0.995877 -0.000000 -0.019027 0.995696 -0.090701 1.486643 0.999819 0.018948 -0.001726 0.110066 0.000000 0.000000 0.000000 1.000000
0.000000 -0.090717 -0.995877 -0.000000 -0.068265 0.993554 -0.090506 1.261999 0.997667 0.067983 -0.006193 0.159325 0.000000 0.000000 0.000000 1.000000
0.000000 -0.090717 -0.995877 -0.000000 -0.111519 0.989665 -0.090151 1.037355 0.993762 0.111059 -0.010117 0.201658 0.000000 0.000000 0.000000 1.000000
0.000000 -0.090717 -0.995877 -0.000000 -0.145878 0.985223 -0.089747 0.935245 0.989303 0.145277 -0.013234 0.234754 0.000000 0.000000 0.000000 1.000000
0.000000 -0.090717 -0.995877 -0.000000 -0.168529 0.981632 -0.089420 1.043100 0.985697 0.167834 -0.015289 0.256305 0.000000 0.000000 0.000000 1.000000
0.000000 -0.090717 -0.995877 -0.000000 -0.176701 0.980206 -0.089290 1.150955 0.984265 0.175972 -0.016030 0.264002 0.000000 0.000000 0.000000 1.000000</float_array><technique_common><accessor source="#rig_root_jnt-Matrix-animation-output-transform-array" count="25" stride="16"><param type="float4x4"/></accessor></technique_common></source><source id="rig_root_jnt-Interpolations"><Name_array id="rig_root_jnt-Interpolations-array" count="25">
 LINEAR LINEAR LINEAR LINEAR LINEAR LINEAR LINEAR LINEAR LINEAR LINEAR LINEAR
LINEAR LINEAR LINEAR LINEAR LINEAR LINEAR LINEAR LINEAR LINEAR LINEAR LINEAR LINEAR
LINEAR LINEAR</Name_array><technique_common><accessor source="#rig_root_jnt-Interpolations-array" count="25"><param type="name"/></accessor></technique_common></source><sampler id="rig_root_jnt-Matrix-animation-transform"><input semantic="INPUT" source="#rig_root_jnt-Matrix-animation-input"/><input semantic="OUTPUT" source="#rig_root_jnt-Matrix-animation-output-transform"/><input semantic="INTERPOLATION" source="#rig_root_jnt-Interpolations"/></sampler><channel source="#rig_root_jnt-Matrix-animation-transform" target="rig_root_jnt/matrix"/></animation></animation>
    <animation id="rig_jnt_spine1-anim" name="rig_jnt_spine1"><animation><source id="rig_jnt_spine1-Matrix-animation-input"><float_array id="rig_jnt_spine1-Matrix-animation-input-array" count="25">

0.000000 0.033333 0.066667 0.100000 0.133333 0.166667 0.200000 0.233333 0.266667 0.300000 0.333333 0.366667 0.400000 0.433333 0.466667 0.500000
0.533333 0.566667 0.600000 0.633333 0.666667 0.700000 0.733333 0.766667 0.800000</float_array><technique_common><accessor source="#rig_jnt_spine1-Matrix-animation-input-array" count="25"><param name="TIME" type="float"/></accessor></technique_common></source><source id="rig_jnt_spine1-Matrix-animation-output-transform"><float_array id="rig_jnt_spine1-Matrix-animation-output-transform-array" count="400">

1.000000 -0.000000 0.000000 0.000000 -0.000000 1.000000 -0.000000 0.479000 0.000000 0.000000 1.000000 -0.000000 0.000000 0.000000 0.000000 1.000000
1.000000 -0.000000 0.000000 -0.000000 -0.000000 1.000000 -0.000000 0.479000 0.000000 0.000000 1.000000 0.000000 0.000000 0.000000 0.000000 1.000000
1.000000 0.000000 -0.000000 -0.000000 -0.000000 1.000000 -0.000000 0.479000 -0.000000 0.000000 1.000000 0.000000 0.000000 0.000000 0.000000 1.000000
1.000000 0.000000 -0.000000 0.000000 0.000000 1.000000 0.000000 0.479000 0.000000 0.000000 1.000000 -0.000000 0.000000 0.000000 0.000000 1.000000
1.000000 0.000000 0.000000 0.000000 0.000000 1.000000 -0.000000 0.479000 0.000000 -0.000000 1.000000 0.000000 0.000000 0.000000 0.000000 1.000000
1.000000 0.000000 0.000000 0.000000 0.000000 1.000000 -0.000000 0.479000 0.000000 0.000000 1.000000 0.000000 0.000000 0.000000 0.000000 1.000000
1.000000 -0.000000 0.000000 -0.000000 0.000000 1.000000 0.000000 0.479000 0.000000 0.000000 1.000000 0.000000 0.000000 0.000000 0.000000 1.000000
1.000000 0.000000 -0.000000 0.000000 -0.000000 1.000000 0.000000 0.479000 0.000000 0.000000 1.000000 0.000000 0.000000 0.000000 0.000000 1.000000
1.000000 0.000000 0.000000 -0.000000 0.000000 1.000000 0.000000 0.479000 -0.000000 -0.000000 1.000000 -0.000000 0.000000 0.000000 0.000000 1.000000
1.000000 -0.000000 0.000000 0.000000 0.000000 1.000000 -0.000000 0.479000 0.000000 0.000000 1.000000 0.000000 0.000000 0.000000 0.000000 1.000000
1.000000 -0.000000 0.000000 0.000000 0.000000 1.000000 0.000000 0.479000 0.000000 -0.000000 1.000000 -0.000000 0.000000 0.000000 0.000000 1.000000
1.000000 0.000000 0.000000 0.000000 0.000000 1.000000 0.000000 0.479000 0.000000 -0.000000 1.000000 0.000000 0.000000 0.000000 0.000000 1.000000
1.000000 0.000000 0.000000 0.000000 0.000000 1.000000 0.000000 0.479000 0.000000 0.000000 1.000000 -0.000000 0.000000 0.000000 0.000000 1.000000
1.000000 0.000000 0.000000 -0.000000 0.000000 1.000000 0.000000 0.479000 0.000000 -0.000000 1.000000 -0.000000 0.000000 0.000000 0.000000 1.000000
1.000000 -0.000000 0.000000 -0.000000 0.000000 1.000000 0.000000 0.479000 0.000000 -0.000000 1.000000 0.000000 0.000000 0.000000 0.000000 1.000000
1.000000 -0.000000 0.000000 0.000000 0.000000 1.000000 -0.000000 0.479000 0.000000 0.000000 1.000000 -0.000000 0.000000 0.000000 0.000000 1.000000
1.000000 0.000000 0.000000 0.000000 0.000000 1.000000 0.000000 0.479000 -0.000000 -0.000000 1.000000 -0.000000 0.000000 0.000000 0.000000 1.000000
1.000000 0.000000 -0.000000 0.000000 -0.000000 1.000000 0.000000 0.479000 0.000000 0.000000 1.000000 0.000000 0.000000 0.000000 0.000000 1.000000
1.000000 -0.000000 0.000000 0.000000 0.000000 1.000000 0.000000 0.479000 0.000000 0.000000 1.000000 0.000000 0.000000 0.000000 0.000000 1.000000
1.000000 0.000000 0.000000 0.000000 0.000000 1.000000 -0.000000 0.479000 0.000000 0.000000 1.000000 0.000000 0.000000 0.000000 0.000000 1.000000
1.000000 0.000000 0.000000 -0.000000 0.000000 1.000000 -0.000000 0.479000 0.000000 -0.000000 1.000000 0.000000 0.000000 0.000000 0.000000 1.000000
1.000000 0.000000 -0.000000 0.000000 0.000000 1.000000 0.000000 0.479000 0.000000 0.000000 1.000000 -0.000000 0.000000 0.000000 0.000000 1.000000
1.000000 0.000000 -0.000000 0.000000 -0.000000 1.000000 -0.000000 0.479000 -0.000000 0.000000 1.000000 -0.000000 0.000000 0.000000 0.000000 1.000000
1.000000 -0.000000 0.000000 -0.000000 -0.000000 1.000000 -0.000000 0.479000 0.000000 0.000000 1.000000 0.000000 0.000000 0.000000 0.000000 1.000000
1.000000 -0.000000 0.000000 0.000000 -0.000000 1.000000 -0.000000 0.479000 0.000000 0.000000 1.000000 -0.000000 0.000000 0.000000 0.000000 1.000000</float_array><technique_common><accessor source="#rig_jnt_spine1-Matrix-animation-output-transform-array" count="25" stride="16"><param type="float4x4"/></accessor></technique_common></source><source id="rig_jnt_spine1-Interpolations"><Name_array id="rig_jnt_spine1-Interpolations-array" count="25">
 LINEAR LINEAR LINEAR LINEAR LINEAR LINEAR LINEAR LINEAR LINEAR LINEAR LINEAR
LINEAR LINEAR LINEAR LINEAR LINEAR LINEAR LINEAR LINEAR LINEAR LINEAR LINEAR LINEAR
LINEAR LINEAR</Name_array><technique_common><accessor source="#rig_jnt_spine1-Interpolations-array" count="25"><param type="name"/></accessor></technique_common></source><sampler id="rig_jnt_spine1-Matrix-animation-transform"><input semantic="INPUT" source="#rig_jnt_spine1-Matrix-animation-input"/><input semantic="OUTPUT" source="#rig_jnt_spine1-Matrix-animation-output-transform"/><input semantic="INTERPOLATION" source="#rig_jnt_spine1-Interpolations"/></sampler><channel source="#rig_jnt_spine1-Matrix-animation-transform" target="rig_jnt_spine1/matrix"/></animation></animation>
    <animation id="rig_jnt_spine2-anim" name="rig_jnt_spine2"><animation><source id="rig_jnt_spine2-Matrix-animation-input"><float_array id="rig_jnt_spine2-Matrix-animation-input-array" count="25">

0.000000 0.033333 0.066667 0.100000 0.133333 0.166667 0.200000 0.233333 0.266667 0.300000 0.333333 0.366667 0.400000 0.433333 0.466667 0.500000
0.533333 0.566667 0.600000 0.633333 0.666667 0.700000 0.733333 0.766667 0.800000</float_array><technique_common><accessor source="#rig_jnt_spine2-Matrix-animation-input-array" count="25"><param name="TIME" type="float"/></accessor></technique_common></source><source id="rig_jnt_spine2-Matrix-animation-output-transform"><float_array id="rig_jnt_spine2-Matrix-animation-output-transform-array" count="400">

1.000000 -0.000000 0.000000 0.000000 -0.000000 1.000000 -0.000000 0.449000 0.000000 0.000000 1.000000 0.000000 0.000000 0.000000 0.000000 1.000000
1.000000 -0.000000 0.000000 0.000000 0.000000 1.000000 -0.000000 0.449000 0.000000 0.000000 1.000000 0.000000 0.000000 0.000000 0.000000 1.000000
1.000000 -0.000000 -0.000000 -0.000000 -0.000000 1.000000 -0.000000 0.449000 -0.000000 0.000000 1.000000 0.000000 0.000000 0.000000 0.000000 1.000000
1.000000 0.000000 0.000000 -0.000000 0.000000 1.000000 0.000000 0.449000 0.000000 -0.000000 1.000000 0.000000 0.000000 0.000000 0.000000 1.000000
1.000000 0.000000 0.000000 0.000000 0.000000 1.000000 -0.000000 0.449000 0.000000 -0.000000 1.000000 0.000000 0.000000 0.000000 0.000000 1.000000
1.000000 -0.000000 0.000000 0.000000 0.000000 1.000000 -0.000000 0.449000 0.000000 0.000000 1.000000 0.000000 0.000000 0.000000 0.000000 1.000000
1.000000 0.000000 0.000000 0.000000 0.000000 1.000000 0.000000 0.449000 0.000000 0.000000 1.000000 0.000000 0.000000 0.000000 0.000000 1.000000
1.000000 0.000000 -0.000000 -0.000000 -0.000000 1.000000 0.000000 0.449000 0.000000 0.000000 1.000000 0.000000 0.000000 0.000000 0.000000 1.000000
1.000000 0.000000 0.000000 -0.000000 0.000000 1.000000 0.000000 0.449000 0.000000 -0.000000 1.000000 -0.000000 0.000000 0.000000 0.000000 1.000000
1.000000 -0.000000 0.000000 0.000000 0.000000 1.000000 -0.000000 0.449000 0.000000 -0.000000 1.000000 0.000000 0.000000 0.000000 0.000000 1.000000
1.000000 -0.000000 0.000000 0.000000 0.000000 1.000000 0.000000 0.449000 -0.000000 0.000000 1.000000 0.000000 0.000000 0.000000 0.000000 1.000000
1.000000 0.000000 0.000000 -0.000000 0.000000 1.000000 -0.000000 0.449000 0.000000 -0.000000 1.000000 -0.000000 0.000000 0.000000 0.000000 1.000000
1.000000 0.000000 0.000000 0.000000 0.000000 1.000000 0.000000 0.449000 0.000000 0.000000 1.000000 0.000000 0.000000 0.000000 0.000000 1.000000
1.000000 0.000000 0.000000 0.000000 0.000000 1.000000 -0.000000 0.449000 0.000000 -0.000000 1.000000 0.000000 0.000000 0.000000 0.000000 1.000000
1.000000 -0.000000 0.000000 0.000000 0.000000 1.000000 0.000000 0.449000 -0.000000 0.000000 1.000000 0.000000 0.000000 0.000000 0.000000 1.000000
1.000000 -0.000000 0.000000 0.000000 0.000000 1.000000 -0.000000 0.449000 0.000000 -0.000000 1.000000 0.000000 0.000000 0.000000 0.000000 1.000000
1.000000 0.000000 0.000000 0.000000 0.000000 1.000000 0.000000 0.449000 0.000000 -0.000000 1.000000 0.000000 0.000000 0.000000 0.000000 1.000000
1.000000 0.000000 -0.000000 0.000000 -0.000000 1.000000 0.000000 0.449000 0.000000 0.000000 1.000000 0.000000 0.000000 0.000000 0.000000 1.000000
1.000000 0.000000 0.000000 0.000000 0.000000 1.000000 0.000000 0.449000 0.000000 0.000000 1.000000 0.000000 0.000000 0.000000 0.000000 1.000000
1.000000 -0.000000 0.000000 0.000000 0.000000 1.000000 -0.000000 0.449000 0.000000 0.000000 1.000000 0.000000 0.000000 0.000000 0.000000 1.000000
1.000000 0.000000 0.000000 0.000000 0.000000 1.000000 -0.000000 0.449000 0.000000 -0.000000 1.000000 0.000000 0.000000 0.000000 0.000000 1.000000
1.000000 0.000000 0.000000 -0.000000 0.000000 1.000000 0.000000 0.449000 0.000000 -0.000000 1.000000 0.000000 0.000000 0.000000 0.000000 1.000000
1.000000 -0.000000 -0.000000 0.000000 -0.000000 1.000000 -0.000000 0.449000 -0.000000 0.000000 1.000000 0.000000 0.000000 0.000000 0.000000 1.000000
1.000000 -0.000000 0.000000 0.000000 0.000000 1.000000 -0.000000 0.449000 0.000000 0.000000 1.000000 0.000000 0.000000 0.000000 0.000000 1.000000
1.000000 -0.000000 0.000000 0.000000 -0.000000 1.000000 -0.000000 0.449000 0.000000 0.000000 1.000000 0.000000 0.000000 0.000000 0.000000 1.000000</float_array><technique_common><accessor source="#rig_jnt_spine2-Matrix-animation-output-transform-array" count="25" stride="16"><param type="float4x4"/></accessor></technique_common></source><source id="rig_jnt_spine2-Interpolations"><Name_array id="rig_jnt_spine2-Interpolations-array" count="25">
 LINEAR LINEAR LINEAR LINEAR LINEAR LINEAR LINEAR LINEAR LINEAR LINEAR LINEAR
LINEAR LINEAR LINEAR LINEAR LINEAR LINEAR LINEAR LINEAR LINEAR LINEAR LINEAR LINEAR
LINEAR LINEAR</Name_array><technique_common><accessor source="#rig_jnt_spine2-Interpolations-array" count="25"><param type="name"/></accessor></technique_common></source><sampler id="rig_jnt_spine2-Matrix-animation-transform"><input semantic="INPUT" source="#rig_jnt_spine2-Matrix-animation-input"/><input semantic="OUTPUT" source="#rig_jnt_spine2-Matrix-animation-output-transform"/><input semantic="INTERPOLATION" source="#rig_jnt_spine2-Interpolations"/></sampler><channel source="#rig_jnt_spine2-Matrix-animation-transform" target="rig_jnt_spine2/matrix"/></animation></animation>
    <animation id="rig_jnt_head-anim" name="rig_jnt_head"><animation><source id="rig_jnt_head-Matrix-animation-input"><float_array id="rig_jnt_head-Matrix-animation-input-array" count="25">

0.000000 0.033333 0.066667 0.100000 0.133333 0.166667 0.200000 0.233333 0.266667 0.300000 0.333333 0.366667 0.400000 0.433333 0.466667 0.500000
0.533333 0.566667 0.600000 0.633333 0.666667 0.700000 0.733333 0.766667 0.800000</float_array><technique_common><accessor source="#rig_jnt_head-Matrix-animation-input-array" count="25"><param name="TIME" type="float"/></accessor></technique_common></source><source id="rig_jnt_head-Matrix-animation-output-transform"><float_array id="rig_jnt_head-Matrix-animation-output-transform-array" count="400">

0.011440 -0.095581 0.995356 0.000000 0.001300 0.995422 0.095573 0.296642 -0.999934 0.000201 0.011512 0.000000 0.000000 0.000000 0.000000 1.000000
0.011448 -0.086873 0.996154 -0.000000 0.001225 0.996219 0.086865 0.296642 -0.999934 0.000226 0.011511 -0.000000 0.000000 0.000000 0.000000 1.000000
0.011469 -0.108444 0.994036 0.000000 0.001017 0.994102 0.108440 0.296642 -0.999934 -0.000233 0.011511 -0.000000 0.000000 0.000000 0.000000 1.000000
0.011492 -0.154584 0.987913 -0.000000 0.000702 0.987979 0.154587 0.296642 -0.999934 -0.001083 0.011463 -0.000000 0.000000 0.000000 0.000000 1.000000
0.011510 -0.159959 0.987057 -0.000000 0.000306 0.987123 0.159966 0.296642 -0.999934 -0.001539 0.011410 -0.000000 0.000000 0.000000 0.000000 1.000000
0.011513 -0.101298 0.994789 0.000000 -0.000143 0.994855 0.101307 0.296642 -0.999934 -0.001309 0.011439 -0.000000 0.000000 0.000000 0.000000 1.000000
0.011497 -0.019461 0.999745 0.000000 -0.000619 0.999810 0.019469 0.296642 -0.999934 -0.000843 0.011483 -0.000000 0.000000 0.000000 0.000000 1.000000
0.011462 0.053392 0.998508 0.000000 -0.001094 0.998574 -0.053383 0.296642 -0.999934 -0.000480 0.011504 -0.000000 0.000000 0.000000 0.000000 1.000000
0.011410 0.108643 0.994015 -0.000000 -0.001540 0.994081 -0.108632 0.296642 -0.999934 -0.000292 0.011510 -0.000000 0.000000 0.000000 0.000000 1.000000
0.011350 0.157285 0.987488 0.000000 -0.001932 0.987553 -0.157273 0.296642 -0.999934 -0.000123 0.011513 -0.000000 0.000000 0.000000 0.000000 1.000000
0.011293 0.196497 0.980439 0.000000 -0.002243 0.980504 -0.196484 0.296642 -0.999934 0.000020 0.011514 -0.000000 0.000000 0.000000 0.000000 1.000000
0.011251 0.223599 0.974616 0.000000 -0.002447 0.974681 -0.223585 0.296642 -0.999934 0.000130 0.011513 -0.000000 0.000000 0.000000 0.000000 1.000000
0.011234 0.235975 0.971694 0.000000 -0.002521 0.971759 -0.235962 0.296642 -0.999934 0.000201 0.011512 0.000000 0.000000 0.000000 0.000000 1.000000
0.011251 0.231700 0.972722 0.000000 -0.002447 0.972787 -0.231687 0.296642 -0.999934 0.000226 0.011511 -0.000000 0.000000 0.000000 0.000000 1.000000
0.011293 0.174913 0.984519 0.000000 -0.002243 0.984584 -0.174899 0.296642 -0.999934 -0.000233 0.011511 -0.000000 0.000000 0.000000 0.000000 1.000000
0.011350 0.074316 0.997170 0.000000 -0.001932 0.997234 -0.074299 0.296642 -0.999934 -0.001083 0.011463 -0.000000 0.000000 0.000000 0.000000 1.000000
0.011410 0.000144 0.999935 -0.000000 -0.001540 0.999999 -0.000126 0.296642 -0.999934 -0.001539 0.011410 -0.000000 0.000000 0.000000 0.000000 1.000000
0.011462 -0.018754 0.999758 0.000000 -0.001094 0.999823 0.018768 0.296642 -0.999934 -0.001309 0.011439 0.000000 0.000000 0.000000 0.000000 1.000000
0.011497 -0.019457 0.999745 -0.000000 -0.000619 0.999810 0.019465 0.296642 -0.999934 -0.000843 0.011483 -0.000000 0.000000 0.000000 0.000000 1.000000
0.011513 -0.029288 0.999505 -0.000000 -0.000143 0.999571 0.029292 0.296642 -0.999934 -0.000480 0.011504 -0.000000 0.000000 0.000000 0.000000 1.000000
0.011510 -0.051903 0.998586 -0.000000 0.000306 0.998652 0.051903 0.296642 -0.999934 -0.000292 0.011510 -0.000000 0.000000 0.000000 0.000000 1.000000
0.011492 -0.071581 0.997369 0.000000 0.000702 0.997435 0.071578 0.296642 -0.999934 -0.000123 0.011513 -0.000000 0.000000 0.000000 0.000000 1.000000
0.011469 -0.086575 0.996179 0.000000 0.001017 0.996245 0.086569 0.296642 -0.999934 0.000020 0.011514 -0.000000 0.000000 0.000000 0.000000 1.000000
0.011448 -0.095150 0.995397 -0.000000 0.001225 0.995463 0.095143 0.296642 -0.999934 0.000130 0.011513 -0.000000 0.000000 0.000000 0.000000 1.000000
0.011440 -0.095573 0.995357 0.000000 0.001300 0.995422 0.095565 0.296642 -0.999934 0.000201 0.011512 0.000000 0.000000 0.000000 0.000000 1.000000</float_array><technique_common><accessor source="#rig_jnt_head-Matrix-animation-output-transform-array" count="25" stride="16"><param type="float4x4"/></accessor></technique_common></source><source id="rig_jnt_head-Interpolations"><Name_array id="rig_jnt_head-Interpolations-array" count="25">
 LINEAR LINEAR LINEAR LINEAR LINEAR LINEAR LINEAR LINEAR LINEAR LINEAR LINEAR
LINEAR LINEAR LINEAR LINEAR LINEAR LINEAR LINEAR LINEAR LINEAR LINEAR LINEAR LINEAR
LINEAR LINEAR</Name_array><technique_common><accessor source="#rig_jnt_head-Interpolations-array" count="25"><param type="name"/></accessor></technique_common></source><sampler id="rig_jnt_head-Matrix-animation-transform"><input semantic="INPUT" source="#rig_jnt_head-Matrix-animation-input"/><input semantic="OUTPUT" source="#rig_jnt_head-Matrix-animation-output-transform"/><input semantic="INTERPOLATION" source="#rig_jnt_head-Interpolations"/></sampler><channel source="#rig_jnt_head-Matrix-animation-transform" target="rig_jnt_head/matrix"/></animation></animation>
    <animation id="master_ctrl-anim" name="master_ctrl"><animation><source id="master_ctrl-Matrix-animation-input"><float_array id="master_ctrl-Matrix-animation-input-array" count="25">

0.000000 0.033333 0.066667 0.100000 0.133333 0.166667 0.200000 0.233333 0.266667 0.300000 0.333333 0.366667 0.400000 0.433333 0.466667 0.500000
0.533333 0.566667 0.600000 0.633333 0.666667 0.700000 0.733333 0.766667 0.800000</float_array><technique_common><accessor source="#master_ctrl-Matrix-animation-input-array" count="25"><param name="TIME" type="float"/></accessor></technique_common></source><source id="master_ctrl-Matrix-animation-output-transform"><float_array id="master_ctrl-Matrix-animation-output-transform-array" count="400">

0.000000 0.000000 -1.000000 0.000000 0.000000 1.000000 0.000000 0.000000 1.000000 0.000000 0.000000 0.000000 0.000000 0.000000 0.000000 1.000000
0.000000 0.000000 -1.000000 0.000000 0.000000 1.000000 0.000000 0.000000 1.000000 0.000000 0.000000 0.000000 0.000000 0.000000 0.000000 1.000000
0.000000 0.000000 -1.000000 0.000000 0.000000 1.000000 0.000000 0.000000 1.000000 0.000000 0.000000 0.000000 0.000000 0.000000 0.000000 1.000000
0.000000 0.000000 -1.000000 0.000000 0.000000 1.000000 0.000000 0.000000 1.000000 0.000000 0.000000 0.000000 0.000000 0.000000 0.000000 1.000000
0.000000 0.000000 -1.000000 0.000000 0.000000 1.000000 0.000000 0.000000 1.000000 0.000000 0.000000 0.000000 0.000000 0.000000 0.000000 1.000000
0.000000 0.000000 -1.000000 0.000000 0.000000 1.000000 0.000000 0.000000 1.000000 0.000000 0.000000 0.000000 0.000000 0.000000 0.000000 1.000000
0.000000 0.000000 -1.000000 0.000000 0.000000 1.000000 0.000000 0.000000 1.000000 0.000000 0.000000 0.000000 0.000000 0.000000 0.000000 1.000000
0.000000 0.000000 -1.000000 0.000000 0.000000 1.000000 0.000000 0.000000 1.000000 0.000000 0.000000 0.000000 0.000000 0.000000 0.000000 1.000000
0.000000 0.000000 -1.000000 0.000000 0.000000 1.000000 0.000000 0.000000 1.000000 0.000000 0.000000 0.000000 0.000000 0.000000 0.000000 1.000000
0.000000 0.000000 -1.000000 0.000000 0.000000 1.000000 0.000000 0.000000 1.000000 0.000000 0.000000 0.000000 0.000000 0.000000 0.000000 1.000000
0.000000 0.000000 -1.000000 0.000000 0.000000 1.000000 0.000000 0.000000 1.000000 0.000000 0.000000 0.000000 0.000000 0.000000 0.000000 1.000000
0.000000 0.000000 -1.000000 0.000000 0.000000 1.000000 0.000000 0.000000 1.000000 0.000000 0.000000 0.000000 0.000000 0.000000 0.000000 1.000000
0.000000 0.000000 -1.000000 0.000000 0.000000 1.000000 0.000000 0.000000 1.000000 0.000000 0.000000 0.000000 0.000000 0.000000 0.000000 1.000000
0.000000 0.000000 -1.000000 0.000000 0.000000 1.000000 0.000000 0.000000 1.000000 0.000000 0.000000 0.000000 0.000000 0.000000 0.000000 1.000000
0.000000 0.000000 -1.000000 0.000000 0.000000 1.000000 0.000000 0.000000 1.000000 0.000000 0.000000 0.000000 0.000000 0.000000 0.000000 1.000000
0.000000 0.000000 -1.000000 0.000000 0.000000 1.000000 0.000000 0.000000 1.000000 0.000000 0.000000 0.000000 0.000000 0.000000 0.000000 1.000000
0.000000 0.000000 -1.000000 0.000000 0.000000 1.000000 0.000000 0.000000 1.000000 0.000000 0.000000 0.000000 0.000000 0.000000 0.000000 1.000000
0.000000 0.000000 -1.000000 0.000000 0.000000 1.000000 0.000000 0.000000 1.000000 0.000000 0.000000 0.000000 0.000000 0.000000 0.000000 1.000000
0.000000 0.000000 -1.000000 0.000000 0.000000 1.000000 0.000000 0.000000 1.000000 0.000000 0.000000 0.000000 0.000000 0.000000 0.000000 1.000000
0.000000 0.000000 -1.000000 0.000000 0.000000 1.000000 0.000000 0.000000 1.000000 0.000000 0.000000 0.000000 0.000000 0.000000 0.000000 1.000000
0.000000 0.000000 -1.000000 0.000000 0.000000 1.000000 0.000000 0.000000 1.000000 0.000000 0.000000 0.000000 0.000000 0.000000 0.000000 1.000000
0.000000 0.000000 -1.000000 0.000000 0.000000 1.000000 0.000000 0.000000 1.000000 0.000000 0.000000 0.000000 0.000000 0.000000 0.000000 1.000000
0.000000 0.000000 -1.000000 0.000000 0.000000 1.000000 0.000000 0.000000 1.000000 0.000000 0.000000 0.000000 0.000000 0.000000 0.000000 1.000000
0.000000 0.000000 -1.000000 0.000000 0.000000 1.000000 0.000000 0.000000 1.000000 0.000000 0.000000 0.000000 0.000000 0.000000 0.000000 1.000000
0.000000 0.000000 -1.000000 0.000000 0.000000 1.000000 0.000000 0.000000 1.000000 0.000000 0.000000 0.000000 0.000000 0.000000 0.000000 1.000000</float_array><technique_common><accessor source="#master_ctrl-Matrix-animation-output-transform-array" count="25" stride="16"><param type="float4x4"/></accessor></technique_common></source><source id="master_ctrl-Interpolations"><Name_array id="master_ctrl-Interpolations-array" count="25">
 LINEAR LINEAR LINEAR LINEAR LINEAR LINEAR LINEAR LINEAR LINEAR LINEAR LINEAR
LINEAR LINEAR LINEAR LINEAR LINEAR LINEAR LINEAR LINEAR LINEAR LINEAR LINEAR LINEAR
LINEAR LINEAR</Name_array><technique_common><accessor source="#master_ctrl-Interpolations-array" count="25"><param type="name"/></accessor></technique_common></source><sampler id="master_ctrl-Matrix-animation-transform"><input semantic="INPUT" source="#master_ctrl-Matrix-animation-input"/><input semantic="OUTPUT" source="#master_ctrl-Matrix-animation-output-transform"/><input semantic="INTERPOLATION" source="#master_ctrl-Interpolations"/></sampler><channel source="#master_ctrl-Matrix-animation-transform" target="master_ctrl/matrix"/></animation><animation><source id="master_ctrl-visibility-animation-input"><float_array id="master_ctrl-visibility-animation-input-array" count="25">

0.000000 0.033333 0.066667 0.100000 0.133333 0.166667 0.200000 0.233333 0.266667 0.300000 0.333333 0.366667 0.400000 0.433333 0.466667 0.500000
0.533333 0.566667 0.600000 0.633333 0.666667 0.700000 0.733333 0.766667 0.800000</float_array><technique_common><accessor source="#master_ctrl-visibility-animation-input-array" count="25"><param name="TIME" type="float"/></accessor></technique_common></source><source id="master_ctrl-visibility-animation-output"><float_array id="master_ctrl-visibility-animation-output-array" count="25">

1.000000 1.000000 1.000000 1.000000 1.000000 1.000000 1.000000 1.000000 1.000000 1.000000 1.000000 1.000000 1.000000 1.000000 1.000000 1.000000
1.000000 1.000000 1.000000 1.000000 1.000000 1.000000 1.000000 1.000000 1.000000</float_array><technique_common><accessor source="#master_ctrl-visibility-animation-output-array" count="25"><param type="float"/></accessor></technique_common></source><source id="master_ctrl-visibility-animation-intan"><float_array id="master_ctrl-visibility-animation-intan-array" count="25">

0.000000 -0.000000 -0.000000 -0.000000 -0.000000 -0.000000 -0.000000 -0.000000 -0.000000 -0.000000 -0.000000 -0.000000 -0.000000 -0.000000 -0.000000 -0.000000
-0.000000 -0.000000 -0.000000 -0.000000 -0.000000 -0.000000 -0.000000 -0.000000 -0.000000</float_array><technique_common><accessor source="#master_ctrl-visibility-animation-intan-array" count="25"><param type="float"/></accessor></technique_common></source><source id="master_ctrl-visibility-animation-outtan"><float_array id="master_ctrl-visibility-animation-outtan-array" count="25">

0.000000 0.000000 0.000000 0.000000 0.000000 0.000000 0.000000 0.000000 0.000000 0.000000 0.000000 0.000000 0.000000 0.000000 0.000000 0.000000
0.000000 0.000000 0.000000 0.000000 0.000000 0.000000 0.000000 0.000000 0.000000</float_array><technique_common><accessor source="#master_ctrl-visibility-animation-outtan-array" count="25"><param type="float"/></accessor></technique_common></source><source id="master_ctrl-visibility-animation-interpolation"><Name_array id="master_ctrl-visibility-animation-interpolation-array" count="25">
 BEZIER BEZIER BEZIER BEZIER BEZIER BEZIER BEZIER BEZIER BEZIER BEZIER BEZIER
BEZIER BEZIER BEZIER BEZIER BEZIER BEZIER BEZIER BEZIER BEZIER BEZIER BEZIER BEZIER
BEZIER BEZIER</Name_array><technique_common><accessor source="#master_ctrl-visibility-animation-interpolation-array" count="25"><param type="name"/></accessor></technique_common></source><sampler id="master_ctrl-visibility-animation"><input semantic="INPUT" source="#master_ctrl-visibility-animation-input"/><input semantic="OUTPUT" source="#master_ctrl-visibility-animation-output"/><input semantic="IN_TANGENT" source="#master_ctrl-visibility-animation-intan"/><input semantic="OUT_TANGENT" source="#master_ctrl-visibility-animation-outtan"/><input semantic="INTERPOLATION" source="#master_ctrl-visibility-animation-interpolation"/></sampler><channel source="#master_ctrl-visibility-animation" target="master_ctrl/visibility"/></animation></animation>
    <animation id="rig_ctrl-anim" name="rig_ctrl"></animation>
    <animation id="head_grp-anim" name="head_grp"><animation><source id="head_grp-Matrix-animation-input"><float_array id="head_grp-Matrix-animation-input-array" count="25">

0.000000 0.033333 0.066667 0.100000 0.133333 0.166667 0.200000 0.233333 0.266667 0.300000 0.333333 0.366667 0.400000 0.433333 0.466667 0.500000
0.533333 0.566667 0.600000 0.633333 0.666667 0.700000 0.733333 0.766667 0.800000</float_array><technique_common><accessor source="#head_grp-Matrix-animation-input-array" count="25"><param name="TIME" type="float"/></accessor></technique_common></source><source id="head_grp-Matrix-animation-output-transform"><float_array id="head_grp-Matrix-animation-output-transform-array" count="400">

0.995693 -0.090502 -0.020135 -0.111096 0.088537 0.992590 -0.083227 2.351357 0.027518 0.081086 0.996327 0.479505 0.000000 0.000000 0.000000 1.000000
0.995700 -0.090599 -0.019344 -0.111096 0.088687 0.992542 -0.083641 2.385533 0.026778 0.081566 0.996308 0.454755 0.000000 0.000000 0.000000 1.000000
0.995718 -0.089950 -0.021301 -0.111096 0.089070 0.995254 -0.039204 2.471005 0.024727 0.037139 0.999004 0.387002 0.000000 0.000000 0.000000 1.000000
0.995747 -0.088548 -0.025439 -0.111096 0.089558 0.995105 0.041785 2.581840 0.021615 -0.043885 0.998803 0.285961 0.000000 0.000000 0.000000 1.000000
0.995783 -0.088016 -0.025875 -0.111096 0.090018 0.991818 0.090521 2.691998 0.017696 -0.092468 0.995558 0.161400 0.000000 0.000000 0.000000 1.000000
0.995824 -0.088947 -0.020582 -0.111096 0.090333 0.992620 0.080905 2.775696 0.013234 -0.082427 0.996509 0.023206 0.000000 0.000000 0.000000 1.000000
0.995867 -0.089861 -0.013202 -0.111096 0.090426 0.994570 0.051513 2.807675 0.008501 -0.052494 0.998585 -0.118614 0.000000 0.000000 0.000000 1.000000
0.995910 -0.090109 -0.006614 -0.111096 0.090273 0.995429 0.031168 2.701790 0.003775 -0.031638 0.999492 -0.253988 0.000000 0.000000 0.000000 1.000000
0.995950 -0.089890 -0.001608 -0.111096 0.089902 0.995631 0.025248 2.470545 -0.000669 -0.025290 0.999680 -0.372868 0.000000 0.000000 0.000000 1.000000
0.995986 -0.089466 0.002802 -0.111096 0.089393 0.995800 0.019800 2.237650 -0.004561 -0.019470 0.999800 -0.465317 0.000000 0.000000 0.000000 1.000000
0.996014 -0.088969 0.006358 -0.111096 0.088867 0.995934 0.014766 2.127332 -0.007646 -0.014142 0.999871 -0.521552 0.000000 0.000000 0.000000 1.000000
0.996033 -0.088550 0.008818 -0.111096 0.088460 0.996029 0.010091 2.208545 -0.009676 -0.009271 0.999910 -0.541128 0.000000 0.000000 0.000000 1.000000
0.996039 -0.088355 0.009941 -0.111096 0.088302 0.996077 0.005720 2.334419 -0.010408 -0.004820 0.999934 -0.529405 0.000000 0.000000 0.000000 1.000000
0.996033 -0.088473 0.009554 -0.111096 0.088460 0.996078 0.001803 2.425980 -0.009676 -0.000951 0.999953 -0.486480 0.000000 0.000000 0.000000 1.000000
0.996014 -0.089087 0.004402 -0.111096 0.088867 0.995369 0.036639 2.529159 -0.007646 -0.036102 0.999319 -0.416875 0.000000 0.000000 0.000000 1.000000
0.995986 -0.089388 -0.004675 -0.111096 0.089393 0.990672 0.102845 2.631416 -0.004561 -0.102850 0.994686 -0.326164 0.000000 0.000000 0.000000 1.000000
0.995950 -0.089184 -0.011352 -0.111096 0.089902 0.987012 0.133132 2.720102 -0.000669 -0.133614 0.991033 -0.219966 0.000000 0.000000 0.000000 1.000000
0.995910 -0.089398 -0.013094 -0.111096 0.090273 0.990590 0.102872 2.782817 0.003775 -0.103633 0.994608 -0.104035 0.000000 0.000000 0.000000 1.000000
0.995867 -0.089861 -0.013201 -0.111096 0.090426 0.994570 0.051509 2.807675 0.008501 -0.052490 0.998585 0.015717 0.000000 0.000000 0.000000 1.000000
0.995824 -0.090200 -0.014113 -0.111096 0.090333 0.995870 0.009105 2.706015 0.013234 -0.010342 0.999859 0.133270 0.000000 0.000000 0.000000 1.000000
0.995783 -0.090304 -0.016171 -0.111096 0.090018 0.995784 -0.017641 2.478747 0.017696 0.016111 0.999714 0.242580 0.000000 0.000000 0.000000 1.000000
0.995747 -0.090362 -0.017959 -0.111096 0.089558 0.995120 -0.041425 2.249341 0.021615 0.039641 0.998980 0.337665 0.000000 0.000000 0.000000 1.000000
0.995718 -0.090397 -0.019320 -0.111096 0.089070 0.994152 -0.061064 2.141791 0.024727 0.059082 0.997947 0.412666 0.000000 0.000000 0.000000 1.000000
0.995700 -0.090435 -0.020097 -0.111096 0.088687 0.993203 -0.075388 2.245248 0.026778 0.073281 0.996952 0.461842 0.000000 0.000000 0.000000 1.000000
0.995693 -0.090502 -0.020134 -0.111096 0.088537 0.992589 -0.083235 2.351357 0.027518 0.081094 0.996326 0.479505 0.000000 0.000000 0.000000 1.000000</float_array><technique_common><accessor source="#head_grp-Matrix-animation-output-transform-array" count="25" stride="16"><param type="float4x4"/></accessor></technique_common></source><source id="head_grp-Interpolations"><Name_array id="head_grp-Interpolations-array" count="25">
 LINEAR LINEAR LINEAR LINEAR LINEAR LINEAR LINEAR LINEAR LINEAR LINEAR LINEAR
LINEAR LINEAR LINEAR LINEAR LINEAR LINEAR LINEAR LINEAR LINEAR LINEAR LINEAR LINEAR
LINEAR LINEAR</Name_array><technique_common><accessor source="#head_grp-Interpolations-array" count="25"><param type="name"/></accessor></technique_common></source><sampler id="head_grp-Matrix-animation-transform"><input semantic="INPUT" source="#head_grp-Matrix-animation-input"/><input semantic="OUTPUT" source="#head_grp-Matrix-animation-output-transform"/><input semantic="INTERPOLATION" source="#head_grp-Interpolations"/></sampler><channel source="#head_grp-Matrix-animation-transform" target="head_grp/matrix"/></animation></animation>
    <animation id="rig_cable1_jnt-anim" name="rig_cable1_jnt"><animation><source id="rig_cable1_jnt-Matrix-animation-input"><float_array id="rig_cable1_jnt-Matrix-animation-input-array" count="25">

0.000000 0.033333 0.066667 0.100000 0.133333 0.166667 0.200000 0.233333 0.266667 0.300000 0.333333 0.366667 0.400000 0.433333 0.466667 0.500000
0.533333 0.566667 0.600000 0.633333 0.666667 0.700000 0.733333 0.766667 0.800000</float_array><technique_common><accessor source="#rig_cable1_jnt-Matrix-animation-input-array" count="25"><param name="TIME" type="float"/></accessor></technique_common></source><source id="rig_cable1_jnt-Matrix-animation-output-transform"><float_array id="rig_cable1_jnt-Matrix-animation-output-transform-array" count="400">

0.998910 -0.045946 0.008235 0.000000 0.046648 0.976262 -0.211512 1.799380 0.001679 0.211666 0.977341 -0.021043 0.000000 0.000000 0.000000 1.000000
0.999770 -0.021201 0.003084 0.000000 0.021339 0.972614 -0.231445 1.799380 0.001907 0.231458 0.972843 -0.021043 0.000000 0.000000 0.000000 1.000000
0.999674 0.024377 -0.007622 -0.000000 -0.025501 0.969308 -0.244522 1.799380 0.001427 0.244636 0.969614 -0.021043 0.000000 0.000000 0.000000 1.000000
0.998678 0.049539 -0.013723 0.000000 -0.051398 0.966802 -0.250304 1.799380 0.000867 0.250679 0.968070 -0.021043 0.000000 0.000000 0.000000 1.000000
0.998747 0.048416 -0.012693 0.000000 -0.050050 0.968219 -0.245043 1.799380 0.000425 0.245371 0.969429 -0.021043 0.000000 0.000000 0.000000 1.000000
0.999030 0.042938 -0.009758 -0.000000 -0.044032 0.973058 -0.226318 1.799380 -0.000223 0.226528 0.974005 -0.021043 0.000000 0.000000 0.000000 1.000000
0.999399 0.034178 -0.005756 0.000000 -0.034643 0.979897 -0.196475 1.799380 -0.001075 0.196557 0.980492 -0.021043 0.000000 0.000000 0.000000 1.000000
0.999730 0.023174 -0.001549 -0.000000 -0.023128 0.987186 -0.157888 1.799380 -0.002130 0.157881 0.987456 -0.021043 0.000000 0.000000 0.000000 1.000000
0.999938 0.010910 0.002123 -0.000000 -0.010601 0.993532 -0.113053 1.799380 -0.003343 0.113023 0.993587 -0.021043 0.000000 0.000000 0.000000 1.000000
0.999988 -0.001430 0.004758 -0.000000 0.001734 0.997907 -0.064637 1.799380 -0.004655 0.064645 0.997897 -0.021043 0.000000 0.000000 0.000000 1.000000
0.999904 -0.012425 0.006174 -0.000000 0.012519 0.999802 -0.015448 1.799380 -0.005981 0.015524 0.999862 -0.021043 0.000000 0.000000 0.000000 1.000000
0.999769 -0.020491 0.006536 -0.000000 0.020275 0.999294 0.031643 1.799380 -0.007180 -0.031503 0.999478 -0.021043 0.000000 0.000000 0.000000 1.000000
0.999693 -0.023982 0.006297 0.000000 0.023453 0.996999 0.073783 1.799380 -0.008048 -0.073612 0.997254 -0.021043 0.000000 0.000000 0.000000 1.000000
0.999971 0.001934 0.007382 -0.000000 -0.002721 0.994128 0.108178 1.799380 -0.007129 -0.108195 0.994104 -0.021043 0.000000 0.000000 0.000000 1.000000
0.998666 0.050433 0.011053 0.000000 -0.051452 0.989928 0.131888 1.799380 -0.004291 -0.132281 0.991203 -0.021043 0.000000 0.000000 0.000000 1.000000
0.997093 0.075031 0.013266 0.000000 -0.076156 0.986939 0.141958 1.799380 -0.002441 -0.142555 0.989784 -0.021043 0.000000 0.000000 0.000000 1.000000
0.997582 0.068365 0.012476 0.000000 -0.069450 0.987164 0.143816 1.799380 -0.002484 -0.144335 0.989526 -0.021043 0.000000 0.000000 0.000000 1.000000
0.998402 0.055434 0.010931 -0.000000 -0.056426 0.988243 0.142097 1.799380 -0.002926 -0.142487 0.989792 -0.021043 0.000000 0.000000 0.000000 1.000000
