<?xml version="1.0" encoding="utf-8"?>
<COLLADA xmlns="http://www.collada.org/2005/11/COLLADASchema" version="1.4.1">
  <asset><contributor><author></author><authoring_tool>FBX COLLADA exporter</authoring_tool><comments></comments></contributor><created>2019-12-02T11:14:52Z</created><keywords></keywords><modified>2019-12-02T11:14:52Z</modified><revision></revision><subject></subject><title></title><unit meter="0.010000" name="centimeter"></unit><up_axis>Y_UP</up_axis></asset>
  <library_animations>
    <animation id="root_jnt-anim" name="root_jnt"><animation><source id="root_jnt-Matrix-animation-input"><float_array id="root_jnt-Matrix-animation-input-array" count="15">

0.000000 0.033333 0.066667 0.100000 0.133333 0.166667 0.200000 0.233333 0.266667 0.300000 0.333333 0.366667 0.400000 0.433333 0.466667</float_array><technique_common><accessor source="#root_jnt-Matrix-animation-input-array" count="15"><param name="TIME" type="float"/></accessor></technique_common></source><source id="root_jnt-Matrix-animation-output-transform"><float_array id="root_jnt-Matrix-animation-output-transform-array" count="240">

0.975064 0.221924 0.000000 0.000000 -0.221924 0.975064 0.000000 2.242071 0.000000 0.000000 1.000000 0.082230 0.000000 0.000000 0.000000 1.000000
0.976006 0.217509 -0.010087 0.000000 -0.217743 0.974983 -0.044682 2.180623 0.000115 0.045806 0.998950 0.100609 0.000000 0.000000 0.000000 1.000000
0.978498 0.204436 -0.027345 0.000000 -0.206257 0.970136 -0.127652 2.066505 0.000432 0.130547 0.991442 0.134742 0.000000 0.000000 0.000000 1.000000
0.981969 0.185941 -0.034113 0.000000 -0.189042 0.966701 -0.172486 2.005057 0.000905 0.175825 0.984421 0.153121 0.000000 0.000000 0.000000 1.000000
0.985840 0.165178 -0.028908 0.000000 -0.167682 0.972575 -0.161188 2.028630 0.001490 0.163753 0.986500 0.151470 0.000000 0.000000 0.000000 1.000000
0.989607 0.142246 -0.021054 0.000000 -0.143780 0.981015 -0.130140 2.090778 0.002142 0.131815 0.991272 0.146942 0.000000 0.000000 0.000000 1.000000
0.992894 0.118283 -0.013069 0.000000 -0.118969 0.989211 -0.085487 2.178641 0.002816 0.086434 0.996254 0.140178 0.000000 0.000000 0.000000 1.000000
0.995480 0.094738 -0.006696 0.000000 -0.094911 0.994915 -0.033713 2.279363 0.003468 0.034196 0.999409 0.131816 0.000000 0.000000 0.000000 1.000000
0.997303 0.073341 -0.002713 0.000000 -0.073279 0.997142 0.018383 2.380085 0.004053 -0.018135 0.999827 0.122495 0.000000 0.000000 0.000000 1.000000
0.998434 0.055930 -0.000956 0.000000 -0.055755 0.996397 0.063903 2.467948 0.004526 -0.063749 0.997956 0.112855 0.000000 0.000000 0.000000 1.000000
0.999019 0.044278 -0.000593 0.000000 -0.044017 0.994402 0.096059 2.530095 0.004843 -0.095939 0.995375 0.103534 0.000000 0.000000 0.000000 1.000000
0.999198 0.040037 -0.000629 0.000000 -0.039734 0.993331 0.108236 2.553668 0.004958 -0.108124 0.994125 0.095172 0.000000 0.000000 0.000000 1.000000
0.996171 0.087360 0.003355 0.000000 -0.087348 0.992946 0.080177 2.472884 0.003673 -0.080163 0.996775 0.088408 0.000000 0.000000 0.000000 1.000000
0.984538 0.175131 0.003654 0.000000 -0.175164 0.984145 0.027875 2.322855 0.001285 -0.028084 0.999605 0.083881 0.000000 0.000000 0.000000 1.000000
0.975064 0.221924 0.000000 0.000000 -0.221924 0.975064 0.000000 2.242071 0.000000 0.000000 1.000000 0.082230 0.000000 0.000000 0.000000 1.000000</float_array><technique_common><accessor source="#root_jnt-Matrix-animation-output-transform-array" count="15" stride="16"><param type="float4x4"/></accessor></technique_common></source><source id="root_jnt-Interpolations"><Name_array id="root_jnt-Interpolations-array" count="15">
 LINEAR LINEAR LINEAR LINEAR LINEAR LINEAR LINEAR LINEAR LINEAR LINEAR LINEAR
LINEAR LINEAR LINEAR LINEAR</Name_array><technique_common><accessor source="#root_jnt-Interpolations-array" count="15"><param type="name"/></accessor></technique_common></source><sampler id="root_jnt-Matrix-animation-transform"><input semantic="INPUT" source="#root_jnt-Matrix-animation-input"/><input semantic="OUTPUT" source="#root_jnt-Matrix-animation-output-transform"/><input semantic="INTERPOLATION" source="#root_jnt-Interpolations"/></sampler><channel source="#root_jnt-Matrix-animation-transform" target="root_jnt/matrix"/></animation></animation>
    <animation id="jnt_spine1-anim" name="jnt_spine1"><animation><source id="jnt_spine1-Matrix-animation-input"><float_array id="jnt_spine1-Matrix-animation-input-array" count="15">

0.000000 0.033333 0.066667 0.100000 0.133333 0.166667 0.200000 0.233333 0.266667 0.300000 0.333333 0.366667 0.400000 0.433333 0.466667</float_array><technique_common><accessor source="#jnt_spine1-Matrix-animation-input-array" count="15"><param name="TIME" type="float"/></accessor></technique_common></source><source id="jnt_spine1-Matrix-animation-output-transform"><float_array id="jnt_spine1-Matrix-animation-output-transform-array" count="240">

0.972418 -0.233243 0.000000 0.000000 0.233243 0.972418 0.000000 0.479000 0.000000 0.000000 1.000000 0.000000 0.000000 0.000000 0.000000 1.000000
0.973409 -0.228837 -0.010381 0.000000 0.229073 0.972386 0.044615 0.479000 -0.000115 -0.045806 0.998950 0.000000 0.000000 0.000000 0.000000 1.000000
0.976034 -0.215809 -0.027991 0.000000 0.217616 0.967669 0.127512 0.479000 -0.000432 -0.130547 0.991442 0.000000 0.000000 0.000000 0.000000 1.000000
0.979705 -0.197477 -0.034370 0.000000 0.200444 0.964411 0.172435 0.479000 -0.000905 -0.175825 0.984421 -0.000000 0.000000 0.000000 0.000000 1.000000
0.983824 -0.176952 -0.027887 0.000000 0.179130 0.970501 0.161368 0.479000 -0.001490 -0.163753 0.986500 -0.000000 0.000000 0.000000 0.000000 1.000000
0.987869 -0.154197 -0.018370 -0.000000 0.155273 0.979208 0.130546 0.479000 -0.002142 -0.131815 0.991272 0.000000 0.000000 0.000000 0.000000 1.000000
0.991444 -0.130256 -0.008498 0.000000 0.130502 0.987706 0.086061 0.479000 -0.002816 -0.086434 0.996254 -0.000000 0.000000 0.000000 0.000000 1.000000
0.994309 -0.106532 -0.000195 0.000000 0.106475 0.993721 0.034371 0.479000 -0.003468 -0.034196 0.999409 -0.000000 0.000000 0.000000 0.000000 1.000000
0.996384 -0.084780 0.005577 0.000000 0.084866 0.996235 -0.017725 0.479000 -0.004053 0.018135 0.999827 0.000000 0.000000 0.000000 0.000000 1.000000
0.997719 -0.066933 0.008801 0.000000 0.067357 0.995719 -0.063301 0.479000 -0.004526 0.063749 0.997956 0.000000 0.000000 0.000000 0.000000 1.000000
0.998440 -0.054906 0.010150 -0.000000 0.055626 0.993872 -0.095523 0.479000 -0.004843 0.095939 0.995375 0.000000 0.000000 0.000000 0.000000 1.000000
0.998669 -0.050510 0.010475 -0.000000 0.051345 0.992853 -0.107730 0.479000 -0.004958 0.108124 0.994125 0.000000 0.000000 0.000000 0.000000 1.000000
0.995089 -0.098310 0.011573 -0.000000 0.098921 0.991922 -0.079408 0.479000 -0.003673 0.080163 0.996775 0.000000 0.000000 0.000000 0.000000 1.000000
0.982436 -0.186487 0.006503 0.000000 0.186596 0.982056 -0.027351 0.479000 -0.001285 0.028084 0.999605 0.000000 0.000000 0.000000 0.000000 1.000000
0.972418 -0.233243 0.000000 0.000000 0.233243 0.972418 0.000000 0.479000 0.000000 0.000000 1.000000 0.000000 0.000000 0.000000 0.000000 1.000000</float_array><technique_common><accessor source="#jnt_spine1-Matrix-animation-output-transform-array" count="15" stride="16"><param type="float4x4"/></accessor></technique_common></source><source id="jnt_spine1-Interpolations"><Name_array id="jnt_spine1-Interpolations-array" count="15">
 LINEAR LINEAR LINEAR LINEAR LINEAR LINEAR LINEAR LINEAR LINEAR LINEAR LINEAR
LINEAR LINEAR LINEAR LINEAR</Name_array><technique_common><accessor source="#jnt_spine1-Interpolations-array" count="15"><param type="name"/></accessor></technique_common></source><sampler id="jnt_spine1-Matrix-animation-transform"><input semantic="INPUT" source="#jnt_spine1-Matrix-animation-input"/><input semantic="OUTPUT" source="#jnt_spine1-Matrix-animation-output-transform"/><input semantic="INTERPOLATION" source="#jnt_spine1-Interpolations"/></sampler><channel source="#jnt_spine1-Matrix-animation-transform" target="jnt_spine1/matrix"/></animation></animation>
    <animation id="jnt_spine2-anim" name="jnt_spine2"><animation><source id="jnt_spine2-Matrix-animation-input"><float_array id="jnt_spine2-Matrix-animation-input-array" count="15">

0.000000 0.033333 0.066667 0.100000 0.133333 0.166667 0.200000 0.233333 0.266667 0.300000 0.333333 0.366667 0.400000 0.433333 0.466667</float_array><technique_common><accessor source="#jnt_spine2-Matrix-animation-input-array" count="15"><param name="TIME" type="float"/></accessor></technique_common></source><source id="jnt_spine2-Matrix-animation-output-transform"><float_array id="jnt_spine2-Matrix-animation-output-transform-array" count="240">

1.000000 0.000000 0.000000 0.000000 0.000000 1.000000 0.000000 0.449000 0.000000 0.000000 1.000000 0.000000 0.000000 0.000000 0.000000 1.000000
1.000000 0.000000 0.000000 0.000000 -0.000000 1.000000 0.000000 0.449000 -0.000000 0.000000 1.000000 0.000000 0.000000 0.000000 0.000000 1.000000
1.000000 0.000000 0.000000 0.000000 0.000000 1.000000 -0.000000 0.449000 0.000000 0.000000 1.000000 0.000000 0.000000 0.000000 0.000000 1.000000
1.000000 0.000000 -0.000000 0.000000 -0.000000 1.000000 0.000000 0.449000 0.000000 0.000000 1.000000 0.000000 0.000000 0.000000 0.000000 1.000000
1.000000 0.000000 0.000000 0.000000 0.000000 1.000000 0.000000 0.449000 -0.000000 0.000000 1.000000 0.000000 0.000000 0.000000 0.000000 1.000000
1.000000 -0.000000 0.000000 0.000000 -0.000000 1.000000 0.000000 0.449000 -0.000000 0.000000 1.000000 0.000000 0.000000 0.000000 0.000000 1.000000
1.000000 -0.000000 0.000000 -0.000000 0.000000 1.000000 0.000000 0.449000 0.000000 0.000000 1.000000 0.000000 0.000000 0.000000 0.000000 1.000000
1.000000 0.000000 -0.000000 0.000000 -0.000000 1.000000 -0.000000 0.449000 0.000000 0.000000 1.000000 0.000000 0.000000 0.000000 0.000000 1.000000
1.000000 -0.000000 0.000000 -0.000000 -0.000000 1.000000 0.000000 0.449000 -0.000000 0.000000 1.000000 0.000000 0.000000 0.000000 0.000000 1.000000
1.000000 0.000000 0.000000 0.000000 -0.000000 1.000000 -0.000000 0.449000 0.000000 0.000000 1.000000 -0.000000 0.000000 0.000000 0.000000 1.000000
1.000000 0.000000 -0.000000 0.000000 -0.000000 1.000000 -0.000000 0.449000 0.000000 0.000000 1.000000 0.000000 0.000000 0.000000 0.000000 1.000000
1.000000 -0.000000 0.000000 0.000000 0.000000 1.000000 0.000000 0.449000 -0.000000 -0.000000 1.000000 0.000000 0.000000 0.000000 0.000000 1.000000
1.000000 -0.000000 -0.000000 0.000000 0.000000 1.000000 0.000000 0.449000 0.000000 -0.000000 1.000000 0.000000 0.000000 0.000000 0.000000 1.000000
1.000000 -0.000000 0.000000 0.000000 -0.000000 1.000000 0.000000 0.449000 0.000000 -0.000000 1.000000 -0.000000 0.000000 0.000000 0.000000 1.000000
1.000000 0.000000 0.000000 0.000000 0.000000 1.000000 0.000000 0.449000 0.000000 0.000000 1.000000 0.000000 0.000000 0.000000 0.000000 1.000000</float_array><technique_common><accessor source="#jnt_spine2-Matrix-animation-output-transform-array" count="15" stride="16"><param type="float4x4"/></accessor></technique_common></source><source id="jnt_spine2-Interpolations"><Name_array id="jnt_spine2-Interpolations-array" count="15">
 LINEAR LINEAR LINEAR LINEAR LINEAR LINEAR LINEAR LINEAR LINEAR LINEAR LINEAR
LINEAR LINEAR LINEAR LINEAR</Name_array><technique_common><accessor source="#jnt_spine2-Interpolations-array" count="15"><param type="name"/></accessor></technique_common></source><sampler id="jnt_spine2-Matrix-animation-transform"><input semantic="INPUT" source="#jnt_spine2-Matrix-animation-input"/><input semantic="OUTPUT" source="#jnt_spine2-Matrix-animation-output-transform"/><input semantic="INTERPOLATION" source="#jnt_spine2-Interpolations"/></sampler><channel source="#jnt_spine2-Matrix-animation-transform" target="jnt_spine2/matrix"/></animation></animation>
    <animation id="jnt_head-anim" name="jnt_head"><animation><source id="jnt_head-Matrix-animation-input"><float_array id="jnt_head-Matrix-animation-input-array" count="15">

0.000000 0.033333 0.066667 0.100000 0.133333 0.166667 0.200000 0.233333 0.266667 0.300000 0.333333 0.366667 0.400000 0.433333 0.466667</float_array><technique_common><accessor source="#jnt_head-Matrix-animation-input-array" count="15"><param name="TIME" type="float"/></accessor></technique_common></source><source id="jnt_head-Matrix-animation-output-transform"><float_array id="jnt_head-Matrix-animation-output-transform-array" count="240">

0.999983 -0.005760 -0.000776 -0.000000 0.005812 0.991026 0.133544 0.296642 -0.000000 -0.133546 0.991043 -0.000000 0.000000 0.000000 0.000000 1.000000
0.999983 -0.005767 -0.000720 0.000000 0.005812 0.992287 0.123824 0.296642 -0.000000 -0.123826 0.992304 0.000000 0.000000 0.000000 0.000000 1.000000
0.999983 -0.005784 -0.000570 0.000000 0.005812 0.995155 0.098143 0.296642 0.000000 -0.098145 0.995172 -0.000000 0.000000 0.000000 0.000000 1.000000
0.999983 -0.005801 -0.000359 -0.000000 0.005812 0.998076 0.061728 0.296642 0.000000 -0.061729 0.998093 -0.000000 0.000000 0.000000 0.000000 1.000000
0.999983 -0.005811 -0.000116 -0.000000 0.005812 0.999785 0.019886 0.296642 -0.000000 -0.019886 0.999802 -0.000000 0.000000 0.000000 0.000000 1.000000
0.999983 -0.005811 0.000128 -0.000000 0.005812 0.999741 -0.021991 0.296642 -0.000000 0.021992 0.999758 0.000000 0.000000 0.000000 0.000000 1.000000
0.999983 -0.005802 0.000340 0.000000 0.005812 0.998271 -0.058493 0.296642 0.000000 0.058494 0.998288 -0.000000 0.000000 0.000000 0.000000 1.000000
0.999983 -0.005791 0.000490 0.000000 0.005812 0.996426 -0.084268 0.296642 0.000000 0.084269 0.996443 -0.000000 0.000000 0.000000 0.000000 1.000000
0.999983 -0.005786 0.000547 -0.000000 0.005812 0.995552 -0.094031 0.296642 -0.000000 0.094032 0.995569 -0.000000 0.000000 0.000000 0.000000 1.000000
0.999983 -0.005795 0.000449 -0.000000 0.005812 0.996999 -0.077195 0.296642 0.000000 0.077197 0.997016 -0.000000 0.000000 0.000000 0.000000 1.000000
0.999983 -0.005808 0.000204 0.000000 0.005812 0.999370 -0.035022 0.296642 0.000000 0.035023 0.999387 -0.000000 0.000000 0.000000 0.000000 1.000000
0.999983 -0.005811 -0.000116 -0.000000 0.005812 0.999785 0.019886 0.296642 -0.000000 -0.019886 0.999802 -0.000000 0.000000 0.000000 0.000000 1.000000
0.999983 -0.005796 -0.000434 -0.000000 0.005812 0.997187 0.074734 0.296642 0.000000 -0.074735 0.997203 0.000000 0.000000 0.000000 0.000000 1.000000
0.999983 -0.005772 -0.000679 -0.000000 0.005812 0.993141 0.116780 0.296642 0.000000 -0.116782 0.993158 0.000000 0.000000 0.000000 0.000000 1.000000
0.999983 -0.005760 -0.000776 -0.000000 0.005812 0.991026 0.133544 0.296642 -0.000000 -0.133546 0.991043 -0.000000 0.000000 0.000000 0.000000 1.000000</float_array><technique_common><accessor source="#jnt_head-Matrix-animation-output-transform-array" count="15" stride="16"><param type="float4x4"/></accessor></technique_common></source><source id="jnt_head-Interpolations"><Name_array id="jnt_head-Interpolations-array" count="15">
 LINEAR LINEAR LINEAR LINEAR LINEAR LINEAR LINEAR LINEAR LINEAR LINEAR LINEAR
LINEAR LINEAR LINEAR LINEAR</Name_array><technique_common><accessor source="#jnt_head-Interpolations-array" count="15"><param type="name"/></accessor></technique_common></source><sampler id="jnt_head-Matrix-animation-transform"><input semantic="INPUT" source="#jnt_head-Matrix-animation-input"/><input semantic="OUTPUT" source="#jnt_head-Matrix-animation-output-transform"/><input semantic="INTERPOLATION" source="#jnt_head-Interpolations"/></sampler><channel source="#jnt_head-Matrix-animation-transform" target="jnt_head/matrix"/></animation></animation>
    <animation id="jnt_06_upperleg-anim" name="jnt_06_upperleg"><animation><source id="jnt_06_upperleg-Matrix-animation-input"><float_array id="jnt_06_upperleg-Matrix-animation-input-array" count="15">

0.000000 0.033333 0.066667 0.100000 0.133333 0.166667 0.200000 0.233333 0.266667 0.300000 0.333333 0.366667 0.400000 0.433333 0.466667</float_array><technique_common><accessor source="#jnt_06_upperleg-Matrix-animation-input-array" count="15"><param name="TIME" type="float"/></accessor></technique_common></source><source id="jnt_06_upperleg-Matrix-animation-output-transform"><float_array id="jnt_06_upperleg-Matrix-animation-output-transform-array" count="240">

-0.487548 -0.245562 -0.837853 0.236446 -0.236981 0.960827 -0.143704 0.000000 0.840320 0.128492 -0.526642 0.409537 0.000000 0.000000 0.000000 1.000000
-0.448636 -0.271992 -0.851320 0.236446 -0.310649 0.940627 -0.136816 0.000000 0.837987 0.203081 -0.506494 0.409537 0.000000 0.000000 0.000000 1.000000
-0.502943 -0.194504 -0.842150 0.236446 -0.045415 0.978951 -0.198977 0.000000 0.863125 -0.061828 -0.501190 0.409537 0.000000 0.000000 0.000000 1.000000
-0.553121 -0.147732 -0.819898 0.236446 0.168500 0.943974 -0.283762 0.000000 0.815883 -0.295107 -0.497239 0.409537 0.000000 0.000000 0.000000 1.000000
-0.600607 -0.153286 -0.784713 0.236446 0.234190 0.904679 -0.355966 0.000000 0.764478 -0.397567 -0.507459 0.409537 0.000000 0.000000 0.000000 1.000000
-0.642293 -0.198989 -0.740178 0.236446 0.190783 0.893808 -0.405844 0.000000 0.742335 -0.401884 -0.536123 0.409537 0.000000 0.000000 0.000000 1.000000
-0.660803 -0.281593 -0.695734 0.236446 0.050594 0.908133 -0.415613 0.000000 0.748853 -0.309838 -0.585850 0.409537 0.000000 0.000000 0.000000 1.000000
-0.652255 -0.369497 -0.661842 0.236446 -0.127870 0.914266 -0.384404 -0.000000 0.747136 -0.166100 -0.643582 0.409537 0.000000 0.000000 0.000000 1.000000
-0.637701 -0.414182 -0.649455 0.236446 -0.253554 0.909018 -0.330751 -0.000000 0.727357 -0.046248 -0.684699 0.409537 0.000000 0.000000 0.000000 1.000000
-0.627700 -0.384240 -0.677017 0.236446 -0.256787 0.923216 -0.285889 -0.000000 0.734883 -0.005604 -0.678171 0.409537 0.000000 0.000000 0.000000 1.000000
-0.601729 -0.303793 -0.738669 0.236446 -0.177793 0.952582 -0.246937 0.000000 0.778660 -0.017259 -0.627208 0.409537 0.000000 0.000000 0.000000 1.000000
-0.579711 -0.157345 -0.799486 0.236446 -0.026328 0.984283 -0.174624 0.000000 0.814397 -0.080183 -0.574742 0.409537 0.000000 0.000000 0.000000 1.000000
-0.557221 -0.082513 -0.826254 0.236446 0.031192 0.992268 -0.120128 -0.000000 0.829778 -0.092711 -0.550339 0.409537 0.000000 0.000000 0.000000 1.000000
-0.533906 -0.148469 -0.832407 0.236446 -0.080640 0.988917 -0.124662 0.000000 0.841690 0.000568 -0.539961 0.409537 0.000000 0.000000 0.000000 1.000000
-0.487548 -0.245562 -0.837853 0.236446 -0.236981 0.960827 -0.143704 0.000000 0.840320 0.128492 -0.526642 0.409537 0.000000 0.000000 0.000000 1.000000</float_array><technique_common><accessor source="#jnt_06_upperleg-Matrix-animation-output-transform-array" count="15" stride="16"><param type="float4x4"/></accessor></technique_common></source><source id="jnt_06_upperleg-Interpolations"><Name_array id="jnt_06_upperleg-Interpolations-array" count="15">
 LINEAR LINEAR LINEAR LINEAR LINEAR LINEAR LINEAR LINEAR LINEAR LINEAR LINEAR
LINEAR LINEAR LINEAR LINEAR</Name_array><technique_common><accessor source="#jnt_06_upperleg-Interpolations-array" count="15"><param type="name"/></accessor></technique_common></source><sampler id="jnt_06_upperleg-Matrix-animation-transform"><input semantic="INPUT" source="#jnt_06_upperleg-Matrix-animation-input"/><input semantic="OUTPUT" source="#jnt_06_upperleg-Matrix-animation-output-transform"/><input semantic="INTERPOLATION" source="#jnt_06_upperleg-Interpolations"/></sampler><channel source="#jnt_06_upperleg-Matrix-animation-transform" target="jnt_06_upperleg/matrix"/></animation></animation>
    <animation id="jnt_06_lowerleg-anim" name="jnt_06_lowerleg"><animation><source id="jnt_06_lowerleg-Matrix-animation-input"><float_array id="jnt_06_lowerleg-Matrix-animation-input-array" count="15">

0.000000 0.033333 0.066667 0.100000 0.133333 0.166667 0.200000 0.233333 0.266667 0.300000 0.333333 0.366667 0.400000 0.433333 0.466667</float_array><technique_common><accessor source="#jnt_06_lowerleg-Matrix-animation-input-array" count="15"><param name="TIME" type="float"/></accessor></technique_common></source><source id="jnt_06_lowerleg-Matrix-animation-output-transform"><float_array id="jnt_06_lowerleg-Matrix-animation-output-transform-array" count="240">

0.798560 0.601915 0.000000 1.972000 -0.601915 0.798560 0.000000 -0.000000 -0.000000 0.000000 1.000000 -0.000000 0.000000 0.000000 0.000000 1.000000
0.879821 0.475306 0.000000 1.972000 -0.475306 0.879821 -0.000000 -0.000000 0.000000 -0.000000 1.000000 -0.000000 0.000000 0.000000 0.000000 1.000000
0.675845 0.737043 0.000000 1.972000 -0.737043 0.675845 0.000000 -0.000000 -0.000000 0.000000 1.000000 0.000000 0.000000 0.000000 0.000000 1.000000
0.353865 0.935297 -0.000000 1.972000 -0.935297 0.353865 0.000000 -0.000000 0.000000 0.000000 1.000000 0.000000 0.000000 0.000000 0.000000 1.000000
0.042911 0.999079 -0.000000 1.972000 -0.999079 0.042911 0.000000 -0.000000 0.000000 0.000000 1.000000 0.000000 0.000000 0.000000 0.000000 1.000000
-0.199636 0.979870 0.000000 1.972000 -0.979870 -0.199636 0.000000 -0.000000 -0.000000 -0.000000 1.000000 0.000000 0.000000 0.000000 0.000000 1.000000
-0.333494 0.942752 0.000000 1.972000 -0.942752 -0.333494 0.000000 -0.000000 -0.000000 -0.000000 1.000000 0.000000 0.000000 0.000000 0.000000 1.000000
-0.365474 0.930822 -0.000000 1.972000 -0.930822 -0.365474 0.000000 -0.000000 -0.000000 0.000000 1.000000 0.000000 0.000000 0.000000 0.000000 1.000000
-0.328268 0.944585 0.000000 1.972000 -0.944585 -0.328268 0.000000 -0.000000 -0.000000 -0.000000 1.000000 -0.000000 0.000000 0.000000 0.000000 1.000000
-0.328637 0.944456 0.000000 1.972000 -0.944456 -0.328637 0.000000 -0.000000 0.000000 0.000000 1.000000 0.000000 0.000000 0.000000 0.000000 1.000000
-0.349900 0.936787 0.000000 1.972000 -0.936787 -0.349900 -0.000000 -0.000000 -0.000000 0.000000 1.000000 0.000000 0.000000 0.000000 0.000000 1.000000
-0.213755 0.976887 0.000000 1.972000 -0.976887 -0.213755 0.000000 -0.000000 -0.000000 0.000000 1.000000 0.000000 0.000000 0.000000 0.000000 1.000000
0.181674 0.983359 0.000000 1.972000 -0.983359 0.181674 -0.000000 -0.000000 -0.000000 -0.000000 1.000000 -0.000000 0.000000 0.000000 0.000000 1.000000
0.621213 0.783642 0.000000 1.972000 -0.783642 0.621213 0.000000 -0.000000 0.000000 0.000000 1.000000 0.000000 0.000000 0.000000 0.000000 1.000000
0.798560 0.601915 0.000000 1.972000 -0.601915 0.798560 0.000000 -0.000000 -0.000000 0.000000 1.000000 -0.000000 0.000000 0.000000 0.000000 1.000000</float_array><technique_common><accessor source="#jnt_06_lowerleg-Matrix-animation-output-transform-array" count="15" stride="16"><param type="float4x4"/></accessor></technique_common></source><source id="jnt_06_lowerleg-Interpolations"><Name_array id="jnt_06_lowerleg-Interpolations-array" count="15">
 LINEAR LINEAR LINEAR LINEAR LINEAR LINEAR LINEAR LINEAR LINEAR LINEAR LINEAR
LINEAR LINEAR LINEAR LINEAR</Name_array><technique_common><accessor source="#jnt_06_lowerleg-Interpolations-array" count="15"><param type="name"/></accessor></technique_common></source><sampler id="jnt_06_lowerleg-Matrix-animation-transform"><input semantic="INPUT" source="#jnt_06_lowerleg-Matrix-animation-input"/><input semantic="OUTPUT" source="#jnt_06_lowerleg-Matrix-animation-output-transform"/><input semantic="INTERPOLATION" source="#jnt_06_lowerleg-Interpolations"/></sampler><channel source="#jnt_06_lowerleg-Matrix-animation-transform" target="jnt_06_lowerleg/matrix"/></animation></animation>
    <animation id="jnt_06_legend-anim" name="jnt_06_legend"><animation><source id="jnt_06_legend-Matrix-animation-input"><float_array id="jnt_06_legend-Matrix-animation-input-array" count="15">

0.000000 0.033333 0.066667 0.100000 0.133333 0.166667 0.200000 0.233333 0.266667 0.300000 0.333333 0.366667 0.400000 0.433333 0.466667</float_array><technique_common><accessor source="#jnt_06_legend-Matrix-animation-input-array" count="15"><param name="TIME" type="float"/></accessor></technique_common></source><source id="jnt_06_legend-Matrix-animation-output-transform"><float_array id="jnt_06_legend-Matrix-animation-output-transform-array" count="240">

1.000000 0.000000 0.000000 2.425000 0.000000 1.000000 -0.000000 0.000000 0.000000 0.000000 1.000000 0.000000 0.000000 0.000000 0.000000 1.000000
1.000000 0.000000 0.000000 2.425000 0.000000 1.000000 0.000000 0.000000 0.000000 0.000000 1.000000 0.000000 0.000000 0.000000 0.000000 1.000000
1.000000 -0.000000 -0.000000 2.425000 0.000000 1.000000 0.000000 0.000000 -0.000000 0.000000 1.000000 -0.000000 0.000000 0.000000 0.000000 1.000000
1.000000 -0.000000 0.000000 2.425000 0.000000 1.000000 0.000000 0.000000 0.000000 0.000000 1.000000 -0.000000 0.000000 0.000000 0.000000 1.000000
1.000000 0.000000 0.000000 2.425000 -0.000000 1.000000 -0.000000 0.000000 0.000000 0.000000 1.000000 0.000000 0.000000 0.000000 0.000000 1.000000
1.000000 0.000000 -0.000000 2.425000 0.000000 1.000000 0.000000 0.000000 0.000000 0.000000 1.000000 0.000000 0.000000 0.000000 0.000000 1.000000
1.000000 -0.000000 -0.000000 2.425000 -0.000000 1.000000 0.000000 0.000000 -0.000000 -0.000000 1.000000 -0.000000 0.000000 0.000000 0.000000 1.000000
1.000000 -0.000000 0.000000 2.425000 0.000000 1.000000 -0.000000 0.000000 -0.000000 0.000000 1.000000 -0.000000 0.000000 0.000000 0.000000 1.000000
1.000000 -0.000000 0.000000 2.425000 0.000000 1.000000 0.000000 0.000000 0.000000 -0.000000 1.000000 0.000000 0.000000 0.000000 0.000000 1.000000
1.000000 -0.000000 -0.000000 2.425000 0.000000 1.000000 0.000000 0.000000 0.000000 -0.000000 1.000000 -0.000000 0.000000 0.000000 0.000000 1.000000
1.000000 -0.000000 0.000000 2.425000 0.000000 1.000000 -0.000000 0.000000 0.000000 0.000000 1.000000 0.000000 0.000000 0.000000 0.000000 1.000000
1.000000 0.000000 0.000000 2.425000 -0.000000 1.000000 0.000000 0.000000 0.000000 0.000000 1.000000 0.000000 0.000000 0.000000 0.000000 1.000000
1.000000 -0.000000 -0.000000 2.425000 0.000000 1.000000 0.000000 0.000000 0.000000 0.000000 1.000000 0.000000 0.000000 0.000000 0.000000 1.000000
1.000000 0.000000 0.000000 2.425000 -0.000000 1.000000 0.000000 0.000000 -0.000000 -0.000000 1.000000 0.000000 0.000000 0.000000 0.000000 1.000000
1.000000 0.000000 0.000000 2.425000 0.000000 1.000000 -0.000000 0.000000 0.000000 0.000000 1.000000 0.000000 0.000000 0.000000 0.000000 1.000000</float_array><technique_common><accessor source="#jnt_06_legend-Matrix-animation-output-transform-array" count="15" stride="16"><param type="float4x4"/></accessor></technique_common></source><source id="jnt_06_legend-Interpolations"><Name_array id="jnt_06_legend-Interpolations-array" count="15">
 LINEAR LINEAR LINEAR LINEAR LINEAR LINEAR LINEAR LINEAR LINEAR LINEAR LINEAR
LINEAR LINEAR LINEAR LINEAR</Name_array><technique_common><accessor source="#jnt_06_legend-Interpolations-array" count="15"><param type="name"/></accessor></technique_common></source><sampler id="jnt_06_legend-Matrix-animation-transform"><input semantic="INPUT" source="#jnt_06_legend-Matrix-animation-input"/><input semantic="OUTPUT" source="#jnt_06_legend-Matrix-animation-output-transform"/><input semantic="INTERPOLATION" source="#jnt_06_legend-Interpolations"/></sampler><channel source="#jnt_06_legend-Matrix-animation-transform" target="jnt_06_legend/matrix"/></animation></animation>
    <animation id="jnt_06_cable-anim" name="jnt_06_cable"><animation><source id="jnt_06_cable-Matrix-animation-input"><float_array id="jnt_06_cable-Matrix-animation-input-array" count="15">

0.000000 0.033333 0.066667 0.100000 0.133333 0.166667 0.200000 0.233333 0.266667 0.300000 0.333333 0.366667 0.400000 0.433333 0.466667</float_array><technique_common><accessor source="#jnt_06_cable-Matrix-animation-input-array" count="15"><param name="TIME" type="float"/></accessor></technique_common></source><source id="jnt_06_cable-Matrix-animation-output-transform"><float_array id="jnt_06_cable-Matrix-animation-output-transform-array" count="240">

0.999959 -0.009044 0.000000 1.025162 0.009044 0.999959 0.000000 -0.572081 -0.000000 -0.000000 1.000000 0.000000 0.000000 0.000000 0.000000 1.000000
0.999959 -0.009044 0.000000 1.025162 0.009044 0.999959 -0.000000 -0.572081 -0.000000 -0.000000 1.000000 -0.000000 0.000000 0.000000 0.000000 1.000000
0.999959 -0.009044 0.000000 1.025162 0.009044 0.999959 0.000000 -0.572081 -0.000000 0.000000 1.000000 -0.000000 0.000000 0.000000 0.000000 1.000000
0.999959 -0.009044 -0.000000 1.025162 0.009044 0.999959 0.000000 -0.572081 0.000000 -0.000000 1.000000 0.000000 0.000000 0.000000 0.000000 1.000000
0.999959 -0.009044 -0.000000 1.025162 0.009044 0.999959 0.000000 -0.572081 0.000000 0.000000 1.000000 0.000000 0.000000 0.000000 0.000000 1.000000
0.999959 -0.009044 0.000000 1.025162 0.009044 0.999959 0.000000 -0.572081 0.000000 0.000000 1.000000 0.000000 0.000000 0.000000 0.000000 1.000000
0.999959 -0.009044 0.000000 1.025162 0.009044 0.999959 0.000000 -0.572081 -0.000000 0.000000 1.000000 0.000000 0.000000 0.000000 0.000000 1.000000
0.999959 -0.009044 -0.000000 1.025162 0.009044 0.999959 0.000000 -0.572081 -0.000000 -0.000000 1.000000 0.000000 0.000000 0.000000 0.000000 1.000000
0.999959 -0.009044 0.000000 1.025162 0.009044 0.999959 0.000000 -0.572081 -0.000000 0.000000 1.000000 0.000000 0.000000 0.000000 0.000000 1.000000
0.999959 -0.009044 0.000000 1.025162 0.009044 0.999959 0.000000 -0.572081 0.000000 0.000000 1.000000 0.000000 0.000000 0.000000 0.000000 1.000000
0.999959 -0.009044 0.000000 1.025162 0.009044 0.999959 -0.000000 -0.572081 0.000000 0.000000 1.000000 0.000000 0.000000 0.000000 0.000000 1.000000
0.999959 -0.009044 0.000000 1.025162 0.009044 0.999959 0.000000 -0.572081 0.000000 0.000000 1.000000 -0.000000 0.000000 0.000000 0.000000 1.000000
0.999959 -0.009044 0.000000 1.025162 0.009044 0.999959 -0.000000 -0.572081 0.000000 0.000000 1.000000 0.000000 0.000000 0.000000 0.000000 1.000000
0.999959 -0.009044 0.000000 1.025162 0.009044 0.999959 0.000000 -0.572081 0.000000 -0.000000 1.000000 0.000000 0.000000 0.000000 0.000000 1.000000
0.999959 -0.009044 0.000000 1.025162 0.009044 0.999959 0.000000 -0.572081 -0.000000 -0.000000 1.000000 0.000000 0.000000 0.000000 0.000000 1.000000</float_array><technique_common><accessor source="#jnt_06_cable-Matrix-animation-output-transform-array" count="15" stride="16"><param type="float4x4"/></accessor></technique_common></source><source id="jnt_06_cable-Interpolations"><Name_array id="jnt_06_cable-Interpolations-array" count="15">
 LINEAR LINEAR LINEAR LINEAR LINEAR LINEAR LINEAR LINEAR LINEAR LINEAR LINEAR
LINEAR LINEAR LINEAR LINEAR</Name_array><technique_common><accessor source="#jnt_06_cable-Interpolations-array" count="15"><param type="name"/></accessor></technique_common></source><sampler id="jnt_06_cable-Matrix-animation-transform"><input semantic="INPUT" source="#jnt_06_cable-Matrix-animation-input"/><input semantic="OUTPUT" source="#jnt_06_cable-Matrix-animation-output-transform"/><input semantic="INTERPOLATION" source="#jnt_06_cable-Interpolations"/></sampler><channel source="#jnt_06_cable-Matrix-animation-transform" target="jnt_06_cable/matrix"/></animation></animation>
    <animation id="jnt_05_upperleg-anim" name="jnt_05_upperleg"><animation><source id="jnt_05_upperleg-Matrix-animation-input"><float_array id="jnt_05_upperleg-Matrix-animation-input-array" count="15">

0.000000 0.033333 0.066667 0.100000 0.133333 0.166667 0.200000 0.233333 0.266667 0.300000 0.333333 0.366667 0.400000 0.433333 0.466667</float_array><technique_common><accessor source="#jnt_05_upperleg-Matrix-animation-input-array" count="15"><param name="TIME" type="float"/></accessor></technique_common></source><source id="jnt_05_upperleg-Matrix-animation-output-transform"><float_array id="jnt_05_upperleg-Matrix-animation-output-transform-array" count="240">

-0.076058 -0.029093 -0.996679 0.472892 -0.142053 0.989694 -0.018049 0.000000 0.986933 0.140209 -0.079407 0.000000 0.000000 0.000000 0.000000 1.000000
-0.085505 -0.081401 -0.993007 0.472892 0.021885 0.996263 -0.083553 -0.000000 0.996097 -0.028876 -0.083404 -0.000000 0.000000 0.000000 0.000000 1.000000
-0.137536 -0.219005 -0.965982 0.472892 0.284868 0.925300 -0.250341 0.000000 0.948649 -0.309608 -0.064875 0.000000 0.000000 0.000000 0.000000 1.000000
-0.214888 -0.398579 -0.891604 0.472892 0.389290 0.802314 -0.452488 0.000000 0.895699 -0.444327 -0.017245 0.000000 0.000000 0.000000 0.000000 1.000000
-0.224974 -0.574974 -0.786633 0.472892 0.294215 0.729558 -0.617401 0.000000 0.928883 -0.370338 0.005034 -0.000000 0.000000 0.000000 0.000000 1.000000
-0.124268 -0.703372 -0.699875 0.472892 0.106733 0.691774 -0.714182 0.000000 0.986491 -0.163450 -0.010892 0.000000 0.000000 0.000000 0.000000 1.000000
0.012375 -0.752496 -0.658481 0.472892 -0.089839 0.655031 -0.750242 -0.000000 0.995879 0.068441 -0.059498 0.000000 0.000000 0.000000 0.000000 1.000000
0.075863 -0.743655 -0.664246 0.472892 -0.229493 0.635259 -0.737414 0.000000 0.970349 0.208382 -0.122471 0.000000 0.000000 0.000000 0.000000 1.000000
0.072235 -0.719039 -0.691206 0.472892 -0.252863 0.657172 -0.710060 0.000000 0.964802 0.226071 -0.134347 0.000000 0.000000 0.000000 0.000000 1.000000
0.021990 -0.669402 -0.742574 0.472892 -0.179337 0.728065 -0.661634 -0.000000 0.983542 0.147721 -0.104038 0.000000 0.000000 0.000000 0.000000 1.000000
-0.137495 -0.504465 -0.852414 0.472892 -0.016810 0.861652 -0.507221 0.000000 0.990360 -0.055411 -0.126953 0.000000 0.000000 0.000000 0.000000 1.000000
-0.195557 -0.241017 -0.950615 0.472892 0.063923 0.964136 -0.257595 0.000000 0.978607 -0.111140 -0.173137 -0.000000 0.000000 0.000000 0.000000 1.000000
-0.168959 -0.079402 -0.982420 0.472892 0.009671 0.996568 -0.082209 0.000000 0.985576 -0.023391 -0.167611 0.000000 0.000000 0.000000 0.000000 1.000000
-0.114359 -0.033258 -0.992883 0.472892 -0.065874 0.997494 -0.025826 0.000000 0.991253 0.062452 -0.116263 -0.000000 0.000000 0.000000 0.000000 1.000000
-0.076058 -0.029093 -0.996679 0.472892 -0.142053 0.989694 -0.018049 0.000000 0.986933 0.140209 -0.079407 0.000000 0.000000 0.000000 0.000000 1.000000</float_array><technique_common><accessor source="#jnt_05_upperleg-Matrix-animation-output-transform-array" count="15" stride="16"><param type="float4x4"/></accessor></technique_common></source><source id="jnt_05_upperleg-Interpolations"><Name_array id="jnt_05_upperleg-Interpolations-array" count="15">
 LINEAR LINEAR LINEAR LINEAR LINEAR LINEAR LINEAR LINEAR LINEAR LINEAR LINEAR
LINEAR LINEAR LINEAR LINEAR</Name_array><technique_common><accessor source="#jnt_05_upperleg-Interpolations-array" count="15"><param type="name"/></accessor></technique_common></source><sampler id="jnt_05_upperleg-Matrix-animation-transform"><input semantic="INPUT" source="#jnt_05_upperleg-Matrix-animation-input"/><input semantic="OUTPUT" source="#jnt_05_upperleg-Matrix-animation-output-transform"/><input semantic="INTERPOLATION" source="#jnt_05_upperleg-Interpolations"/></sampler><channel source="#jnt_05_upperleg-Matrix-animation-transform" target="jnt_05_upperleg/matrix"/></animation></animation>
    <animation id="jnt_05_lowerleg-anim" name="jnt_05_lowerleg"><animation><source id="jnt_05_lowerleg-Matrix-animation-input"><float_array id="jnt_05_lowerleg-Matrix-animation-input-array" count="15">

0.000000 0.033333 0.066667 0.100000 0.133333 0.166667 0.200000 0.233333 0.266667 0.300000 0.333333 0.366667 0.400000 0.433333 0.466667</float_array><technique_common><accessor source="#jnt_05_lowerleg-Matrix-animation-input-array" count="15"><param name="TIME" type="float"/></accessor></technique_common></source><source id="jnt_05_lowerleg-Matrix-animation-output-transform"><float_array id="jnt_05_lowerleg-Matrix-animation-output-transform-array" count="240">

0.753217 0.657772 0.000000 1.972000 -0.657772 0.753217 -0.000000 -0.000000 -0.000000 0.000000 1.000000 -0.000000 0.000000 0.000000 0.000000 1.000000
0.597806 0.801641 0.000000 1.972000 -0.801641 0.597806 -0.000000 -0.000000 0.000000 -0.000000 1.000000 -0.000000 0.000000 0.000000 0.000000 1.000000
0.266986 0.963700 -0.000000 1.972000 -0.963700 0.266986 0.000000 -0.000000 -0.000000 0.000000 1.000000 0.000000 0.000000 0.000000 0.000000 1.000000
-0.038515 0.999258 -0.000000 1.972000 -0.999258 -0.038515 -0.000000 -0.000000 0.000000 0.000000 1.000000 0.000000 0.000000 0.000000 0.000000 1.000000
-0.210987 0.977489 0.000000 1.972000 -0.977489 -0.210987 0.000000 -0.000000 -0.000000 -0.000000 1.000000 0.000000 0.000000 0.000000 0.000000 1.000000
-0.248135 0.968725 -0.000000 1.972000 -0.968725 -0.248135 0.000000 -0.000000 0.000000 -0.000000 1.000000 0.000000 0.000000 0.000000 0.000000 1.000000
-0.192846 0.981229 0.000000 1.972000 -0.981229 -0.192846 0.000000 -0.000000 -0.000000 -0.000000 1.000000 -0.000000 0.000000 0.000000 0.000000 1.000000
-0.124464 0.992224 -0.000000 1.972000 -0.992224 -0.124464 -0.000000 -0.000000 0.000000 0.000000 1.000000 0.000000 0.000000 0.000000 0.000000 1.000000
-0.131838 0.991271 -0.000000 1.972000 -0.991271 -0.131838 -0.000000 -0.000000 -0.000000 0.000000 1.000000 0.000000 0.000000 0.000000 0.000000 1.000000
-0.184354 0.982860 -0.000000 1.972000 -0.982860 -0.184354 0.000000 -0.000000 -0.000000 0.000000 1.000000 -0.000000 0.000000 0.000000 0.000000 1.000000
-0.165323 0.986240 0.000000 1.972000 -0.986240 -0.165323 -0.000000 -0.000000 0.000000 -0.000000 1.000000 0.000000 0.000000 0.000000 0.000000 1.000000
0.135514 0.990775 0.000000 1.972000 -0.990775 0.135514 -0.000000 -0.000000 -0.000000 0.000000 1.000000 0.000000 0.000000 0.000000 0.000000 1.000000
0.495447 0.868638 -0.000000 1.972000 -0.868638 0.495447 0.000000 -0.000000 0.000000 0.000000 1.000000 0.000000 0.000000 0.000000 0.000000 1.000000
0.666993 0.745064 -0.000000 1.972000 -0.745064 0.666993 0.000000 -0.000000 0.000000 0.000000 1.000000 0.000000 0.000000 0.000000 0.000000 1.000000
0.753217 0.657772 0.000000 1.972000 -0.657772 0.753217 0.000000 -0.000000 0.000000 -0.000000 1.000000 -0.000000 0.000000 0.000000 0.000000 1.000000</float_array><technique_common><accessor source="#jnt_05_lowerleg-Matrix-animation-output-transform-array" count="15" stride="16"><param type="float4x4"/></accessor></technique_common></source><source id="jnt_05_lowerleg-Interpolations"><Name_array id="jnt_05_lowerleg-Interpolations-array" count="15">
 LINEAR LINEAR LINEAR LINEAR LINEAR LINEAR LINEAR LINEAR LINEAR LINEAR LINEAR
LINEAR LINEAR LINEAR LINEAR</Name_array><technique_common><accessor source="#jnt_05_lowerleg-Interpolations-array" count="15"><param type="name"/></accessor></technique_common></source><sampler id="jnt_05_lowerleg-Matrix-animation-transform"><input semantic="INPUT" source="#jnt_05_lowerleg-Matrix-animation-input"/><input semantic="OUTPUT" source="#jnt_05_lowerleg-Matrix-animation-output-transform"/><input semantic="INTERPOLATION" source="#jnt_05_lowerleg-Interpolations"/></sampler><channel source="#jnt_05_lowerleg-Matrix-animation-transform" target="jnt_05_lowerleg/matrix"/></animation></animation>
    <animation id="jnt_05_legend-anim" name="jnt_05_legend"><animation><source id="jnt_05_legend-Matrix-animation-input"><float_array id="jnt_05_legend-Matrix-animation-input-array" count="15">

0.000000 0.033333 0.066667 0.100000 0.133333 0.166667 0.200000 0.233333 0.266667 0.300000 0.333333 0.366667 0.400000 0.433333 0.466667</float_array><technique_common><accessor source="#jnt_05_legend-Matrix-animation-input-array" count="15"><param name="TIME" type="float"/></accessor></technique_common></source><source id="jnt_05_legend-Matrix-animation-output-transform"><float_array id="jnt_05_legend-Matrix-animation-output-transform-array" count="240">

1.000000 0.000000 0.000000 2.597000 0.000000 1.000000 -0.000000 0.000000 -0.000000 -0.000000 1.000000 -0.000000 0.000000 0.000000 0.000000 1.000000
1.000000 0.000000 -0.000000 2.597000 0.000000 1.000000 0.000000 0.000000 0.000000 -0.000000 1.000000 0.000000 0.000000 0.000000 0.000000 1.000000
1.000000 0.000000 0.000000 2.597000 0.000000 1.000000 -0.000000 0.000000 0.000000 0.000000 1.000000 0.000000 0.000000 0.000000 0.000000 1.000000
