<?xml version="1.0" encoding="utf-8"?>
<COLLADA xmlns="http://www.collada.org/2005/11/COLLADASchema" version="1.4.1">
  <asset><contributor><author></author><authoring_tool>FBX COLLADA exporter</authoring_tool><comments></comments></contributor><created>2019-12-02T09:57:41Z</created><keywords></keywords><modified>2019-12-02T09:57:41Z</modified><revision></revision><subject></subject><title></title><unit meter="0.010000" name="centimeter"></unit><up_axis>Y_UP</up_axis></asset>
  <library_animations>
    <animation id="root_jnt-anim" name="root_jnt"><animation><source id="root_jnt-Matrix-animation-input"><float_array id="root_jnt-Matrix-animation-input-array" count="31">

0.000000 0.033333 0.066667 0.100000 0.133333 0.166667 0.200000 0.233333 0.266667 0.300000 0.333333 0.366667 0.400000 0.433333 0.466667 0.500000
0.533333 0.566667 0.600000 0.633333 0.666667 0.700000 0.733333 0.766667 0.800000 0.833333 0.866667 0.900000 0.933333 0.966667 1.000000</float_array><technique_common><accessor source="#root_jnt-Matrix-animation-input-array" count="31"><param name="TIME" type="float"/></accessor></technique_common></source><source id="root_jnt-Matrix-animation-output-transform"><float_array id="root_jnt-Matrix-animation-output-transform-array" count="496">

0.999983 -0.005812 0.000000 -0.000000 0.005812 0.999983 0.000000 1.982647 0.000000 0.000000 1.000000 0.000000 0.000000 0.000000 0.000000 1.000000
0.999983 -0.005812 0.000000 -0.000000 0.005812 0.999983 0.000000 1.982647 0.000000 0.000000 1.000000 0.000000 0.000000 0.000000 0.000000 1.000000
0.999983 -0.005812 0.000000 -0.000000 0.005812 0.999983 0.000000 1.982647 0.000000 0.000000 1.000000 0.000000 0.000000 0.000000 0.000000 1.000000
0.999983 -0.005812 0.000000 -0.000000 0.005812 0.999983 0.000000 1.982647 0.000000 0.000000 1.000000 0.000000 0.000000 0.000000 0.000000 1.000000
0.999983 -0.005812 0.000000 -0.000000 0.005812 0.999983 0.000000 1.982647 0.000000 0.000000 1.000000 0.000000 0.000000 0.000000 0.000000 1.000000
0.999983 -0.005812 0.000000 -0.000000 0.005812 0.999983 0.000000 1.982647 0.000000 0.000000 1.000000 0.000000 0.000000 0.000000 0.000000 1.000000
0.999983 -0.005812 0.000000 -0.000000 0.005812 0.999983 0.000000 1.982647 0.000000 0.000000 1.000000 0.000000 0.000000 0.000000 0.000000 1.000000
0.999983 -0.005812 0.000000 -0.000000 0.005812 0.999983 0.000000 1.982647 0.000000 0.000000 1.000000 0.000000 0.000000 0.000000 0.000000 1.000000
0.999983 -0.005812 0.000000 -0.000000 0.005812 0.999983 0.000000 1.982647 0.000000 0.000000 1.000000 0.000000 0.000000 0.000000 0.000000 1.000000
0.999983 -0.005812 0.000000 -0.000000 0.005812 0.999983 0.000000 1.982647 0.000000 0.000000 1.000000 0.000000 0.000000 0.000000 0.000000 1.000000
0.999983 -0.005812 0.000000 -0.000000 0.005812 0.999983 0.000000 1.982647 0.000000 0.000000 1.000000 0.000000 0.000000 0.000000 0.000000 1.000000
0.999983 -0.005812 0.000000 -0.000000 0.005812 0.999983 0.000000 1.982647 0.000000 0.000000 1.000000 0.000000 0.000000 0.000000 0.000000 1.000000
0.999983 -0.005812 0.000000 -0.000000 0.005812 0.999983 0.000000 1.982647 0.000000 0.000000 1.000000 0.000000 0.000000 0.000000 0.000000 1.000000
0.999983 -0.005812 0.000000 -0.000000 0.005812 0.999983 0.000000 1.982647 0.000000 0.000000 1.000000 0.000000 0.000000 0.000000 0.000000 1.000000
0.999983 -0.005812 0.000000 -0.000000 0.005812 0.999983 0.000000 1.982647 0.000000 0.000000 1.000000 0.000000 0.000000 0.000000 0.000000 1.000000
0.999983 -0.005812 0.000000 -0.000000 0.005812 0.999983 0.000000 1.982647 0.000000 0.000000 1.000000 0.000000 0.000000 0.000000 0.000000 1.000000
0.999983 -0.005812 0.000000 -0.000000 0.005812 0.999983 0.000000 1.982647 0.000000 0.000000 1.000000 0.000000 0.000000 0.000000 0.000000 1.000000
0.999983 -0.005812 0.000000 -0.000000 0.005812 0.999983 0.000000 1.982647 0.000000 0.000000 1.000000 0.000000 0.000000 0.000000 0.000000 1.000000
0.999983 -0.005812 0.000000 -0.000000 0.005812 0.999983 0.000000 1.982647 0.000000 0.000000 1.000000 0.000000 0.000000 0.000000 0.000000 1.000000
0.999983 -0.005812 0.000000 -0.000000 0.005812 0.999983 0.000000 1.982647 0.000000 0.000000 1.000000 0.000000 0.000000 0.000000 0.000000 1.000000
0.999983 -0.005812 0.000000 -0.000000 0.005812 0.999983 0.000000 1.982647 0.000000 0.000000 1.000000 0.000000 0.000000 0.000000 0.000000 1.000000
0.999983 -0.005812 0.000000 -0.000000 0.005812 0.999983 0.000000 1.982647 0.000000 0.000000 1.000000 0.000000 0.000000 0.000000 0.000000 1.000000
0.999983 -0.005812 0.000000 -0.000000 0.005812 0.999983 0.000000 1.982647 0.000000 0.000000 1.000000 0.000000 0.000000 0.000000 0.000000 1.000000
0.999983 -0.005812 0.000000 -0.000000 0.005812 0.999983 0.000000 1.982647 0.000000 0.000000 1.000000 0.000000 0.000000 0.000000 0.000000 1.000000
0.999983 -0.005812 0.000000 -0.000000 0.005812 0.999983 0.000000 1.982647 0.000000 0.000000 1.000000 0.000000 0.000000 0.000000 0.000000 1.000000
0.999983 -0.005812 0.000000 -0.000000 0.005812 0.999983 0.000000 1.982647 0.000000 0.000000 1.000000 0.000000 0.000000 0.000000 0.000000 1.000000
0.999983 -0.005812 0.000000 -0.000000 0.005812 0.999983 0.000000 1.982647 0.000000 0.000000 1.000000 0.000000 0.000000 0.000000 0.000000 1.000000
0.999983 -0.005812 0.000000 -0.000000 0.005812 0.999983 0.000000 1.982647 0.000000 0.000000 1.000000 0.000000 0.000000 0.000000 0.000000 1.000000
0.999983 -0.005812 0.000000 -0.000000 0.005812 0.999983 0.000000 1.982647 0.000000 0.000000 1.000000 0.000000 0.000000 0.000000 0.000000 1.000000
0.999983 -0.005812 0.000000 -0.000000 0.005812 0.999983 0.000000 1.982647 0.000000 0.000000 1.000000 0.000000 0.000000 0.000000 0.000000 1.000000
0.999983 -0.005812 0.000000 -0.000000 0.005812 0.999983 0.000000 1.982647 0.000000 0.000000 1.000000 0.000000 0.000000 0.000000 0.000000 1.000000</float_array><technique_common><accessor source="#root_jnt-Matrix-animation-output-transform-array" count="31" stride="16"><param type="float4x4"/></accessor></technique_common></source><source id="root_jnt-Interpolations"><Name_array id="root_jnt-Interpolations-array" count="31">
 LINEAR LINEAR LINEAR LINEAR LINEAR LINEAR LINEAR LINEAR LINEAR LINEAR LINEAR
LINEAR LINEAR LINEAR LINEAR LINEAR LINEAR LINEAR LINEAR LINEAR LINEAR LINEAR LINEAR
LINEAR LINEAR LINEAR LINEAR LINEAR LINEAR LINEAR LINEAR</Name_array><technique_common><accessor source="#root_jnt-Interpolations-array" count="31"><param type="name"/></accessor></technique_common></source><sampler id="root_jnt-Matrix-animation-transform"><input semantic="INPUT" source="#root_jnt-Matrix-animation-input"/><input semantic="OUTPUT" source="#root_jnt-Matrix-animation-output-transform"/><input semantic="INTERPOLATION" source="#root_jnt-Interpolations"/></sampler><channel source="#root_jnt-Matrix-animation-transform" target="root_jnt/matrix"/></animation></animation>
    <animation id="jnt_spine1-anim" name="jnt_spine1"><animation><source id="jnt_spine1-Matrix-animation-input"><float_array id="jnt_spine1-Matrix-animation-input-array" count="31">

0.000000 0.033333 0.066667 0.100000 0.133333 0.166667 0.200000 0.233333 0.266667 0.300000 0.333333 0.366667 0.400000 0.433333 0.466667 0.500000
0.533333 0.566667 0.600000 0.633333 0.666667 0.700000 0.733333 0.766667 0.800000 0.833333 0.866667 0.900000 0.933333 0.966667 1.000000</float_array><technique_common><accessor source="#jnt_spine1-Matrix-animation-input-array" count="31"><param name="TIME" type="float"/></accessor></technique_common></source><source id="jnt_spine1-Matrix-animation-output-transform"><float_array id="jnt_spine1-Matrix-animation-output-transform-array" count="496">

0.999983 -0.005812 0.000000 0.000000 0.005812 0.999983 0.000000 0.479000 0.000000 0.000000 1.000000 0.000000 0.000000 0.000000 0.000000 1.000000
0.999983 -0.005812 0.000000 0.000000 0.005812 0.999983 0.000000 0.479000 0.000000 0.000000 1.000000 0.000000 0.000000 0.000000 0.000000 1.000000
0.999983 -0.005812 0.000000 0.000000 0.005812 0.999983 0.000000 0.479000 0.000000 0.000000 1.000000 0.000000 0.000000 0.000000 0.000000 1.000000
0.999983 -0.005812 0.000000 0.000000 0.005812 0.999983 0.000000 0.479000 0.000000 0.000000 1.000000 0.000000 0.000000 0.000000 0.000000 1.000000
0.999983 -0.005812 0.000000 0.000000 0.005812 0.999983 0.000000 0.479000 0.000000 0.000000 1.000000 0.000000 0.000000 0.000000 0.000000 1.000000
0.999983 -0.005812 0.000000 0.000000 0.005812 0.999983 0.000000 0.479000 0.000000 0.000000 1.000000 0.000000 0.000000 0.000000 0.000000 1.000000
0.999983 -0.005812 0.000000 0.000000 0.005812 0.999983 0.000000 0.479000 0.000000 0.000000 1.000000 0.000000 0.000000 0.000000 0.000000 1.000000
0.999983 -0.005812 0.000000 0.000000 0.005812 0.999983 0.000000 0.479000 0.000000 0.000000 1.000000 0.000000 0.000000 0.000000 0.000000 1.000000
0.999983 -0.005812 0.000000 0.000000 0.005812 0.999983 0.000000 0.479000 0.000000 0.000000 1.000000 0.000000 0.000000 0.000000 0.000000 1.000000
0.999983 -0.005812 0.000000 0.000000 0.005812 0.999983 0.000000 0.479000 0.000000 0.000000 1.000000 0.000000 0.000000 0.000000 0.000000 1.000000
0.999983 -0.005812 0.000000 0.000000 0.005812 0.999983 0.000000 0.479000 0.000000 0.000000 1.000000 0.000000 0.000000 0.000000 0.000000 1.000000
0.999983 -0.005812 0.000000 0.000000 0.005812 0.999983 0.000000 0.479000 0.000000 0.000000 1.000000 0.000000 0.000000 0.000000 0.000000 1.000000
0.999983 -0.005812 0.000000 0.000000 0.005812 0.999983 0.000000 0.479000 0.000000 0.000000 1.000000 0.000000 0.000000 0.000000 0.000000 1.000000
0.999983 -0.005812 0.000000 0.000000 0.005812 0.999983 0.000000 0.479000 0.000000 0.000000 1.000000 0.000000 0.000000 0.000000 0.000000 1.000000
0.999983 -0.005812 0.000000 0.000000 0.005812 0.999983 0.000000 0.479000 0.000000 0.000000 1.000000 0.000000 0.000000 0.000000 0.000000 1.000000
0.999983 -0.005812 0.000000 0.000000 0.005812 0.999983 0.000000 0.479000 0.000000 0.000000 1.000000 0.000000 0.000000 0.000000 0.000000 1.000000
0.999983 -0.005812 0.000000 0.000000 0.005812 0.999983 0.000000 0.479000 0.000000 0.000000 1.000000 0.000000 0.000000 0.000000 0.000000 1.000000
0.999983 -0.005812 0.000000 0.000000 0.005812 0.999983 0.000000 0.479000 0.000000 0.000000 1.000000 0.000000 0.000000 0.000000 0.000000 1.000000
0.999983 -0.005812 0.000000 0.000000 0.005812 0.999983 0.000000 0.479000 0.000000 0.000000 1.000000 0.000000 0.000000 0.000000 0.000000 1.000000
0.999983 -0.005812 0.000000 0.000000 0.005812 0.999983 0.000000 0.479000 0.000000 0.000000 1.000000 0.000000 0.000000 0.000000 0.000000 1.000000
0.999983 -0.005812 0.000000 0.000000 0.005812 0.999983 0.000000 0.479000 0.000000 0.000000 1.000000 0.000000 0.000000 0.000000 0.000000 1.000000
0.999983 -0.005812 0.000000 0.000000 0.005812 0.999983 0.000000 0.479000 0.000000 0.000000 1.000000 0.000000 0.000000 0.000000 0.000000 1.000000
0.999983 -0.005812 0.000000 0.000000 0.005812 0.999983 0.000000 0.479000 0.000000 0.000000 1.000000 0.000000 0.000000 0.000000 0.000000 1.000000
0.999983 -0.005812 0.000000 0.000000 0.005812 0.999983 0.000000 0.479000 0.000000 0.000000 1.000000 0.000000 0.000000 0.000000 0.000000 1.000000
0.999983 -0.005812 0.000000 0.000000 0.005812 0.999983 0.000000 0.479000 0.000000 0.000000 1.000000 0.000000 0.000000 0.000000 0.000000 1.000000
0.999983 -0.005812 0.000000 0.000000 0.005812 0.999983 0.000000 0.479000 0.000000 0.000000 1.000000 0.000000 0.000000 0.000000 0.000000 1.000000
0.999983 -0.005812 0.000000 0.000000 0.005812 0.999983 0.000000 0.479000 0.000000 0.000000 1.000000 0.000000 0.000000 0.000000 0.000000 1.000000
0.999983 -0.005812 0.000000 0.000000 0.005812 0.999983 0.000000 0.479000 0.000000 0.000000 1.000000 0.000000 0.000000 0.000000 0.000000 1.000000
0.999983 -0.005812 0.000000 0.000000 0.005812 0.999983 0.000000 0.479000 0.000000 0.000000 1.000000 0.000000 0.000000 0.000000 0.000000 1.000000
0.999983 -0.005812 0.000000 0.000000 0.005812 0.999983 0.000000 0.479000 0.000000 0.000000 1.000000 0.000000 0.000000 0.000000 0.000000 1.000000
0.999983 -0.005812 0.000000 0.000000 0.005812 0.999983 0.000000 0.479000 0.000000 0.000000 1.000000 0.000000 0.000000 0.000000 0.000000 1.000000</float_array><technique_common><accessor source="#jnt_spine1-Matrix-animation-output-transform-array" count="31" stride="16"><param type="float4x4"/></accessor></technique_common></source><source id="jnt_spine1-Interpolations"><Name_array id="jnt_spine1-Interpolations-array" count="31">
 LINEAR LINEAR LINEAR LINEAR LINEAR LINEAR LINEAR LINEAR LINEAR LINEAR LINEAR
LINEAR LINEAR LINEAR LINEAR LINEAR LINEAR LINEAR LINEAR LINEAR LINEAR LINEAR LINEAR
LINEAR LINEAR LINEAR LINEAR LINEAR LINEAR LINEAR LINEAR</Name_array><technique_common><accessor source="#jnt_spine1-Interpolations-array" count="31"><param type="name"/></accessor></technique_common></source><sampler id="jnt_spine1-Matrix-animation-transform"><input semantic="INPUT" source="#jnt_spine1-Matrix-animation-input"/><input semantic="OUTPUT" source="#jnt_spine1-Matrix-animation-output-transform"/><input semantic="INTERPOLATION" source="#jnt_spine1-Interpolations"/></sampler><channel source="#jnt_spine1-Matrix-animation-transform" target="jnt_spine1/matrix"/></animation></animation>
    <animation id="jnt_spine2-anim" name="jnt_spine2"><animation><source id="jnt_spine2-Matrix-animation-input"><float_array id="jnt_spine2-Matrix-animation-input-array" count="31">

0.000000 0.033333 0.066667 0.100000 0.133333 0.166667 0.200000 0.233333 0.266667 0.300000 0.333333 0.366667 0.400000 0.433333 0.466667 0.500000
0.533333 0.566667 0.600000 0.633333 0.666667 0.700000 0.733333 0.766667 0.800000 0.833333 0.866667 0.900000 0.933333 0.966667 1.000000</float_array><technique_common><accessor source="#jnt_spine2-Matrix-animation-input-array" count="31"><param name="TIME" type="float"/></accessor></technique_common></source><source id="jnt_spine2-Matrix-animation-output-transform"><float_array id="jnt_spine2-Matrix-animation-output-transform-array" count="496">

1.000000 -0.000000 0.000000 0.000000 0.000000 1.000000 0.000000 0.449000 0.000000 0.000000 1.000000 0.000000 0.000000 0.000000 0.000000 1.000000
1.000000 -0.000000 0.000000 0.000000 0.000000 1.000000 0.000000 0.449000 0.000000 0.000000 1.000000 0.000000 0.000000 0.000000 0.000000 1.000000
1.000000 -0.000000 0.000000 0.000000 0.000000 1.000000 0.000000 0.449000 0.000000 0.000000 1.000000 0.000000 0.000000 0.000000 0.000000 1.000000
1.000000 -0.000000 0.000000 0.000000 0.000000 1.000000 0.000000 0.449000 0.000000 0.000000 1.000000 0.000000 0.000000 0.000000 0.000000 1.000000
1.000000 -0.000000 0.000000 0.000000 0.000000 1.000000 0.000000 0.449000 0.000000 0.000000 1.000000 0.000000 0.000000 0.000000 0.000000 1.000000
1.000000 -0.000000 0.000000 0.000000 0.000000 1.000000 0.000000 0.449000 0.000000 0.000000 1.000000 0.000000 0.000000 0.000000 0.000000 1.000000
1.000000 -0.000000 0.000000 0.000000 0.000000 1.000000 0.000000 0.449000 0.000000 0.000000 1.000000 0.000000 0.000000 0.000000 0.000000 1.000000
1.000000 -0.000000 0.000000 0.000000 0.000000 1.000000 0.000000 0.449000 0.000000 0.000000 1.000000 0.000000 0.000000 0.000000 0.000000 1.000000
1.000000 -0.000000 0.000000 0.000000 0.000000 1.000000 0.000000 0.449000 0.000000 0.000000 1.000000 0.000000 0.000000 0.000000 0.000000 1.000000
1.000000 -0.000000 0.000000 0.000000 0.000000 1.000000 0.000000 0.449000 0.000000 0.000000 1.000000 0.000000 0.000000 0.000000 0.000000 1.000000
1.000000 -0.000000 0.000000 0.000000 0.000000 1.000000 0.000000 0.449000 0.000000 0.000000 1.000000 0.000000 0.000000 0.000000 0.000000 1.000000
1.000000 -0.000000 0.000000 0.000000 0.000000 1.000000 0.000000 0.449000 0.000000 0.000000 1.000000 0.000000 0.000000 0.000000 0.000000 1.000000
1.000000 -0.000000 0.000000 0.000000 0.000000 1.000000 0.000000 0.449000 0.000000 0.000000 1.000000 0.000000 0.000000 0.000000 0.000000 1.000000
1.000000 -0.000000 0.000000 0.000000 0.000000 1.000000 0.000000 0.449000 0.000000 0.000000 1.000000 0.000000 0.000000 0.000000 0.000000 1.000000
1.000000 -0.000000 0.000000 0.000000 0.000000 1.000000 0.000000 0.449000 0.000000 0.000000 1.000000 0.000000 0.000000 0.000000 0.000000 1.000000
1.000000 -0.000000 0.000000 0.000000 0.000000 1.000000 0.000000 0.449000 0.000000 0.000000 1.000000 0.000000 0.000000 0.000000 0.000000 1.000000
1.000000 -0.000000 0.000000 0.000000 0.000000 1.000000 0.000000 0.449000 0.000000 0.000000 1.000000 0.000000 0.000000 0.000000 0.000000 1.000000
1.000000 -0.000000 0.000000 0.000000 0.000000 1.000000 0.000000 0.449000 0.000000 0.000000 1.000000 0.000000 0.000000 0.000000 0.000000 1.000000
1.000000 -0.000000 0.000000 0.000000 0.000000 1.000000 0.000000 0.449000 0.000000 0.000000 1.000000 0.000000 0.000000 0.000000 0.000000 1.000000
1.000000 -0.000000 0.000000 0.000000 0.000000 1.000000 0.000000 0.449000 0.000000 0.000000 1.000000 0.000000 0.000000 0.000000 0.000000 1.000000
1.000000 -0.000000 0.000000 0.000000 0.000000 1.000000 0.000000 0.449000 0.000000 0.000000 1.000000 0.000000 0.000000 0.000000 0.000000 1.000000
1.000000 -0.000000 0.000000 0.000000 0.000000 1.000000 0.000000 0.449000 0.000000 0.000000 1.000000 0.000000 0.000000 0.000000 0.000000 1.000000
1.000000 -0.000000 0.000000 0.000000 0.000000 1.000000 0.000000 0.449000 0.000000 0.000000 1.000000 0.000000 0.000000 0.000000 0.000000 1.000000
1.000000 -0.000000 0.000000 0.000000 0.000000 1.000000 0.000000 0.449000 0.000000 0.000000 1.000000 0.000000 0.000000 0.000000 0.000000 1.000000
1.000000 -0.000000 0.000000 0.000000 0.000000 1.000000 0.000000 0.449000 0.000000 0.000000 1.000000 0.000000 0.000000 0.000000 0.000000 1.000000
1.000000 -0.000000 0.000000 0.000000 0.000000 1.000000 0.000000 0.449000 0.000000 0.000000 1.000000 0.000000 0.000000 0.000000 0.000000 1.000000
1.000000 -0.000000 0.000000 0.000000 0.000000 1.000000 0.000000 0.449000 0.000000 0.000000 1.000000 0.000000 0.000000 0.000000 0.000000 1.000000
1.000000 -0.000000 0.000000 0.000000 0.000000 1.000000 0.000000 0.449000 0.000000 0.000000 1.000000 0.000000 0.000000 0.000000 0.000000 1.000000
1.000000 -0.000000 0.000000 0.000000 0.000000 1.000000 0.000000 0.449000 0.000000 0.000000 1.000000 0.000000 0.000000 0.000000 0.000000 1.000000
1.000000 -0.000000 0.000000 0.000000 0.000000 1.000000 0.000000 0.449000 0.000000 0.000000 1.000000 0.000000 0.000000 0.000000 0.000000 1.000000
1.000000 -0.000000 0.000000 0.000000 0.000000 1.000000 0.000000 0.449000 0.000000 0.000000 1.000000 0.000000 0.000000 0.000000 0.000000 1.000000</float_array><technique_common><accessor source="#jnt_spine2-Matrix-animation-output-transform-array" count="31" stride="16"><param type="float4x4"/></accessor></technique_common></source><source id="jnt_spine2-Interpolations"><Name_array id="jnt_spine2-Interpolations-array" count="31">
 LINEAR LINEAR LINEAR LINEAR LINEAR LINEAR LINEAR LINEAR LINEAR LINEAR LINEAR
LINEAR LINEAR LINEAR LINEAR LINEAR LINEAR LINEAR LINEAR LINEAR LINEAR LINEAR LINEAR
LINEAR LINEAR LINEAR LINEAR LINEAR LINEAR LINEAR LINEAR</Name_array><technique_common><accessor source="#jnt_spine2-Interpolations-array" count="31"><param type="name"/></accessor></technique_common></source><sampler id="jnt_spine2-Matrix-animation-transform"><input semantic="INPUT" source="#jnt_spine2-Matrix-animation-input"/><input semantic="OUTPUT" source="#jnt_spine2-Matrix-animation-output-transform"/><input semantic="INTERPOLATION" source="#jnt_spine2-Interpolations"/></sampler><channel source="#jnt_spine2-Matrix-animation-transform" target="jnt_spine2/matrix"/></animation></animation>
    <animation id="jnt_head-anim" name="jnt_head"><animation><source id="jnt_head-Matrix-animation-input"><float_array id="jnt_head-Matrix-animation-input-array" count="31">

0.000000 0.033333 0.066667 0.100000 0.133333 0.166667 0.200000 0.233333 0.266667 0.300000 0.333333 0.366667 0.400000 0.433333 0.466667 0.500000
0.533333 0.566667 0.600000 0.633333 0.666667 0.700000 0.733333 0.766667 0.800000 0.833333 0.866667 0.900000 0.933333 0.966667 1.000000</float_array><technique_common><accessor source="#jnt_head-Matrix-animation-input-array" count="31"><param name="TIME" type="float"/></accessor></technique_common></source><source id="jnt_head-Matrix-animation-output-transform"><float_array id="jnt_head-Matrix-animation-output-transform-array" count="496">

0.000000 -0.005812 0.999983 -0.000000 0.000000 0.999983 0.005812 0.296642 -1.000000 -0.000000 0.000000 0.000000 0.000000 0.000000 0.000000 1.000000
0.013497 -0.005812 0.999892 -0.000000 0.000078 0.999983 0.005811 0.296642 -0.999909 0.000000 0.013497 0.000000 0.000000 0.000000 0.000000 1.000000
0.052103 -0.005812 0.998625 -0.000000 0.000303 0.999983 0.005804 0.296642 -0.998642 -0.000000 0.052104 0.000000 0.000000 0.000000 0.000000 1.000000
0.112855 -0.005812 0.993595 -0.000000 0.000656 0.999983 0.005775 0.296642 -0.993611 -0.000000 0.112856 0.000000 0.000000 0.000000 0.000000 1.000000
0.192404 -0.005812 0.981298 -0.000000 0.001118 0.999983 0.005703 0.296642 -0.981315 -0.000000 0.192408 0.000000 0.000000 0.000000 0.000000 1.000000
0.286798 -0.005812 0.957973 -0.000000 0.001667 0.999983 0.005568 0.296642 -0.957989 -0.000000 0.286803 0.000000 0.000000 0.000000 0.000000 1.000000
0.391367 -0.005812 0.920216 -0.000000 0.002275 0.999983 0.005348 0.296642 -0.920232 0.000000 0.391374 0.000000 0.000000 0.000000 0.000000 1.000000
0.500797 -0.005812 0.865545 -0.000000 0.002911 0.999983 0.005031 0.296642 -0.865560 -0.000000 0.500806 0.000000 0.000000 0.000000 0.000000 1.000000
0.609397 -0.005812 0.792844 -0.000000 0.003542 0.999983 0.004608 0.296642 -0.792857 -0.000000 0.609407 0.000000 0.000000 0.000000 0.000000 1.000000
0.711524 -0.005812 0.702638 -0.000000 0.004135 0.999983 0.004084 0.296642 -0.702650 -0.000000 0.711536 0.000000 0.000000 0.000000 0.000000 1.000000
0.802110 -0.005812 0.597148 -0.000000 0.004662 0.999983 0.003471 0.296642 -0.597159 0.000000 0.802123 0.000000 0.000000 0.000000 0.000000 1.000000
0.877187 -0.005812 0.480113 -0.000000 0.005098 0.999983 0.002790 0.296642 -0.480121 0.000000 0.877202 0.000000 0.000000 0.000000 0.000000 1.000000
0.934313 -0.005812 0.356406 -0.000000 0.005430 0.999983 0.002071 0.296642 -0.356412 0.000000 0.934329 0.000000 0.000000 0.000000 0.000000 1.000000
0.972813 -0.005812 0.231518 -0.000000 0.005654 0.999983 0.001346 0.296642 -0.231522 0.000000 0.972830 0.000000 0.000000 0.000000 0.000000 1.000000
0.993803 -0.005812 0.111005 -0.000000 0.005776 0.999983 0.000645 0.296642 -0.111006 -0.000000 0.993820 0.000000 0.000000 0.000000 0.000000 1.000000
0.999983 -0.005812 0.000000 -0.000000 0.005812 0.999983 0.000000 0.296642 0.000000 0.000000 1.000000 0.000000 0.000000 0.000000 0.000000 1.000000
0.993803 -0.005812 -0.111005 -0.000000 0.005776 0.999983 -0.000645 0.296642 0.111006 0.000000 0.993820 0.000000 0.000000 0.000000 0.000000 1.000000
0.972813 -0.005812 -0.231518 -0.000000 0.005654 0.999983 -0.001346 0.296642 0.231522 0.000000 0.972830 0.000000 0.000000 0.000000 0.000000 1.000000
0.934313 -0.005812 -0.356406 -0.000000 0.005430 0.999983 -0.002071 0.296642 0.356412 0.000000 0.934329 0.000000 0.000000 0.000000 0.000000 1.000000
0.877187 -0.005812 -0.480113 -0.000000 0.005098 0.999983 -0.002790 0.296642 0.480121 -0.000000 0.877202 0.000000 0.000000 0.000000 0.000000 1.000000
0.802110 -0.005812 -0.597148 -0.000000 0.004662 0.999983 -0.003471 0.296642 0.597159 -0.000000 0.802123 0.000000 0.000000 0.000000 0.000000 1.000000
0.711524 -0.005812 -0.702638 -0.000000 0.004135 0.999983 -0.004084 0.296642 0.702650 0.000000 0.711536 0.000000 0.000000 0.000000 0.000000 1.000000
0.609397 -0.005812 -0.792844 -0.000000 0.003542 0.999983 -0.004608 0.296642 0.792857 0.000000 0.609407 0.000000 0.000000 0.000000 0.000000 1.000000
0.500797 -0.005812 -0.865545 -0.000000 0.002911 0.999983 -0.005031 0.296642 0.865560 0.000000 0.500806 0.000000 0.000000 0.000000 0.000000 1.000000
0.391367 -0.005812 -0.920216 -0.000000 0.002275 0.999983 -0.005348 0.296642 0.920232 0.000000 0.391374 0.000000 0.000000 0.000000 0.000000 1.000000
0.286798 -0.005812 -0.957973 -0.000000 0.001667 0.999983 -0.005568 0.296642 0.957989 0.000000 0.286803 0.000000 0.000000 0.000000 0.000000 1.000000
0.192404 -0.005812 -0.981298 -0.000000 0.001118 0.999983 -0.005703 0.296642 0.981315 0.000000 0.192408 0.000000 0.000000 0.000000 0.000000 1.000000
0.112855 -0.005812 -0.993595 -0.000000 0.000656 0.999983 -0.005775 0.296642 0.993611 0.000000 0.112856 0.000000 0.000000 0.000000 0.000000 1.000000
0.052103 -0.005812 -0.998625 -0.000000 0.000303 0.999983 -0.005804 0.296642 0.998642 0.000000 0.052104 0.000000 0.000000 0.000000 0.000000 1.000000
0.013497 -0.005812 -0.999892 -0.000000 0.000078 0.999983 -0.005811 0.296642 0.999909 0.000000 0.013497 0.000000 0.000000 0.000000 0.000000 1.000000
0.000000 -0.005812 -0.999983 -0.000000 0.000000 0.999983 -0.005812 0.296642 1.000000 0.000000 0.000000 0.000000 0.000000 0.000000 0.000000 1.000000</float_array><technique_common><accessor source="#jnt_head-Matrix-animation-output-transform-array" count="31" stride="16"><param type="float4x4"/></accessor></technique_common></source><source id="jnt_head-Interpolations"><Name_array id="jnt_head-Interpolations-array" count="31">
 LINEAR LINEAR LINEAR LINEAR LINEAR LINEAR LINEAR LINEAR LINEAR LINEAR LINEAR
LINEAR LINEAR LINEAR LINEAR LINEAR LINEAR LINEAR LINEAR LINEAR LINEAR LINEAR LINEAR
LINEAR LINEAR LINEAR LINEAR LINEAR LINEAR LINEAR LINEAR</Name_array><technique_common><accessor source="#jnt_head-Interpolations-array" count="31"><param type="name"/></accessor></technique_common></source><sampler id="jnt_head-Matrix-animation-transform"><input semantic="INPUT" source="#jnt_head-Matrix-animation-input"/><input semantic="OUTPUT" source="#jnt_head-Matrix-animation-output-transform"/><input semantic="INTERPOLATION" source="#jnt_head-Interpolations"/></sampler><channel source="#jnt_head-Matrix-animation-transform" target="jnt_head/matrix"/></animation></animation>
    <animation id="jnt_06_upperleg-anim" name="jnt_06_upperleg"><animation><source id="jnt_06_upperleg-Matrix-animation-input"><float_array id="jnt_06_upperleg-Matrix-animation-input-array" count="31">

0.000000 0.033333 0.066667 0.100000 0.133333 0.166667 0.200000 0.233333 0.266667 0.300000 0.333333 0.366667 0.400000 0.433333 0.466667 0.500000
0.533333 0.566667 0.600000 0.633333 0.666667 0.700000 0.733333 0.766667 0.800000 0.833333 0.866667 0.900000 0.933333 0.966667 1.000000</float_array><technique_common><accessor source="#jnt_06_upperleg-Matrix-animation-input-array" count="31"><param name="TIME" type="float"/></accessor></technique_common></source><source id="jnt_06_upperleg-Matrix-animation-output-transform"><float_array id="jnt_06_upperleg-Matrix-animation-output-transform-array" count="496">

0.499912 0.010689 -0.866010 0.236446 -0.012661 0.999907 0.005033 0.000000 0.865983 0.008448 0.500001 0.409537 0.000000 0.000000 0.000000 1.000000
0.499912 0.010689 -0.866010 0.236446 -0.012661 0.999907 0.005033 0.000000 0.865983 0.008448 0.500001 0.409537 0.000000 0.000000 0.000000 1.000000
0.499912 0.010689 -0.866010 0.236446 -0.012661 0.999907 0.005033 0.000000 0.865983 0.008448 0.500001 0.409537 0.000000 0.000000 0.000000 1.000000
0.499912 0.010689 -0.866010 0.236446 -0.012661 0.999907 0.005033 0.000000 0.865983 0.008448 0.500001 0.409537 0.000000 0.000000 0.000000 1.000000
0.499912 0.010689 -0.866010 0.236446 -0.012661 0.999907 0.005033 0.000000 0.865983 0.008448 0.500001 0.409537 0.000000 0.000000 0.000000 1.000000
0.499912 0.010689 -0.866010 0.236446 -0.012661 0.999907 0.005033 0.000000 0.865983 0.008448 0.500001 0.409537 0.000000 0.000000 0.000000 1.000000
0.499912 0.010689 -0.866010 0.236446 -0.012661 0.999907 0.005033 0.000000 0.865983 0.008448 0.500001 0.409537 0.000000 0.000000 0.000000 1.000000
0.499912 0.010689 -0.866010 0.236446 -0.012661 0.999907 0.005033 0.000000 0.865983 0.008448 0.500001 0.409537 0.000000 0.000000 0.000000 1.000000
0.499912 0.010689 -0.866010 0.236446 -0.012661 0.999907 0.005033 0.000000 0.865983 0.008448 0.500001 0.409537 0.000000 0.000000 0.000000 1.000000
0.499912 0.010689 -0.866010 0.236446 -0.012661 0.999907 0.005033 0.000000 0.865983 0.008448 0.500001 0.409537 0.000000 0.000000 0.000000 1.000000
0.499912 0.010689 -0.866010 0.236446 -0.012661 0.999907 0.005033 0.000000 0.865983 0.008448 0.500001 0.409537 0.000000 0.000000 0.000000 1.000000
0.499912 0.010689 -0.866010 0.236446 -0.012661 0.999907 0.005033 0.000000 0.865983 0.008448 0.500001 0.409537 0.000000 0.000000 0.000000 1.000000
0.499912 0.010689 -0.866010 0.236446 -0.012661 0.999907 0.005033 0.000000 0.865983 0.008448 0.500001 0.409537 0.000000 0.000000 0.000000 1.000000
0.499912 0.010689 -0.866010 0.236446 -0.012661 0.999907 0.005033 0.000000 0.865983 0.008448 0.500001 0.409537 0.000000 0.000000 0.000000 1.000000
0.499912 0.010689 -0.866010 0.236446 -0.012661 0.999907 0.005033 0.000000 0.865983 0.008448 0.500001 0.409537 0.000000 0.000000 0.000000 1.000000
0.499912 0.010689 -0.866010 0.236446 -0.012661 0.999907 0.005033 0.000000 0.865983 0.008448 0.500001 0.409537 0.000000 0.000000 0.000000 1.000000
0.499912 0.010689 -0.866010 0.236446 -0.012661 0.999907 0.005033 0.000000 0.865983 0.008448 0.500001 0.409537 0.000000 0.000000 0.000000 1.000000
0.499912 0.010689 -0.866010 0.236446 -0.012661 0.999907 0.005033 0.000000 0.865983 0.008448 0.500001 0.409537 0.000000 0.000000 0.000000 1.000000
0.499912 0.010689 -0.866010 0.236446 -0.012661 0.999907 0.005033 0.000000 0.865983 0.008448 0.500001 0.409537 0.000000 0.000000 0.000000 1.000000
0.499912 0.010689 -0.866010 0.236446 -0.012661 0.999907 0.005033 0.000000 0.865983 0.008448 0.500001 0.409537 0.000000 0.000000 0.000000 1.000000
0.499912 0.010689 -0.866010 0.236446 -0.012661 0.999907 0.005033 0.000000 0.865983 0.008448 0.500001 0.409537 0.000000 0.000000 0.000000 1.000000
0.499912 0.010689 -0.866010 0.236446 -0.012661 0.999907 0.005033 0.000000 0.865983 0.008448 0.500001 0.409537 0.000000 0.000000 0.000000 1.000000
0.499912 0.010689 -0.866010 0.236446 -0.012661 0.999907 0.005033 0.000000 0.865983 0.008448 0.500001 0.409537 0.000000 0.000000 0.000000 1.000000
0.499912 0.010689 -0.866010 0.236446 -0.012661 0.999907 0.005033 0.000000 0.865983 0.008448 0.500001 0.409537 0.000000 0.000000 0.000000 1.000000
0.499912 0.010689 -0.866010 0.236446 -0.012661 0.999907 0.005033 0.000000 0.865983 0.008448 0.500001 0.409537 0.000000 0.000000 0.000000 1.000000
0.499912 0.010689 -0.866010 0.236446 -0.012661 0.999907 0.005033 0.000000 0.865983 0.008448 0.500001 0.409537 0.000000 0.000000 0.000000 1.000000
0.499912 0.010689 -0.866010 0.236446 -0.012661 0.999907 0.005033 0.000000 0.865983 0.008448 0.500001 0.409537 0.000000 0.000000 0.000000 1.000000
0.499912 0.010689 -0.866010 0.236446 -0.012661 0.999907 0.005033 0.000000 0.865983 0.008448 0.500001 0.409537 0.000000 0.000000 0.000000 1.000000
0.499912 0.010689 -0.866010 0.236446 -0.012661 0.999907 0.005033 0.000000 0.865983 0.008448 0.500001 0.409537 0.000000 0.000000 0.000000 1.000000
0.499912 0.010689 -0.866010 0.236446 -0.012661 0.999907 0.005033 0.000000 0.865983 0.008448 0.500001 0.409537 0.000000 0.000000 0.000000 1.000000
0.499912 0.010689 -0.866010 0.236446 -0.012661 0.999907 0.005033 0.000000 0.865983 0.008448 0.500001 0.409537 0.000000 0.000000 0.000000 1.000000</float_array><technique_common><accessor source="#jnt_06_upperleg-Matrix-animation-output-transform-array" count="31" stride="16"><param type="float4x4"/></accessor></technique_common></source><source id="jnt_06_upperleg-Interpolations"><Name_array id="jnt_06_upperleg-Interpolations-array" count="31">
 LINEAR LINEAR LINEAR LINEAR LINEAR LINEAR LINEAR LINEAR LINEAR LINEAR LINEAR
LINEAR LINEAR LINEAR LINEAR LINEAR LINEAR LINEAR LINEAR LINEAR LINEAR LINEAR LINEAR
LINEAR LINEAR LINEAR LINEAR LINEAR LINEAR LINEAR LINEAR</Name_array><technique_common><accessor source="#jnt_06_upperleg-Interpolations-array" count="31"><param type="name"/></accessor></technique_common></source><sampler id="jnt_06_upperleg-Matrix-animation-transform"><input semantic="INPUT" source="#jnt_06_upperleg-Matrix-animation-input"/><input semantic="OUTPUT" source="#jnt_06_upperleg-Matrix-animation-output-transform"/><input semantic="INTERPOLATION" source="#jnt_06_upperleg-Interpolations"/></sampler><channel source="#jnt_06_upperleg-Matrix-animation-transform" target="jnt_06_upperleg/matrix"/></animation></animation>
    <animation id="jnt_06_lowerleg-anim" name="jnt_06_lowerleg"><animation><source id="jnt_06_lowerleg-Matrix-animation-input"><float_array id="jnt_06_lowerleg-Matrix-animation-input-array" count="31">

0.000000 0.033333 0.066667 0.100000 0.133333 0.166667 0.200000 0.233333 0.266667 0.300000 0.333333 0.366667 0.400000 0.433333 0.466667 0.500000
0.533333 0.566667 0.600000 0.633333 0.666667 0.700000 0.733333 0.766667 0.800000 0.833333 0.866667 0.900000 0.933333 0.966667 1.000000</float_array><technique_common><accessor source="#jnt_06_lowerleg-Matrix-animation-input-array" count="31"><param name="TIME" type="float"/></accessor></technique_common></source><source id="jnt_06_lowerleg-Matrix-animation-output-transform"><float_array id="jnt_06_lowerleg-Matrix-animation-output-transform-array" count="496">

0.003014 0.999995 0.000000 1.972000 -0.999995 0.003014 0.000000 -0.000000 -0.000000 0.000000 1.000000 0.000000 0.000000 0.000000 0.000000 1.000000
0.003014 0.999995 0.000000 1.972000 -0.999995 0.003014 0.000000 -0.000000 -0.000000 0.000000 1.000000 0.000000 0.000000 0.000000 0.000000 1.000000
0.003014 0.999995 0.000000 1.972000 -0.999995 0.003014 0.000000 -0.000000 -0.000000 0.000000 1.000000 0.000000 0.000000 0.000000 0.000000 1.000000
0.003014 0.999995 0.000000 1.972000 -0.999995 0.003014 0.000000 -0.000000 -0.000000 0.000000 1.000000 0.000000 0.000000 0.000000 0.000000 1.000000
0.003014 0.999995 0.000000 1.972000 -0.999995 0.003014 0.000000 -0.000000 -0.000000 0.000000 1.000000 0.000000 0.000000 0.000000 0.000000 1.000000
0.003014 0.999995 0.000000 1.972000 -0.999995 0.003014 0.000000 -0.000000 -0.000000 0.000000 1.000000 0.000000 0.000000 0.000000 0.000000 1.000000
0.003014 0.999995 0.000000 1.972000 -0.999995 0.003014 0.000000 -0.000000 -0.000000 0.000000 1.000000 0.000000 0.000000 0.000000 0.000000 1.000000
0.003014 0.999995 0.000000 1.972000 -0.999995 0.003014 0.000000 -0.000000 -0.000000 0.000000 1.000000 0.000000 0.000000 0.000000 0.000000 1.000000
0.003014 0.999995 0.000000 1.972000 -0.999995 0.003014 0.000000 -0.000000 -0.000000 0.000000 1.000000 0.000000 0.000000 0.000000 0.000000 1.000000
0.003014 0.999995 0.000000 1.972000 -0.999995 0.003014 0.000000 -0.000000 -0.000000 0.000000 1.000000 0.000000 0.000000 0.000000 0.000000 1.000000
0.003014 0.999995 0.000000 1.972000 -0.999995 0.003014 0.000000 -0.000000 -0.000000 0.000000 1.000000 0.000000 0.000000 0.000000 0.000000 1.000000
0.003014 0.999995 0.000000 1.972000 -0.999995 0.003014 0.000000 -0.000000 -0.000000 0.000000 1.000000 0.000000 0.000000 0.000000 0.000000 1.000000
0.003014 0.999995 0.000000 1.972000 -0.999995 0.003014 0.000000 -0.000000 -0.000000 0.000000 1.000000 0.000000 0.000000 0.000000 0.000000 1.000000
0.003014 0.999995 0.000000 1.972000 -0.999995 0.003014 0.000000 -0.000000 -0.000000 0.000000 1.000000 0.000000 0.000000 0.000000 0.000000 1.000000
0.003014 0.999995 0.000000 1.972000 -0.999995 0.003014 0.000000 -0.000000 -0.000000 0.000000 1.000000 0.000000 0.000000 0.000000 0.000000 1.000000
0.003014 0.999995 0.000000 1.972000 -0.999995 0.003014 0.000000 -0.000000 -0.000000 0.000000 1.000000 0.000000 0.000000 0.000000 0.000000 1.000000
0.003014 0.999995 0.000000 1.972000 -0.999995 0.003014 0.000000 -0.000000 -0.000000 0.000000 1.000000 0.000000 0.000000 0.000000 0.000000 1.000000
0.003014 0.999995 0.000000 1.972000 -0.999995 0.003014 0.000000 -0.000000 -0.000000 0.000000 1.000000 0.000000 0.000000 0.000000 0.000000 1.000000
0.003014 0.999995 0.000000 1.972000 -0.999995 0.003014 0.000000 -0.000000 -0.000000 0.000000 1.000000 0.000000 0.000000 0.000000 0.000000 1.000000
0.003014 0.999995 0.000000 1.972000 -0.999995 0.003014 0.000000 -0.000000 -0.000000 0.000000 1.000000 0.000000 0.000000 0.000000 0.000000 1.000000
0.003014 0.999995 0.000000 1.972000 -0.999995 0.003014 0.000000 -0.000000 -0.000000 0.000000 1.000000 0.000000 0.000000 0.000000 0.000000 1.000000
0.003014 0.999995 0.000000 1.972000 -0.999995 0.003014 0.000000 -0.000000 -0.000000 0.000000 1.000000 0.000000 0.000000 0.000000 0.000000 1.000000
0.003014 0.999995 0.000000 1.972000 -0.999995 0.003014 0.000000 -0.000000 -0.000000 0.000000 1.000000 0.000000 0.000000 0.000000 0.000000 1.000000
0.003014 0.999995 0.000000 1.972000 -0.999995 0.003014 0.000000 -0.000000 -0.000000 0.000000 1.000000 0.000000 0.000000 0.000000 0.000000 1.000000
0.003014 0.999995 0.000000 1.972000 -0.999995 0.003014 0.000000 -0.000000 -0.000000 0.000000 1.000000 0.000000 0.000000 0.000000 0.000000 1.000000
0.003014 0.999995 0.000000 1.972000 -0.999995 0.003014 0.000000 -0.000000 -0.000000 0.000000 1.000000 0.000000 0.000000 0.000000 0.000000 1.000000
0.003014 0.999995 0.000000 1.972000 -0.999995 0.003014 0.000000 -0.000000 -0.000000 0.000000 1.000000 0.000000 0.000000 0.000000 0.000000 1.000000
0.003014 0.999995 0.000000 1.972000 -0.999995 0.003014 0.000000 -0.000000 -0.000000 0.000000 1.000000 0.000000 0.000000 0.000000 0.000000 1.000000
0.003014 0.999995 0.000000 1.972000 -0.999995 0.003014 0.000000 -0.000000 -0.000000 0.000000 1.000000 0.000000 0.000000 0.000000 0.000000 1.000000
0.003014 0.999995 0.000000 1.972000 -0.999995 0.003014 0.000000 -0.000000 -0.000000 0.000000 1.000000 0.000000 0.000000 0.000000 0.000000 1.000000
0.003014 0.999995 0.000000 1.972000 -0.999995 0.003014 0.000000 -0.000000 -0.000000 0.000000 1.000000 0.000000 0.000000 0.000000 0.000000 1.000000</float_array><technique_common><accessor source="#jnt_06_lowerleg-Matrix-animation-output-transform-array" count="31" stride="16"><param type="float4x4"/></accessor></technique_common></source><source id="jnt_06_lowerleg-Interpolations"><Name_array id="jnt_06_lowerleg-Interpolations-array" count="31">
 LINEAR LINEAR LINEAR LINEAR LINEAR LINEAR LINEAR LINEAR LINEAR LINEAR LINEAR
LINEAR LINEAR LINEAR LINEAR LINEAR LINEAR LINEAR LINEAR LINEAR LINEAR LINEAR LINEAR
LINEAR LINEAR LINEAR LINEAR LINEAR LINEAR LINEAR LINEAR</Name_array><technique_common><accessor source="#jnt_06_lowerleg-Interpolations-array" count="31"><param type="name"/></accessor></technique_common></source><sampler id="jnt_06_lowerleg-Matrix-animation-transform"><input semantic="INPUT" source="#jnt_06_lowerleg-Matrix-animation-input"/><input semantic="OUTPUT" source="#jnt_06_lowerleg-Matrix-animation-output-transform"/><input semantic="INTERPOLATION" source="#jnt_06_lowerleg-Interpolations"/></sampler><channel source="#jnt_06_lowerleg-Matrix-animation-transform" target="jnt_06_lowerleg/matrix"/></animation></animation>
    <animation id="jnt_06_legend-anim" name="jnt_06_legend"><animation><source id="jnt_06_legend-Matrix-animation-input"><float_array id="jnt_06_legend-Matrix-animation-input-array" count="31">

0.000000 0.033333 0.066667 0.100000 0.133333 0.166667 0.200000 0.233333 0.266667 0.300000 0.333333 0.366667 0.400000 0.433333 0.466667 0.500000
0.533333 0.566667 0.600000 0.633333 0.666667 0.700000 0.733333 0.766667 0.800000 0.833333 0.866667 0.900000 0.933333 0.966667 1.000000</float_array><technique_common><accessor source="#jnt_06_legend-Matrix-animation-input-array" count="31"><param name="TIME" type="float"/></accessor></technique_common></source><source id="jnt_06_legend-Matrix-animation-output-transform"><float_array id="jnt_06_legend-Matrix-animation-output-transform-array" count="496">

1.000000 0.000000 0.000000 1.965000 -0.000000 1.000000 0.000000 0.000000 0.000000 0.000000 1.000000 0.000000 0.000000 0.000000 0.000000 1.000000
1.000000 0.000000 0.000000 1.965000 -0.000000 1.000000 0.000000 0.000000 0.000000 0.000000 1.000000 0.000000 0.000000 0.000000 0.000000 1.000000
1.000000 0.000000 0.000000 1.965000 -0.000000 1.000000 0.000000 0.000000 0.000000 0.000000 1.000000 0.000000 0.000000 0.000000 0.000000 1.000000
