<?xml version="1.0" encoding="utf-8"?>
<COLLADA xmlns="http://www.collada.org/2005/11/COLLADASchema" version="1.4.1">
  <asset><contributor><author></author><authoring_tool>FBX COLLADA exporter</authoring_tool><comments></comments></contributor><created>2020-04-19T21:37:01Z</created><keywords></keywords><modified>2020-04-19T21:37:01Z</modified><revision></revision><subject></subject><title></title><unit meter="0.010000" name="centimeter"></unit><up_axis>Y_UP</up_axis></asset>
  <library_animations>
    <animation id="rig_root_jnt-anim" name="rig_root_jnt"><animation><source id="rig_root_jnt-Matrix-animation-input"><float_array id="rig_root_jnt-Matrix-animation-input-array" count="25">

0.000000 0.033333 0.066667 0.100000 0.133333 0.166667 0.200000 0.233333 0.266667 0.300000 0.333333 0.366667 0.400000 0.433333 0.466667 0.500000
0.533333 0.566667 0.600000 0.633333 0.666667 0.700000 0.733333 0.766667 0.800000</float_array><technique_common><accessor source="#rig_root_jnt-Matrix-animation-input-array" count="25"><param name="TIME" type="float"/></accessor></technique_common></source><source id="rig_root_jnt-Matrix-animation-output-transform"><float_array id="rig_root_jnt-Matrix-animation-output-transform-array" count="400">

0.984265 0.175972 -0.016030 0.264002 -0.176701 0.980206 -0.089290 1.150955 0.000000 0.090717 0.995877 0.000000 0.000000 0.000000 0.000000 1.000000
0.985697 0.167834 -0.015288 0.249218 -0.168529 0.981632 -0.089420 1.183385 -0.000000 0.090717 0.995877 0.000000 0.000000 0.000000 0.000000 1.000000
0.989303 0.145277 -0.013234 0.209090 -0.145878 0.985223 -0.089747 1.264459 0.000000 0.090717 0.995877 0.000000 0.000000 0.000000 0.000000 1.000000
0.993762 0.111059 -0.010117 0.149954 -0.111519 0.989665 -0.090151 1.369855 0.000000 0.090717 0.995877 0.000000 0.000000 0.000000 0.000000 1.000000
0.997667 0.067983 -0.006193 0.078145 -0.068265 0.993554 -0.090505 1.475251 -0.000000 0.090717 0.995877 0.000000 0.000000 0.000000 0.000000 1.000000
0.999819 0.018948 -0.001726 0.000001 -0.019027 0.995696 -0.090701 1.556324 -0.000000 0.090717 0.995877 0.000000 0.000000 0.000000 0.000000 1.000000
0.999449 -0.033047 0.003010 -0.078143 0.033184 0.995328 -0.090667 1.588754 -0.000000 0.090717 0.995877 0.000000 0.000000 0.000000 0.000000 1.000000
0.996355 -0.084952 0.007739 -0.149952 0.085304 0.992247 -0.090386 1.486643 -0.000000 0.090717 0.995877 0.000000 0.000000 0.000000 0.000000 1.000000
0.990942 -0.133737 0.012182 -0.209088 0.134291 0.986856 -0.089895 1.261999 -0.000000 0.090717 0.995877 0.000000 0.000000 0.000000 0.000000 1.000000
0.984177 -0.176460 0.016074 -0.249216 0.177191 0.980118 -0.089282 1.037355 -0.000000 0.090717 0.995877 0.000000 0.000000 0.000000 0.000000 1.000000
0.977447 -0.210308 0.019158 -0.264000 0.211179 0.973417 -0.088671 0.935245 -0.000000 0.090717 0.995877 0.000000 0.000000 0.000000 0.000000 1.000000
0.972347 -0.232578 0.021186 -0.256303 0.233541 0.968338 -0.088209 1.022678 0.000000 0.090717 0.995877 0.000000 0.000000 0.000000 0.000000 1.000000
0.970376 -0.240603 0.021917 -0.234752 0.241600 0.966375 -0.088030 1.150955 -0.000000 0.090717 0.995877 0.000000 0.000000 0.000000 0.000000 1.000000
0.972347 -0.232578 0.021186 -0.201656 0.233541 0.968338 -0.088209 1.240113 0.000000 0.090717 0.995877 0.000000 0.000000 0.000000 0.000000 1.000000
0.977447 -0.210308 0.019158 -0.159323 0.211179 0.973417 -0.088671 1.337071 -0.000000 0.090717 0.995877 0.000000 0.000000 0.000000 0.000000 1.000000
0.984177 -0.176460 0.016074 -0.110064 0.177191 0.980118 -0.089282 1.431121 -0.000000 0.090717 0.995877 0.000000 0.000000 0.000000 0.000000 1.000000
0.990942 -0.133737 0.012182 -0.056186 0.134291 0.986856 -0.089895 1.511557 -0.000000 0.090717 0.995877 0.000000 0.000000 0.000000 0.000000 1.000000
0.996355 -0.084952 0.007739 0.000001 0.085304 0.992247 -0.090386 1.567670 -0.000000 0.090717 0.995877 0.000000 0.000000 0.000000 0.000000 1.000000
0.999449 -0.033047 0.003010 0.056188 0.033184 0.995328 -0.090667 1.588754 -0.000000 0.090717 0.995877 0.000000 0.000000 0.000000 0.000000 1.000000
0.999819 0.018948 -0.001726 0.110066 -0.019027 0.995696 -0.090701 1.486643 -0.000000 0.090717 0.995877 0.000000 0.000000 0.000000 0.000000 1.000000
0.997667 0.067983 -0.006193 0.159325 -0.068265 0.993554 -0.090505 1.261999 -0.000000 0.090717 0.995877 0.000000 0.000000 0.000000 0.000000 1.000000
0.993762 0.111059 -0.010117 0.201658 -0.111519 0.989665 -0.090151 1.037355 0.000000 0.090717 0.995877 0.000000 0.000000 0.000000 0.000000 1.000000
0.989303 0.145277 -0.013234 0.234754 -0.145878 0.985223 -0.089747 0.935245 0.000000 0.090717 0.995877 0.000000 0.000000 0.000000 0.000000 1.000000
0.985697 0.167834 -0.015288 0.256305 -0.168529 0.981632 -0.089420 1.043100 -0.000000 0.090717 0.995877 0.000000 0.000000 0.000000 0.000000 1.000000
0.984265 0.175972 -0.016030 0.264002 -0.176701 0.980206 -0.089290 1.150955 0.000000 0.090717 0.995877 0.000000 0.000000 0.000000 0.000000 1.000000</float_array><technique_common><accessor source="#rig_root_jnt-Matrix-animation-output-transform-array" count="25" stride="16"><param type="float4x4"/></accessor></technique_common></source><source id="rig_root_jnt-Interpolations"><Name_array id="rig_root_jnt-Interpolations-array" count="25">
 LINEAR LINEAR LINEAR LINEAR LINEAR LINEAR LINEAR LINEAR LINEAR LINEAR LINEAR
LINEAR LINEAR LINEAR LINEAR LINEAR LINEAR LINEAR LINEAR LINEAR LINEAR LINEAR LINEAR
LINEAR LINEAR</Name_array><technique_common><accessor source="#rig_root_jnt-Interpolations-array" count="25"><param type="name"/></accessor></technique_common></source><sampler id="rig_root_jnt-Matrix-animation-transform"><input semantic="INPUT" source="#rig_root_jnt-Matrix-animation-input"/><input semantic="OUTPUT" source="#rig_root_jnt-Matrix-animation-output-transform"/><input semantic="INTERPOLATION" source="#rig_root_jnt-Interpolations"/></sampler><channel source="#rig_root_jnt-Matrix-animation-transform" target="rig_root_jnt/matrix"/></animation></animation>
    <animation id="rig_jnt_spine1-anim" name="rig_jnt_spine1"><animation><source id="rig_jnt_spine1-Matrix-animation-input"><float_array id="rig_jnt_spine1-Matrix-animation-input-array" count="25">

0.000000 0.033333 0.066667 0.100000 0.133333 0.166667 0.200000 0.233333 0.266667 0.300000 0.333333 0.366667 0.400000 0.433333 0.466667 0.500000
0.533333 0.566667 0.600000 0.633333 0.666667 0.700000 0.733333 0.766667 0.800000</float_array><technique_common><accessor source="#rig_jnt_spine1-Matrix-animation-input-array" count="25"><param name="TIME" type="float"/></accessor></technique_common></source><source id="rig_jnt_spine1-Matrix-animation-output-transform"><float_array id="rig_jnt_spine1-Matrix-animation-output-transform-array" count="400">

0.997891 -0.064910 0.000000 -0.000000 0.064910 0.997891 0.000000 0.479000 0.000000 -0.000000 1.000000 0.000000 0.000000 0.000000 0.000000 1.000000
0.998275 -0.058709 0.000000 -0.000000 0.058709 0.998275 0.000000 0.479000 0.000000 -0.000000 1.000000 -0.000000 0.000000 0.000000 0.000000 1.000000
0.999067 -0.043196 -0.000000 0.000000 0.043196 0.999067 -0.000000 0.479000 0.000000 -0.000000 1.000000 -0.000000 0.000000 0.000000 0.000000 1.000000
0.999735 -0.023016 -0.000000 0.000000 0.023016 0.999735 0.000000 0.479000 -0.000000 -0.000000 1.000000 0.000000 0.000000 0.000000 0.000000 1.000000
0.999996 -0.002826 0.000000 -0.000000 0.002826 0.999996 0.000000 0.479000 -0.000000 -0.000000 1.000000 0.000000 0.000000 0.000000 0.000000 1.000000
0.999919 0.012706 0.000000 -0.000000 -0.012706 0.999919 0.000000 0.479000 0.000000 0.000000 1.000000 -0.000000 0.000000 0.000000 0.000000 1.000000
0.999821 0.018918 -0.000000 -0.000000 -0.018918 0.999821 0.000000 0.479000 -0.000000 -0.000000 1.000000 0.000000 0.000000 0.000000 0.000000 1.000000
0.999835 0.018171 -0.000000 -0.000000 -0.018171 0.999835 -0.000000 0.479000 0.000000 0.000000 1.000000 0.000000 0.000000 0.000000 0.000000 1.000000
0.999871 0.016042 0.000000 0.000000 -0.016042 0.999871 0.000000 0.479000 -0.000000 -0.000000 1.000000 0.000000 0.000000 0.000000 0.000000 1.000000
0.999919 0.012706 0.000000 0.000000 -0.012706 0.999919 0.000000 0.479000 -0.000000 0.000000 1.000000 0.000000 0.000000 0.000000 0.000000 1.000000
0.999965 0.008334 0.000000 0.000000 -0.008334 0.999965 -0.000000 0.479000 -0.000000 0.000000 1.000000 0.000000 0.000000 0.000000 0.000000 1.000000
0.999995 0.003100 -0.000000 0.000000 -0.003100 0.999995 0.000000 0.479000 -0.000000 -0.000000 1.000000 0.000000 0.000000 0.000000 0.000000 1.000000
0.999996 -0.002826 -0.000000 -0.000000 0.002826 0.999996 0.000000 0.479000 0.000000 0.000000 1.000000 0.000000 0.000000 0.000000 0.000000 1.000000
0.999957 -0.009269 -0.000000 0.000000 0.009269 0.999957 0.000000 0.479000 -0.000000 -0.000000 1.000000 -0.000000 0.000000 0.000000 0.000000 1.000000
0.999871 -0.016056 0.000000 0.000000 0.016056 0.999871 -0.000000 0.479000 -0.000000 0.000000 1.000000 0.000000 0.000000 0.000000 0.000000 1.000000
0.999735 -0.023016 0.000000 -0.000000 0.023016 0.999735 0.000000 0.479000 -0.000000 0.000000 1.000000 -0.000000 0.000000 0.000000 0.000000 1.000000
0.999551 -0.029974 0.000000 0.000000 0.029974 0.999551 0.000000 0.479000 -0.000000 0.000000 1.000000 -0.000000 0.000000 0.000000 0.000000 1.000000
0.999324 -0.036759 -0.000000 -0.000000 0.036759 0.999324 -0.000000 0.479000 0.000000 -0.000000 1.000000 0.000000 0.000000 0.000000 0.000000 1.000000
0.999067 -0.043196 -0.000000 0.000000 0.043196 0.999067 0.000000 0.479000 -0.000000 -0.000000 1.000000 0.000000 0.000000 0.000000 0.000000 1.000000
0.998793 -0.049115 0.000000 0.000000 0.049115 0.998793 0.000000 0.479000 0.000000 0.000000 1.000000 0.000000 0.000000 0.000000 0.000000 1.000000
0.998522 -0.054343 0.000000 0.000000 0.054343 0.998522 0.000000 0.479000 0.000000 -0.000000 1.000000 -0.000000 0.000000 0.000000 0.000000 1.000000
0.998275 -0.058709 -0.000000 -0.000000 0.058709 0.998275 0.000000 0.479000 -0.000000 0.000000 1.000000 0.000000 0.000000 0.000000 0.000000 1.000000
0.998074 -0.062039 -0.000000 -0.000000 0.062039 0.998074 -0.000000 0.479000 0.000000 0.000000 1.000000 -0.000000 0.000000 0.000000 0.000000 1.000000
0.997939 -0.064163 0.000000 0.000000 0.064163 0.997939 0.000000 0.479000 0.000000 -0.000000 1.000000 -0.000000 0.000000 0.000000 0.000000 1.000000
0.997891 -0.064910 0.000000 -0.000000 0.064910 0.997891 0.000000 0.479000 0.000000 -0.000000 1.000000 0.000000 0.000000 0.000000 0.000000 1.000000</float_array><technique_common><accessor source="#rig_jnt_spine1-Matrix-animation-output-transform-array" count="25" stride="16"><param type="float4x4"/></accessor></technique_common></source><source id="rig_jnt_spine1-Interpolations"><Name_array id="rig_jnt_spine1-Interpolations-array" count="25">
 LINEAR LINEAR LINEAR LINEAR LINEAR LINEAR LINEAR LINEAR LINEAR LINEAR LINEAR
LINEAR LINEAR LINEAR LINEAR LINEAR LINEAR LINEAR LINEAR LINEAR LINEAR LINEAR LINEAR
LINEAR LINEAR</Name_array><technique_common><accessor source="#rig_jnt_spine1-Interpolations-array" count="25"><param type="name"/></accessor></technique_common></source><sampler id="rig_jnt_spine1-Matrix-animation-transform"><input semantic="INPUT" source="#rig_jnt_spine1-Matrix-animation-input"/><input semantic="OUTPUT" source="#rig_jnt_spine1-Matrix-animation-output-transform"/><input semantic="INTERPOLATION" source="#rig_jnt_spine1-Interpolations"/></sampler><channel source="#rig_jnt_spine1-Matrix-animation-transform" target="rig_jnt_spine1/matrix"/></animation></animation>
    <animation id="rig_jnt_spine2-anim" name="rig_jnt_spine2"><animation><source id="rig_jnt_spine2-Matrix-animation-input"><float_array id="rig_jnt_spine2-Matrix-animation-input-array" count="25">

0.000000 0.033333 0.066667 0.100000 0.133333 0.166667 0.200000 0.233333 0.266667 0.300000 0.333333 0.366667 0.400000 0.433333 0.466667 0.500000
0.533333 0.566667 0.600000 0.633333 0.666667 0.700000 0.733333 0.766667 0.800000</float_array><technique_common><accessor source="#rig_jnt_spine2-Matrix-animation-input-array" count="25"><param name="TIME" type="float"/></accessor></technique_common></source><source id="rig_jnt_spine2-Matrix-animation-output-transform"><float_array id="rig_jnt_spine2-Matrix-animation-output-transform-array" count="400">

1.000000 0.000000 0.000000 0.000000 0.000000 1.000000 0.000000 0.449000 0.000000 0.000000 1.000000 0.000000 0.000000 0.000000 0.000000 1.000000
1.000000 0.000000 0.000000 0.000000 -0.000000 1.000000 0.000000 0.449000 0.000000 0.000000 1.000000 0.000000 0.000000 0.000000 0.000000 1.000000
1.000000 -0.000000 -0.000000 0.000000 -0.000000 1.000000 0.000000 0.449000 0.000000 -0.000000 1.000000 0.000000 0.000000 0.000000 0.000000 1.000000
1.000000 -0.000000 0.000000 -0.000000 0.000000 1.000000 -0.000000 0.449000 -0.000000 0.000000 1.000000 0.000000 0.000000 0.000000 0.000000 1.000000
1.000000 -0.000000 0.000000 0.000000 -0.000000 1.000000 0.000000 0.449000 0.000000 0.000000 1.000000 0.000000 0.000000 0.000000 0.000000 1.000000
1.000000 -0.000000 0.000000 0.000000 -0.000000 1.000000 0.000000 0.449000 0.000000 -0.000000 1.000000 0.000000 0.000000 0.000000 0.000000 1.000000
1.000000 0.000000 -0.000000 0.000000 -0.000000 1.000000 0.000000 0.449000 -0.000000 0.000000 1.000000 -0.000000 0.000000 0.000000 0.000000 1.000000
1.000000 -0.000000 0.000000 0.000000 0.000000 1.000000 0.000000 0.449000 -0.000000 0.000000 1.000000 0.000000 0.000000 0.000000 0.000000 1.000000
1.000000 -0.000000 0.000000 -0.000000 0.000000 1.000000 0.000000 0.449000 0.000000 -0.000000 1.000000 0.000000 0.000000 0.000000 0.000000 1.000000
1.000000 -0.000000 0.000000 -0.000000 0.000000 1.000000 0.000000 0.449000 0.000000 -0.000000 1.000000 0.000000 0.000000 0.000000 0.000000 1.000000
1.000000 -0.000000 0.000000 -0.000000 0.000000 1.000000 0.000000 0.449000 -0.000000 -0.000000 1.000000 0.000000 0.000000 0.000000 0.000000 1.000000
1.000000 -0.000000 0.000000 0.000000 -0.000000 1.000000 -0.000000 0.449000 -0.000000 0.000000 1.000000 -0.000000 0.000000 0.000000 0.000000 1.000000
1.000000 -0.000000 0.000000 0.000000 -0.000000 1.000000 0.000000 0.449000 -0.000000 -0.000000 1.000000 0.000000 0.000000 0.000000 0.000000 1.000000
1.000000 0.000000 0.000000 0.000000 0.000000 1.000000 0.000000 0.449000 -0.000000 0.000000 1.000000 0.000000 0.000000 0.000000 0.000000 1.000000
1.000000 0.000000 -0.000000 -0.000000 0.000000 1.000000 -0.000000 0.449000 0.000000 0.000000 1.000000 0.000000 0.000000 0.000000 0.000000 1.000000
1.000000 -0.000000 0.000000 0.000000 0.000000 1.000000 -0.000000 0.449000 0.000000 0.000000 1.000000 0.000000 0.000000 0.000000 0.000000 1.000000
1.000000 0.000000 0.000000 0.000000 -0.000000 1.000000 0.000000 0.449000 0.000000 0.000000 1.000000 0.000000 0.000000 0.000000 0.000000 1.000000
1.000000 -0.000000 0.000000 0.000000 -0.000000 1.000000 0.000000 0.449000 -0.000000 -0.000000 1.000000 0.000000 0.000000 0.000000 0.000000 1.000000
1.000000 0.000000 -0.000000 0.000000 0.000000 1.000000 0.000000 0.449000 0.000000 0.000000 1.000000 -0.000000 0.000000 0.000000 0.000000 1.000000
1.000000 0.000000 -0.000000 -0.000000 -0.000000 1.000000 -0.000000 0.449000 0.000000 0.000000 1.000000 0.000000 0.000000 0.000000 0.000000 1.000000
1.000000 -0.000000 0.000000 0.000000 0.000000 1.000000 -0.000000 0.449000 0.000000 0.000000 1.000000 0.000000 0.000000 0.000000 0.000000 1.000000
1.000000 -0.000000 0.000000 0.000000 -0.000000 1.000000 0.000000 0.449000 -0.000000 -0.000000 1.000000 0.000000 0.000000 0.000000 0.000000 1.000000
1.000000 -0.000000 0.000000 0.000000 0.000000 1.000000 0.000000 0.449000 -0.000000 0.000000 1.000000 0.000000 0.000000 0.000000 0.000000 1.000000
1.000000 0.000000 0.000000 0.000000 -0.000000 1.000000 0.000000 0.449000 0.000000 -0.000000 1.000000 -0.000000 0.000000 0.000000 0.000000 1.000000
1.000000 0.000000 0.000000 0.000000 0.000000 1.000000 0.000000 0.449000 0.000000 0.000000 1.000000 0.000000 0.000000 0.000000 0.000000 1.000000</float_array><technique_common><accessor source="#rig_jnt_spine2-Matrix-animation-output-transform-array" count="25" stride="16"><param type="float4x4"/></accessor></technique_common></source><source id="rig_jnt_spine2-Interpolations"><Name_array id="rig_jnt_spine2-Interpolations-array" count="25">
 LINEAR LINEAR LINEAR LINEAR LINEAR LINEAR LINEAR LINEAR LINEAR LINEAR LINEAR
LINEAR LINEAR LINEAR LINEAR LINEAR LINEAR LINEAR LINEAR LINEAR LINEAR LINEAR LINEAR
LINEAR LINEAR</Name_array><technique_common><accessor source="#rig_jnt_spine2-Interpolations-array" count="25"><param type="name"/></accessor></technique_common></source><sampler id="rig_jnt_spine2-Matrix-animation-transform"><input semantic="INPUT" source="#rig_jnt_spine2-Matrix-animation-input"/><input semantic="OUTPUT" source="#rig_jnt_spine2-Matrix-animation-output-transform"/><input semantic="INTERPOLATION" source="#rig_jnt_spine2-Interpolations"/></sampler><channel source="#rig_jnt_spine2-Matrix-animation-transform" target="rig_jnt_spine2/matrix"/></animation></animation>
    <animation id="rig_jnt_head-anim" name="rig_jnt_head"><animation><source id="rig_jnt_head-Matrix-animation-input"><float_array id="rig_jnt_head-Matrix-animation-input-array" count="25">

0.000000 0.033333 0.066667 0.100000 0.133333 0.166667 0.200000 0.233333 0.266667 0.300000 0.333333 0.366667 0.400000 0.433333 0.466667 0.500000
0.533333 0.566667 0.600000 0.633333 0.666667 0.700000 0.733333 0.766667 0.800000</float_array><technique_common><accessor source="#rig_jnt_head-Matrix-animation-input-array" count="25"><param name="TIME" type="float"/></accessor></technique_common></source><source id="rig_jnt_head-Matrix-animation-output-transform"><float_array id="rig_jnt_head-Matrix-animation-output-transform-array" count="400">

0.993603 -0.112916 0.001970 -0.000000 0.112933 0.993451 -0.017336 0.296642 0.000000 0.017447 0.999848 -0.000000 0.000000 0.000000 0.000000 1.000000
0.994323 -0.106381 0.002088 0.000000 0.106402 0.994132 -0.019509 0.296642 -0.000000 0.019621 0.999807 -0.000000 0.000000 0.000000 0.000000 1.000000
0.996092 -0.088304 -0.001786 0.000000 0.088322 0.995888 0.020141 0.296642 -0.000000 -0.020220 0.999796 -0.000000 0.000000 0.000000 0.000000 1.000000
0.998140 -0.060687 -0.005735 -0.000000 0.060958 0.993713 0.093904 0.296642 -0.000000 -0.094078 0.995565 -0.000000 0.000000 0.000000 0.000000 1.000000
0.999646 -0.026354 -0.003554 -0.000000 0.026593 0.990677 0.133613 0.296642 -0.000000 -0.133661 0.991027 -0.000000 0.000000 0.000000 0.000000 1.000000
0.999923 0.012361 0.001414 0.000000 -0.012441 0.993441 0.113666 0.296642 0.000000 -0.113675 0.993518 0.000000 0.000000 0.000000 0.000000 1.000000
0.998553 0.053628 0.003936 -0.000000 -0.053772 0.995874 0.073094 0.296642 0.000000 -0.073200 0.997317 0.000000 0.000000 0.000000 0.000000 1.000000
0.995476 0.094929 0.003965 -0.000000 -0.095011 0.994609 0.041540 0.296642 0.000000 -0.041728 0.999129 -0.000000 0.000000 0.000000 0.000000 1.000000
0.991010 0.133747 0.003389 -0.000000 -0.133790 0.990692 0.025106 0.296642 0.000000 -0.025334 0.999679 -0.000000 0.000000 0.000000 0.000000 1.000000
0.985822 0.167785 0.001787 -0.000000 -0.167794 0.985766 0.010500 0.296642 -0.000000 -0.010651 0.999943 -0.000000 0.000000 0.000000 0.000000 1.000000
0.980847 0.194781 -0.000341 0.000000 -0.194781 0.980845 -0.001717 0.296642 0.000000 0.001750 0.999998 -0.000000 0.000000 0.000000 0.000000 1.000000
0.977147 0.212552 -0.002403 -0.000000 -0.212566 0.977084 -0.011047 0.296642 0.000000 0.011305 0.999936 -0.000000 0.000000 0.000000 0.000000 1.000000
0.975729 0.218948 -0.003822 -0.000000 -0.218982 0.975580 -0.017028 0.296642 0.000000 0.017451 0.999848 0.000000 0.000000 0.000000 0.000000 1.000000
0.977147 0.212525 -0.004172 0.000000 -0.212566 0.976959 -0.019176 0.296642 -0.000000 0.019625 0.999807 0.000000 0.000000 0.000000 0.000000 1.000000
0.980847 0.194741 0.003938 0.000000 -0.194781 0.980646 0.019829 0.296642 -0.000000 -0.020216 0.999796 -0.000000 0.000000 0.000000 0.000000 1.000000
0.985822 0.167050 0.015785 -0.000000 -0.167794 0.981450 0.092741 0.296642 -0.000000 -0.094074 0.995565 -0.000000 0.000000 0.000000 0.000000 1.000000
0.991010 0.132590 0.017882 -0.000000 -0.133790 0.982118 0.132455 0.296642 -0.000000 -0.133657 0.991028 0.000000 0.000000 0.000000 0.000000 1.000000
0.995476 0.094396 0.010800 0.000000 -0.095011 0.989024 0.113157 0.296642 -0.000000 -0.113671 0.993518 -0.000000 0.000000 0.000000 0.000000 1.000000
0.998553 0.053628 0.003936 -0.000000 -0.053772 0.995875 0.073090 0.296642 0.000000 -0.073196 0.997318 0.000000 0.000000 0.000000 0.000000 1.000000
0.999923 0.012430 0.000519 0.000000 -0.012441 0.999052 0.041721 0.296642 0.000000 -0.041724 0.999129 0.000000 0.000000 0.000000 0.000000 1.000000
0.999646 -0.026584 -0.000674 0.000000 0.026593 0.999326 0.025321 0.296642 0.000000 -0.025330 0.999679 -0.000000 0.000000 0.000000 0.000000 1.000000
0.998140 -0.060954 -0.000649 0.000000 0.060958 0.998084 0.010628 0.296642 0.000000 -0.010647 0.999943 -0.000000 0.000000 0.000000 0.000000 1.000000
0.996092 -0.088322 0.000155 -0.000000 0.088322 0.996090 -0.001747 0.296642 -0.000000 0.001754 0.999998 0.000000 0.000000 0.000000 0.000000 1.000000
0.994323 -0.106395 0.001203 -0.000000 0.106402 0.994260 -0.011245 0.296642 0.000000 0.011310 0.999936 -0.000000 0.000000 0.000000 0.000000 1.000000
0.993603 -0.112916 0.001971 -0.000000 0.112933 0.993451 -0.017344 0.296642 -0.000000 0.017455 0.999848 -0.000000 0.000000 0.000000 0.000000 1.000000</float_array><technique_common><accessor source="#rig_jnt_head-Matrix-animation-output-transform-array" count="25" stride="16"><param type="float4x4"/></accessor></technique_common></source><source id="rig_jnt_head-Interpolations"><Name_array id="rig_jnt_head-Interpolations-array" count="25">
 LINEAR LINEAR LINEAR LINEAR LINEAR LINEAR LINEAR LINEAR LINEAR LINEAR LINEAR
LINEAR LINEAR LINEAR LINEAR LINEAR LINEAR LINEAR LINEAR LINEAR LINEAR LINEAR LINEAR
LINEAR LINEAR</Name_array><technique_common><accessor source="#rig_jnt_head-Interpolations-array" count="25"><param type="name"/></accessor></technique_common></source><sampler id="rig_jnt_head-Matrix-animation-transform"><input semantic="INPUT" source="#rig_jnt_head-Matrix-animation-input"/><input semantic="OUTPUT" source="#rig_jnt_head-Matrix-animation-output-transform"/><input semantic="INTERPOLATION" source="#rig_jnt_head-Interpolations"/></sampler><channel source="#rig_jnt_head-Matrix-animation-transform" target="rig_jnt_head/matrix"/></animation></animation>
    <animation id="master_ctrl-anim" name="master_ctrl"><animation><source id="master_ctrl-Matrix-animation-input"><float_array id="master_ctrl-Matrix-animation-input-array" count="25">

0.000000 0.033333 0.066667 0.100000 0.133333 0.166667 0.200000 0.233333 0.266667 0.300000 0.333333 0.366667 0.400000 0.433333 0.466667 0.500000
0.533333 0.566667 0.600000 0.633333 0.666667 0.700000 0.733333 0.766667 0.800000</float_array><technique_common><accessor source="#master_ctrl-Matrix-animation-input-array" count="25"><param name="TIME" type="float"/></accessor></technique_common></source><source id="master_ctrl-Matrix-animation-output-transform"><float_array id="master_ctrl-Matrix-animation-output-transform-array" count="400">

1.000000 0.000000 0.000000 0.000000 0.000000 1.000000 0.000000 0.000000 0.000000 0.000000 1.000000 0.000000 0.000000 0.000000 0.000000 1.000000
1.000000 0.000000 0.000000 0.000000 0.000000 1.000000 0.000000 0.000000 0.000000 0.000000 1.000000 0.000000 0.000000 0.000000 0.000000 1.000000
1.000000 0.000000 0.000000 0.000000 0.000000 1.000000 0.000000 0.000000 0.000000 0.000000 1.000000 0.000000 0.000000 0.000000 0.000000 1.000000
1.000000 0.000000 0.000000 0.000000 0.000000 1.000000 0.000000 0.000000 0.000000 0.000000 1.000000 0.000000 0.000000 0.000000 0.000000 1.000000
1.000000 0.000000 0.000000 0.000000 0.000000 1.000000 0.000000 0.000000 0.000000 0.000000 1.000000 0.000000 0.000000 0.000000 0.000000 1.000000
1.000000 0.000000 0.000000 0.000000 0.000000 1.000000 0.000000 0.000000 0.000000 0.000000 1.000000 0.000000 0.000000 0.000000 0.000000 1.000000
1.000000 0.000000 0.000000 0.000000 0.000000 1.000000 0.000000 0.000000 0.000000 0.000000 1.000000 0.000000 0.000000 0.000000 0.000000 1.000000
1.000000 0.000000 0.000000 0.000000 0.000000 1.000000 0.000000 0.000000 0.000000 0.000000 1.000000 0.000000 0.000000 0.000000 0.000000 1.000000
1.000000 0.000000 0.000000 0.000000 0.000000 1.000000 0.000000 0.000000 0.000000 0.000000 1.000000 0.000000 0.000000 0.000000 0.000000 1.000000
1.000000 0.000000 0.000000 0.000000 0.000000 1.000000 0.000000 0.000000 0.000000 0.000000 1.000000 0.000000 0.000000 0.000000 0.000000 1.000000
1.000000 0.000000 0.000000 0.000000 0.000000 1.000000 0.000000 0.000000 0.000000 0.000000 1.000000 0.000000 0.000000 0.000000 0.000000 1.000000
1.000000 0.000000 0.000000 0.000000 0.000000 1.000000 0.000000 0.000000 0.000000 0.000000 1.000000 0.000000 0.000000 0.000000 0.000000 1.000000
1.000000 0.000000 0.000000 0.000000 0.000000 1.000000 0.000000 0.000000 0.000000 0.000000 1.000000 0.000000 0.000000 0.000000 0.000000 1.000000
1.000000 0.000000 0.000000 0.000000 0.000000 1.000000 0.000000 0.000000 0.000000 0.000000 1.000000 0.000000 0.000000 0.000000 0.000000 1.000000
1.000000 0.000000 0.000000 0.000000 0.000000 1.000000 0.000000 0.000000 0.000000 0.000000 1.000000 0.000000 0.000000 0.000000 0.000000 1.000000
1.000000 0.000000 0.000000 0.000000 0.000000 1.000000 0.000000 0.000000 0.000000 0.000000 1.000000 0.000000 0.000000 0.000000 0.000000 1.000000
1.000000 0.000000 0.000000 0.000000 0.000000 1.000000 0.000000 0.000000 0.000000 0.000000 1.000000 0.000000 0.000000 0.000000 0.000000 1.000000
1.000000 0.000000 0.000000 0.000000 0.000000 1.000000 0.000000 0.000000 0.000000 0.000000 1.000000 0.000000 0.000000 0.000000 0.000000 1.000000
1.000000 0.000000 0.000000 0.000000 0.000000 1.000000 0.000000 0.000000 0.000000 0.000000 1.000000 0.000000 0.000000 0.000000 0.000000 1.000000
1.000000 0.000000 0.000000 0.000000 0.000000 1.000000 0.000000 0.000000 0.000000 0.000000 1.000000 0.000000 0.000000 0.000000 0.000000 1.000000
1.000000 0.000000 0.000000 0.000000 0.000000 1.000000 0.000000 0.000000 0.000000 0.000000 1.000000 0.000000 0.000000 0.000000 0.000000 1.000000
1.000000 0.000000 0.000000 0.000000 0.000000 1.000000 0.000000 0.000000 0.000000 0.000000 1.000000 0.000000 0.000000 0.000000 0.000000 1.000000
1.000000 0.000000 0.000000 0.000000 0.000000 1.000000 0.000000 0.000000 0.000000 0.000000 1.000000 0.000000 0.000000 0.000000 0.000000 1.000000
1.000000 0.000000 0.000000 0.000000 0.000000 1.000000 0.000000 0.000000 0.000000 0.000000 1.000000 0.000000 0.000000 0.000000 0.000000 1.000000
1.000000 0.000000 0.000000 0.000000 0.000000 1.000000 0.000000 0.000000 0.000000 0.000000 1.000000 0.000000 0.000000 0.000000 0.000000 1.000000</float_array><technique_common><accessor source="#master_ctrl-Matrix-animation-output-transform-array" count="25" stride="16"><param type="float4x4"/></accessor></technique_common></source><source id="master_ctrl-Interpolations"><Name_array id="master_ctrl-Interpolations-array" count="25">
 LINEAR LINEAR LINEAR LINEAR LINEAR LINEAR LINEAR LINEAR LINEAR LINEAR LINEAR
LINEAR LINEAR LINEAR LINEAR LINEAR LINEAR LINEAR LINEAR LINEAR LINEAR LINEAR LINEAR
LINEAR LINEAR</Name_array><technique_common><accessor source="#master_ctrl-Interpolations-array" count="25"><param type="name"/></accessor></technique_common></source><sampler id="master_ctrl-Matrix-animation-transform"><input semantic="INPUT" source="#master_ctrl-Matrix-animation-input"/><input semantic="OUTPUT" source="#master_ctrl-Matrix-animation-output-transform"/><input semantic="INTERPOLATION" source="#master_ctrl-Interpolations"/></sampler><channel source="#master_ctrl-Matrix-animation-transform" target="master_ctrl/matrix"/></animation><animation><source id="master_ctrl-visibility-animation-input"><float_array id="master_ctrl-visibility-animation-input-array" count="25">

0.000000 0.033333 0.066667 0.100000 0.133333 0.166667 0.200000 0.233333 0.266667 0.300000 0.333333 0.366667 0.400000 0.433333 0.466667 0.500000
0.533333 0.566667 0.600000 0.633333 0.666667 0.700000 0.733333 0.766667 0.800000</float_array><technique_common><accessor source="#master_ctrl-visibility-animation-input-array" count="25"><param name="TIME" type="float"/></accessor></technique_common></source><source id="master_ctrl-visibility-animation-output"><float_array id="master_ctrl-visibility-animation-output-array" count="25">

1.000000 1.000000 1.000000 1.000000 1.000000 1.000000 1.000000 1.000000 1.000000 1.000000 1.000000 1.000000 1.000000 1.000000 1.000000 1.000000
1.000000 1.000000 1.000000 1.000000 1.000000 1.000000 1.000000 1.000000 1.000000</float_array><technique_common><accessor source="#master_ctrl-visibility-animation-output-array" count="25"><param type="float"/></accessor></technique_common></source><source id="master_ctrl-visibility-animation-intan"><float_array id="master_ctrl-visibility-animation-intan-array" count="25">

0.000000 -0.000000 -0.000000 -0.000000 -0.000000 -0.000000 -0.000000 -0.000000 -0.000000 -0.000000 -0.000000 -0.000000 -0.000000 -0.000000 -0.000000 -0.000000
-0.000000 -0.000000 -0.000000 -0.000000 -0.000000 -0.000000 -0.000000 -0.000000 -0.000000</float_array><technique_common><accessor source="#master_ctrl-visibility-animation-intan-array" count="25"><param type="float"/></accessor></technique_common></source><source id="master_ctrl-visibility-animation-outtan"><float_array id="master_ctrl-visibility-animation-outtan-array" count="25">

0.000000 0.000000 0.000000 0.000000 0.000000 0.000000 0.000000 0.000000 0.000000 0.000000 0.000000 0.000000 0.000000 0.000000 0.000000 0.000000
0.000000 0.000000 0.000000 0.000000 0.000000 0.000000 0.000000 0.000000 0.000000</float_array><technique_common><accessor source="#master_ctrl-visibility-animation-outtan-array" count="25"><param type="float"/></accessor></technique_common></source><source id="master_ctrl-visibility-animation-interpolation"><Name_array id="master_ctrl-visibility-animation-interpolation-array" count="25">
 BEZIER BEZIER BEZIER BEZIER BEZIER BEZIER BEZIER BEZIER BEZIER BEZIER BEZIER
BEZIER BEZIER BEZIER BEZIER BEZIER BEZIER BEZIER BEZIER BEZIER BEZIER BEZIER BEZIER
BEZIER BEZIER</Name_array><technique_common><accessor source="#master_ctrl-visibility-animation-interpolation-array" count="25"><param type="name"/></accessor></technique_common></source><sampler id="master_ctrl-visibility-animation"><input semantic="INPUT" source="#master_ctrl-visibility-animation-input"/><input semantic="OUTPUT" source="#master_ctrl-visibility-animation-output"/><input semantic="IN_TANGENT" source="#master_ctrl-visibility-animation-intan"/><input semantic="OUT_TANGENT" source="#master_ctrl-visibility-animation-outtan"/><input semantic="INTERPOLATION" source="#master_ctrl-visibility-animation-interpolation"/></sampler><channel source="#master_ctrl-visibility-animation" target="master_ctrl/visibility"/></animation></animation>
    <animation id="rig_ctrl-anim" name="rig_ctrl"></animation>
    <animation id="jnt_head-anim" name="jnt_head"><animation><source id="jnt_head-Matrix-animation-input"><float_array id="jnt_head-Matrix-animation-input-array" count="25">

0.000000 0.033333 0.066667 0.100000 0.133333 0.166667 0.200000 0.233333 0.266667 0.300000 0.333333 0.366667 0.400000 0.433333 0.466667 0.500000
0.533333 0.566667 0.600000 0.633333 0.666667 0.700000 0.733333 0.766667 0.800000</float_array><technique_common><accessor source="#jnt_head-Matrix-animation-input-array" count="25"><param name="TIME" type="float"/></accessor></technique_common></source><source id="jnt_head-Matrix-animation-output-transform"><float_array id="jnt_head-Matrix-animation-output-transform-array" count="400">

1.000000 0.000000 0.000000 0.000000 0.000000 1.000000 0.000000 0.000000 0.000000 0.000000 1.000000 0.000000 0.000000 0.000000 0.000000 1.000000
1.000000 0.000000 0.000000 0.000000 0.000000 1.000000 0.000000 0.000000 0.000000 0.000000 1.000000 0.000000 0.000000 0.000000 0.000000 1.000000
1.000000 0.000000 0.000000 0.000000 0.000000 1.000000 0.000000 0.000000 0.000000 0.000000 1.000000 0.000000 0.000000 0.000000 0.000000 1.000000
1.000000 0.000000 0.000000 0.000000 0.000000 1.000000 0.000000 0.000000 0.000000 0.000000 1.000000 0.000000 0.000000 0.000000 0.000000 1.000000
1.000000 0.000000 0.000000 0.000000 0.000000 1.000000 0.000000 0.000000 0.000000 0.000000 1.000000 0.000000 0.000000 0.000000 0.000000 1.000000
1.000000 0.000000 0.000000 0.000000 0.000000 1.000000 0.000000 0.000000 0.000000 0.000000 1.000000 0.000000 0.000000 0.000000 0.000000 1.000000
1.000000 0.000000 0.000000 0.000000 0.000000 1.000000 0.000000 0.000000 0.000000 0.000000 1.000000 0.000000 0.000000 0.000000 0.000000 1.000000
1.000000 0.000000 0.000000 0.000000 0.000000 1.000000 0.000000 0.000000 0.000000 0.000000 1.000000 0.000000 0.000000 0.000000 0.000000 1.000000
1.000000 0.000000 0.000000 0.000000 0.000000 1.000000 0.000000 0.000000 0.000000 0.000000 1.000000 0.000000 0.000000 0.000000 0.000000 1.000000
1.000000 0.000000 0.000000 0.000000 0.000000 1.000000 0.000000 0.000000 0.000000 0.000000 1.000000 0.000000 0.000000 0.000000 0.000000 1.000000
1.000000 0.000000 0.000000 0.000000 0.000000 1.000000 0.000000 0.000000 0.000000 0.000000 1.000000 0.000000 0.000000 0.000000 0.000000 1.000000
1.000000 0.000000 0.000000 0.000000 0.000000 1.000000 0.000000 0.000000 0.000000 0.000000 1.000000 0.000000 0.000000 0.000000 0.000000 1.000000
1.000000 0.000000 0.000000 0.000000 0.000000 1.000000 0.000000 0.000000 0.000000 0.000000 1.000000 0.000000 0.000000 0.000000 0.000000 1.000000
1.000000 0.000000 0.000000 0.000000 0.000000 1.000000 0.000000 0.000000 0.000000 0.000000 1.000000 0.000000 0.000000 0.000000 0.000000 1.000000
1.000000 0.000000 0.000000 0.000000 0.000000 1.000000 0.000000 0.000000 0.000000 0.000000 1.000000 0.000000 0.000000 0.000000 0.000000 1.000000
1.000000 0.000000 0.000000 0.000000 0.000000 1.000000 0.000000 0.000000 0.000000 0.000000 1.000000 0.000000 0.000000 0.000000 0.000000 1.000000
1.000000 0.000000 0.000000 0.000000 0.000000 1.000000 0.000000 0.000000 0.000000 0.000000 1.000000 0.000000 0.000000 0.000000 0.000000 1.000000
1.000000 0.000000 0.000000 0.000000 0.000000 1.000000 0.000000 0.000000 0.000000 0.000000 1.000000 0.000000 0.000000 0.000000 0.000000 1.000000
1.000000 0.000000 0.000000 0.000000 0.000000 1.000000 0.000000 0.000000 0.000000 0.000000 1.000000 0.000000 0.000000 0.000000 0.000000 1.000000
1.000000 0.000000 0.000000 0.000000 0.000000 1.000000 0.000000 0.000000 0.000000 0.000000 1.000000 0.000000 0.000000 0.000000 0.000000 1.000000
1.000000 0.000000 0.000000 0.000000 0.000000 1.000000 0.000000 0.000000 0.000000 0.000000 1.000000 0.000000 0.000000 0.000000 0.000000 1.000000
1.000000 0.000000 0.000000 0.000000 0.000000 1.000000 0.000000 0.000000 0.000000 0.000000 1.000000 0.000000 0.000000 0.000000 0.000000 1.000000
1.000000 0.000000 0.000000 0.000000 0.000000 1.000000 0.000000 0.000000 0.000000 0.000000 1.000000 0.000000 0.000000 0.000000 0.000000 1.000000
1.000000 0.000000 0.000000 0.000000 0.000000 1.000000 0.000000 0.000000 0.000000 0.000000 1.000000 0.000000 0.000000 0.000000 0.000000 1.000000
1.000000 0.000000 0.000000 0.000000 0.000000 1.000000 0.000000 0.000000 0.000000 0.000000 1.000000 0.000000 0.000000 0.000000 0.000000 1.000000</float_array><technique_common><accessor source="#jnt_head-Matrix-animation-output-transform-array" count="25" stride="16"><param type="float4x4"/></accessor></technique_common></source><source id="jnt_head-Interpolations"><Name_array id="jnt_head-Interpolations-array" count="25">
 LINEAR LINEAR LINEAR LINEAR LINEAR LINEAR LINEAR LINEAR LINEAR LINEAR LINEAR
LINEAR LINEAR LINEAR LINEAR LINEAR LINEAR LINEAR LINEAR LINEAR LINEAR LINEAR LINEAR
LINEAR LINEAR</Name_array><technique_common><accessor source="#jnt_head-Interpolations-array" count="25"><param type="name"/></accessor></technique_common></source><sampler id="jnt_head-Matrix-animation-transform"><input semantic="INPUT" source="#jnt_head-Matrix-animation-input"/><input semantic="OUTPUT" source="#jnt_head-Matrix-animation-output-transform"/><input semantic="INTERPOLATION" source="#jnt_head-Interpolations"/></sampler><channel source="#jnt_head-Matrix-animation-transform" target="jnt_head/matrix"/></animation></animation>
    <animation id="cable1_jnt-anim" name="cable1_jnt"><animation><source id="cable1_jnt-Matrix-animation-input"><float_array id="cable1_jnt-Matrix-animation-input-array" count="25">

0.000000 0.033333 0.066667 0.100000 0.133333 0.166667 0.200000 0.233333 0.266667 0.300000 0.333333 0.366667 0.400000 0.433333 0.466667 0.500000
0.533333 0.566667 0.600000 0.633333 0.666667 0.700000 0.733333 0.766667 0.800000</float_array><technique_common><accessor source="#cable1_jnt-Matrix-animation-input-array" count="25"><param name="TIME" type="float"/></accessor></technique_common></source><source id="cable1_jnt-Matrix-animation-output-transform"><float_array id="cable1_jnt-Matrix-animation-output-transform-array" count="400">

0.989436 0.143454 0.020929 -0.000000 -0.140894 0.985527 -0.094259 1.799380 -0.034148 0.090314 0.995328 -0.021043 0.000000 0.000000 0.000000 1.000000
0.988758 0.147726 0.023124 -0.000000 -0.145454 0.986108 -0.080220 1.799380 -0.034653 0.075955 0.996509 -0.021043 0.000000 0.000000 0.000000 1.000000
0.987663 0.155042 0.022015 -0.000000 -0.153801 0.986841 -0.049899 1.799380 -0.029461 0.045898 0.998512 -0.021043 0.000000 0.000000 0.000000 1.000000
0.986447 0.162939 0.019313 -0.000000 -0.162563 0.986502 -0.019683 1.799380 -0.022260 0.016277 0.999620 -0.021043 0.000000 0.000000 0.000000 1.000000
0.985694 0.167784 0.016011 -0.000000 -0.167705 0.985818 -0.006139 1.799380 -0.016814 0.003366 0.999853 -0.021043 0.000000 0.000000 0.000000 1.000000
0.986951 0.160612 0.011452 -0.000000 -0.160526 0.986999 -0.008051 1.799380 -0.012596 0.006107 0.999902 -0.021043 0.000000 0.000000 0.000000 1.000000
0.990341 0.138555 0.005161 -0.000000 -0.138479 0.990280 -0.013015 1.799380 -0.006914 0.012174 0.999902 -0.021043 0.000000 0.000000 0.000000 1.000000
0.994330 0.106317 -0.001909 -0.000000 -0.106334 0.994112 -0.020821 1.799380 -0.000316 0.020906 0.999781 -0.021043 0.000000 0.000000 0.000000 1.000000
0.997598 0.068704 -0.008796 -0.000000 -0.068946 0.997135 -0.031100 1.799380 0.006634 0.031632 0.999478 -0.021043 0.000000 0.000000 0.000000 1.000000
0.999422 0.030661 -0.014659 -0.000000 -0.031269 0.998575 -0.043235 1.799380 0.013312 0.043669 0.998957 -0.021043 0.000000 0.000000 0.000000 1.000000
0.999818 -0.002786 -0.018892 -0.000000 0.001716 0.998408 -0.056374 1.799380 0.019019 0.056331 0.998231 -0.021043 0.000000 0.000000 0.000000 1.000000
0.999422 -0.026602 -0.021176 -0.000000 0.025072 0.997266 -0.069506 1.799380 0.022967 0.068935 0.997357 -0.021043 0.000000 0.000000 0.000000 1.000000
0.999128 -0.035803 -0.021457 -0.000000 0.033941 0.996087 -0.081605 1.799380 0.024295 0.080806 0.996434 -0.021043 0.000000 0.000000 0.000000 1.000000
0.999397 -0.028028 -0.020488 -0.000000 0.025890 0.994847 -0.098026 1.799380 0.023130 0.097436 0.994973 -0.021043 0.000000 0.000000 0.000000 1.000000
0.999768 -0.009251 -0.019444 -0.000000 0.006864 0.992820 -0.119423 1.799380 0.020409 0.119261 0.992653 -0.021043 0.000000 0.000000 0.000000 1.000000
0.999743 0.013037 -0.018565 -0.000000 -0.015474 0.990338 -0.137811 1.799380 0.016589 0.138063 0.990285 -0.021043 0.000000 0.000000 0.000000 1.000000
0.999357 0.031485 -0.017145 -0.000000 -0.033644 0.988833 -0.145182 1.799380 0.012383 0.145666 0.989256 -0.021043 0.000000 0.000000 0.000000 1.000000
0.998792 0.046943 -0.014532 -0.000000 -0.048536 0.988629 -0.142326 1.799380 0.007685 0.142859 0.989713 -0.021043 0.000000 0.000000 0.000000 1.000000
0.997869 0.064328 -0.010938 -0.000000 -0.065219 0.988531 -0.136209 1.799380 0.002050 0.136632 0.990620 -0.021043 0.000000 0.000000 0.000000 1.000000
0.996576 0.082432 -0.006446 -0.000000 -0.082578 0.988328 -0.128015 1.799380 -0.004182 0.128109 0.991751 -0.021043 0.000000 0.000000 0.000000 1.000000
