<?xml version="1.0" encoding="utf-8"?>
<COLLADA xmlns="http://www.collada.org/2005/11/COLLADASchema" version="1.4.1">
  <asset><contributor><author></author><authoring_tool>FBX COLLADA exporter</authoring_tool><comments></comments></contributor><created>2019-12-02T11:11:08Z</created><keywords></keywords><modified>2019-12-02T11:11:08Z</modified><revision></revision><subject></subject><title></title><unit meter="0.010000" name="centimeter"></unit><up_axis>Y_UP</up_axis></asset>
  <library_animations>
    <animation id="root_jnt-anim" name="root_jnt"><animation><source id="root_jnt-Matrix-animation-input"><float_array id="root_jnt-Matrix-animation-input-array" count="21">

0.000000 0.033333 0.066667 0.100000 0.133333 0.166667 0.200000 0.233333 0.266667 0.300000 0.333333 0.366667 0.400000 0.433333 0.466667 0.500000
0.533333 0.566667 0.600000 0.633333 0.666667</float_array><technique_common><accessor source="#root_jnt-Matrix-animation-input-array" count="21"><param name="TIME" type="float"/></accessor></technique_common></source><source id="root_jnt-Matrix-animation-output-transform"><float_array id="root_jnt-Matrix-animation-output-transform-array" count="336">

0.996050 0.084779 0.026410 -0.009139 -0.078774 0.980904 -0.177824 1.837361 -0.040982 0.175041 0.983708 0.141395 0.000000 0.000000 0.000000 1.000000
0.996050 0.084779 0.026410 -0.008865 -0.078774 0.980904 -0.177824 1.790285 -0.040982 0.175041 0.983708 0.141395 0.000000 0.000000 0.000000 1.000000
0.996050 0.084779 0.026410 -0.008517 -0.078774 0.980904 -0.177824 1.730335 -0.040982 0.175041 0.983708 0.141395 0.000000 0.000000 0.000000 1.000000
0.996050 0.084779 0.026410 -0.008207 -0.078774 0.980904 -0.177824 1.677088 -0.040982 0.175041 0.983708 0.141395 0.000000 0.000000 0.000000 1.000000
0.996050 0.084779 0.026410 -0.008051 -0.078774 0.980904 -0.177824 1.650119 -0.040982 0.175041 0.983708 0.141395 0.000000 0.000000 0.000000 1.000000
0.996050 0.084779 0.026410 -0.008030 -0.078774 0.980904 -0.177824 1.646645 -0.040982 0.175041 0.983708 0.141395 0.000000 0.000000 0.000000 1.000000
0.996050 0.084779 0.026410 -0.008055 -0.078774 0.980904 -0.177824 1.650837 -0.040982 0.175041 0.983708 0.141395 0.000000 0.000000 0.000000 1.000000
0.996050 0.084779 0.026410 -0.008124 -0.078774 0.980904 -0.177824 1.662702 -0.040982 0.175041 0.983708 0.141395 0.000000 0.000000 0.000000 1.000000
0.996050 0.084779 0.026410 -0.008237 -0.078774 0.980904 -0.177824 1.682247 -0.040982 0.175041 0.983708 0.141395 0.000000 0.000000 0.000000 1.000000
0.996050 0.084779 0.026410 -0.008396 -0.078774 0.980904 -0.177824 1.709478 -0.040982 0.175041 0.983708 0.141395 0.000000 0.000000 0.000000 1.000000
0.996050 0.084779 0.026410 -0.008599 -0.078774 0.980904 -0.177824 1.744403 -0.040982 0.175041 0.983708 0.141395 0.000000 0.000000 0.000000 1.000000
0.996050 0.084779 0.026410 -0.008846 -0.078774 0.980904 -0.177824 1.787029 -0.040982 0.175041 0.983708 0.141395 0.000000 0.000000 0.000000 1.000000
0.996050 0.084779 0.026410 -0.009139 -0.078774 0.980904 -0.177824 1.837361 -0.040982 0.175041 0.983708 0.141395 0.000000 0.000000 0.000000 1.000000
0.996050 0.084779 0.026410 -0.009402 -0.078774 0.980904 -0.177824 1.882566 -0.040982 0.175041 0.983708 0.141395 0.000000 0.000000 0.000000 1.000000
0.996050 0.084779 0.026410 -0.009567 -0.078774 0.980904 -0.177824 1.911067 -0.040982 0.175041 0.983708 0.141395 0.000000 0.000000 0.000000 1.000000
0.996050 0.084779 0.026410 -0.009647 -0.078774 0.980904 -0.177824 1.924758 -0.040982 0.175041 0.983708 0.141395 0.000000 0.000000 0.000000 1.000000
0.996050 0.084779 0.026410 -0.009651 -0.078774 0.980904 -0.177824 1.925534 -0.040982 0.175041 0.983708 0.141395 0.000000 0.000000 0.000000 1.000000
0.996050 0.084779 0.026410 -0.009592 -0.078774 0.980904 -0.177824 1.915288 -0.040982 0.175041 0.983708 0.141395 0.000000 0.000000 0.000000 1.000000
0.996050 0.084779 0.026410 -0.009479 -0.078774 0.980904 -0.177824 1.895914 -0.040982 0.175041 0.983708 0.141395 0.000000 0.000000 0.000000 1.000000
0.996050 0.084779 0.026410 -0.009324 -0.078774 0.980904 -0.177824 1.869307 -0.040982 0.175041 0.983708 0.141395 0.000000 0.000000 0.000000 1.000000
0.996050 0.084779 0.026410 -0.009139 -0.078774 0.980904 -0.177824 1.837361 -0.040982 0.175041 0.983708 0.141395 0.000000 0.000000 0.000000 1.000000</float_array><technique_common><accessor source="#root_jnt-Matrix-animation-output-transform-array" count="21" stride="16"><param type="float4x4"/></accessor></technique_common></source><source id="root_jnt-Interpolations"><Name_array id="root_jnt-Interpolations-array" count="21">
 LINEAR LINEAR LINEAR LINEAR LINEAR LINEAR LINEAR LINEAR LINEAR LINEAR LINEAR
LINEAR LINEAR LINEAR LINEAR LINEAR LINEAR LINEAR LINEAR LINEAR LINEAR</Name_array><technique_common><accessor source="#root_jnt-Interpolations-array" count="21"><param type="name"/></accessor></technique_common></source><sampler id="root_jnt-Matrix-animation-transform"><input semantic="INPUT" source="#root_jnt-Matrix-animation-input"/><input semantic="OUTPUT" source="#root_jnt-Matrix-animation-output-transform"/><input semantic="INTERPOLATION" source="#root_jnt-Interpolations"/></sampler><channel source="#root_jnt-Matrix-animation-transform" target="root_jnt/matrix"/></animation></animation>
    <animation id="jnt_spine1-anim" name="jnt_spine1"><animation><source id="jnt_spine1-Matrix-animation-input"><float_array id="jnt_spine1-Matrix-animation-input-array" count="21">

0.000000 0.033333 0.066667 0.100000 0.133333 0.166667 0.200000 0.233333 0.266667 0.300000 0.333333 0.366667 0.400000 0.433333 0.466667 0.500000
0.533333 0.566667 0.600000 0.633333 0.666667</float_array><technique_common><accessor source="#jnt_spine1-Matrix-animation-input-array" count="21"><param name="TIME" type="float"/></accessor></technique_common></source><source id="jnt_spine1-Matrix-animation-output-transform"><float_array id="jnt_spine1-Matrix-animation-output-transform-array" count="336">

0.995231 -0.080747 -0.054724 0.000000 0.086461 0.989978 0.111662 0.479000 0.045159 -0.115861 0.992238 0.000000 0.000000 0.000000 0.000000 1.000000
0.995231 -0.080887 -0.054517 -0.000000 0.086461 0.990260 0.109133 0.479000 0.045159 -0.113326 0.992531 -0.000000 0.000000 0.000000 0.000000 1.000000
0.995231 -0.081263 -0.053955 0.000000 0.086461 0.990993 0.102264 0.479000 0.045159 -0.106442 0.993293 0.000000 0.000000 0.000000 0.000000 1.000000
0.995231 -0.081810 -0.053122 0.000000 0.086461 0.991986 0.092134 0.479000 0.045159 -0.096288 0.994329 0.000000 0.000000 0.000000 0.000000 1.000000
0.995231 -0.082462 -0.052103 0.000000 0.086461 0.993053 0.079820 0.479000 0.045159 -0.083944 0.995447 0.000000 0.000000 0.000000 0.000000 1.000000
0.995231 -0.083158 -0.050985 -0.000000 0.086461 0.994040 0.066405 0.479000 0.045159 -0.070497 0.996489 0.000000 0.000000 0.000000 0.000000 1.000000
0.995231 -0.083839 -0.049858 0.000000 0.086461 0.994846 0.052978 0.479000 0.045159 -0.057037 0.997350 -0.000000 0.000000 0.000000 0.000000 1.000000
0.995231 -0.084451 -0.048814 0.000000 0.086461 0.995426 0.040632 0.479000 0.045159 -0.044659 0.997981 -0.000000 0.000000 0.000000 0.000000 1.000000
0.995231 -0.084946 -0.047948 0.000000 0.086461 0.995790 0.030459 0.479000 0.045159 -0.034460 0.998385 0.000000 0.000000 0.000000 0.000000 1.000000
0.995231 -0.085276 -0.047358 0.000000 0.086461 0.995977 0.023555 0.479000 0.045159 -0.027537 0.998600 -0.000000 0.000000 0.000000 0.000000 1.000000
0.995231 -0.085397 -0.047140 0.000000 0.086461 0.996034 0.021010 0.479000 0.045159 -0.024986 0.998667 0.000000 0.000000 0.000000 0.000000 1.000000
0.995231 -0.085076 -0.047716 0.000000 0.086461 0.995869 0.027741 0.479000 0.045159 -0.031734 0.998476 0.000000 0.000000 0.000000 0.000000 1.000000
0.995231 -0.084258 -0.049147 0.000000 0.086461 0.995258 0.044560 0.479000 0.045159 -0.048597 0.997797 0.000000 0.000000 0.000000 0.000000 1.000000
0.995231 -0.083158 -0.050985 0.000000 0.086461 0.994040 0.066405 0.479000 0.045159 -0.070497 0.996489 0.000000 0.000000 0.000000 0.000000 1.000000
0.995231 -0.082019 -0.052799 -0.000000 0.086461 0.992342 0.088218 0.479000 0.045159 -0.092363 0.994701 -0.000000 0.000000 0.000000 0.000000 1.000000
0.995231 -0.081115 -0.054177 -0.000000 0.086461 0.990710 0.104970 0.479000 0.045159 -0.109153 0.992999 -0.000000 0.000000 0.000000 0.000000 1.000000
0.995231 -0.080747 -0.054724 -0.000000 0.086461 0.989978 0.111662 0.479000 0.045159 -0.115861 0.992238 0.000000 0.000000 0.000000 0.000000 1.000000
0.995231 -0.080747 -0.054724 -0.000000 0.086461 0.989978 0.111662 0.479000 0.045159 -0.115861 0.992238 -0.000000 0.000000 0.000000 0.000000 1.000000
0.995231 -0.080747 -0.054724 -0.000000 0.086461 0.989978 0.111662 0.479000 0.045159 -0.115861 0.992238 -0.000000 0.000000 0.000000 0.000000 1.000000
0.995231 -0.080747 -0.054724 0.000000 0.086461 0.989978 0.111662 0.479000 0.045159 -0.115861 0.992238 -0.000000 0.000000 0.000000 0.000000 1.000000
0.995231 -0.080747 -0.054724 0.000000 0.086461 0.989978 0.111662 0.479000 0.045159 -0.115861 0.992238 0.000000 0.000000 0.000000 0.000000 1.000000</float_array><technique_common><accessor source="#jnt_spine1-Matrix-animation-output-transform-array" count="21" stride="16"><param type="float4x4"/></accessor></technique_common></source><source id="jnt_spine1-Interpolations"><Name_array id="jnt_spine1-Interpolations-array" count="21">
 LINEAR LINEAR LINEAR LINEAR LINEAR LINEAR LINEAR LINEAR LINEAR LINEAR LINEAR
LINEAR LINEAR LINEAR LINEAR LINEAR LINEAR LINEAR LINEAR LINEAR LINEAR</Name_array><technique_common><accessor source="#jnt_spine1-Interpolations-array" count="21"><param type="name"/></accessor></technique_common></source><sampler id="jnt_spine1-Matrix-animation-transform"><input semantic="INPUT" source="#jnt_spine1-Matrix-animation-input"/><input semantic="OUTPUT" source="#jnt_spine1-Matrix-animation-output-transform"/><input semantic="INTERPOLATION" source="#jnt_spine1-Interpolations"/></sampler><channel source="#jnt_spine1-Matrix-animation-transform" target="jnt_spine1/matrix"/></animation></animation>
    <animation id="jnt_spine2-anim" name="jnt_spine2"><animation><source id="jnt_spine2-Matrix-animation-input"><float_array id="jnt_spine2-Matrix-animation-input-array" count="21">

0.000000 0.033333 0.066667 0.100000 0.133333 0.166667 0.200000 0.233333 0.266667 0.300000 0.333333 0.366667 0.400000 0.433333 0.466667 0.500000
0.533333 0.566667 0.600000 0.633333 0.666667</float_array><technique_common><accessor source="#jnt_spine2-Matrix-animation-input-array" count="21"><param name="TIME" type="float"/></accessor></technique_common></source><source id="jnt_spine2-Matrix-animation-output-transform"><float_array id="jnt_spine2-Matrix-animation-output-transform-array" count="336">

1.000000 0.000000 0.000000 0.000000 -0.000000 1.000000 -0.000000 0.449000 -0.000000 0.000000 1.000000 0.000000 0.000000 0.000000 0.000000 1.000000
1.000000 0.000000 0.000000 0.000000 -0.000000 1.000000 -0.000000 0.449000 -0.000000 0.000000 1.000000 0.000000 0.000000 0.000000 0.000000 1.000000
1.000000 0.000000 0.000000 0.000000 -0.000000 1.000000 0.000000 0.449000 -0.000000 -0.000000 1.000000 0.000000 0.000000 0.000000 0.000000 1.000000
1.000000 0.000000 0.000000 0.000000 -0.000000 1.000000 0.000000 0.449000 -0.000000 0.000000 1.000000 0.000000 0.000000 0.000000 0.000000 1.000000
1.000000 0.000000 0.000000 -0.000000 -0.000000 1.000000 -0.000000 0.449000 -0.000000 0.000000 1.000000 -0.000000 0.000000 0.000000 0.000000 1.000000
1.000000 0.000000 0.000000 0.000000 -0.000000 1.000000 -0.000000 0.449000 -0.000000 0.000000 1.000000 0.000000 0.000000 0.000000 0.000000 1.000000
1.000000 0.000000 0.000000 -0.000000 -0.000000 1.000000 -0.000000 0.449000 -0.000000 0.000000 1.000000 -0.000000 0.000000 0.000000 0.000000 1.000000
1.000000 0.000000 0.000000 0.000000 -0.000000 1.000000 -0.000000 0.449000 -0.000000 0.000000 1.000000 0.000000 0.000000 0.000000 0.000000 1.000000
1.000000 0.000000 0.000000 -0.000000 -0.000000 1.000000 -0.000000 0.449000 -0.000000 0.000000 1.000000 -0.000000 0.000000 0.000000 0.000000 1.000000
1.000000 -0.000000 0.000000 0.000000 0.000000 1.000000 -0.000000 0.449000 -0.000000 0.000000 1.000000 -0.000000 0.000000 0.000000 0.000000 1.000000
1.000000 0.000000 -0.000000 0.000000 -0.000000 1.000000 -0.000000 0.449000 -0.000000 0.000000 1.000000 -0.000000 0.000000 0.000000 0.000000 1.000000
1.000000 0.000000 0.000000 -0.000000 -0.000000 1.000000 -0.000000 0.449000 -0.000000 0.000000 1.000000 0.000000 0.000000 0.000000 0.000000 1.000000
1.000000 0.000000 0.000000 0.000000 -0.000000 1.000000 -0.000000 0.449000 -0.000000 0.000000 1.000000 -0.000000 0.000000 0.000000 0.000000 1.000000
1.000000 0.000000 0.000000 0.000000 -0.000000 1.000000 -0.000000 0.449000 -0.000000 0.000000 1.000000 0.000000 0.000000 0.000000 0.000000 1.000000
1.000000 -0.000000 0.000000 0.000000 0.000000 1.000000 -0.000000 0.449000 -0.000000 0.000000 1.000000 0.000000 0.000000 0.000000 0.000000 1.000000
1.000000 0.000000 0.000000 0.000000 -0.000000 1.000000 -0.000000 0.449000 -0.000000 0.000000 1.000000 0.000000 0.000000 0.000000 0.000000 1.000000
1.000000 0.000000 0.000000 0.000000 -0.000000 1.000000 -0.000000 0.449000 -0.000000 0.000000 1.000000 0.000000 0.000000 0.000000 0.000000 1.000000
1.000000 0.000000 0.000000 0.000000 -0.000000 1.000000 -0.000000 0.449000 -0.000000 0.000000 1.000000 0.000000 0.000000 0.000000 0.000000 1.000000
1.000000 0.000000 0.000000 0.000000 -0.000000 1.000000 -0.000000 0.449000 -0.000000 0.000000 1.000000 0.000000 0.000000 0.000000 0.000000 1.000000
1.000000 0.000000 0.000000 0.000000 -0.000000 1.000000 -0.000000 0.449000 -0.000000 0.000000 1.000000 0.000000 0.000000 0.000000 0.000000 1.000000
1.000000 0.000000 0.000000 0.000000 -0.000000 1.000000 -0.000000 0.449000 -0.000000 0.000000 1.000000 0.000000 0.000000 0.000000 0.000000 1.000000</float_array><technique_common><accessor source="#jnt_spine2-Matrix-animation-output-transform-array" count="21" stride="16"><param type="float4x4"/></accessor></technique_common></source><source id="jnt_spine2-Interpolations"><Name_array id="jnt_spine2-Interpolations-array" count="21">
 LINEAR LINEAR LINEAR LINEAR LINEAR LINEAR LINEAR LINEAR LINEAR LINEAR LINEAR
LINEAR LINEAR LINEAR LINEAR LINEAR LINEAR LINEAR LINEAR LINEAR LINEAR</Name_array><technique_common><accessor source="#jnt_spine2-Interpolations-array" count="21"><param type="name"/></accessor></technique_common></source><sampler id="jnt_spine2-Matrix-animation-transform"><input semantic="INPUT" source="#jnt_spine2-Matrix-animation-input"/><input semantic="OUTPUT" source="#jnt_spine2-Matrix-animation-output-transform"/><input semantic="INTERPOLATION" source="#jnt_spine2-Interpolations"/></sampler><channel source="#jnt_spine2-Matrix-animation-transform" target="jnt_spine2/matrix"/></animation></animation>
    <animation id="jnt_head-anim" name="jnt_head"><animation><source id="jnt_head-Matrix-animation-input"><float_array id="jnt_head-Matrix-animation-input-array" count="21">

0.000000 0.033333 0.066667 0.100000 0.133333 0.166667 0.200000 0.233333 0.266667 0.300000 0.333333 0.366667 0.400000 0.433333 0.466667 0.500000
0.533333 0.566667 0.600000 0.633333 0.666667</float_array><technique_common><accessor source="#jnt_head-Matrix-animation-input-array" count="21"><param name="TIME" type="float"/></accessor></technique_common></source><source id="jnt_head-Matrix-animation-output-transform"><float_array id="jnt_head-Matrix-animation-output-transform-array" count="336">

0.998767 0.020341 0.045290 -0.000000 -0.022275 0.998842 0.042632 0.296642 -0.044371 -0.043589 0.998064 0.000000 0.000000 0.000000 0.000000 1.000000
0.998767 0.020409 0.045260 0.000000 -0.022275 0.998905 0.041133 0.296642 -0.044371 -0.042090 0.998128 0.000000 0.000000 0.000000 0.000000 1.000000
0.998767 0.020593 0.045176 0.000000 -0.022275 0.999065 0.037061 0.296642 -0.044371 -0.038022 0.998291 0.000000 0.000000 0.000000 0.000000 1.000000
0.998767 0.020864 0.045052 0.000000 -0.022275 0.999269 0.031060 0.296642 -0.044371 -0.032025 0.998502 0.000000 0.000000 0.000000 0.000000 1.000000
0.998767 0.021192 0.044898 0.000000 -0.022275 0.999469 0.023771 0.296642 -0.044371 -0.024742 0.998709 0.000000 0.000000 0.000000 0.000000 1.000000
0.998767 0.021548 0.044729 -0.000000 -0.022275 0.999626 0.015838 0.296642 -0.044371 -0.016815 0.998874 -0.000000 0.000000 0.000000 0.000000 1.000000
0.998767 0.021902 0.044556 0.000000 -0.022275 0.999721 0.007904 0.296642 -0.044371 -0.008887 0.998976 0.000000 0.000000 0.000000 0.000000 1.000000
0.998767 0.022226 0.044395 0.000000 -0.022275 0.999752 0.000613 0.296642 -0.044371 -0.001601 0.999014 0.000000 0.000000 0.000000 0.000000 1.000000
0.998767 0.022493 0.044261 0.000000 -0.022275 0.999737 -0.005392 0.296642 -0.044371 0.004399 0.999005 0.000000 0.000000 0.000000 0.000000 1.000000
0.998767 0.022673 0.044169 -0.000000 -0.022275 0.999707 -0.009466 0.296642 -0.044371 0.008470 0.998979 0.000000 0.000000 0.000000 0.000000 1.000000
0.998767 0.022739 0.044135 0.000000 -0.022275 0.999692 -0.010967 0.296642 -0.044371 0.009970 0.998965 -0.000000 0.000000 0.000000 0.000000 1.000000
0.998767 0.022673 0.044169 0.000000 -0.022275 0.999707 -0.009466 0.296642 -0.044371 0.008470 0.998979 -0.000000 0.000000 0.000000 0.000000 1.000000
0.998767 0.022493 0.044261 0.000000 -0.022275 0.999737 -0.005392 0.296642 -0.044371 0.004399 0.999005 -0.000000 0.000000 0.000000 0.000000 1.000000
0.998767 0.022226 0.044395 0.000000 -0.022275 0.999752 0.000613 0.296642 -0.044371 -0.001601 0.999014 0.000000 0.000000 0.000000 0.000000 1.000000
0.998767 0.021902 0.044556 0.000000 -0.022275 0.999721 0.007904 0.296642 -0.044371 -0.008887 0.998976 0.000000 0.000000 0.000000 0.000000 1.000000
0.998767 0.021548 0.044729 0.000000 -0.022275 0.999626 0.015838 0.296642 -0.044371 -0.016815 0.998874 -0.000000 0.000000 0.000000 0.000000 1.000000
0.998767 0.021192 0.044898 0.000000 -0.022275 0.999469 0.023771 0.296642 -0.044371 -0.024742 0.998709 0.000000 0.000000 0.000000 0.000000 1.000000
0.998767 0.020864 0.045052 0.000000 -0.022275 0.999269 0.031060 0.296642 -0.044371 -0.032025 0.998502 -0.000000 0.000000 0.000000 0.000000 1.000000
0.998767 0.020593 0.045176 -0.000000 -0.022275 0.999065 0.037061 0.296642 -0.044371 -0.038022 0.998291 0.000000 0.000000 0.000000 0.000000 1.000000
0.998767 0.020409 0.045260 0.000000 -0.022275 0.998905 0.041133 0.296642 -0.044371 -0.042090 0.998128 0.000000 0.000000 0.000000 0.000000 1.000000
0.998767 0.020341 0.045290 -0.000000 -0.022275 0.998842 0.042632 0.296642 -0.044371 -0.043589 0.998064 0.000000 0.000000 0.000000 0.000000 1.000000</float_array><technique_common><accessor source="#jnt_head-Matrix-animation-output-transform-array" count="21" stride="16"><param type="float4x4"/></accessor></technique_common></source><source id="jnt_head-Interpolations"><Name_array id="jnt_head-Interpolations-array" count="21">
 LINEAR LINEAR LINEAR LINEAR LINEAR LINEAR LINEAR LINEAR LINEAR LINEAR LINEAR
LINEAR LINEAR LINEAR LINEAR LINEAR LINEAR LINEAR LINEAR LINEAR LINEAR</Name_array><technique_common><accessor source="#jnt_head-Interpolations-array" count="21"><param type="name"/></accessor></technique_common></source><sampler id="jnt_head-Matrix-animation-transform"><input semantic="INPUT" source="#jnt_head-Matrix-animation-input"/><input semantic="OUTPUT" source="#jnt_head-Matrix-animation-output-transform"/><input semantic="INTERPOLATION" source="#jnt_head-Interpolations"/></sampler><channel source="#jnt_head-Matrix-animation-transform" target="jnt_head/matrix"/></animation></animation>
    <animation id="jnt_06_upperleg-anim" name="jnt_06_upperleg"><animation><source id="jnt_06_upperleg-Matrix-animation-input"><float_array id="jnt_06_upperleg-Matrix-animation-input-array" count="21">

0.000000 0.033333 0.066667 0.100000 0.133333 0.166667 0.200000 0.233333 0.266667 0.300000 0.333333 0.366667 0.400000 0.433333 0.466667 0.500000
0.533333 0.566667 0.600000 0.633333 0.666667</float_array><technique_common><accessor source="#jnt_06_upperleg-Matrix-animation-input-array" count="21"><param name="TIME" type="float"/></accessor></technique_common></source><source id="jnt_06_upperleg-Matrix-animation-output-transform"><float_array id="jnt_06_upperleg-Matrix-animation-output-transform-array" count="336">

0.257873 -0.282878 -0.923841 0.236446 0.118056 0.958240 -0.260458 -0.000000 0.958939 -0.041900 0.280499 0.409537 0.000000 0.000000 0.000000 1.000000
0.268069 -0.325234 -0.906842 0.236446 0.218139 0.937337 -0.271687 0.000000 0.938378 -0.124987 0.322218 0.409537 0.000000 0.000000 0.000000 1.000000
0.243946 -0.398572 -0.884099 0.236446 0.420628 0.864912 -0.273860 0.000000 0.873820 -0.305070 0.378643 0.409537 0.000000 0.000000 0.000000 1.000000
0.165369 -0.414516 -0.894891 0.236446 0.605989 0.758594 -0.239400 0.000000 0.778094 -0.502704 0.376640 0.409537 0.000000 0.000000 0.000000 1.000000
0.116654 -0.374403 -0.919899 0.236446 0.709060 0.679949 -0.186825 0.000000 0.695432 -0.630470 0.344793 0.409537 0.000000 0.000000 0.000000 1.000000
0.123404 -0.314561 -0.941182 0.236446 0.723138 0.678014 -0.131790 0.000000 0.679590 -0.664341 0.311141 0.409537 0.000000 0.000000 0.000000 1.000000
0.158661 -0.255593 -0.953677 0.236446 0.680932 0.727768 -0.081762 0.000000 0.714953 -0.636416 0.289510 0.409537 0.000000 0.000000 0.000000 1.000000
0.203829 -0.203590 -0.957604 0.236446 0.606992 0.793723 -0.039549 0.000000 0.768124 -0.573197 0.285362 0.409537 0.000000 0.000000 0.000000 1.000000
0.253302 -0.144066 -0.956600 0.236446 0.478509 0.878065 -0.005532 0.000000 0.840754 -0.456341 0.291353 0.409537 0.000000 0.000000 0.000000 1.000000
0.289783 -0.077095 -0.953982 0.236446 0.311596 0.950047 0.017874 0.000000 0.904950 -0.302437 0.299330 0.409537 0.000000 0.000000 0.000000 1.000000
0.302800 -0.040420 -0.952196 0.236446 0.213819 0.976513 0.026543 0.000000 0.928759 -0.211635 0.304331 0.409537 0.000000 0.000000 0.000000 1.000000
0.302145 -0.051671 -0.951861 0.236446 0.221307 0.975051 0.017318 -0.000000 0.927217 -0.215886 0.306041 0.409537 0.000000 0.000000 0.000000 1.000000
0.296357 -0.087611 -0.951050 0.236446 0.261113 0.965279 -0.007557 -0.000000 0.918691 -0.246092 0.308943 0.409537 0.000000 0.000000 0.000000 1.000000
0.283624 -0.135241 -0.949351 0.236446 0.306958 0.950718 -0.043731 0.000000 0.908479 -0.279008 0.311160 0.409537 0.000000 0.000000 0.000000 1.000000
0.265444 -0.184135 -0.946379 0.236446 0.340960 0.936090 -0.086499 -0.000000 0.901823 -0.299717 0.311262 0.409537 0.000000 0.000000 0.000000 1.000000
0.247493 -0.225946 -0.942176 0.236446 0.348449 0.928122 -0.131044 -0.000000 0.904063 -0.295868 0.308434 0.409537 0.000000 0.000000 0.000000 1.000000
0.236334 -0.256004 -0.937341 0.236446 0.322441 0.930668 -0.172884 -0.000000 0.916612 -0.261379 0.302495 0.409537 0.000000 0.000000 0.000000 1.000000
0.235567 -0.272874 -0.932764 0.236446 0.265268 0.941383 -0.208402 0.000000 0.934955 -0.198339 0.294144 0.409537 0.000000 0.000000 0.000000 1.000000
0.243144 -0.278657 -0.929102 0.236446 0.192651 0.952638 -0.235300 -0.000000 0.950666 -0.121781 0.285312 0.409537 0.000000 0.000000 0.000000 1.000000
0.252782 -0.279357 -0.926316 0.236446 0.133003 0.958353 -0.252724 0.000000 0.958338 -0.059318 0.279410 0.409537 0.000000 0.000000 0.000000 1.000000
0.257873 -0.282878 -0.923841 0.236446 0.118056 0.958240 -0.260458 -0.000000 0.958939 -0.041900 0.280499 0.409537 0.000000 0.000000 0.000000 1.000000</float_array><technique_common><accessor source="#jnt_06_upperleg-Matrix-animation-output-transform-array" count="21" stride="16"><param type="float4x4"/></accessor></technique_common></source><source id="jnt_06_upperleg-Interpolations"><Name_array id="jnt_06_upperleg-Interpolations-array" count="21">
 LINEAR LINEAR LINEAR LINEAR LINEAR LINEAR LINEAR LINEAR LINEAR LINEAR LINEAR
LINEAR LINEAR LINEAR LINEAR LINEAR LINEAR LINEAR LINEAR LINEAR LINEAR</Name_array><technique_common><accessor source="#jnt_06_upperleg-Interpolations-array" count="21"><param type="name"/></accessor></technique_common></source><sampler id="jnt_06_upperleg-Matrix-animation-transform"><input semantic="INPUT" source="#jnt_06_upperleg-Matrix-animation-input"/><input semantic="OUTPUT" source="#jnt_06_upperleg-Matrix-animation-output-transform"/><input semantic="INTERPOLATION" source="#jnt_06_upperleg-Interpolations"/></sampler><channel source="#jnt_06_upperleg-Matrix-animation-transform" target="jnt_06_upperleg/matrix"/></animation></animation>
    <animation id="jnt_06_lowerleg-anim" name="jnt_06_lowerleg"><animation><source id="jnt_06_lowerleg-Matrix-animation-input"><float_array id="jnt_06_lowerleg-Matrix-animation-input-array" count="21">

0.000000 0.033333 0.066667 0.100000 0.133333 0.166667 0.200000 0.233333 0.266667 0.300000 0.333333 0.366667 0.400000 0.433333 0.466667 0.500000
0.533333 0.566667 0.600000 0.633333 0.666667</float_array><technique_common><accessor source="#jnt_06_lowerleg-Matrix-animation-input-array" count="21"><param name="TIME" type="float"/></accessor></technique_common></source><source id="jnt_06_lowerleg-Matrix-animation-output-transform"><float_array id="jnt_06_lowerleg-Matrix-animation-output-transform-array" count="336">

-0.680959 0.732321 0.000000 1.972000 -0.732321 -0.680959 -0.000000 -0.000000 0.000000 0.000000 1.000000 0.000000 0.000000 0.000000 0.000000 1.000000
-0.741986 0.670415 -0.000000 1.972000 -0.670415 -0.741986 -0.000000 -0.000000 0.000000 0.000000 1.000000 0.000000 0.000000 0.000000 0.000000 1.000000
-0.798463 0.602044 0.000000 1.972000 -0.602044 -0.798463 0.000000 -0.000000 0.000000 0.000000 1.000000 0.000000 0.000000 0.000000 0.000000 1.000000
-0.781921 0.623377 0.000000 1.972000 -0.623377 -0.781921 0.000000 -0.000000 0.000000 -0.000000 1.000000 -0.000000 0.000000 0.000000 0.000000 1.000000
-0.693053 0.720887 -0.000000 1.972000 -0.720887 -0.693053 -0.000000 -0.000000 -0.000000 0.000000 1.000000 0.000000 0.000000 0.000000 0.000000 1.000000
-0.518849 0.854866 -0.000000 1.972000 -0.854866 -0.518849 -0.000000 -0.000000 0.000000 0.000000 1.000000 0.000000 0.000000 0.000000 0.000000 1.000000
-0.279060 0.960274 -0.000000 1.972000 -0.960274 -0.279060 0.000000 -0.000000 -0.000000 0.000000 1.000000 -0.000000 0.000000 0.000000 0.000000 1.000000
-0.026121 0.999659 0.000000 1.972000 -0.999659 -0.026121 0.000000 -0.000000 -0.000000 0.000000 1.000000 -0.000000 0.000000 0.000000 0.000000 1.000000
0.200534 0.979687 0.000000 1.972000 -0.979687 0.200534 0.000000 -0.000000 0.000000 0.000000 1.000000 -0.000000 0.000000 0.000000 0.000000 1.000000
0.391452 0.920199 -0.000000 1.972000 -0.920199 0.391452 0.000000 -0.000000 0.000000 0.000000 1.000000 -0.000000 0.000000 0.000000 0.000000 1.000000
0.487124 0.873333 0.000000 1.972000 -0.873333 0.487124 -0.000000 -0.000000 0.000000 0.000000 1.000000 0.000000 0.000000 0.000000 0.000000 1.000000
0.437747 0.899098 0.000000 1.972000 -0.899098 0.437747 -0.000000 -0.000000 0.000000 0.000000 1.000000 0.000000 0.000000 0.000000 0.000000 1.000000
0.287389 0.957814 0.000000 1.972000 -0.957814 0.287389 0.000000 -0.000000 0.000000 0.000000 1.000000 -0.000000 0.000000 0.000000 0.000000 1.000000
0.082983 0.996551 -0.000000 1.972000 -0.996551 0.082983 0.000000 -0.000000 -0.000000 0.000000 1.000000 0.000000 0.000000 0.000000 0.000000 1.000000
-0.132293 0.991211 0.000000 1.972000 -0.991211 -0.132293 0.000000 -0.000000 0.000000 0.000000 1.000000 0.000000 0.000000 0.000000 0.000000 1.000000
-0.322917 0.946427 -0.000000 1.972000 -0.946427 -0.322917 -0.000000 -0.000000 -0.000000 -0.000000 1.000000 -0.000000 0.000000 0.000000 0.000000 1.000000
-0.470110 0.882608 0.000000 1.972000 -0.882608 -0.470110 -0.000000 -0.000000 0.000000 0.000000 1.000000 0.000000 0.000000 0.000000 0.000000 1.000000
-0.570158 0.821535 0.000000 1.972000 -0.821535 -0.570158 -0.000000 -0.000000 -0.000000 0.000000 1.000000 0.000000 0.000000 0.000000 0.000000 1.000000
-0.630305 0.776347 -0.000000 1.972000 -0.776347 -0.630305 0.000000 -0.000000 0.000000 0.000000 1.000000 0.000000 0.000000 0.000000 0.000000 1.000000
-0.663260 0.748389 0.000000 1.972000 -0.748389 -0.663260 0.000000 -0.000000 0.000000 -0.000000 1.000000 -0.000000 0.000000 0.000000 0.000000 1.000000
-0.680959 0.732321 0.000000 1.972000 -0.732321 -0.680959 -0.000000 -0.000000 0.000000 0.000000 1.000000 0.000000 0.000000 0.000000 0.000000 1.000000</float_array><technique_common><accessor source="#jnt_06_lowerleg-Matrix-animation-output-transform-array" count="21" stride="16"><param type="float4x4"/></accessor></technique_common></source><source id="jnt_06_lowerleg-Interpolations"><Name_array id="jnt_06_lowerleg-Interpolations-array" count="21">
 LINEAR LINEAR LINEAR LINEAR LINEAR LINEAR LINEAR LINEAR LINEAR LINEAR LINEAR
LINEAR LINEAR LINEAR LINEAR LINEAR LINEAR LINEAR LINEAR LINEAR LINEAR</Name_array><technique_common><accessor source="#jnt_06_lowerleg-Interpolations-array" count="21"><param type="name"/></accessor></technique_common></source><sampler id="jnt_06_lowerleg-Matrix-animation-transform"><input semantic="INPUT" source="#jnt_06_lowerleg-Matrix-animation-input"/><input semantic="OUTPUT" source="#jnt_06_lowerleg-Matrix-animation-output-transform"/><input semantic="INTERPOLATION" source="#jnt_06_lowerleg-Interpolations"/></sampler><channel source="#jnt_06_lowerleg-Matrix-animation-transform" target="jnt_06_lowerleg/matrix"/></animation></animation>
    <animation id="jnt_06_legend-anim" name="jnt_06_legend"><animation><source id="jnt_06_legend-Matrix-animation-input"><float_array id="jnt_06_legend-Matrix-animation-input-array" count="21">

0.000000 0.033333 0.066667 0.100000 0.133333 0.166667 0.200000 0.233333 0.266667 0.300000 0.333333 0.366667 0.400000 0.433333 0.466667 0.500000
0.533333 0.566667 0.600000 0.633333 0.666667</float_array><technique_common><accessor source="#jnt_06_legend-Matrix-animation-input-array" count="21"><param name="TIME" type="float"/></accessor></technique_common></source><source id="jnt_06_legend-Matrix-animation-output-transform"><float_array id="jnt_06_legend-Matrix-animation-output-transform-array" count="336">

1.000000 -0.000000 -0.000000 2.425000 -0.000000 1.000000 0.000000 -0.000000 0.000000 -0.000000 1.000000 -0.000000 0.000000 0.000000 0.000000 1.000000
1.000000 0.000000 -0.000000 2.412120 -0.000000 1.000000 0.000000 0.000000 0.000000 -0.000000 1.000000 0.000000 0.000000 0.000000 0.000000 1.000000
1.000000 0.000000 0.000000 2.377160 0.000000 1.000000 0.000000 0.000000 -0.000000 -0.000000 1.000000 0.000000 0.000000 0.000000 0.000000 1.000000
1.000000 0.000000 0.000000 2.325640 0.000000 1.000000 -0.000000 0.000000 0.000000 -0.000000 1.000000 0.000000 0.000000 0.000000 0.000000 1.000000
1.000000 0.000000 -0.000000 2.263080 0.000000 1.000000 0.000000 0.000000 0.000000 0.000000 1.000000 0.000000 0.000000 0.000000 0.000000 1.000000
1.000000 0.000000 -0.000000 2.195000 0.000000 1.000000 -0.000000 0.000000 0.000000 0.000000 1.000000 0.000000 0.000000 0.000000 0.000000 1.000000
1.000000 0.000000 -0.000000 2.126920 -0.000000 1.000000 0.000000 0.000000 -0.000000 -0.000000 1.000000 0.000000 0.000000 0.000000 0.000000 1.000000
1.000000 -0.000000 -0.000000 2.064360 -0.000000 1.000000 0.000000 0.000000 0.000000 0.000000 1.000000 0.000000 0.000000 0.000000 0.000000 1.000000
1.000000 0.000000 -0.000000 2.012840 0.000000 1.000000 -0.000000 0.000000 0.000000 0.000000 1.000000 0.000000 0.000000 0.000000 0.000000 1.000000
1.000000 0.000000 0.000000 1.977880 -0.000000 1.000000 -0.000000 0.000000 0.000000 0.000000 1.000000 -0.000000 0.000000 0.000000 0.000000 1.000000
1.000000 0.000000 0.000000 1.965000 0.000000 1.000000 0.000000 0.000000 0.000000 0.000000 1.000000 -0.000000 0.000000 0.000000 0.000000 1.000000
1.000000 0.000000 -0.000000 1.977880 0.000000 1.000000 -0.000000 0.000000 0.000000 -0.000000 1.000000 -0.000000 0.000000 0.000000 0.000000 1.000000
1.000000 0.000000 -0.000000 2.012840 0.000000 1.000000 0.000000 0.000000 -0.000000 -0.000000 1.000000 -0.000000 0.000000 0.000000 0.000000 1.000000
1.000000 0.000000 -0.000000 2.064360 0.000000 1.000000 0.000000 0.000000 0.000000 0.000000 1.000000 0.000000 0.000000 0.000000 0.000000 1.000000
1.000000 -0.000000 0.000000 2.126920 -0.000000 1.000000 0.000000 0.000000 0.000000 0.000000 1.000000 0.000000 0.000000 0.000000 0.000000 1.000000
1.000000 -0.000000 0.000000 2.195000 -0.000000 1.000000 0.000000 0.000000 0.000000 0.000000 1.000000 0.000000 0.000000 0.000000 0.000000 1.000000
1.000000 0.000000 0.000000 2.263080 0.000000 1.000000 -0.000000 0.000000 0.000000 0.000000 1.000000 -0.000000 0.000000 0.000000 0.000000 1.000000
1.000000 -0.000000 0.000000 2.325640 0.000000 1.000000 0.000000 0.000000 -0.000000 -0.000000 1.000000 -0.000000 0.000000 0.000000 0.000000 1.000000
1.000000 -0.000000 0.000000 2.377160 0.000000 1.000000 -0.000000 0.000000 0.000000 -0.000000 1.000000 -0.000000 0.000000 0.000000 0.000000 1.000000
1.000000 -0.000000 -0.000000 2.412120 -0.000000 1.000000 0.000000 0.000000 0.000000 0.000000 1.000000 0.000000 0.000000 0.000000 0.000000 1.000000
1.000000 -0.000000 -0.000000 2.425000 -0.000000 1.000000 0.000000 -0.000000 0.000000 -0.000000 1.000000 -0.000000 0.000000 0.000000 0.000000 1.000000</float_array><technique_common><accessor source="#jnt_06_legend-Matrix-animation-output-transform-array" count="21" stride="16"><param type="float4x4"/></accessor></technique_common></source><source id="jnt_06_legend-Interpolations"><Name_array id="jnt_06_legend-Interpolations-array" count="21">
 LINEAR LINEAR LINEAR LINEAR LINEAR LINEAR LINEAR LINEAR LINEAR LINEAR LINEAR
LINEAR LINEAR LINEAR LINEAR LINEAR LINEAR LINEAR LINEAR LINEAR LINEAR</Name_array><technique_common><accessor source="#jnt_06_legend-Interpolations-array" count="21"><param type="name"/></accessor></technique_common></source><sampler id="jnt_06_legend-Matrix-animation-transform"><input semantic="INPUT" source="#jnt_06_legend-Matrix-animation-input"/><input semantic="OUTPUT" source="#jnt_06_legend-Matrix-animation-output-transform"/><input semantic="INTERPOLATION" source="#jnt_06_legend-Interpolations"/></sampler><channel source="#jnt_06_legend-Matrix-animation-transform" target="jnt_06_legend/matrix"/></animation></animation>
    <animation id="jnt_06_cable-anim" name="jnt_06_cable"><animation><source id="jnt_06_cable-Matrix-animation-input"><float_array id="jnt_06_cable-Matrix-animation-input-array" count="21">

0.000000 0.033333 0.066667 0.100000 0.133333 0.166667 0.200000 0.233333 0.266667 0.300000 0.333333 0.366667 0.400000 0.433333 0.466667 0.500000
0.533333 0.566667 0.600000 0.633333 0.666667</float_array><technique_common><accessor source="#jnt_06_cable-Matrix-animation-input-array" count="21"><param name="TIME" type="float"/></accessor></technique_common></source><source id="jnt_06_cable-Matrix-animation-output-transform"><float_array id="jnt_06_cable-Matrix-animation-output-transform-array" count="336">

0.999959 -0.009044 0.000000 1.025162 0.009044 0.999959 -0.000000 -0.572081 0.000000 0.000000 1.000000 0.000000 0.000000 0.000000 0.000000 1.000000
0.999959 -0.009044 -0.000000 1.025162 0.009044 0.999959 -0.000000 -0.572081 0.000000 -0.000000 1.000000 0.000000 0.000000 0.000000 0.000000 1.000000
0.999959 -0.009044 0.000000 1.025162 0.009044 0.999959 0.000000 -0.572081 -0.000000 -0.000000 1.000000 -0.000000 0.000000 0.000000 0.000000 1.000000
0.999959 -0.009044 0.000000 1.025162 0.009044 0.999959 0.000000 -0.572081 -0.000000 0.000000 1.000000 -0.000000 0.000000 0.000000 0.000000 1.000000
0.999959 -0.009044 -0.000000 1.025162 0.009044 0.999959 -0.000000 -0.572081 0.000000 -0.000000 1.000000 0.000000 0.000000 0.000000 0.000000 1.000000
0.999959 -0.009044 -0.000000 1.025162 0.009044 0.999959 -0.000000 -0.572081 0.000000 0.000000 1.000000 0.000000 0.000000 0.000000 0.000000 1.000000
0.999959 -0.009044 -0.000000 1.025162 0.009044 0.999959 0.000000 -0.572081 -0.000000 0.000000 1.000000 -0.000000 0.000000 0.000000 0.000000 1.000000
0.999959 -0.009044 0.000000 1.025162 0.009044 0.999959 0.000000 -0.572081 -0.000000 0.000000 1.000000 0.000000 0.000000 0.000000 0.000000 1.000000
0.999959 -0.009044 0.000000 1.025162 0.009044 0.999959 0.000000 -0.572081 0.000000 0.000000 1.000000 -0.000000 0.000000 0.000000 0.000000 1.000000
0.999959 -0.009044 -0.000000 1.025162 0.009044 0.999959 0.000000 -0.572081 0.000000 0.000000 1.000000 -0.000000 0.000000 0.000000 0.000000 1.000000
0.999959 -0.009044 0.000000 1.025162 0.009044 0.999959 -0.000000 -0.572081 0.000000 0.000000 1.000000 0.000000 0.000000 0.000000 0.000000 1.000000
0.999959 -0.009044 0.000000 1.025162 0.009044 0.999959 -0.000000 -0.572081 -0.000000 -0.000000 1.000000 -0.000000 0.000000 0.000000 0.000000 1.000000
0.999959 -0.009044 0.000000 1.025162 0.009044 0.999959 0.000000 -0.572081 0.000000 0.000000 1.000000 -0.000000 0.000000 0.000000 0.000000 1.000000
0.999959 -0.009044 -0.000000 1.025162 0.009044 0.999959 0.000000 -0.572081 0.000000 0.000000 1.000000 0.000000 0.000000 0.000000 0.000000 1.000000
0.999959 -0.009044 0.000000 1.025162 0.009044 0.999959 0.000000 -0.572081 0.000000 0.000000 1.000000 0.000000 0.000000 0.000000 0.000000 1.000000
0.999959 -0.009044 -0.000000 1.025162 0.009044 0.999959 -0.000000 -0.572081 0.000000 0.000000 1.000000 0.000000 0.000000 0.000000 0.000000 1.000000
0.999959 -0.009044 0.000000 1.025162 0.009044 0.999959 -0.000000 -0.572081 0.000000 0.000000 1.000000 0.000000 0.000000 0.000000 0.000000 1.000000
0.999959 -0.009044 0.000000 1.025162 0.009044 0.999959 -0.000000 -0.572081 0.000000 0.000000 1.000000 0.000000 0.000000 0.000000 0.000000 1.000000
0.999959 -0.009044 -0.000000 1.025162 0.009044 0.999959 0.000000 -0.572081 0.000000 -0.000000 1.000000 0.000000 0.000000 0.000000 0.000000 1.000000
0.999959 -0.009044 0.000000 1.025162 0.009044 0.999959 0.000000 -0.572081 -0.000000 0.000000 1.000000 -0.000000 0.000000 0.000000 0.000000 1.000000
0.999959 -0.009044 0.000000 1.025162 0.009044 0.999959 -0.000000 -0.572081 0.000000 0.000000 1.000000 0.000000 0.000000 0.000000 0.000000 1.000000</float_array><technique_common><accessor source="#jnt_06_cable-Matrix-animation-output-transform-array" count="21" stride="16"><param type="float4x4"/></accessor></technique_common></source><source id="jnt_06_cable-Interpolations"><Name_array id="jnt_06_cable-Interpolations-array" count="21">
 LINEAR LINEAR LINEAR LINEAR LINEAR LINEAR LINEAR LINEAR LINEAR LINEAR LINEAR
LINEAR LINEAR LINEAR LINEAR LINEAR LINEAR LINEAR LINEAR LINEAR LINEAR</Name_array><technique_common><accessor source="#jnt_06_cable-Interpolations-array" count="21"><param type="name"/></accessor></technique_common></source><sampler id="jnt_06_cable-Matrix-animation-transform"><input semantic="INPUT" source="#jnt_06_cable-Matrix-animation-input"/><input semantic="OUTPUT" source="#jnt_06_cable-Matrix-animation-output-transform"/><input semantic="INTERPOLATION" source="#jnt_06_cable-Interpolations"/></sampler><channel source="#jnt_06_cable-Matrix-animation-transform" target="jnt_06_cable/matrix"/></animation></animation>
    <animation id="jnt_05_upperleg-anim" name="jnt_05_upperleg"><animation><source id="jnt_05_upperleg-Matrix-animation-input"><float_array id="jnt_05_upperleg-Matrix-animation-input-array" count="21">

0.000000 0.033333 0.066667 0.100000 0.133333 0.166667 0.200000 0.233333 0.266667 0.300000 0.333333 0.366667 0.400000 0.433333 0.466667 0.500000
0.533333 0.566667 0.600000 0.633333 0.666667</float_array><technique_common><accessor source="#jnt_05_upperleg-Matrix-animation-input-array" count="21"><param name="TIME" type="float"/></accessor></technique_common></source><source id="jnt_05_upperleg-Matrix-animation-output-transform"><float_array id="jnt_05_upperleg-Matrix-animation-output-transform-array" count="336">

0.721241 -0.038589 0.691609 0.472892 0.068291 0.997544 -0.015558 -0.000000 -0.689310 0.058452 0.722105 0.000000 0.000000 0.000000 0.000000 1.000000
0.698758 -0.042530 0.714093 0.472892 0.080861 0.996529 -0.019773 -0.000000 -0.710774 0.071559 0.699772 0.000000 0.000000 0.000000 0.000000 1.000000
