<?xml version="1.0" encoding="utf-8"?>
<COLLADA xmlns="http://www.collada.org/2005/11/COLLADASchema" version="1.4.1">
  <asset><contributor><author></author><authoring_tool>FBX COLLADA exporter</authoring_tool><comments></comments></contributor><created>2019-12-02T10:53:27Z</created><keywords></keywords><modified>2019-12-02T10:53:27Z</modified><revision></revision><subject></subject><title></title><unit meter="0.010000" name="centimeter"></unit><up_axis>Y_UP</up_axis></asset>
  <library_animations>
    <animation id="root_jnt-anim" name="root_jnt"><animation><source id="root_jnt-Matrix-animation-input"><float_array id="root_jnt-Matrix-animation-input-array" count="21">

0.000000 0.033333 0.066667 0.100000 0.133333 0.166667 0.200000 0.233333 0.266667 0.300000 0.333333 0.366667 0.400000 0.433333 0.466667 0.500000
0.533333 0.566667 0.600000 0.633333 0.666667</float_array><technique_common><accessor source="#root_jnt-Matrix-animation-input-array" count="21"><param name="TIME" type="float"/></accessor></technique_common></source><source id="root_jnt-Matrix-animation-output-transform"><float_array id="root_jnt-Matrix-animation-output-transform-array" count="336">

0.974721 0.219876 0.039678 -0.009139 -0.219637 0.975527 -0.010346 1.837361 -0.040982 0.001370 0.999159 0.141395 0.000000 0.000000 0.000000 1.000000
0.974721 0.219876 0.039678 -0.009324 -0.219637 0.975527 -0.010346 1.869307 -0.040982 0.001370 0.999159 0.141395 0.000000 0.000000 0.000000 1.000000
0.974721 0.219876 0.039678 -0.009479 -0.219637 0.975527 -0.010346 1.895914 -0.040982 0.001370 0.999159 0.141395 0.000000 0.000000 0.000000 1.000000
0.974721 0.219876 0.039678 -0.009592 -0.219637 0.975527 -0.010346 1.915288 -0.040982 0.001370 0.999159 0.141395 0.000000 0.000000 0.000000 1.000000
0.974721 0.219876 0.039678 -0.009651 -0.219637 0.975527 -0.010346 1.925534 -0.040982 0.001370 0.999159 0.141395 0.000000 0.000000 0.000000 1.000000
0.974721 0.219876 0.039678 -0.009647 -0.219637 0.975527 -0.010346 1.924758 -0.040982 0.001370 0.999159 0.141395 0.000000 0.000000 0.000000 1.000000
0.974721 0.219876 0.039678 -0.009567 -0.219637 0.975527 -0.010346 1.911067 -0.040982 0.001370 0.999159 0.141395 0.000000 0.000000 0.000000 1.000000
0.974721 0.219876 0.039678 -0.009402 -0.219637 0.975527 -0.010346 1.882566 -0.040982 0.001370 0.999159 0.141395 0.000000 0.000000 0.000000 1.000000
0.974721 0.219876 0.039678 -0.009139 -0.219637 0.975527 -0.010346 1.837361 -0.040982 0.001370 0.999159 0.141395 0.000000 0.000000 0.000000 1.000000
0.974721 0.219876 0.039678 -0.008846 -0.219637 0.975527 -0.010346 1.787029 -0.040982 0.001370 0.999159 0.141395 0.000000 0.000000 0.000000 1.000000
0.974721 0.219876 0.039678 -0.008599 -0.219637 0.975527 -0.010346 1.744403 -0.040982 0.001370 0.999159 0.141395 0.000000 0.000000 0.000000 1.000000
0.974721 0.219876 0.039678 -0.008396 -0.219637 0.975527 -0.010346 1.709478 -0.040982 0.001370 0.999159 0.141395 0.000000 0.000000 0.000000 1.000000
0.974721 0.219876 0.039678 -0.008237 -0.219637 0.975527 -0.010346 1.682247 -0.040982 0.001370 0.999159 0.141395 0.000000 0.000000 0.000000 1.000000
0.974721 0.219876 0.039678 -0.008124 -0.219637 0.975527 -0.010346 1.662702 -0.040982 0.001370 0.999159 0.141395 0.000000 0.000000 0.000000 1.000000
0.974721 0.219876 0.039678 -0.008055 -0.219637 0.975527 -0.010346 1.650837 -0.040982 0.001370 0.999159 0.141395 0.000000 0.000000 0.000000 1.000000
0.974721 0.219876 0.039678 -0.008030 -0.219637 0.975527 -0.010346 1.646645 -0.040982 0.001370 0.999159 0.141395 0.000000 0.000000 0.000000 1.000000
0.974721 0.219876 0.039678 -0.008051 -0.219637 0.975527 -0.010346 1.650119 -0.040982 0.001370 0.999159 0.141395 0.000000 0.000000 0.000000 1.000000
0.974721 0.219876 0.039678 -0.008207 -0.219637 0.975527 -0.010346 1.677088 -0.040982 0.001370 0.999159 0.141395 0.000000 0.000000 0.000000 1.000000
0.974721 0.219876 0.039678 -0.008517 -0.219637 0.975527 -0.010346 1.730335 -0.040982 0.001370 0.999159 0.141395 0.000000 0.000000 0.000000 1.000000
0.974721 0.219876 0.039678 -0.008865 -0.219637 0.975527 -0.010346 1.790285 -0.040982 0.001370 0.999159 0.141395 0.000000 0.000000 0.000000 1.000000
0.974721 0.219876 0.039678 -0.009139 -0.219637 0.975527 -0.010346 1.837361 -0.040982 0.001370 0.999159 0.141395 0.000000 0.000000 0.000000 1.000000</float_array><technique_common><accessor source="#root_jnt-Matrix-animation-output-transform-array" count="21" stride="16"><param type="float4x4"/></accessor></technique_common></source><source id="root_jnt-Interpolations"><Name_array id="root_jnt-Interpolations-array" count="21">
 LINEAR LINEAR LINEAR LINEAR LINEAR LINEAR LINEAR LINEAR LINEAR LINEAR LINEAR
LINEAR LINEAR LINEAR LINEAR LINEAR LINEAR LINEAR LINEAR LINEAR LINEAR</Name_array><technique_common><accessor source="#root_jnt-Interpolations-array" count="21"><param type="name"/></accessor></technique_common></source><sampler id="root_jnt-Matrix-animation-transform"><input semantic="INPUT" source="#root_jnt-Matrix-animation-input"/><input semantic="OUTPUT" source="#root_jnt-Matrix-animation-output-transform"/><input semantic="INTERPOLATION" source="#root_jnt-Interpolations"/></sampler><channel source="#root_jnt-Matrix-animation-transform" target="root_jnt/matrix"/></animation></animation>
    <animation id="jnt_spine1-anim" name="jnt_spine1"><animation><source id="jnt_spine1-Matrix-animation-input"><float_array id="jnt_spine1-Matrix-animation-input-array" count="21">

0.000000 0.033333 0.066667 0.100000 0.133333 0.166667 0.200000 0.233333 0.266667 0.300000 0.333333 0.366667 0.400000 0.433333 0.466667 0.500000
0.533333 0.566667 0.600000 0.633333 0.666667</float_array><technique_common><accessor source="#jnt_spine1-Matrix-animation-input-array" count="21"><param name="TIME" type="float"/></accessor></technique_common></source><source id="jnt_spine1-Matrix-animation-output-transform"><float_array id="jnt_spine1-Matrix-animation-output-transform-array" count="336">

0.964987 -0.260800 -0.027995 0.000000 0.258520 0.963704 -0.066642 0.479000 0.044359 0.057071 0.997384 0.000000 0.000000 0.000000 0.000000 1.000000
0.964988 -0.260797 -0.027995 0.000000 0.258517 0.963705 -0.066642 0.479000 0.044359 0.057071 0.997384 0.000000 0.000000 0.000000 0.000000 1.000000
0.964989 -0.260793 -0.027996 0.000000 0.258513 0.963706 -0.066642 0.479000 0.044359 0.057071 0.997384 0.000000 0.000000 0.000000 0.000000 1.000000
0.964989 -0.260792 -0.027996 0.000000 0.258512 0.963707 -0.066642 0.479000 0.044359 0.057071 0.997384 0.000000 0.000000 0.000000 0.000000 1.000000
0.964987 -0.260800 -0.027995 0.000000 0.258520 0.963704 -0.066642 0.479000 0.044359 0.057071 0.997384 0.000000 0.000000 0.000000 0.000000 1.000000
0.968126 -0.248811 -0.028723 0.000000 0.246499 0.966839 -0.066787 0.479000 0.044388 0.057579 0.997354 0.000000 0.000000 0.000000 0.000000 1.000000
0.975324 -0.218654 -0.030550 0.000000 0.216261 0.974026 -0.067113 0.479000 0.044431 0.058850 0.997278 0.000000 0.000000 0.000000 0.000000 1.000000
0.983273 -0.179135 -0.032939 0.000000 0.176637 0.981962 -0.067451 0.479000 0.044428 0.060504 0.997179 0.000000 0.000000 0.000000 0.000000 1.000000
0.989616 -0.139326 -0.035340 0.000000 0.136722 0.988294 -0.067692 0.479000 0.044358 0.062157 0.997080 0.000000 0.000000 0.000000 0.000000 1.000000
0.993395 -0.108546 -0.037193 0.000000 0.105862 0.992066 -0.067811 0.479000 0.044258 0.063426 0.997005 0.000000 0.000000 0.000000 0.000000 1.000000
0.994639 -0.096204 -0.037935 0.000000 0.093487 0.993306 -0.067843 0.479000 0.044208 0.063932 0.996975 0.000000 0.000000 0.000000 0.000000 1.000000
0.994187 -0.100870 -0.037654 0.000000 0.098166 0.992856 -0.067832 0.479000 0.044228 0.063741 0.996986 0.000000 0.000000 0.000000 0.000000 1.000000
0.992850 -0.113525 -0.036893 0.000000 0.110854 0.991522 -0.067796 0.479000 0.044277 0.063221 0.997017 0.000000 0.000000 0.000000 0.000000 1.000000
0.990585 -0.132141 -0.035773 0.000000 0.129518 0.989262 -0.067725 0.479000 0.044338 0.062454 0.997063 0.000000 0.000000 0.000000 0.000000 1.000000
0.987365 -0.154683 -0.034415 0.000000 0.152120 0.986047 -0.067611 0.479000 0.044393 0.061521 0.997118 0.000000 0.000000 0.000000 0.000000 1.000000
0.983275 -0.179124 -0.032940 0.000000 0.176626 0.981964 -0.067451 0.479000 0.044428 0.060505 0.997179 0.000000 0.000000 0.000000 0.000000 1.000000
0.978578 -0.203456 -0.031469 0.000000 0.201022 0.977275 -0.067255 0.479000 0.044438 0.059488 0.997239 0.000000 0.000000 0.000000 0.000000 1.000000
0.973730 -0.225706 -0.030123 0.000000 0.223332 0.972434 -0.067042 0.479000 0.044424 0.058554 0.997295 0.000000 0.000000 0.000000 0.000000 1.000000
0.969356 -0.243942 -0.029018 0.000000 0.241617 0.968067 -0.066844 0.479000 0.044397 0.057784 0.997341 0.000000 0.000000 0.000000 0.000000 1.000000
0.966192 -0.256269 -0.028270 0.000000 0.253977 0.964908 -0.066698 0.479000 0.044371 0.057263 0.997373 0.000000 0.000000 0.000000 0.000000 1.000000
0.964987 -0.260800 -0.027995 0.000000 0.258520 0.963704 -0.066642 0.479000 0.044359 0.057071 0.997384 0.000000 0.000000 0.000000 0.000000 1.000000</float_array><technique_common><accessor source="#jnt_spine1-Matrix-animation-output-transform-array" count="21" stride="16"><param type="float4x4"/></accessor></technique_common></source><source id="jnt_spine1-Interpolations"><Name_array id="jnt_spine1-Interpolations-array" count="21">
 LINEAR LINEAR LINEAR LINEAR LINEAR LINEAR LINEAR LINEAR LINEAR LINEAR LINEAR
LINEAR LINEAR LINEAR LINEAR LINEAR LINEAR LINEAR LINEAR LINEAR LINEAR</Name_array><technique_common><accessor source="#jnt_spine1-Interpolations-array" count="21"><param type="name"/></accessor></technique_common></source><sampler id="jnt_spine1-Matrix-animation-transform"><input semantic="INPUT" source="#jnt_spine1-Matrix-animation-input"/><input semantic="OUTPUT" source="#jnt_spine1-Matrix-animation-output-transform"/><input semantic="INTERPOLATION" source="#jnt_spine1-Interpolations"/></sampler><channel source="#jnt_spine1-Matrix-animation-transform" target="jnt_spine1/matrix"/></animation></animation>
    <animation id="jnt_spine2-anim" name="jnt_spine2"><animation><source id="jnt_spine2-Matrix-animation-input"><float_array id="jnt_spine2-Matrix-animation-input-array" count="21">

0.000000 0.033333 0.066667 0.100000 0.133333 0.166667 0.200000 0.233333 0.266667 0.300000 0.333333 0.366667 0.400000 0.433333 0.466667 0.500000
0.533333 0.566667 0.600000 0.633333 0.666667</float_array><technique_common><accessor source="#jnt_spine2-Matrix-animation-input-array" count="21"><param name="TIME" type="float"/></accessor></technique_common></source><source id="jnt_spine2-Matrix-animation-output-transform"><float_array id="jnt_spine2-Matrix-animation-output-transform-array" count="336">

1.000000 0.000000 0.000000 0.000000 -0.000000 1.000000 0.000000 0.449000 -0.000000 -0.000000 1.000000 0.000000 0.000000 0.000000 0.000000 1.000000
1.000000 0.000000 -0.000000 0.000000 -0.000000 1.000000 0.000000 0.449000 0.000000 -0.000000 1.000000 0.000000 0.000000 0.000000 0.000000 1.000000
1.000000 -0.000000 0.000000 -0.000000 0.000000 1.000000 -0.000000 0.449000 -0.000000 -0.000000 1.000000 0.000000 0.000000 0.000000 0.000000 1.000000
1.000000 0.000000 0.000000 -0.000000 -0.000000 1.000000 0.000000 0.449000 -0.000000 -0.000000 1.000000 0.000000 0.000000 0.000000 0.000000 1.000000
1.000000 0.000000 0.000000 0.000000 -0.000000 1.000000 0.000000 0.449000 -0.000000 -0.000000 1.000000 0.000000 0.000000 0.000000 0.000000 1.000000
1.000000 0.000000 0.000000 0.000000 -0.000000 1.000000 0.000000 0.449000 -0.000000 -0.000000 1.000000 0.000000 0.000000 0.000000 0.000000 1.000000
1.000000 0.000000 0.000000 0.000000 -0.000000 1.000000 0.000000 0.449000 -0.000000 -0.000000 1.000000 0.000000 0.000000 0.000000 0.000000 1.000000
1.000000 0.000000 -0.000000 0.000000 -0.000000 1.000000 0.000000 0.449000 0.000000 -0.000000 1.000000 0.000000 0.000000 0.000000 0.000000 1.000000
1.000000 0.000000 0.000000 0.000000 -0.000000 1.000000 0.000000 0.449000 -0.000000 -0.000000 1.000000 0.000000 0.000000 0.000000 0.000000 1.000000
1.000000 -0.000000 0.000000 -0.000000 0.000000 1.000000 0.000000 0.449000 -0.000000 -0.000000 1.000000 -0.000000 0.000000 0.000000 0.000000 1.000000
1.000000 0.000000 0.000000 0.000000 0.000000 1.000000 -0.000000 0.449000 -0.000000 0.000000 1.000000 -0.000000 0.000000 0.000000 0.000000 1.000000
1.000000 -0.000000 -0.000000 0.000000 -0.000000 1.000000 -0.000000 0.449000 0.000000 0.000000 1.000000 0.000000 0.000000 0.000000 0.000000 1.000000
1.000000 0.000000 -0.000000 -0.000000 0.000000 1.000000 0.000000 0.449000 0.000000 0.000000 1.000000 0.000000 0.000000 0.000000 0.000000 1.000000
1.000000 0.000000 0.000000 -0.000000 -0.000000 1.000000 0.000000 0.449000 -0.000000 -0.000000 1.000000 0.000000 0.000000 0.000000 0.000000 1.000000
1.000000 0.000000 0.000000 0.000000 -0.000000 1.000000 0.000000 0.449000 -0.000000 -0.000000 1.000000 -0.000000 0.000000 0.000000 0.000000 1.000000
1.000000 -0.000000 -0.000000 -0.000000 0.000000 1.000000 -0.000000 0.449000 0.000000 0.000000 1.000000 0.000000 0.000000 0.000000 0.000000 1.000000
1.000000 -0.000000 0.000000 0.000000 0.000000 1.000000 -0.000000 0.449000 -0.000000 -0.000000 1.000000 -0.000000 0.000000 0.000000 0.000000 1.000000
1.000000 -0.000000 0.000000 0.000000 0.000000 1.000000 -0.000000 0.449000 -0.000000 0.000000 1.000000 0.000000 0.000000 0.000000 0.000000 1.000000
1.000000 -0.000000 0.000000 0.000000 0.000000 1.000000 0.000000 0.449000 -0.000000 0.000000 1.000000 0.000000 0.000000 0.000000 0.000000 1.000000
1.000000 -0.000000 0.000000 0.000000 0.000000 1.000000 -0.000000 0.449000 -0.000000 0.000000 1.000000 0.000000 0.000000 0.000000 0.000000 1.000000
1.000000 0.000000 0.000000 0.000000 -0.000000 1.000000 0.000000 0.449000 -0.000000 -0.000000 1.000000 0.000000 0.000000 0.000000 0.000000 1.000000</float_array><technique_common><accessor source="#jnt_spine2-Matrix-animation-output-transform-array" count="21" stride="16"><param type="float4x4"/></accessor></technique_common></source><source id="jnt_spine2-Interpolations"><Name_array id="jnt_spine2-Interpolations-array" count="21">
 LINEAR LINEAR LINEAR LINEAR LINEAR LINEAR LINEAR LINEAR LINEAR LINEAR LINEAR
LINEAR LINEAR LINEAR LINEAR LINEAR LINEAR LINEAR LINEAR LINEAR LINEAR</Name_array><technique_common><accessor source="#jnt_spine2-Interpolations-array" count="21"><param type="name"/></accessor></technique_common></source><sampler id="jnt_spine2-Matrix-animation-transform"><input semantic="INPUT" source="#jnt_spine2-Matrix-animation-input"/><input semantic="OUTPUT" source="#jnt_spine2-Matrix-animation-output-transform"/><input semantic="INTERPOLATION" source="#jnt_spine2-Interpolations"/></sampler><channel source="#jnt_spine2-Matrix-animation-transform" target="jnt_spine2/matrix"/></animation></animation>
    <animation id="jnt_head-anim" name="jnt_head"><animation><source id="jnt_head-Matrix-animation-input"><float_array id="jnt_head-Matrix-animation-input-array" count="21">

0.000000 0.033333 0.066667 0.100000 0.133333 0.166667 0.200000 0.233333 0.266667 0.300000 0.333333 0.366667 0.400000 0.433333 0.466667 0.500000
0.533333 0.566667 0.600000 0.633333 0.666667</float_array><technique_common><accessor source="#jnt_head-Matrix-animation-input-array" count="21"><param name="TIME" type="float"/></accessor></technique_common></source><source id="jnt_head-Matrix-animation-output-transform"><float_array id="jnt_head-Matrix-animation-output-transform-array" count="336">

0.998876 -0.018617 0.043594 0.000000 0.016680 0.998876 0.044366 0.296642 -0.044371 -0.043589 0.998064 0.000000 0.000000 0.000000 0.000000 1.000000
0.998904 -0.016748 0.043699 -0.000000 0.014877 0.998973 0.042787 0.296642 -0.044371 -0.042090 0.998128 -0.000000 0.000000 0.000000 0.000000 1.000000
0.998965 -0.011673 0.043956 0.000000 0.009982 0.999209 0.038500 0.296642 -0.044371 -0.038022 0.998291 -0.000000 0.000000 0.000000 0.000000 1.000000
0.999011 -0.004191 0.044259 0.000000 0.002767 0.999478 0.032180 0.296642 -0.044371 -0.032025 0.998502 0.000000 0.000000 0.000000 0.000000 1.000000
0.998997 0.004899 0.044505 -0.000000 -0.005994 0.999682 0.024500 0.296642 -0.044371 -0.024742 0.998709 0.000000 0.000000 0.000000 0.000000 1.000000
0.998894 0.014794 0.044621 -0.000000 -0.015527 0.999749 0.016140 0.296642 -0.044371 -0.016815 0.998874 -0.000000 0.000000 0.000000 0.000000 1.000000
0.998701 0.024688 0.044578 -0.000000 -0.025059 0.999656 0.007780 0.296642 -0.044371 -0.008887 0.998976 -0.000000 0.000000 0.000000 0.000000 1.000000
0.998443 0.033778 0.044400 -0.000000 -0.033816 0.999428 0.000100 0.296642 -0.044371 -0.001601 0.999014 0.000000 0.000000 0.000000 0.000000 1.000000
0.998172 0.041261 0.044152 -0.000000 -0.041026 0.999139 -0.006222 0.296642 -0.044371 0.004399 0.999005 -0.000000 0.000000 0.000000 0.000000 1.000000
0.997959 0.046337 0.043933 -0.000000 -0.045917 0.998890 -0.010509 0.296642 -0.044371 0.008470 0.998979 0.000000 0.000000 0.000000 0.000000 1.000000
0.997875 0.048206 0.043841 0.000000 -0.047719 0.998788 -0.012088 0.296642 -0.044371 0.009970 0.998965 -0.000000 0.000000 0.000000 0.000000 1.000000
0.997959 0.046337 0.043933 -0.000000 -0.045917 0.998890 -0.010509 0.296642 -0.044371 0.008470 0.998979 0.000000 0.000000 0.000000 0.000000 1.000000
0.998172 0.041261 0.044152 -0.000000 -0.041026 0.999139 -0.006222 0.296642 -0.044371 0.004399 0.999005 -0.000000 0.000000 0.000000 0.000000 1.000000
0.998443 0.033778 0.044400 -0.000000 -0.033816 0.999428 0.000100 0.296642 -0.044371 -0.001601 0.999014 -0.000000 0.000000 0.000000 0.000000 1.000000
0.998701 0.024688 0.044578 -0.000000 -0.025059 0.999656 0.007780 0.296642 -0.044371 -0.008887 0.998976 -0.000000 0.000000 0.000000 0.000000 1.000000
0.998894 0.014794 0.044621 -0.000000 -0.015527 0.999749 0.016140 0.296642 -0.044371 -0.016815 0.998874 0.000000 0.000000 0.000000 0.000000 1.000000
0.998997 0.004899 0.044505 0.000000 -0.005994 0.999682 0.024500 0.296642 -0.044371 -0.024742 0.998709 0.000000 0.000000 0.000000 0.000000 1.000000
0.999011 -0.004191 0.044259 -0.000000 0.002767 0.999478 0.032180 0.296642 -0.044371 -0.032025 0.998502 0.000000 0.000000 0.000000 0.000000 1.000000
0.998965 -0.011673 0.043956 -0.000000 0.009982 0.999209 0.038500 0.296642 -0.044371 -0.038022 0.998291 -0.000000 0.000000 0.000000 0.000000 1.000000
0.998904 -0.016748 0.043699 0.000000 0.014877 0.998973 0.042787 0.296642 -0.044371 -0.042090 0.998128 -0.000000 0.000000 0.000000 0.000000 1.000000
0.998876 -0.018617 0.043594 0.000000 0.016680 0.998876 0.044366 0.296642 -0.044371 -0.043589 0.998064 0.000000 0.000000 0.000000 0.000000 1.000000</float_array><technique_common><accessor source="#jnt_head-Matrix-animation-output-transform-array" count="21" stride="16"><param type="float4x4"/></accessor></technique_common></source><source id="jnt_head-Interpolations"><Name_array id="jnt_head-Interpolations-array" count="21">
 LINEAR LINEAR LINEAR LINEAR LINEAR LINEAR LINEAR LINEAR LINEAR LINEAR LINEAR
LINEAR LINEAR LINEAR LINEAR LINEAR LINEAR LINEAR LINEAR LINEAR LINEAR</Name_array><technique_common><accessor source="#jnt_head-Interpolations-array" count="21"><param type="name"/></accessor></technique_common></source><sampler id="jnt_head-Matrix-animation-transform"><input semantic="INPUT" source="#jnt_head-Matrix-animation-input"/><input semantic="OUTPUT" source="#jnt_head-Matrix-animation-output-transform"/><input semantic="INTERPOLATION" source="#jnt_head-Interpolations"/></sampler><channel source="#jnt_head-Matrix-animation-transform" target="jnt_head/matrix"/></animation></animation>
    <animation id="jnt_06_upperleg-anim" name="jnt_06_upperleg"><animation><source id="jnt_06_upperleg-Matrix-animation-input"><float_array id="jnt_06_upperleg-Matrix-animation-input-array" count="21">

0.000000 0.033333 0.066667 0.100000 0.133333 0.166667 0.200000 0.233333 0.266667 0.300000 0.333333 0.366667 0.400000 0.433333 0.466667 0.500000
0.533333 0.566667 0.600000 0.633333 0.666667</float_array><technique_common><accessor source="#jnt_06_upperleg-Matrix-animation-input-array" count="21"><param name="TIME" type="float"/></accessor></technique_common></source><source id="jnt_06_upperleg-Matrix-animation-output-transform"><float_array id="jnt_06_upperleg-Matrix-animation-output-transform-array" count="336">

0.672468 -0.357862 -0.647859 0.236446 0.572415 0.806360 0.148744 0.000000 0.469178 -0.470870 0.747097 0.409537 0.000000 0.000000 0.000000 1.000000
0.654852 -0.343662 -0.673102 0.236446 0.569962 0.809441 0.141237 0.000000 0.496299 -0.476132 0.725938 0.409537 0.000000 0.000000 0.000000 1.000000
0.597383 -0.297014 -0.744927 0.236446 0.555715 0.823029 0.117492 0.000000 0.578199 -0.484155 0.656719 0.409537 0.000000 0.000000 0.000000 1.000000
0.494124 -0.206692 -0.844464 0.236446 0.493174 0.866563 0.076471 0.000000 0.715975 -0.454254 0.530125 0.409537 0.000000 0.000000 0.000000 1.000000
0.352494 -0.119995 -0.928089 0.236446 0.387691 0.921360 0.028122 0.000000 0.851729 -0.369725 0.371295 0.409537 0.000000 0.000000 0.000000 1.000000
0.281134 -0.079644 -0.956358 0.236446 0.288413 0.957493 0.005044 0.000000 0.915304 -0.277244 0.292154 0.409537 0.000000 0.000000 0.000000 1.000000
0.310579 -0.047591 -0.949356 0.236446 0.185275 0.982621 0.011353 0.000000 0.932317 -0.179418 0.313999 0.409537 0.000000 0.000000 0.000000 1.000000
0.354338 -0.025902 -0.934759 0.236446 0.133576 0.990767 0.023181 0.000000 0.925528 -0.133075 0.354526 0.409537 0.000000 0.000000 0.000000 1.000000
0.421290 -0.035406 -0.906234 0.236446 0.174783 0.983675 0.042821 0.000000 0.889924 -0.176435 0.420601 0.409537 0.000000 0.000000 0.000000 1.000000
0.511648 -0.060376 -0.857071 0.236446 0.232226 0.970118 0.070294 0.000000 0.827217 -0.235000 0.510380 0.409537 0.000000 0.000000 0.000000 1.000000
0.600796 -0.098829 -0.793270 0.236446 0.287467 0.952657 0.099032 0.000000 0.745927 -0.287537 0.600762 0.409537 0.000000 0.000000 0.000000 1.000000
0.673914 -0.140592 -0.725309 0.236446 0.329132 0.936058 0.124367 0.000000 0.661446 -0.322535 0.677096 0.409537 0.000000 0.000000 0.000000 1.000000
0.729271 -0.172149 -0.662215 0.236446 0.349736 0.925634 0.144522 0.000000 0.588089 -0.336996 0.735245 0.409537 0.000000 0.000000 0.000000 1.000000
0.771413 -0.184648 -0.608955 0.236446 0.347182 0.924118 0.159592 0.000000 0.533278 -0.334530 0.776984 0.409537 0.000000 0.000000 0.000000 1.000000
0.804432 -0.176553 -0.567202 0.236446 0.324339 0.930473 0.170363 0.000000 0.497688 -0.321011 0.805766 0.409537 0.000000 0.000000 0.000000 1.000000
0.829555 -0.153108 -0.537025 0.236446 0.288641 0.940814 0.177641 0.000000 0.478043 -0.302370 0.824650 0.409537 0.000000 0.000000 0.000000 1.000000
0.846001 -0.125529 -0.518193 0.236446 0.252478 0.950335 0.181982 0.000000 0.469613 -0.284790 0.835678 0.409537 0.000000 0.000000 0.000000 1.000000
0.854018 -0.102785 -0.509988 0.236446 0.224939 0.956875 0.183828 0.000000 0.469100 -0.271708 0.840309 0.409537 0.000000 0.000000 0.000000 1.000000
0.818785 -0.192773 -0.540767 0.236446 0.334665 0.925611 0.176760 0.000000 0.466465 -0.325704 0.822391 0.409537 0.000000 0.000000 0.000000 1.000000
0.727567 -0.317346 -0.608225 0.236446 0.503841 0.848889 0.159788 0.000000 0.465607 -0.422705 0.777515 0.409537 0.000000 0.000000 0.000000 1.000000
0.672468 -0.357862 -0.647859 0.236446 0.572415 0.806360 0.148744 0.000000 0.469178 -0.470870 0.747097 0.409537 0.000000 0.000000 0.000000 1.000000</float_array><technique_common><accessor source="#jnt_06_upperleg-Matrix-animation-output-transform-array" count="21" stride="16"><param type="float4x4"/></accessor></technique_common></source><source id="jnt_06_upperleg-Interpolations"><Name_array id="jnt_06_upperleg-Interpolations-array" count="21">
 LINEAR LINEAR LINEAR LINEAR LINEAR LINEAR LINEAR LINEAR LINEAR LINEAR LINEAR
LINEAR LINEAR LINEAR LINEAR LINEAR LINEAR LINEAR LINEAR LINEAR LINEAR</Name_array><technique_common><accessor source="#jnt_06_upperleg-Interpolations-array" count="21"><param type="name"/></accessor></technique_common></source><sampler id="jnt_06_upperleg-Matrix-animation-transform"><input semantic="INPUT" source="#jnt_06_upperleg-Matrix-animation-input"/><input semantic="OUTPUT" source="#jnt_06_upperleg-Matrix-animation-output-transform"/><input semantic="INTERPOLATION" source="#jnt_06_upperleg-Interpolations"/></sampler><channel source="#jnt_06_upperleg-Matrix-animation-transform" target="jnt_06_upperleg/matrix"/></animation></animation>
    <animation id="jnt_06_lowerleg-anim" name="jnt_06_lowerleg"><animation><source id="jnt_06_lowerleg-Matrix-animation-input"><float_array id="jnt_06_lowerleg-Matrix-animation-input-array" count="21">

0.000000 0.033333 0.066667 0.100000 0.133333 0.166667 0.200000 0.233333 0.266667 0.300000 0.333333 0.366667 0.400000 0.433333 0.466667 0.500000
0.533333 0.566667 0.600000 0.633333 0.666667</float_array><technique_common><accessor source="#jnt_06_lowerleg-Matrix-animation-input-array" count="21"><param name="TIME" type="float"/></accessor></technique_common></source><source id="jnt_06_lowerleg-Matrix-animation-output-transform"><float_array id="jnt_06_lowerleg-Matrix-animation-output-transform-array" count="336">

0.134083 0.990970 -0.000000 1.972000 -0.990970 0.134083 -0.000000 -0.000000 0.000000 -0.000000 1.000000 -0.000000 0.000000 0.000000 0.000000 1.000000
0.068347 0.997662 0.000000 1.972000 -0.997662 0.068347 0.000000 -0.000000 0.000000 0.000000 1.000000 0.000000 0.000000 0.000000 0.000000 1.000000
-0.067386 0.997727 0.000000 1.972000 -0.997727 -0.067386 0.000000 -0.000000 -0.000000 0.000000 1.000000 0.000000 0.000000 0.000000 0.000000 1.000000
-0.167064 0.985946 0.000000 1.972000 -0.985946 -0.167064 -0.000000 -0.000000 -0.000000 0.000000 1.000000 0.000000 0.000000 0.000000 0.000000 1.000000
-0.182695 0.983170 0.000000 1.972000 -0.983170 -0.182695 0.000000 -0.000000 0.000000 0.000000 1.000000 -0.000000 0.000000 0.000000 0.000000 1.000000
-0.134540 0.990908 -0.000000 1.972000 -0.990908 -0.134540 0.000000 -0.000000 -0.000000 0.000000 1.000000 -0.000000 0.000000 0.000000 0.000000 1.000000
-0.041874 0.999123 0.000000 1.972000 -0.999123 -0.041874 0.000000 -0.000000 -0.000000 0.000000 1.000000 0.000000 0.000000 0.000000 0.000000 1.000000
0.018767 0.999824 0.000000 1.972000 -0.999824 0.018767 0.000000 -0.000000 -0.000000 0.000000 1.000000 0.000000 0.000000 0.000000 0.000000 1.000000
0.012769 0.999918 0.000000 1.972000 -0.999918 0.012769 -0.000000 -0.000000 -0.000000 0.000000 1.000000 -0.000000 0.000000 0.000000 0.000000 1.000000
0.018202 0.999834 0.000000 1.972000 -0.999834 0.018202 0.000000 -0.000000 -0.000000 -0.000000 1.000000 -0.000000 0.000000 0.000000 0.000000 1.000000
0.051972 0.998649 -0.000000 1.972000 -0.998649 0.051972 -0.000000 -0.000000 0.000000 0.000000 1.000000 -0.000000 0.000000 0.000000 0.000000 1.000000
0.119021 0.992892 -0.000000 1.972000 -0.992892 0.119021 0.000000 -0.000000 0.000000 -0.000000 1.000000 -0.000000 0.000000 0.000000 0.000000 1.000000
0.216688 0.976241 -0.000000 1.972000 -0.976241 0.216688 0.000000 -0.000000 0.000000 -0.000000 1.000000 0.000000 0.000000 0.000000 0.000000 1.000000
0.335299 0.942112 -0.000000 1.972000 -0.942112 0.335299 -0.000000 -0.000000 -0.000000 0.000000 1.000000 0.000000 0.000000 0.000000 0.000000 1.000000
0.460023 0.887907 0.000000 1.972000 -0.887907 0.460023 0.000000 -0.000000 0.000000 -0.000000 1.000000 -0.000000 0.000000 0.000000 0.000000 1.000000
0.572917 0.819614 0.000000 1.972000 -0.819614 0.572917 -0.000000 -0.000000 -0.000000 -0.000000 1.000000 -0.000000 0.000000 0.000000 0.000000 1.000000
0.655194 0.755461 0.000000 1.972000 -0.755461 0.655194 -0.000000 -0.000000 0.000000 -0.000000 1.000000 0.000000 0.000000 0.000000 0.000000 1.000000
0.694547 0.719447 -0.000000 1.972000 -0.719447 0.694547 0.000000 -0.000000 0.000000 0.000000 1.000000 -0.000000 0.000000 0.000000 0.000000 1.000000
0.538073 0.842898 -0.000000 1.972000 -0.842898 0.538073 0.000000 -0.000000 0.000000 -0.000000 1.000000 -0.000000 0.000000 0.000000 0.000000 1.000000
0.262764 0.964860 -0.000000 1.972000 -0.964860 0.262764 0.000000 -0.000000 0.000000 0.000000 1.000000 0.000000 0.000000 0.000000 0.000000 1.000000
0.134083 0.990970 -0.000000 1.972000 -0.990970 0.134083 -0.000000 -0.000000 0.000000 -0.000000 1.000000 -0.000000 0.000000 0.000000 0.000000 1.000000</float_array><technique_common><accessor source="#jnt_06_lowerleg-Matrix-animation-output-transform-array" count="21" stride="16"><param type="float4x4"/></accessor></technique_common></source><source id="jnt_06_lowerleg-Interpolations"><Name_array id="jnt_06_lowerleg-Interpolations-array" count="21">
 LINEAR LINEAR LINEAR LINEAR LINEAR LINEAR LINEAR LINEAR LINEAR LINEAR LINEAR
LINEAR LINEAR LINEAR LINEAR LINEAR LINEAR LINEAR LINEAR LINEAR LINEAR</Name_array><technique_common><accessor source="#jnt_06_lowerleg-Interpolations-array" count="21"><param type="name"/></accessor></technique_common></source><sampler id="jnt_06_lowerleg-Matrix-animation-transform"><input semantic="INPUT" source="#jnt_06_lowerleg-Matrix-animation-input"/><input semantic="OUTPUT" source="#jnt_06_lowerleg-Matrix-animation-output-transform"/><input semantic="INTERPOLATION" source="#jnt_06_lowerleg-Interpolations"/></sampler><channel source="#jnt_06_lowerleg-Matrix-animation-transform" target="jnt_06_lowerleg/matrix"/></animation></animation>
    <animation id="jnt_06_legend-anim" name="jnt_06_legend"><animation><source id="jnt_06_legend-Matrix-animation-input"><float_array id="jnt_06_legend-Matrix-animation-input-array" count="21">

0.000000 0.033333 0.066667 0.100000 0.133333 0.166667 0.200000 0.233333 0.266667 0.300000 0.333333 0.366667 0.400000 0.433333 0.466667 0.500000
0.533333 0.566667 0.600000 0.633333 0.666667</float_array><technique_common><accessor source="#jnt_06_legend-Matrix-animation-input-array" count="21"><param name="TIME" type="float"/></accessor></technique_common></source><source id="jnt_06_legend-Matrix-animation-output-transform"><float_array id="jnt_06_legend-Matrix-animation-output-transform-array" count="336">

1.000000 0.000000 0.000000 2.380520 -0.000000 1.000000 0.000000 0.000000 -0.000000 -0.000000 1.000000 -0.000000 0.000000 0.000000 0.000000 1.000000
1.000000 0.000000 -0.000000 2.357503 0.000000 1.000000 0.000000 0.000000 0.000000 0.000000 1.000000 0.000000 0.000000 0.000000 0.000000 1.000000
1.000000 0.000000 -0.000000 2.298143 0.000000 1.000000 -0.000000 0.000000 0.000000 0.000000 1.000000 -0.000000 0.000000 0.000000 0.000000 1.000000
1.000000 0.000000 0.000000 2.216977 0.000000 1.000000 -0.000000 0.000000 0.000000 0.000000 1.000000 -0.000000 0.000000 0.000000 0.000000 1.000000
1.000000 0.000000 0.000000 2.128543 -0.000000 1.000000 -0.000000 0.000000 0.000000 -0.000000 1.000000 0.000000 0.000000 0.000000 0.000000 1.000000
1.000000 0.000000 0.000000 2.047377 -0.000000 1.000000 0.000000 0.000000 -0.000000 0.000000 1.000000 0.000000 0.000000 0.000000 0.000000 1.000000
1.000000 0.000000 -0.000000 1.988017 0.000000 1.000000 0.000000 0.000000 0.000000 -0.000000 1.000000 0.000000 0.000000 0.000000 0.000000 1.000000
1.000000 -0.000000 -0.000000 1.965000 -0.000000 1.000000 -0.000000 0.000000 -0.000000 0.000000 1.000000 0.000000 0.000000 0.000000 0.000000 1.000000
1.000000 0.000000 0.000000 1.979840 0.000000 1.000000 0.000000 0.000000 -0.000000 0.000000 1.000000 0.000000 0.000000 0.000000 0.000000 1.000000
1.000000 0.000000 0.000000 2.020120 -0.000000 1.000000 -0.000000 0.000000 0.000000 -0.000000 1.000000 -0.000000 0.000000 0.000000 0.000000 1.000000
1.000000 -0.000000 0.000000 2.079480 -0.000000 1.000000 -0.000000 0.000000 0.000000 0.000000 1.000000 -0.000000 0.000000 0.000000 0.000000 1.000000
1.000000 0.000000 -0.000000 2.151560 0.000000 1.000000 -0.000000 0.000000 0.000000 0.000000 1.000000 0.000000 0.000000 0.000000 0.000000 1.000000
1.000000 -0.000000 0.000000 2.230000 -0.000000 1.000000 -0.000000 0.000000 0.000000 0.000000 1.000000 0.000000 0.000000 0.000000 0.000000 1.000000
1.000000 -0.000000 0.000000 2.308440 -0.000000 1.000000 0.000000 0.000000 0.000000 0.000000 1.000000 0.000000 0.000000 0.000000 0.000000 1.000000
1.000000 -0.000000 -0.000000 2.380520 0.000000 1.000000 -0.000000 0.000000 0.000000 -0.000000 1.000000 0.000000 0.000000 0.000000 0.000000 1.000000
1.000000 0.000000 0.000000 2.439880 -0.000000 1.000000 0.000000 0.000000 -0.000000 -0.000000 1.000000 -0.000000 0.000000 0.000000 0.000000 1.000000
1.000000 -0.000000 0.000000 2.480160 -0.000000 1.000000 0.000000 0.000000 -0.000000 0.000000 1.000000 0.000000 0.000000 0.000000 0.000000 1.000000
1.000000 0.000000 0.000000 2.495000 0.000000 1.000000 0.000000 0.000000 0.000000 0.000000 1.000000 0.000000 0.000000 0.000000 0.000000 1.000000
1.000000 0.000000 -0.000000 2.465320 -0.000000 1.000000 0.000000 0.000000 0.000000 0.000000 1.000000 -0.000000 0.000000 0.000000 0.000000 1.000000
1.000000 0.000000 0.000000 2.410200 0.000000 1.000000 0.000000 0.000000 -0.000000 0.000000 1.000000 0.000000 0.000000 0.000000 0.000000 1.000000
1.000000 0.000000 0.000000 2.380520 -0.000000 1.000000 0.000000 0.000000 -0.000000 -0.000000 1.000000 -0.000000 0.000000 0.000000 0.000000 1.000000</float_array><technique_common><accessor source="#jnt_06_legend-Matrix-animation-output-transform-array" count="21" stride="16"><param type="float4x4"/></accessor></technique_common></source><source id="jnt_06_legend-Interpolations"><Name_array id="jnt_06_legend-Interpolations-array" count="21">
 LINEAR LINEAR LINEAR LINEAR LINEAR LINEAR LINEAR LINEAR LINEAR LINEAR LINEAR
LINEAR LINEAR LINEAR LINEAR LINEAR LINEAR LINEAR LINEAR LINEAR LINEAR</Name_array><technique_common><accessor source="#jnt_06_legend-Interpolations-array" count="21"><param type="name"/></accessor></technique_common></source><sampler id="jnt_06_legend-Matrix-animation-transform"><input semantic="INPUT" source="#jnt_06_legend-Matrix-animation-input"/><input semantic="OUTPUT" source="#jnt_06_legend-Matrix-animation-output-transform"/><input semantic="INTERPOLATION" source="#jnt_06_legend-Interpolations"/></sampler><channel source="#jnt_06_legend-Matrix-animation-transform" target="jnt_06_legend/matrix"/></animation></animation>
    <animation id="jnt_06_cable-anim" name="jnt_06_cable"><animation><source id="jnt_06_cable-Matrix-animation-input"><float_array id="jnt_06_cable-Matrix-animation-input-array" count="21">

0.000000 0.033333 0.066667 0.100000 0.133333 0.166667 0.200000 0.233333 0.266667 0.300000 0.333333 0.366667 0.400000 0.433333 0.466667 0.500000
0.533333 0.566667 0.600000 0.633333 0.666667</float_array><technique_common><accessor source="#jnt_06_cable-Matrix-animation-input-array" count="21"><param name="TIME" type="float"/></accessor></technique_common></source><source id="jnt_06_cable-Matrix-animation-output-transform"><float_array id="jnt_06_cable-Matrix-animation-output-transform-array" count="336">

0.999959 -0.009044 -0.000000 1.025162 0.009044 0.999959 -0.000000 -0.572081 -0.000000 0.000000 1.000000 0.000000 0.000000 0.000000 0.000000 1.000000
0.999959 -0.009044 0.000000 1.025162 0.009044 0.999959 0.000000 -0.572081 0.000000 -0.000000 1.000000 -0.000000 0.000000 0.000000 0.000000 1.000000
0.999959 -0.009044 0.000000 1.025162 0.009044 0.999959 0.000000 -0.572081 0.000000 0.000000 1.000000 0.000000 0.000000 0.000000 0.000000 1.000000
0.999959 -0.009044 0.000000 1.025162 0.009044 0.999959 -0.000000 -0.572081 0.000000 0.000000 1.000000 0.000000 0.000000 0.000000 0.000000 1.000000
0.999959 -0.009044 0.000000 1.025162 0.009044 0.999959 0.000000 -0.572081 0.000000 -0.000000 1.000000 0.000000 0.000000 0.000000 0.000000 1.000000
0.999959 -0.009044 -0.000000 1.025162 0.009044 0.999959 0.000000 -0.572081 0.000000 0.000000 1.000000 0.000000 0.000000 0.000000 0.000000 1.000000
0.999959 -0.009044 0.000000 1.025162 0.009044 0.999959 0.000000 -0.572081 0.000000 -0.000000 1.000000 0.000000 0.000000 0.000000 0.000000 1.000000
0.999959 -0.009044 0.000000 1.025162 0.009044 0.999959 0.000000 -0.572081 -0.000000 0.000000 1.000000 0.000000 0.000000 0.000000 0.000000 1.000000
0.999959 -0.009044 0.000000 1.025162 0.009044 0.999959 -0.000000 -0.572081 0.000000 0.000000 1.000000 0.000000 0.000000 0.000000 0.000000 1.000000
0.999959 -0.009044 0.000000 1.025162 0.009044 0.999959 0.000000 -0.572081 -0.000000 0.000000 1.000000 -0.000000 0.000000 0.000000 0.000000 1.000000
0.999959 -0.009044 -0.000000 1.025162 0.009044 0.999959 -0.000000 -0.572081 0.000000 -0.000000 1.000000 0.000000 0.000000 0.000000 0.000000 1.000000
0.999959 -0.009044 -0.000000 1.025162 0.009044 0.999959 0.000000 -0.572081 -0.000000 -0.000000 1.000000 0.000000 0.000000 0.000000 0.000000 1.000000
0.999959 -0.009044 -0.000000 1.025162 0.009044 0.999959 0.000000 -0.572081 0.000000 -0.000000 1.000000 0.000000 0.000000 0.000000 0.000000 1.000000
0.999959 -0.009044 -0.000000 1.025162 0.009044 0.999959 -0.000000 -0.572081 -0.000000 0.000000 1.000000 0.000000 0.000000 0.000000 0.000000 1.000000
0.999959 -0.009044 0.000000 1.025162 0.009044 0.999959 0.000000 -0.572081 0.000000 -0.000000 1.000000 -0.000000 0.000000 0.000000 0.000000 1.000000
0.999959 -0.009044 0.000000 1.025162 0.009044 0.999959 -0.000000 -0.572081 -0.000000 0.000000 1.000000 -0.000000 0.000000 0.000000 0.000000 1.000000
0.999959 -0.009044 0.000000 1.025162 0.009044 0.999959 -0.000000 -0.572081 0.000000 -0.000000 1.000000 -0.000000 0.000000 0.000000 0.000000 1.000000
0.999959 -0.009044 -0.000000 1.025162 0.009044 0.999959 0.000000 -0.572081 0.000000 0.000000 1.000000 0.000000 0.000000 0.000000 0.000000 1.000000
0.999959 -0.009044 -0.000000 1.025162 0.009044 0.999959 0.000000 -0.572081 -0.000000 -0.000000 1.000000 0.000000 0.000000 0.000000 0.000000 1.000000
0.999959 -0.009044 -0.000000 1.025162 0.009044 0.999959 0.000000 -0.572081 0.000000 -0.000000 1.000000 0.000000 0.000000 0.000000 0.000000 1.000000
0.999959 -0.009044 -0.000000 1.025162 0.009044 0.999959 -0.000000 -0.572081 -0.000000 0.000000 1.000000 0.000000 0.000000 0.000000 0.000000 1.000000</float_array><technique_common><accessor source="#jnt_06_cable-Matrix-animation-output-transform-array" count="21" stride="16"><param type="float4x4"/></accessor></technique_common></source><source id="jnt_06_cable-Interpolations"><Name_array id="jnt_06_cable-Interpolations-array" count="21">
 LINEAR LINEAR LINEAR LINEAR LINEAR LINEAR LINEAR LINEAR LINEAR LINEAR LINEAR
LINEAR LINEAR LINEAR LINEAR LINEAR LINEAR LINEAR LINEAR LINEAR LINEAR</Name_array><technique_common><accessor source="#jnt_06_cable-Interpolations-array" count="21"><param type="name"/></accessor></technique_common></source><sampler id="jnt_06_cable-Matrix-animation-transform"><input semantic="INPUT" source="#jnt_06_cable-Matrix-animation-input"/><input semantic="OUTPUT" source="#jnt_06_cable-Matrix-animation-output-transform"/><input semantic="INTERPOLATION" source="#jnt_06_cable-Interpolations"/></sampler><channel source="#jnt_06_cable-Matrix-animation-transform" target="jnt_06_cable/matrix"/></animation></animation>
    <animation id="jnt_05_upperleg-anim" name="jnt_05_upperleg"><animation><source id="jnt_05_upperleg-Matrix-animation-input"><float_array id="jnt_05_upperleg-Matrix-animation-input-array" count="21">

0.000000 0.033333 0.066667 0.100000 0.133333 0.166667 0.200000 0.233333 0.266667 0.300000 0.333333 0.366667 0.400000 0.433333 0.466667 0.500000
0.533333 0.566667 0.600000 0.633333 0.666667</float_array><technique_common><accessor source="#jnt_05_upperleg-Matrix-animation-input-array" count="21"><param name="TIME" type="float"/></accessor></technique_common></source><source id="jnt_05_upperleg-Matrix-animation-output-transform"><float_array id="jnt_05_upperleg-Matrix-animation-output-transform-array" count="336">

0.912295 -0.381098 0.149938 0.472892 0.409291 0.861029 -0.301845 0.000000 -0.014068 0.336740 0.941493 0.000000 0.000000 0.000000 0.000000 1.000000
0.914724 -0.376028 0.147930 0.472892 0.403666 0.866910 -0.292440 0.000000 -0.018276 0.327217 0.944773 0.000000 0.000000 0.000000 0.000000 1.000000
0.911816 -0.382840 0.148408 0.472892 0.409836 0.870608 -0.272169 0.000000 -0.025008 0.308991 0.950736 0.000000 0.000000 0.000000 0.000000 1.000000
