<?xml version="1.0" encoding="utf-8"?>
<COLLADA xmlns="http://www.collada.org/2005/11/COLLADASchema" version="1.4.1">
  <asset><contributor><author></author><authoring_tool>FBX COLLADA exporter</authoring_tool><comments></comments></contributor><created>2020-04-19T21:36:14Z</created><keywords></keywords><modified>2020-04-19T21:36:14Z</modified><revision></revision><subject></subject><title></title><unit meter="0.010000" name="centimeter"></unit><up_axis>Y_UP</up_axis></asset>
  <library_animations>
    <animation id="rig_root_jnt-anim" name="rig_root_jnt"><animation><source id="rig_root_jnt-Matrix-animation-input"><float_array id="rig_root_jnt-Matrix-animation-input-array" count="25">

0.000000 0.033333 0.066667 0.100000 0.133333 0.166667 0.200000 0.233333 0.266667 0.300000 0.333333 0.366667 0.400000 0.433333 0.466667 0.500000
0.533333 0.566667 0.600000 0.633333 0.666667 0.700000 0.733333 0.766667 0.800000</float_array><technique_common><accessor source="#rig_root_jnt-Matrix-animation-input-array" count="25"><param name="TIME" type="float"/></accessor></technique_common></source><source id="rig_root_jnt-Matrix-animation-output-transform"><float_array id="rig_root_jnt-Matrix-animation-output-transform-array" count="400">

0.995466 -0.093886 -0.015290 0.043839 0.095123 0.982521 0.160014 1.523867 -0.000000 -0.160743 0.986996 -0.174994 0.000000 0.000000 0.000000 1.000000
0.995933 -0.088927 -0.014483 -0.117158 0.090099 0.982982 0.160089 1.343511 0.000000 -0.160743 0.986996 0.008841 0.000000 0.000000 0.000000 1.000000
0.997093 -0.075205 -0.012248 -0.260083 0.076196 0.984127 0.160276 1.027439 0.000000 -0.160743 0.986996 0.103646 0.000000 0.000000 0.000000 1.000000
0.998477 -0.054449 -0.008868 -0.400867 0.055166 0.985493 0.160498 0.861100 0.000000 -0.160743 0.986996 0.130553 0.000000 0.000000 0.000000 1.000000
0.999586 -0.028398 -0.004625 -0.521735 0.028772 0.986588 0.160676 0.891299 0.000000 -0.160743 0.986996 0.075434 0.000000 0.000000 0.000000 1.000000
0.999999 0.001189 0.000194 -0.594310 -0.001205 0.986996 0.160743 0.966009 0.000000 -0.160743 0.986996 -0.056005 0.000000 0.000000 0.000000 1.000000
0.999457 0.032532 0.005298 -0.601651 -0.032960 0.986460 0.160656 1.069367 0.000000 -0.160743 0.986996 -0.212883 0.000000 0.000000 0.000000 1.000000
0.997906 0.063841 0.010397 -0.528760 -0.064683 0.984929 0.160406 1.183024 -0.000000 -0.160743 0.986996 -0.344322 0.000000 0.000000 0.000000 1.000000
0.995519 0.093337 0.015201 -0.402491 -0.094567 0.982573 0.160023 1.291166 -0.000000 -0.160743 0.986996 -0.399441 0.000000 0.000000 0.000000 1.000000
0.992673 0.119260 0.019423 -0.262062 -0.120831 0.979765 0.159565 1.383945 0.000000 -0.160743 0.986996 -0.392398 0.000000 0.000000 0.000000 1.000000
0.989906 0.139880 0.022781 -0.113968 -0.141723 0.977034 0.159120 1.452204 0.000000 -0.160743 0.986996 -0.361956 0.000000 0.000000 0.000000 1.000000
0.987833 0.153497 0.024999 0.034562 -0.155520 0.974987 0.158787 1.488550 -0.000000 -0.160743 0.986996 -0.294145 0.000000 0.000000 0.000000 1.000000
0.987035 0.158415 0.025800 0.176614 -0.160502 0.974200 0.158659 1.487004 0.000000 -0.160743 0.986996 -0.174994 0.000000 0.000000 0.000000 1.000000
0.987833 0.153497 0.024999 0.293889 -0.155520 0.974987 0.158787 1.361973 -0.000000 -0.160743 0.986996 -0.053912 0.000000 0.000000 0.000000 1.000000
0.989906 0.139880 0.022781 0.386935 -0.141723 0.977034 0.159120 1.117253 0.000000 -0.160743 0.986996 0.018145 0.000000 0.000000 0.000000 1.000000
0.992673 0.119260 0.019423 0.476539 -0.120831 0.979765 0.159565 0.880768 0.000000 -0.160743 0.986996 0.052833 0.000000 0.000000 0.000000 1.000000
0.995519 0.093337 0.015201 0.573044 -0.094567 0.982573 0.160023 0.780296 -0.000000 -0.160743 0.986996 0.061806 0.000000 0.000000 0.000000 1.000000
0.997906 0.063841 0.010397 0.661886 -0.064683 0.984929 0.160406 0.823937 -0.000000 -0.160743 0.986996 0.013836 0.000000 0.000000 0.000000 1.000000
0.999457 0.032532 0.005298 0.721236 -0.032960 0.986460 0.160656 0.922074 0.000000 -0.160743 0.986996 -0.100553 0.000000 0.000000 0.000000 1.000000
0.999999 0.001189 0.000194 0.739921 -0.001205 0.986996 0.160743 1.054741 0.000000 -0.160743 0.986996 -0.237082 0.000000 0.000000 0.000000 1.000000
0.999586 -0.028398 -0.004625 0.709750 0.028772 0.986588 0.160676 1.200923 0.000000 -0.160743 0.986996 -0.351471 0.000000 0.000000 0.000000 1.000000
0.998477 -0.054449 -0.008868 0.625810 0.055166 0.985493 0.160498 1.339563 0.000000 -0.160743 0.986996 -0.399441 0.000000 0.000000 0.000000 1.000000
0.997093 -0.075205 -0.012248 0.470599 0.076196 0.984127 0.160276 1.449538 0.000000 -0.160743 0.986996 -0.405422 0.000000 0.000000 0.000000 1.000000
0.995933 -0.088927 -0.014483 0.260639 0.090099 0.982982 0.160089 1.514054 0.000000 -0.160743 0.986996 -0.361526 0.000000 0.000000 0.000000 1.000000
0.995466 -0.093886 -0.015290 0.043839 0.095123 0.982521 0.160014 1.523867 -0.000000 -0.160743 0.986996 -0.174994 0.000000 0.000000 0.000000 1.000000</float_array><technique_common><accessor source="#rig_root_jnt-Matrix-animation-output-transform-array" count="25" stride="16"><param type="float4x4"/></accessor></technique_common></source><source id="rig_root_jnt-Interpolations"><Name_array id="rig_root_jnt-Interpolations-array" count="25">
 LINEAR LINEAR LINEAR LINEAR LINEAR LINEAR LINEAR LINEAR LINEAR LINEAR LINEAR
LINEAR LINEAR LINEAR LINEAR LINEAR LINEAR LINEAR LINEAR LINEAR LINEAR LINEAR LINEAR
LINEAR LINEAR</Name_array><technique_common><accessor source="#rig_root_jnt-Interpolations-array" count="25"><param type="name"/></accessor></technique_common></source><sampler id="rig_root_jnt-Matrix-animation-transform"><input semantic="INPUT" source="#rig_root_jnt-Matrix-animation-input"/><input semantic="OUTPUT" source="#rig_root_jnt-Matrix-animation-output-transform"/><input semantic="INTERPOLATION" source="#rig_root_jnt-Interpolations"/></sampler><channel source="#rig_root_jnt-Matrix-animation-transform" target="rig_root_jnt/matrix"/></animation></animation>
    <animation id="rig_jnt_spine1-anim" name="rig_jnt_spine1"><animation><source id="rig_jnt_spine1-Matrix-animation-input"><float_array id="rig_jnt_spine1-Matrix-animation-input-array" count="25">

0.000000 0.033333 0.066667 0.100000 0.133333 0.166667 0.200000 0.233333 0.266667 0.300000 0.333333 0.366667 0.400000 0.433333 0.466667 0.500000
0.533333 0.566667 0.600000 0.633333 0.666667 0.700000 0.733333 0.766667 0.800000</float_array><technique_common><accessor source="#rig_jnt_spine1-Matrix-animation-input-array" count="25"><param name="TIME" type="float"/></accessor></technique_common></source><source id="rig_jnt_spine1-Matrix-animation-output-transform"><float_array id="rig_jnt_spine1-Matrix-animation-output-transform-array" count="400">

0.995466 -0.092639 -0.021597 0.000000 0.095123 0.969469 0.226013 0.479000 0.000000 -0.227042 0.973885 0.000000 0.000000 0.000000 0.000000 1.000000
0.995933 -0.087746 -0.020456 -0.000000 0.090099 0.969924 0.226119 0.479000 0.000000 -0.227042 0.973885 0.000000 0.000000 0.000000 0.000000 1.000000
0.997093 -0.074206 -0.017300 0.000000 0.076196 0.971054 0.226382 0.479000 -0.000000 -0.227042 0.973885 0.000000 0.000000 0.000000 0.000000 1.000000
0.998477 -0.053726 -0.012525 0.000000 0.055166 0.972402 0.226697 0.479000 -0.000000 -0.227042 0.973885 0.000000 0.000000 0.000000 0.000000 1.000000
0.999586 -0.028020 -0.006532 0.000000 0.028772 0.973482 0.226948 0.479000 0.000000 -0.227042 0.973885 0.000000 0.000000 0.000000 0.000000 1.000000
0.999999 0.001173 0.000274 0.000000 -0.001205 0.973884 0.227042 0.479000 0.000000 -0.227042 0.973885 0.000000 0.000000 0.000000 0.000000 1.000000
0.999457 0.032100 0.007483 0.000000 -0.032960 0.973356 0.226919 0.479000 0.000000 -0.227042 0.973885 -0.000000 0.000000 0.000000 0.000000 1.000000
0.997906 0.062993 0.014686 0.000000 -0.064683 0.971845 0.226567 0.479000 0.000000 -0.227042 0.973885 0.000000 0.000000 0.000000 0.000000 1.000000
0.995519 0.092097 0.021471 0.000000 -0.094567 0.969520 0.226025 0.479000 -0.000000 -0.227042 0.973885 0.000000 0.000000 0.000000 0.000000 1.000000
0.992673 0.117675 0.027434 0.000000 -0.120831 0.966749 0.225379 0.479000 -0.000000 -0.227042 0.973885 -0.000000 0.000000 0.000000 0.000000 1.000000
0.989906 0.138022 0.032177 -0.000000 -0.141723 0.964055 0.224751 0.479000 -0.000000 -0.227042 0.973885 -0.000000 0.000000 0.000000 0.000000 1.000000
0.987833 0.151458 0.035310 0.000000 -0.155520 0.962035 0.224280 0.479000 -0.000000 -0.227042 0.973885 0.000000 0.000000 0.000000 0.000000 1.000000
0.987035 0.156311 0.036441 0.000000 -0.160502 0.961259 0.224099 0.479000 0.000000 -0.227042 0.973885 0.000000 0.000000 0.000000 0.000000 1.000000
0.987833 0.151458 0.035310 0.000000 -0.155520 0.962035 0.224280 0.479000 -0.000000 -0.227042 0.973885 0.000000 0.000000 0.000000 0.000000 1.000000
0.989906 0.138022 0.032177 -0.000000 -0.141723 0.964055 0.224751 0.479000 -0.000000 -0.227042 0.973885 -0.000000 0.000000 0.000000 0.000000 1.000000
0.992673 0.117675 0.027434 0.000000 -0.120831 0.966749 0.225379 0.479000 -0.000000 -0.227042 0.973885 -0.000000 0.000000 0.000000 0.000000 1.000000
0.995519 0.092097 0.021471 0.000000 -0.094567 0.969520 0.226025 0.479000 -0.000000 -0.227042 0.973885 0.000000 0.000000 0.000000 0.000000 1.000000
0.997906 0.062993 0.014686 -0.000000 -0.064683 0.971845 0.226567 0.479000 0.000000 -0.227042 0.973885 0.000000 0.000000 0.000000 0.000000 1.000000
0.999457 0.032100 0.007483 -0.000000 -0.032960 0.973356 0.226919 0.479000 0.000000 -0.227042 0.973885 -0.000000 0.000000 0.000000 0.000000 1.000000
0.999999 0.001173 0.000274 0.000000 -0.001205 0.973884 0.227042 0.479000 0.000000 -0.227042 0.973885 -0.000000 0.000000 0.000000 0.000000 1.000000
0.999586 -0.028020 -0.006532 -0.000000 0.028772 0.973482 0.226948 0.479000 0.000000 -0.227042 0.973885 0.000000 0.000000 0.000000 0.000000 1.000000
0.998477 -0.053726 -0.012525 0.000000 0.055166 0.972402 0.226697 0.479000 -0.000000 -0.227042 0.973885 -0.000000 0.000000 0.000000 0.000000 1.000000
0.997093 -0.074206 -0.017300 0.000000 0.076196 0.971054 0.226382 0.479000 -0.000000 -0.227042 0.973885 -0.000000 0.000000 0.000000 0.000000 1.000000
0.995933 -0.087746 -0.020456 0.000000 0.090099 0.969924 0.226119 0.479000 0.000000 -0.227042 0.973885 -0.000000 0.000000 0.000000 0.000000 1.000000
0.995466 -0.092639 -0.021597 0.000000 0.095123 0.969469 0.226013 0.479000 0.000000 -0.227042 0.973885 0.000000 0.000000 0.000000 0.000000 1.000000</float_array><technique_common><accessor source="#rig_jnt_spine1-Matrix-animation-output-transform-array" count="25" stride="16"><param type="float4x4"/></accessor></technique_common></source><source id="rig_jnt_spine1-Interpolations"><Name_array id="rig_jnt_spine1-Interpolations-array" count="25">
 LINEAR LINEAR LINEAR LINEAR LINEAR LINEAR LINEAR LINEAR LINEAR LINEAR LINEAR
LINEAR LINEAR LINEAR LINEAR LINEAR LINEAR LINEAR LINEAR LINEAR LINEAR LINEAR LINEAR
LINEAR LINEAR</Name_array><technique_common><accessor source="#rig_jnt_spine1-Interpolations-array" count="25"><param type="name"/></accessor></technique_common></source><sampler id="rig_jnt_spine1-Matrix-animation-transform"><input semantic="INPUT" source="#rig_jnt_spine1-Matrix-animation-input"/><input semantic="OUTPUT" source="#rig_jnt_spine1-Matrix-animation-output-transform"/><input semantic="INTERPOLATION" source="#rig_jnt_spine1-Interpolations"/></sampler><channel source="#rig_jnt_spine1-Matrix-animation-transform" target="rig_jnt_spine1/matrix"/></animation></animation>
    <animation id="rig_jnt_spine2-anim" name="rig_jnt_spine2"><animation><source id="rig_jnt_spine2-Matrix-animation-input"><float_array id="rig_jnt_spine2-Matrix-animation-input-array" count="25">

0.000000 0.033333 0.066667 0.100000 0.133333 0.166667 0.200000 0.233333 0.266667 0.300000 0.333333 0.366667 0.400000 0.433333 0.466667 0.500000
0.533333 0.566667 0.600000 0.633333 0.666667 0.700000 0.733333 0.766667 0.800000</float_array><technique_common><accessor source="#rig_jnt_spine2-Matrix-animation-input-array" count="25"><param name="TIME" type="float"/></accessor></technique_common></source><source id="rig_jnt_spine2-Matrix-animation-output-transform"><float_array id="rig_jnt_spine2-Matrix-animation-output-transform-array" count="400">

1.000000 0.000000 0.000000 0.000000 0.000000 1.000000 0.000000 0.449000 -0.000000 -0.000000 1.000000 0.000000 0.000000 0.000000 0.000000 1.000000
1.000000 0.000000 -0.000000 0.000000 -0.000000 1.000000 0.000000 0.449000 -0.000000 -0.000000 1.000000 0.000000 0.000000 0.000000 0.000000 1.000000
1.000000 -0.000000 -0.000000 -0.000000 0.000000 1.000000 -0.000000 0.449000 -0.000000 0.000000 1.000000 -0.000000 0.000000 0.000000 0.000000 1.000000
1.000000 0.000000 0.000000 0.000000 0.000000 1.000000 0.000000 0.449000 0.000000 -0.000000 1.000000 0.000000 0.000000 0.000000 0.000000 1.000000
1.000000 0.000000 0.000000 -0.000000 0.000000 1.000000 -0.000000 0.449000 0.000000 0.000000 1.000000 0.000000 0.000000 0.000000 0.000000 1.000000
1.000000 -0.000000 -0.000000 0.000000 -0.000000 1.000000 -0.000000 0.449000 0.000000 0.000000 1.000000 0.000000 0.000000 0.000000 0.000000 1.000000
1.000000 0.000000 -0.000000 0.000000 0.000000 1.000000 0.000000 0.449000 0.000000 -0.000000 1.000000 0.000000 0.000000 0.000000 0.000000 1.000000
1.000000 0.000000 -0.000000 0.000000 0.000000 1.000000 -0.000000 0.449000 0.000000 0.000000 1.000000 -0.000000 0.000000 0.000000 0.000000 1.000000
1.000000 0.000000 0.000000 0.000000 0.000000 1.000000 -0.000000 0.449000 -0.000000 0.000000 1.000000 0.000000 0.000000 0.000000 0.000000 1.000000
1.000000 0.000000 -0.000000 0.000000 -0.000000 1.000000 -0.000000 0.449000 0.000000 0.000000 1.000000 0.000000 0.000000 0.000000 0.000000 1.000000
1.000000 0.000000 -0.000000 0.000000 -0.000000 1.000000 -0.000000 0.449000 0.000000 0.000000 1.000000 0.000000 0.000000 0.000000 0.000000 1.000000
1.000000 0.000000 0.000000 0.000000 -0.000000 1.000000 -0.000000 0.449000 -0.000000 0.000000 1.000000 -0.000000 0.000000 0.000000 0.000000 1.000000
1.000000 0.000000 -0.000000 0.000000 -0.000000 1.000000 0.000000 0.449000 0.000000 -0.000000 1.000000 -0.000000 0.000000 0.000000 0.000000 1.000000
1.000000 0.000000 0.000000 0.000000 -0.000000 1.000000 -0.000000 0.449000 -0.000000 0.000000 1.000000 -0.000000 0.000000 0.000000 0.000000 1.000000
1.000000 0.000000 -0.000000 0.000000 -0.000000 1.000000 -0.000000 0.449000 0.000000 0.000000 1.000000 0.000000 0.000000 0.000000 0.000000 1.000000
1.000000 0.000000 -0.000000 0.000000 -0.000000 1.000000 -0.000000 0.449000 0.000000 0.000000 1.000000 -0.000000 0.000000 0.000000 0.000000 1.000000
1.000000 0.000000 0.000000 -0.000000 0.000000 1.000000 -0.000000 0.449000 -0.000000 0.000000 1.000000 -0.000000 0.000000 0.000000 0.000000 1.000000
1.000000 0.000000 -0.000000 0.000000 0.000000 1.000000 -0.000000 0.449000 0.000000 0.000000 1.000000 0.000000 0.000000 0.000000 0.000000 1.000000
1.000000 0.000000 -0.000000 0.000000 0.000000 1.000000 0.000000 0.449000 0.000000 -0.000000 1.000000 0.000000 0.000000 0.000000 0.000000 1.000000
1.000000 -0.000000 -0.000000 0.000000 -0.000000 1.000000 -0.000000 0.449000 0.000000 0.000000 1.000000 0.000000 0.000000 0.000000 0.000000 1.000000
1.000000 0.000000 0.000000 -0.000000 0.000000 1.000000 -0.000000 0.449000 0.000000 0.000000 1.000000 0.000000 0.000000 0.000000 0.000000 1.000000
1.000000 0.000000 0.000000 -0.000000 0.000000 1.000000 0.000000 0.449000 0.000000 -0.000000 1.000000 -0.000000 0.000000 0.000000 0.000000 1.000000
1.000000 -0.000000 -0.000000 0.000000 0.000000 1.000000 -0.000000 0.449000 -0.000000 0.000000 1.000000 0.000000 0.000000 0.000000 0.000000 1.000000
1.000000 0.000000 -0.000000 0.000000 -0.000000 1.000000 0.000000 0.449000 -0.000000 -0.000000 1.000000 0.000000 0.000000 0.000000 0.000000 1.000000
1.000000 0.000000 0.000000 0.000000 0.000000 1.000000 0.000000 0.449000 -0.000000 -0.000000 1.000000 0.000000 0.000000 0.000000 0.000000 1.000000</float_array><technique_common><accessor source="#rig_jnt_spine2-Matrix-animation-output-transform-array" count="25" stride="16"><param type="float4x4"/></accessor></technique_common></source><source id="rig_jnt_spine2-Interpolations"><Name_array id="rig_jnt_spine2-Interpolations-array" count="25">
 LINEAR LINEAR LINEAR LINEAR LINEAR LINEAR LINEAR LINEAR LINEAR LINEAR LINEAR
LINEAR LINEAR LINEAR LINEAR LINEAR LINEAR LINEAR LINEAR LINEAR LINEAR LINEAR LINEAR
LINEAR LINEAR</Name_array><technique_common><accessor source="#rig_jnt_spine2-Interpolations-array" count="25"><param type="name"/></accessor></technique_common></source><sampler id="rig_jnt_spine2-Matrix-animation-transform"><input semantic="INPUT" source="#rig_jnt_spine2-Matrix-animation-input"/><input semantic="OUTPUT" source="#rig_jnt_spine2-Matrix-animation-output-transform"/><input semantic="INTERPOLATION" source="#rig_jnt_spine2-Interpolations"/></sampler><channel source="#rig_jnt_spine2-Matrix-animation-transform" target="rig_jnt_spine2/matrix"/></animation></animation>
    <animation id="rig_jnt_head-anim" name="rig_jnt_head"><animation><source id="rig_jnt_head-Matrix-animation-input"><float_array id="rig_jnt_head-Matrix-animation-input-array" count="25">

0.000000 0.033333 0.066667 0.100000 0.133333 0.166667 0.200000 0.233333 0.266667 0.300000 0.333333 0.366667 0.400000 0.433333 0.466667 0.500000
0.533333 0.566667 0.600000 0.633333 0.666667 0.700000 0.733333 0.766667 0.800000</float_array><technique_common><accessor source="#rig_jnt_head-Matrix-animation-input-array" count="25"><param name="TIME" type="float"/></accessor></technique_common></source><source id="rig_jnt_head-Matrix-animation-output-transform"><float_array id="rig_jnt_head-Matrix-animation-output-transform-array" count="400">

0.995862 -0.090713 -0.005552 0.000000 0.080156 0.905471 -0.416770 0.296642 0.042833 0.414600 0.908995 -0.000000 0.000000 0.000000 0.000000 1.000000
0.996253 -0.086142 -0.007655 0.000000 0.075129 0.905917 -0.416736 0.296642 0.042833 0.414600 0.908995 -0.000000 0.000000 0.000000 0.000000 1.000000
0.997205 -0.073496 -0.013468 -0.000000 0.061224 0.907031 -0.416589 0.296642 0.042833 0.414600 0.908995 -0.000000 0.000000 0.000000 0.000000 1.000000
0.998273 -0.054365 -0.022244 0.000000 0.040195 0.908378 -0.416213 0.296642 0.042833 0.414600 0.908995 0.000000 0.000000 0.000000 0.000000 1.000000
0.998987 -0.030351 -0.033231 0.000000 0.013811 0.909498 -0.415480 0.296642 0.042833 0.414600 0.908995 0.000000 0.000000 0.000000 0.000000 1.000000
0.998952 -0.003074 -0.045670 0.000000 -0.016141 0.909999 -0.414297 0.296642 0.042833 0.414600 0.908995 0.000000 0.000000 0.000000 0.000000 1.000000
0.997935 0.025826 -0.058804 -0.000000 -0.047855 0.909637 -0.412638 0.296642 0.042833 0.414600 0.908995 0.000000 0.000000 0.000000 0.000000 1.000000
0.995912 0.054699 -0.071878 -0.000000 -0.079522 0.908358 -0.410562 0.296642 0.042833 0.414600 0.908995 0.000000 0.000000 0.000000 0.000000 1.000000
0.993081 0.081904 -0.084152 -0.000000 -0.109340 0.906311 -0.408223 0.296642 0.042833 0.414600 0.908995 0.000000 0.000000 0.000000 0.000000 1.000000
0.989846 0.105816 -0.094906 -0.000000 -0.135534 0.903831 -0.405858 0.296642 0.042833 0.414600 0.908995 -0.000000 0.000000 0.000000 0.000000 1.000000
0.986770 0.124839 -0.103438 -0.000000 -0.156364 0.901400 -0.403768 0.296642 0.042833 0.414600 0.908995 0.000000 0.000000 0.000000 0.000000 1.000000
0.984493 0.137403 -0.109061 0.000000 -0.170115 0.899571 -0.402285 0.296642 0.042833 0.414600 0.908995 0.000000 0.000000 0.000000 0.000000 1.000000
0.983622 0.141940 -0.111090 -0.000000 -0.175081 0.898866 -0.401730 0.296642 0.042833 0.414600 0.908995 -0.000000 0.000000 0.000000 0.000000 1.000000
0.984493 0.137403 -0.109061 -0.000000 -0.170115 0.899571 -0.402285 0.296642 0.042833 0.414600 0.908995 -0.000000 0.000000 0.000000 0.000000 1.000000
0.986770 0.124839 -0.103438 0.000000 -0.156364 0.901400 -0.403768 0.296642 0.042833 0.414600 0.908995 -0.000000 0.000000 0.000000 0.000000 1.000000
0.989846 0.105816 -0.094906 -0.000000 -0.135534 0.903831 -0.405858 0.296642 0.042833 0.414600 0.908995 0.000000 0.000000 0.000000 0.000000 1.000000
0.993081 0.081904 -0.084152 -0.000000 -0.109340 0.906311 -0.408223 0.296642 0.042833 0.414600 0.908995 -0.000000 0.000000 0.000000 0.000000 1.000000
0.995912 0.054699 -0.071878 -0.000000 -0.079522 0.908358 -0.410562 0.296642 0.042833 0.414600 0.908995 0.000000 0.000000 0.000000 0.000000 1.000000
0.997935 0.025826 -0.058804 0.000000 -0.047855 0.909637 -0.412638 0.296642 0.042833 0.414600 0.908995 0.000000 0.000000 0.000000 0.000000 1.000000
0.998952 -0.003074 -0.045670 0.000000 -0.016141 0.909999 -0.414297 0.296642 0.042833 0.414600 0.908995 -0.000000 0.000000 0.000000 0.000000 1.000000
0.998987 -0.030351 -0.033231 0.000000 0.013811 0.909498 -0.415480 0.296642 0.042833 0.414600 0.908995 0.000000 0.000000 0.000000 0.000000 1.000000
0.998273 -0.054365 -0.022244 0.000000 0.040195 0.908378 -0.416213 0.296642 0.042833 0.414600 0.908995 0.000000 0.000000 0.000000 0.000000 1.000000
0.997205 -0.073496 -0.013468 0.000000 0.061224 0.907031 -0.416589 0.296642 0.042833 0.414600 0.908995 -0.000000 0.000000 0.000000 0.000000 1.000000
0.996253 -0.086142 -0.007655 0.000000 0.075129 0.905917 -0.416736 0.296642 0.042833 0.414600 0.908995 -0.000000 0.000000 0.000000 0.000000 1.000000
0.995862 -0.090713 -0.005552 0.000000 0.080156 0.905471 -0.416770 0.296642 0.042833 0.414600 0.908995 -0.000000 0.000000 0.000000 0.000000 1.000000</float_array><technique_common><accessor source="#rig_jnt_head-Matrix-animation-output-transform-array" count="25" stride="16"><param type="float4x4"/></accessor></technique_common></source><source id="rig_jnt_head-Interpolations"><Name_array id="rig_jnt_head-Interpolations-array" count="25">
 LINEAR LINEAR LINEAR LINEAR LINEAR LINEAR LINEAR LINEAR LINEAR LINEAR LINEAR
LINEAR LINEAR LINEAR LINEAR LINEAR LINEAR LINEAR LINEAR LINEAR LINEAR LINEAR LINEAR
LINEAR LINEAR</Name_array><technique_common><accessor source="#rig_jnt_head-Interpolations-array" count="25"><param type="name"/></accessor></technique_common></source><sampler id="rig_jnt_head-Matrix-animation-transform"><input semantic="INPUT" source="#rig_jnt_head-Matrix-animation-input"/><input semantic="OUTPUT" source="#rig_jnt_head-Matrix-animation-output-transform"/><input semantic="INTERPOLATION" source="#rig_jnt_head-Interpolations"/></sampler><channel source="#rig_jnt_head-Matrix-animation-transform" target="rig_jnt_head/matrix"/></animation></animation>
    <animation id="master_ctrl-anim" name="master_ctrl"><animation><source id="master_ctrl-Matrix-animation-input"><float_array id="master_ctrl-Matrix-animation-input-array" count="25">

0.000000 0.033333 0.066667 0.100000 0.133333 0.166667 0.200000 0.233333 0.266667 0.300000 0.333333 0.366667 0.400000 0.433333 0.466667 0.500000
0.533333 0.566667 0.600000 0.633333 0.666667 0.700000 0.733333 0.766667 0.800000</float_array><technique_common><accessor source="#master_ctrl-Matrix-animation-input-array" count="25"><param name="TIME" type="float"/></accessor></technique_common></source><source id="master_ctrl-Matrix-animation-output-transform"><float_array id="master_ctrl-Matrix-animation-output-transform-array" count="400">

1.000000 0.000000 0.000000 0.000000 0.000000 1.000000 0.000000 0.000000 0.000000 0.000000 1.000000 0.000000 0.000000 0.000000 0.000000 1.000000
1.000000 0.000000 0.000000 0.000000 0.000000 1.000000 0.000000 0.000000 0.000000 0.000000 1.000000 0.000000 0.000000 0.000000 0.000000 1.000000
1.000000 0.000000 0.000000 0.000000 0.000000 1.000000 0.000000 0.000000 0.000000 0.000000 1.000000 0.000000 0.000000 0.000000 0.000000 1.000000
1.000000 0.000000 0.000000 0.000000 0.000000 1.000000 0.000000 0.000000 0.000000 0.000000 1.000000 0.000000 0.000000 0.000000 0.000000 1.000000
1.000000 0.000000 0.000000 0.000000 0.000000 1.000000 0.000000 0.000000 0.000000 0.000000 1.000000 0.000000 0.000000 0.000000 0.000000 1.000000
1.000000 0.000000 0.000000 0.000000 0.000000 1.000000 0.000000 0.000000 0.000000 0.000000 1.000000 0.000000 0.000000 0.000000 0.000000 1.000000
1.000000 0.000000 0.000000 0.000000 0.000000 1.000000 0.000000 0.000000 0.000000 0.000000 1.000000 0.000000 0.000000 0.000000 0.000000 1.000000
1.000000 0.000000 0.000000 0.000000 0.000000 1.000000 0.000000 0.000000 0.000000 0.000000 1.000000 0.000000 0.000000 0.000000 0.000000 1.000000
1.000000 0.000000 0.000000 0.000000 0.000000 1.000000 0.000000 0.000000 0.000000 0.000000 1.000000 0.000000 0.000000 0.000000 0.000000 1.000000
1.000000 0.000000 0.000000 0.000000 0.000000 1.000000 0.000000 0.000000 0.000000 0.000000 1.000000 0.000000 0.000000 0.000000 0.000000 1.000000
1.000000 0.000000 0.000000 0.000000 0.000000 1.000000 0.000000 0.000000 0.000000 0.000000 1.000000 0.000000 0.000000 0.000000 0.000000 1.000000
1.000000 0.000000 0.000000 0.000000 0.000000 1.000000 0.000000 0.000000 0.000000 0.000000 1.000000 0.000000 0.000000 0.000000 0.000000 1.000000
1.000000 0.000000 0.000000 0.000000 0.000000 1.000000 0.000000 0.000000 0.000000 0.000000 1.000000 0.000000 0.000000 0.000000 0.000000 1.000000
1.000000 0.000000 0.000000 0.000000 0.000000 1.000000 0.000000 0.000000 0.000000 0.000000 1.000000 0.000000 0.000000 0.000000 0.000000 1.000000
1.000000 0.000000 0.000000 0.000000 0.000000 1.000000 0.000000 0.000000 0.000000 0.000000 1.000000 0.000000 0.000000 0.000000 0.000000 1.000000
1.000000 0.000000 0.000000 0.000000 0.000000 1.000000 0.000000 0.000000 0.000000 0.000000 1.000000 0.000000 0.000000 0.000000 0.000000 1.000000
1.000000 0.000000 0.000000 0.000000 0.000000 1.000000 0.000000 0.000000 0.000000 0.000000 1.000000 0.000000 0.000000 0.000000 0.000000 1.000000
1.000000 0.000000 0.000000 0.000000 0.000000 1.000000 0.000000 0.000000 0.000000 0.000000 1.000000 0.000000 0.000000 0.000000 0.000000 1.000000
1.000000 0.000000 0.000000 0.000000 0.000000 1.000000 0.000000 0.000000 0.000000 0.000000 1.000000 0.000000 0.000000 0.000000 0.000000 1.000000
1.000000 0.000000 0.000000 0.000000 0.000000 1.000000 0.000000 0.000000 0.000000 0.000000 1.000000 0.000000 0.000000 0.000000 0.000000 1.000000
1.000000 0.000000 0.000000 0.000000 0.000000 1.000000 0.000000 0.000000 0.000000 0.000000 1.000000 0.000000 0.000000 0.000000 0.000000 1.000000
1.000000 0.000000 0.000000 0.000000 0.000000 1.000000 0.000000 0.000000 0.000000 0.000000 1.000000 0.000000 0.000000 0.000000 0.000000 1.000000
1.000000 0.000000 0.000000 0.000000 0.000000 1.000000 0.000000 0.000000 0.000000 0.000000 1.000000 0.000000 0.000000 0.000000 0.000000 1.000000
1.000000 0.000000 0.000000 0.000000 0.000000 1.000000 0.000000 0.000000 0.000000 0.000000 1.000000 0.000000 0.000000 0.000000 0.000000 1.000000
1.000000 0.000000 0.000000 0.000000 0.000000 1.000000 0.000000 0.000000 0.000000 0.000000 1.000000 0.000000 0.000000 0.000000 0.000000 1.000000</float_array><technique_common><accessor source="#master_ctrl-Matrix-animation-output-transform-array" count="25" stride="16"><param type="float4x4"/></accessor></technique_common></source><source id="master_ctrl-Interpolations"><Name_array id="master_ctrl-Interpolations-array" count="25">
 LINEAR LINEAR LINEAR LINEAR LINEAR LINEAR LINEAR LINEAR LINEAR LINEAR LINEAR
LINEAR LINEAR LINEAR LINEAR LINEAR LINEAR LINEAR LINEAR LINEAR LINEAR LINEAR LINEAR
LINEAR LINEAR</Name_array><technique_common><accessor source="#master_ctrl-Interpolations-array" count="25"><param type="name"/></accessor></technique_common></source><sampler id="master_ctrl-Matrix-animation-transform"><input semantic="INPUT" source="#master_ctrl-Matrix-animation-input"/><input semantic="OUTPUT" source="#master_ctrl-Matrix-animation-output-transform"/><input semantic="INTERPOLATION" source="#master_ctrl-Interpolations"/></sampler><channel source="#master_ctrl-Matrix-animation-transform" target="master_ctrl/matrix"/></animation><animation><source id="master_ctrl-visibility-animation-input"><float_array id="master_ctrl-visibility-animation-input-array" count="25">

0.000000 0.033333 0.066667 0.100000 0.133333 0.166667 0.200000 0.233333 0.266667 0.300000 0.333333 0.366667 0.400000 0.433333 0.466667 0.500000
0.533333 0.566667 0.600000 0.633333 0.666667 0.700000 0.733333 0.766667 0.800000</float_array><technique_common><accessor source="#master_ctrl-visibility-animation-input-array" count="25"><param name="TIME" type="float"/></accessor></technique_common></source><source id="master_ctrl-visibility-animation-output"><float_array id="master_ctrl-visibility-animation-output-array" count="25">

1.000000 1.000000 1.000000 1.000000 1.000000 1.000000 1.000000 1.000000 1.000000 1.000000 1.000000 1.000000 1.000000 1.000000 1.000000 1.000000
1.000000 1.000000 1.000000 1.000000 1.000000 1.000000 1.000000 1.000000 1.000000</float_array><technique_common><accessor source="#master_ctrl-visibility-animation-output-array" count="25"><param type="float"/></accessor></technique_common></source><source id="master_ctrl-visibility-animation-intan"><float_array id="master_ctrl-visibility-animation-intan-array" count="25">

0.000000 -0.000000 -0.000000 -0.000000 -0.000000 -0.000000 -0.000000 -0.000000 -0.000000 -0.000000 -0.000000 -0.000000 -0.000000 -0.000000 -0.000000 -0.000000
-0.000000 -0.000000 -0.000000 -0.000000 -0.000000 -0.000000 -0.000000 -0.000000 -0.000000</float_array><technique_common><accessor source="#master_ctrl-visibility-animation-intan-array" count="25"><param type="float"/></accessor></technique_common></source><source id="master_ctrl-visibility-animation-outtan"><float_array id="master_ctrl-visibility-animation-outtan-array" count="25">

0.000000 0.000000 0.000000 0.000000 0.000000 0.000000 0.000000 0.000000 0.000000 0.000000 0.000000 0.000000 0.000000 0.000000 0.000000 0.000000
0.000000 0.000000 0.000000 0.000000 0.000000 0.000000 0.000000 0.000000 0.000000</float_array><technique_common><accessor source="#master_ctrl-visibility-animation-outtan-array" count="25"><param type="float"/></accessor></technique_common></source><source id="master_ctrl-visibility-animation-interpolation"><Name_array id="master_ctrl-visibility-animation-interpolation-array" count="25">
 BEZIER BEZIER BEZIER BEZIER BEZIER BEZIER BEZIER BEZIER BEZIER BEZIER BEZIER
BEZIER BEZIER BEZIER BEZIER BEZIER BEZIER BEZIER BEZIER BEZIER BEZIER BEZIER BEZIER
BEZIER BEZIER</Name_array><technique_common><accessor source="#master_ctrl-visibility-animation-interpolation-array" count="25"><param type="name"/></accessor></technique_common></source><sampler id="master_ctrl-visibility-animation"><input semantic="INPUT" source="#master_ctrl-visibility-animation-input"/><input semantic="OUTPUT" source="#master_ctrl-visibility-animation-output"/><input semantic="IN_TANGENT" source="#master_ctrl-visibility-animation-intan"/><input semantic="OUT_TANGENT" source="#master_ctrl-visibility-animation-outtan"/><input semantic="INTERPOLATION" source="#master_ctrl-visibility-animation-interpolation"/></sampler><channel source="#master_ctrl-visibility-animation" target="master_ctrl/visibility"/></animation></animation>
    <animation id="rig_ctrl-anim" name="rig_ctrl"></animation>
    <animation id="jnt_head-anim" name="jnt_head"><animation><source id="jnt_head-Matrix-animation-input"><float_array id="jnt_head-Matrix-animation-input-array" count="25">

0.000000 0.033333 0.066667 0.100000 0.133333 0.166667 0.200000 0.233333 0.266667 0.300000 0.333333 0.366667 0.400000 0.433333 0.466667 0.500000
0.533333 0.566667 0.600000 0.633333 0.666667 0.700000 0.733333 0.766667 0.800000</float_array><technique_common><accessor source="#jnt_head-Matrix-animation-input-array" count="25"><param name="TIME" type="float"/></accessor></technique_common></source><source id="jnt_head-Matrix-animation-output-transform"><float_array id="jnt_head-Matrix-animation-output-transform-array" count="400">

0.961080 -0.275741 0.017103 -0.135174 0.276204 0.960364 -0.037574 2.671076 -0.006064 0.040835 0.999147 -0.535277 0.000000 0.000000 0.000000 1.000000
0.965047 -0.261710 0.013843 -0.286777 0.262054 0.964298 -0.038159 2.492272 -0.003362 0.040453 0.999176 -0.351498 0.000000 0.000000 0.000000 1.000000
0.974891 -0.222631 0.004777 -0.403656 0.222644 0.974102 -0.039427 2.180052 0.004124 0.039500 0.999211 -0.256828 0.000000 0.000000 0.000000 1.000000
0.986599 -0.162914 -0.009021 -0.504924 0.162429 0.985895 -0.040358 2.018316 0.015469 0.038352 0.999145 -0.230083 0.000000 0.000000 0.000000 1.000000
0.995841 -0.087209 -0.026377 -0.576053 0.086123 0.995487 -0.039847 2.052206 0.029733 0.037410 0.998858 -0.285331 0.000000 0.000000 0.000000 1.000000
0.998943 -0.000689 -0.045952 -0.592035 -0.001013 0.999315 -0.037006 2.128292 0.045946 0.037013 0.998258 -0.416818 0.000000 0.000000 0.000000 1.000000
1.000000 0.000000 0.000000 0.000000 0.000000 1.000000 0.000000 0.000000 0.000000 0.000000 1.000000 0.000000 0.000000 0.000000 0.000000 1.000000
1.000000 0.000000 0.000000 0.000000 0.000000 1.000000 0.000000 0.000000 0.000000 0.000000 1.000000 0.000000 0.000000 0.000000 0.000000 1.000000
1.000000 0.000000 0.000000 0.000000 0.000000 1.000000 0.000000 0.000000 0.000000 0.000000 1.000000 0.000000 0.000000 0.000000 0.000000 1.000000
1.000000 0.000000 0.000000 0.000000 0.000000 1.000000 0.000000 0.000000 0.000000 0.000000 1.000000 0.000000 0.000000 0.000000 0.000000 1.000000
1.000000 0.000000 0.000000 0.000000 0.000000 1.000000 0.000000 0.000000 0.000000 0.000000 1.000000 0.000000 0.000000 0.000000 0.000000 1.000000
1.000000 0.000000 0.000000 0.000000 0.000000 1.000000 0.000000 0.000000 0.000000 0.000000 1.000000 0.000000 0.000000 0.000000 0.000000 1.000000
1.000000 0.000000 0.000000 0.000000 0.000000 1.000000 0.000000 0.000000 0.000000 0.000000 1.000000 0.000000 0.000000 0.000000 0.000000 1.000000
1.000000 0.000000 0.000000 0.000000 0.000000 1.000000 0.000000 0.000000 0.000000 0.000000 1.000000 0.000000 0.000000 0.000000 0.000000 1.000000
1.000000 0.000000 0.000000 0.000000 0.000000 1.000000 0.000000 0.000000 0.000000 0.000000 1.000000 0.000000 0.000000 0.000000 0.000000 1.000000
1.000000 0.000000 0.000000 0.000000 0.000000 1.000000 0.000000 0.000000 0.000000 0.000000 1.000000 0.000000 0.000000 0.000000 0.000000 1.000000
1.000000 0.000000 0.000000 0.000000 0.000000 1.000000 0.000000 0.000000 0.000000 0.000000 1.000000 0.000000 0.000000 0.000000 0.000000 1.000000
1.000000 0.000000 0.000000 0.000000 0.000000 1.000000 0.000000 0.000000 0.000000 0.000000 1.000000 0.000000 0.000000 0.000000 0.000000 1.000000
1.000000 0.000000 0.000000 0.000000 0.000000 1.000000 0.000000 0.000000 0.000000 0.000000 1.000000 0.000000 0.000000 0.000000 0.000000 1.000000
1.000000 0.000000 0.000000 0.000000 0.000000 1.000000 0.000000 0.000000 0.000000 0.000000 1.000000 0.000000 0.000000 0.000000 0.000000 1.000000
1.000000 0.000000 0.000000 0.000000 0.000000 1.000000 0.000000 0.000000 0.000000 0.000000 1.000000 0.000000 0.000000 0.000000 0.000000 1.000000
1.000000 0.000000 0.000000 0.000000 0.000000 1.000000 0.000000 0.000000 0.000000 0.000000 1.000000 0.000000 0.000000 0.000000 0.000000 1.000000
1.000000 0.000000 0.000000 0.000000 0.000000 1.000000 0.000000 0.000000 0.000000 0.000000 1.000000 0.000000 0.000000 0.000000 0.000000 1.000000
1.000000 0.000000 0.000000 0.000000 0.000000 1.000000 0.000000 0.000000 0.000000 0.000000 1.000000 0.000000 0.000000 0.000000 0.000000 1.000000
1.000000 0.000000 0.000000 0.000000 0.000000 1.000000 0.000000 0.000000 0.000000 0.000000 1.000000 0.000000 0.000000 0.000000 0.000000 1.000000</float_array><technique_common><accessor source="#jnt_head-Matrix-animation-output-transform-array" count="25" stride="16"><param type="float4x4"/></accessor></technique_common></source><source id="jnt_head-Interpolations"><Name_array id="jnt_head-Interpolations-array" count="25">
 LINEAR LINEAR LINEAR LINEAR LINEAR LINEAR LINEAR LINEAR LINEAR LINEAR LINEAR
LINEAR LINEAR LINEAR LINEAR LINEAR LINEAR LINEAR LINEAR LINEAR LINEAR LINEAR LINEAR
LINEAR LINEAR</Name_array><technique_common><accessor source="#jnt_head-Interpolations-array" count="25"><param type="name"/></accessor></technique_common></source><sampler id="jnt_head-Matrix-animation-transform"><input semantic="INPUT" source="#jnt_head-Matrix-animation-input"/><input semantic="OUTPUT" source="#jnt_head-Matrix-animation-output-transform"/><input semantic="INTERPOLATION" source="#jnt_head-Interpolations"/></sampler><channel source="#jnt_head-Matrix-animation-transform" target="jnt_head/matrix"/></animation></animation>
    <animation id="cable1_jnt-anim" name="cable1_jnt"><animation><source id="cable1_jnt-Matrix-animation-input"><float_array id="cable1_jnt-Matrix-animation-input-array" count="25">

0.000000 0.033333 0.066667 0.100000 0.133333 0.166667 0.200000 0.233333 0.266667 0.300000 0.333333 0.366667 0.400000 0.433333 0.466667 0.500000
0.533333 0.566667 0.600000 0.633333 0.666667 0.700000 0.733333 0.766667 0.800000</float_array><technique_common><accessor source="#cable1_jnt-Matrix-animation-input-array" count="25"><param name="TIME" type="float"/></accessor></technique_common></source><source id="cable1_jnt-Matrix-animation-output-transform"><float_array id="cable1_jnt-Matrix-animation-output-transform-array" count="400">

0.924499 0.361248 0.121663 -0.000000 -0.354249 0.932082 -0.075695 1.799380 -0.140745 0.026881 0.989681 -0.021043 0.000000 0.000000 0.000000 1.000000
0.927792 0.353427 0.119544 -0.000000 -0.345196 0.934729 -0.084392 1.799380 -0.141567 0.037032 0.989236 -0.021043 0.000000 0.000000 0.000000 1.000000
0.938378 0.328574 0.107174 0.000000 -0.317801 0.942207 -0.106062 1.799380 -0.135829 0.065466 0.988567 -0.021043 0.000000 0.000000 0.000000 1.000000
0.953747 0.287211 0.088753 -0.000000 -0.274213 0.952195 -0.134657 1.799380 -0.123185 0.104091 0.986910 -0.021043 0.000000 0.000000 0.000000 1.000000
0.970737 0.230280 0.068126 0.000000 -0.216759 0.962316 -0.164205 1.799380 -0.103372 0.144632 0.984071 -0.021043 0.000000 0.000000 0.000000 1.000000
0.985916 0.160205 0.048003 -0.000000 -0.148575 0.970793 -0.188380 1.799380 -0.076780 0.178595 0.980922 -0.021043 0.000000 0.000000 0.000000 1.000000
0.996264 0.081252 0.029270 -0.000000 -0.073793 0.976953 -0.200291 1.799380 -0.044869 0.197383 0.979299 -0.021043 0.000000 0.000000 0.000000 1.000000
0.999941 -0.000261 0.010899 -0.000000 0.002432 0.979860 -0.199673 1.799380 -0.010627 0.199687 0.979802 -0.021043 0.000000 0.000000 0.000000 1.000000
0.996962 -0.077508 -0.007656 -0.000000 0.074568 0.978266 -0.193484 1.799380 0.022486 0.192326 0.981074 -0.021043 0.000000 0.000000 0.000000 1.000000
0.989140 -0.144720 -0.025640 -0.000000 0.137586 0.973108 -0.184746 1.799380 0.051687 0.179212 0.982452 -0.021043 0.000000 0.000000 0.000000 1.000000
0.979498 -0.197156 -0.041400 -0.000000 0.187097 0.966463 -0.175910 1.799380 0.074693 0.164557 0.983535 -0.021043 0.000000 0.000000 0.000000 1.000000
0.971516 -0.231044 -0.052675 -0.000000 0.219352 0.960890 -0.169042 1.799380 0.089671 0.152673 0.984200 -0.021043 0.000000 0.000000 0.000000 1.000000
0.968327 -0.243099 -0.056970 -0.000000 0.230897 0.958675 -0.166218 1.799380 0.095024 0.147799 0.984442 -0.021043 0.000000 0.000000 0.000000 1.000000
0.971470 -0.230981 -0.053797 -0.000000 0.219462 0.961517 -0.165292 1.799380 0.089906 0.148770 0.984776 -0.021043 0.000000 0.000000 0.000000 1.000000
0.979326 -0.197212 -0.045038 -0.000000 0.187584 0.968675 -0.162732 1.799380 0.075720 0.150919 0.985642 -0.021043 0.000000 0.000000 0.000000 1.000000
0.988834 -0.145595 -0.031786 -0.000000 0.138800 0.977442 -0.159188 1.799380 0.054246 0.152998 0.986736 -0.021043 0.000000 0.000000 0.000000 1.000000
0.996667 -0.080165 -0.015132 -0.000000 0.076856 0.984858 -0.155398 1.799380 0.027361 0.153717 0.987736 -0.021043 0.000000 0.000000 0.000000 1.000000
0.999978 -0.005453 0.003793 -0.000000 0.005966 0.988386 -0.151848 1.799380 -0.002921 0.151868 0.988397 -0.021043 0.000000 0.000000 0.000000 1.000000
0.997009 0.073507 0.023870 -0.000000 -0.069176 0.986487 -0.148519 1.799380 -0.034464 0.146423 0.988622 -0.021043 0.000000 0.000000 0.000000 1.000000
