<?xml version="1.0" encoding="utf-8"?>
<COLLADA xmlns="http://www.collada.org/2005/11/COLLADASchema" version="1.4.1">
  <asset><contributor><author></author><authoring_tool>FBX COLLADA exporter</authoring_tool><comments></comments></contributor><created>2019-12-02T09:58:00Z</created><keywords></keywords><modified>2019-12-02T09:58:00Z</modified><revision></revision><subject></subject><title></title><unit meter="0.010000" name="centimeter"></unit><up_axis>Y_UP</up_axis></asset>
  <library_animations>
    <animation id="root_jnt-anim" name="root_jnt"><animation><source id="root_jnt-Matrix-animation-input"><float_array id="root_jnt-Matrix-animation-input-array" count="31">

0.000000 0.033333 0.066667 0.100000 0.133333 0.166667 0.200000 0.233333 0.266667 0.300000 0.333333 0.366667 0.400000 0.433333 0.466667 0.500000
0.533333 0.566667 0.600000 0.633333 0.666667 0.700000 0.733333 0.766667 0.800000 0.833333 0.866667 0.900000 0.933333 0.966667 1.000000</float_array><technique_common><accessor source="#root_jnt-Matrix-animation-input-array" count="31"><param name="TIME" type="float"/></accessor></technique_common></source><source id="root_jnt-Matrix-animation-output-transform"><float_array id="root_jnt-Matrix-animation-output-transform-array" count="496">

0.999983 -0.005812 0.000000 -0.000000 0.005812 0.999983 0.000000 1.982647 0.000000 0.000000 1.000000 0.000000 0.000000 0.000000 0.000000 1.000000
0.999983 -0.005812 0.000000 -0.000000 0.005812 0.999983 0.000000 1.982647 0.000000 0.000000 1.000000 0.000000 0.000000 0.000000 0.000000 1.000000
0.999983 -0.005812 0.000000 -0.000000 0.005812 0.999983 0.000000 1.982647 0.000000 0.000000 1.000000 0.000000 0.000000 0.000000 0.000000 1.000000
0.999983 -0.005812 0.000000 -0.000000 0.005812 0.999983 0.000000 1.982647 0.000000 0.000000 1.000000 0.000000 0.000000 0.000000 0.000000 1.000000
0.999983 -0.005812 0.000000 -0.000000 0.005812 0.999983 0.000000 1.982647 0.000000 0.000000 1.000000 0.000000 0.000000 0.000000 0.000000 1.000000
0.999983 -0.005812 0.000000 -0.000000 0.005812 0.999983 0.000000 1.982647 0.000000 0.000000 1.000000 0.000000 0.000000 0.000000 0.000000 1.000000
0.999983 -0.005812 0.000000 -0.000000 0.005812 0.999983 0.000000 1.982647 0.000000 0.000000 1.000000 0.000000 0.000000 0.000000 0.000000 1.000000
0.999983 -0.005812 0.000000 -0.000000 0.005812 0.999983 0.000000 1.982647 0.000000 0.000000 1.000000 0.000000 0.000000 0.000000 0.000000 1.000000
0.999983 -0.005812 0.000000 -0.000000 0.005812 0.999983 0.000000 1.982647 0.000000 0.000000 1.000000 0.000000 0.000000 0.000000 0.000000 1.000000
0.999983 -0.005812 0.000000 -0.000000 0.005812 0.999983 0.000000 1.982647 0.000000 0.000000 1.000000 0.000000 0.000000 0.000000 0.000000 1.000000
0.999983 -0.005812 0.000000 -0.000000 0.005812 0.999983 0.000000 1.982647 0.000000 0.000000 1.000000 0.000000 0.000000 0.000000 0.000000 1.000000
0.999983 -0.005812 0.000000 -0.000000 0.005812 0.999983 0.000000 1.982647 0.000000 0.000000 1.000000 0.000000 0.000000 0.000000 0.000000 1.000000
0.999983 -0.005812 0.000000 -0.000000 0.005812 0.999983 0.000000 1.982647 0.000000 0.000000 1.000000 0.000000 0.000000 0.000000 0.000000 1.000000
0.999983 -0.005812 0.000000 -0.000000 0.005812 0.999983 0.000000 1.982647 0.000000 0.000000 1.000000 0.000000 0.000000 0.000000 0.000000 1.000000
0.999983 -0.005812 0.000000 -0.000000 0.005812 0.999983 0.000000 1.982647 0.000000 0.000000 1.000000 0.000000 0.000000 0.000000 0.000000 1.000000
0.999983 -0.005812 0.000000 -0.000000 0.005812 0.999983 0.000000 1.982647 0.000000 0.000000 1.000000 0.000000 0.000000 0.000000 0.000000 1.000000
0.999983 -0.005812 0.000000 -0.000000 0.005812 0.999983 0.000000 1.982647 0.000000 0.000000 1.000000 0.000000 0.000000 0.000000 0.000000 1.000000
0.999983 -0.005812 0.000000 -0.000000 0.005812 0.999983 0.000000 1.982647 0.000000 0.000000 1.000000 0.000000 0.000000 0.000000 0.000000 1.000000
0.999983 -0.005812 0.000000 -0.000000 0.005812 0.999983 0.000000 1.982647 0.000000 0.000000 1.000000 0.000000 0.000000 0.000000 0.000000 1.000000
0.999983 -0.005812 0.000000 -0.000000 0.005812 0.999983 0.000000 1.982647 0.000000 0.000000 1.000000 0.000000 0.000000 0.000000 0.000000 1.000000
0.999983 -0.005812 0.000000 -0.000000 0.005812 0.999983 0.000000 1.982647 0.000000 0.000000 1.000000 0.000000 0.000000 0.000000 0.000000 1.000000
0.999983 -0.005812 0.000000 -0.000000 0.005812 0.999983 0.000000 1.982647 0.000000 0.000000 1.000000 0.000000 0.000000 0.000000 0.000000 1.000000
0.999983 -0.005812 0.000000 -0.000000 0.005812 0.999983 0.000000 1.982647 0.000000 0.000000 1.000000 0.000000 0.000000 0.000000 0.000000 1.000000
0.999983 -0.005812 0.000000 -0.000000 0.005812 0.999983 0.000000 1.982647 0.000000 0.000000 1.000000 0.000000 0.000000 0.000000 0.000000 1.000000
0.999983 -0.005812 0.000000 -0.000000 0.005812 0.999983 0.000000 1.982647 0.000000 0.000000 1.000000 0.000000 0.000000 0.000000 0.000000 1.000000
0.999983 -0.005812 0.000000 -0.000000 0.005812 0.999983 0.000000 1.982647 0.000000 0.000000 1.000000 0.000000 0.000000 0.000000 0.000000 1.000000
0.999983 -0.005812 0.000000 -0.000000 0.005812 0.999983 0.000000 1.982647 0.000000 0.000000 1.000000 0.000000 0.000000 0.000000 0.000000 1.000000
0.999983 -0.005812 0.000000 -0.000000 0.005812 0.999983 0.000000 1.982647 0.000000 0.000000 1.000000 0.000000 0.000000 0.000000 0.000000 1.000000
0.999983 -0.005812 0.000000 -0.000000 0.005812 0.999983 0.000000 1.982647 0.000000 0.000000 1.000000 0.000000 0.000000 0.000000 0.000000 1.000000
0.999983 -0.005812 0.000000 -0.000000 0.005812 0.999983 0.000000 1.982647 0.000000 0.000000 1.000000 0.000000 0.000000 0.000000 0.000000 1.000000
0.999983 -0.005812 0.000000 -0.000000 0.005812 0.999983 0.000000 1.982647 0.000000 0.000000 1.000000 0.000000 0.000000 0.000000 0.000000 1.000000</float_array><technique_common><accessor source="#root_jnt-Matrix-animation-output-transform-array" count="31" stride="16"><param type="float4x4"/></accessor></technique_common></source><source id="root_jnt-Interpolations"><Name_array id="root_jnt-Interpolations-array" count="31">
 LINEAR LINEAR LINEAR LINEAR LINEAR LINEAR LINEAR LINEAR LINEAR LINEAR LINEAR
LINEAR LINEAR LINEAR LINEAR LINEAR LINEAR LINEAR LINEAR LINEAR LINEAR LINEAR LINEAR
LINEAR LINEAR LINEAR LINEAR LINEAR LINEAR LINEAR LINEAR</Name_array><technique_common><accessor source="#root_jnt-Interpolations-array" count="31"><param type="name"/></accessor></technique_common></source><sampler id="root_jnt-Matrix-animation-transform"><input semantic="INPUT" source="#root_jnt-Matrix-animation-input"/><input semantic="OUTPUT" source="#root_jnt-Matrix-animation-output-transform"/><input semantic="INTERPOLATION" source="#root_jnt-Interpolations"/></sampler><channel source="#root_jnt-Matrix-animation-transform" target="root_jnt/matrix"/></animation></animation>
    <animation id="jnt_spine1-anim" name="jnt_spine1"><animation><source id="jnt_spine1-Matrix-animation-input"><float_array id="jnt_spine1-Matrix-animation-input-array" count="31">

0.000000 0.033333 0.066667 0.100000 0.133333 0.166667 0.200000 0.233333 0.266667 0.300000 0.333333 0.366667 0.400000 0.433333 0.466667 0.500000
0.533333 0.566667 0.600000 0.633333 0.666667 0.700000 0.733333 0.766667 0.800000 0.833333 0.866667 0.900000 0.933333 0.966667 1.000000</float_array><technique_common><accessor source="#jnt_spine1-Matrix-animation-input-array" count="31"><param name="TIME" type="float"/></accessor></technique_common></source><source id="jnt_spine1-Matrix-animation-output-transform"><float_array id="jnt_spine1-Matrix-animation-output-transform-array" count="496">

0.999983 -0.005224 -0.002548 0.000000 0.005812 0.898779 0.438364 0.479000 0.000000 -0.438371 0.898794 0.000000 0.000000 0.000000 0.000000 1.000000
0.999983 -0.005234 -0.002527 0.000000 0.005812 0.900513 0.434791 0.479000 0.000000 -0.434798 0.900528 0.000000 0.000000 0.000000 0.000000 1.000000
0.999983 -0.005262 -0.002467 0.000000 0.005812 0.905392 0.424536 0.479000 0.000000 -0.424544 0.905407 0.000000 0.000000 0.000000 0.000000 1.000000
0.999983 -0.005305 -0.002373 0.000000 0.005812 0.912847 0.408260 0.479000 -0.000000 -0.408267 0.912863 0.000000 0.000000 0.000000 0.000000 1.000000
0.999983 -0.005360 -0.002247 0.000000 0.005812 0.922232 0.386594 0.479000 0.000000 -0.386600 0.922247 0.000000 0.000000 0.000000 0.000000 1.000000
0.999983 -0.005422 -0.002093 0.000000 0.005812 0.932868 0.360172 0.479000 -0.000000 -0.360178 0.932884 0.000000 0.000000 0.000000 0.000000 1.000000
0.999983 -0.005487 -0.001916 0.000000 0.005812 0.944085 0.329652 0.479000 0.000000 -0.329658 0.944101 0.000000 0.000000 0.000000 0.000000 1.000000
0.999983 -0.005552 -0.001719 0.000000 0.005812 0.955253 0.295733 0.479000 0.000000 -0.295738 0.955269 0.000000 0.000000 0.000000 0.000000 1.000000
0.999983 -0.005613 -0.001506 0.000000 0.005812 0.965817 0.259159 0.479000 -0.000000 -0.259164 0.965833 0.000000 0.000000 0.000000 0.000000 1.000000
0.999983 -0.005669 -0.001283 0.000000 0.005812 0.975318 0.220728 0.479000 -0.000000 -0.220731 0.975335 0.000000 0.000000 0.000000 0.000000 1.000000
0.999983 -0.005716 -0.001054 0.000000 0.005812 0.983415 0.181279 0.479000 0.000000 -0.181282 0.983431 0.000000 0.000000 0.000000 0.000000 1.000000
0.999983 -0.005753 -0.000824 0.000000 0.005812 0.989894 0.141690 0.479000 -0.000000 -0.141692 0.989911 0.000000 0.000000 0.000000 0.000000 1.000000
0.999983 -0.005781 -0.000598 0.000000 0.005812 0.994679 0.102860 0.479000 -0.000000 -0.102862 0.994696 0.000000 0.000000 0.000000 0.000000 1.000000
0.999983 -0.005799 -0.000382 0.000000 0.005812 0.997822 0.065700 0.479000 -0.000000 -0.065701 0.997839 0.000000 0.000000 0.000000 0.000000 1.000000
0.999983 -0.005809 -0.000181 0.000000 0.005812 0.999499 0.031116 0.479000 0.000000 -0.031116 0.999516 0.000000 0.000000 0.000000 0.000000 1.000000
0.999983 -0.005812 0.000000 0.000000 0.005812 0.999983 0.000000 0.479000 0.000000 0.000000 1.000000 0.000000 0.000000 0.000000 0.000000 1.000000
0.999983 -0.005809 0.000178 0.000000 0.005812 0.999513 -0.030671 0.479000 0.000000 0.030672 0.999530 0.000000 0.000000 0.000000 0.000000 1.000000
0.999983 -0.005800 0.000372 0.000000 0.005812 0.997932 -0.064007 0.479000 0.000000 0.064009 0.997949 0.000000 0.000000 0.000000 0.000000 1.000000
0.999983 -0.005783 0.000577 0.000000 0.005812 0.995046 -0.099249 0.479000 0.000000 0.099250 0.995063 0.000000 0.000000 0.000000 0.000000 1.000000
0.999983 -0.005758 0.000788 0.000000 0.005812 0.990743 -0.135626 0.479000 -0.000000 0.135628 0.990760 0.000000 0.000000 0.000000 0.000000 1.000000
0.999983 -0.005725 0.001002 0.000000 0.005812 0.985015 -0.172372 0.479000 -0.000000 0.172375 0.985031 0.000000 0.000000 0.000000 0.000000 1.000000
0.999983 -0.005684 0.001213 0.000000 0.005812 0.977957 -0.208728 0.479000 -0.000000 0.208731 0.977973 0.000000 0.000000 0.000000 0.000000 1.000000
0.999983 -0.005636 0.001418 0.000000 0.005812 0.969769 -0.243954 0.479000 0.000000 0.243959 0.969786 0.000000 0.000000 0.000000 0.000000 1.000000
0.999983 -0.005584 0.001612 0.000000 0.005812 0.960754 -0.277342 0.479000 -0.000000 0.277347 0.960770 0.000000 0.000000 0.000000 0.000000 1.000000
0.999983 -0.005529 0.001791 0.000000 0.005812 0.951299 -0.308215 0.479000 -0.000000 0.308220 0.951315 0.000000 0.000000 0.000000 0.000000 1.000000
0.999983 -0.005474 0.001952 0.000000 0.005812 0.941868 -0.335933 0.479000 -0.000000 0.335939 0.941884 0.000000 0.000000 0.000000 0.000000 1.000000
0.999983 -0.005422 0.002092 0.000000 0.005812 0.932976 -0.359892 0.479000 0.000000 0.359898 0.932992 0.000000 0.000000 0.000000 0.000000 1.000000
0.999983 -0.005377 0.002206 0.000000 0.005812 0.925168 -0.379514 0.479000 0.000000 0.379521 0.925183 0.000000 0.000000 0.000000 0.000000 1.000000
0.999983 -0.005341 0.002291 0.000000 0.005812 0.918989 -0.394239 0.479000 0.000000 0.394246 0.919005 0.000000 0.000000 0.000000 0.000000 1.000000
0.999983 -0.005318 0.002345 0.000000 0.005812 0.914959 -0.403505 0.479000 0.000000 0.403512 0.914974 0.000000 0.000000 0.000000 0.000000 1.000000
0.999983 -0.005309 0.002364 0.000000 0.005812 0.913530 -0.406730 0.479000 0.000000 0.406737 0.913545 0.000000 0.000000 0.000000 0.000000 1.000000</float_array><technique_common><accessor source="#jnt_spine1-Matrix-animation-output-transform-array" count="31" stride="16"><param type="float4x4"/></accessor></technique_common></source><source id="jnt_spine1-Interpolations"><Name_array id="jnt_spine1-Interpolations-array" count="31">
 LINEAR LINEAR LINEAR LINEAR LINEAR LINEAR LINEAR LINEAR LINEAR LINEAR LINEAR
LINEAR LINEAR LINEAR LINEAR LINEAR LINEAR LINEAR LINEAR LINEAR LINEAR LINEAR LINEAR
LINEAR LINEAR LINEAR LINEAR LINEAR LINEAR LINEAR LINEAR</Name_array><technique_common><accessor source="#jnt_spine1-Interpolations-array" count="31"><param type="name"/></accessor></technique_common></source><sampler id="jnt_spine1-Matrix-animation-transform"><input semantic="INPUT" source="#jnt_spine1-Matrix-animation-input"/><input semantic="OUTPUT" source="#jnt_spine1-Matrix-animation-output-transform"/><input semantic="INTERPOLATION" source="#jnt_spine1-Interpolations"/></sampler><channel source="#jnt_spine1-Matrix-animation-transform" target="jnt_spine1/matrix"/></animation></animation>
    <animation id="jnt_spine2-anim" name="jnt_spine2"><animation><source id="jnt_spine2-Matrix-animation-input"><float_array id="jnt_spine2-Matrix-animation-input-array" count="31">

0.000000 0.033333 0.066667 0.100000 0.133333 0.166667 0.200000 0.233333 0.266667 0.300000 0.333333 0.366667 0.400000 0.433333 0.466667 0.500000
0.533333 0.566667 0.600000 0.633333 0.666667 0.700000 0.733333 0.766667 0.800000 0.833333 0.866667 0.900000 0.933333 0.966667 1.000000</float_array><technique_common><accessor source="#jnt_spine2-Matrix-animation-input-array" count="31"><param name="TIME" type="float"/></accessor></technique_common></source><source id="jnt_spine2-Matrix-animation-output-transform"><float_array id="jnt_spine2-Matrix-animation-output-transform-array" count="496">

1.000000 0.000000 0.000000 0.000000 -0.000000 1.000000 0.000000 0.449000 0.000000 -0.000000 1.000000 0.000000 0.000000 0.000000 0.000000 1.000000
1.000000 0.000000 -0.000000 0.000000 -0.000000 1.000000 0.000000 0.449000 -0.000000 -0.000000 1.000000 -0.000000 0.000000 0.000000 0.000000 1.000000
1.000000 0.000000 0.000000 -0.000000 -0.000000 1.000000 0.000000 0.449000 -0.000000 0.000000 1.000000 0.000000 0.000000 0.000000 0.000000 1.000000
1.000000 -0.000000 -0.000000 0.000000 0.000000 1.000000 0.000000 0.449000 -0.000000 -0.000000 1.000000 0.000000 0.000000 0.000000 0.000000 1.000000
1.000000 0.000000 0.000000 0.000000 0.000000 1.000000 0.000000 0.449000 0.000000 0.000000 1.000000 -0.000000 0.000000 0.000000 0.000000 1.000000
1.000000 -0.000000 0.000000 0.000000 0.000000 1.000000 0.000000 0.449000 0.000000 0.000000 1.000000 0.000000 0.000000 0.000000 0.000000 1.000000
1.000000 0.000000 -0.000000 -0.000000 -0.000000 1.000000 0.000000 0.449000 0.000000 0.000000 1.000000 -0.000000 0.000000 0.000000 0.000000 1.000000
1.000000 -0.000000 -0.000000 0.000000 0.000000 1.000000 0.000000 0.449000 0.000000 -0.000000 1.000000 0.000000 0.000000 0.000000 0.000000 1.000000
1.000000 -0.000000 0.000000 -0.000000 0.000000 1.000000 -0.000000 0.449000 0.000000 0.000000 1.000000 0.000000 0.000000 0.000000 0.000000 1.000000
1.000000 -0.000000 0.000000 0.000000 0.000000 1.000000 0.000000 0.449000 0.000000 -0.000000 1.000000 0.000000 0.000000 0.000000 0.000000 1.000000
1.000000 0.000000 0.000000 -0.000000 0.000000 1.000000 0.000000 0.449000 0.000000 0.000000 1.000000 0.000000 0.000000 0.000000 0.000000 1.000000
1.000000 -0.000000 -0.000000 -0.000000 -0.000000 1.000000 0.000000 0.449000 -0.000000 0.000000 1.000000 0.000000 0.000000 0.000000 0.000000 1.000000
1.000000 0.000000 0.000000 -0.000000 0.000000 1.000000 -0.000000 0.449000 0.000000 0.000000 1.000000 0.000000 0.000000 0.000000 0.000000 1.000000
1.000000 0.000000 0.000000 -0.000000 0.000000 1.000000 0.000000 0.449000 -0.000000 -0.000000 1.000000 0.000000 0.000000 0.000000 0.000000 1.000000
1.000000 -0.000000 -0.000000 -0.000000 0.000000 1.000000 0.000000 0.449000 0.000000 -0.000000 1.000000 0.000000 0.000000 0.000000 0.000000 1.000000
1.000000 -0.000000 0.000000 0.000000 0.000000 1.000000 0.000000 0.449000 0.000000 0.000000 1.000000 0.000000 0.000000 0.000000 0.000000 1.000000
1.000000 0.000000 -0.000000 0.000000 -0.000000 1.000000 -0.000000 0.449000 0.000000 -0.000000 1.000000 0.000000 0.000000 0.000000 0.000000 1.000000
1.000000 0.000000 -0.000000 0.000000 -0.000000 1.000000 0.000000 0.449000 0.000000 0.000000 1.000000 0.000000 0.000000 0.000000 0.000000 1.000000
1.000000 -0.000000 0.000000 0.000000 0.000000 1.000000 0.000000 0.449000 0.000000 0.000000 1.000000 -0.000000 0.000000 0.000000 0.000000 1.000000
1.000000 0.000000 0.000000 -0.000000 0.000000 1.000000 -0.000000 0.449000 0.000000 0.000000 1.000000 0.000000 0.000000 0.000000 0.000000 1.000000
1.000000 0.000000 -0.000000 0.000000 -0.000000 1.000000 0.000000 0.449000 -0.000000 0.000000 1.000000 0.000000 0.000000 0.000000 0.000000 1.000000
1.000000 -0.000000 0.000000 -0.000000 0.000000 1.000000 0.000000 0.449000 -0.000000 0.000000 1.000000 0.000000 0.000000 0.000000 0.000000 1.000000
1.000000 0.000000 -0.000000 0.000000 0.000000 1.000000 0.000000 0.449000 0.000000 -0.000000 1.000000 0.000000 0.000000 0.000000 0.000000 1.000000
1.000000 -0.000000 0.000000 -0.000000 0.000000 1.000000 -0.000000 0.449000 -0.000000 -0.000000 1.000000 0.000000 0.000000 0.000000 0.000000 1.000000
1.000000 -0.000000 -0.000000 0.000000 -0.000000 1.000000 0.000000 0.449000 -0.000000 0.000000 1.000000 0.000000 0.000000 0.000000 0.000000 1.000000
1.000000 0.000000 0.000000 -0.000000 -0.000000 1.000000 -0.000000 0.449000 -0.000000 0.000000 1.000000 0.000000 0.000000 0.000000 0.000000 1.000000
1.000000 0.000000 -0.000000 -0.000000 0.000000 1.000000 0.000000 0.449000 0.000000 0.000000 1.000000 0.000000 0.000000 0.000000 0.000000 1.000000
1.000000 -0.000000 -0.000000 -0.000000 0.000000 1.000000 0.000000 0.449000 -0.000000 -0.000000 1.000000 0.000000 0.000000 0.000000 0.000000 1.000000
1.000000 0.000000 0.000000 -0.000000 -0.000000 1.000000 0.000000 0.449000 -0.000000 -0.000000 1.000000 -0.000000 0.000000 0.000000 0.000000 1.000000
1.000000 -0.000000 0.000000 -0.000000 0.000000 1.000000 0.000000 0.449000 0.000000 0.000000 1.000000 -0.000000 0.000000 0.000000 0.000000 1.000000
1.000000 0.000000 0.000000 -0.000000 -0.000000 1.000000 0.000000 0.449000 -0.000000 -0.000000 1.000000 -0.000000 0.000000 0.000000 0.000000 1.000000</float_array><technique_common><accessor source="#jnt_spine2-Matrix-animation-output-transform-array" count="31" stride="16"><param type="float4x4"/></accessor></technique_common></source><source id="jnt_spine2-Interpolations"><Name_array id="jnt_spine2-Interpolations-array" count="31">
 LINEAR LINEAR LINEAR LINEAR LINEAR LINEAR LINEAR LINEAR LINEAR LINEAR LINEAR
LINEAR LINEAR LINEAR LINEAR LINEAR LINEAR LINEAR LINEAR LINEAR LINEAR LINEAR LINEAR
LINEAR LINEAR LINEAR LINEAR LINEAR LINEAR LINEAR LINEAR</Name_array><technique_common><accessor source="#jnt_spine2-Interpolations-array" count="31"><param type="name"/></accessor></technique_common></source><sampler id="jnt_spine2-Matrix-animation-transform"><input semantic="INPUT" source="#jnt_spine2-Matrix-animation-input"/><input semantic="OUTPUT" source="#jnt_spine2-Matrix-animation-output-transform"/><input semantic="INTERPOLATION" source="#jnt_spine2-Interpolations"/></sampler><channel source="#jnt_spine2-Matrix-animation-transform" target="jnt_spine2/matrix"/></animation></animation>
    <animation id="jnt_head-anim" name="jnt_head"><animation><source id="jnt_head-Matrix-animation-input"><float_array id="jnt_head-Matrix-animation-input-array" count="31">

0.000000 0.033333 0.066667 0.100000 0.133333 0.166667 0.200000 0.233333 0.266667 0.300000 0.333333 0.366667 0.400000 0.433333 0.466667 0.500000
0.533333 0.566667 0.600000 0.633333 0.666667 0.700000 0.733333 0.766667 0.800000 0.833333 0.866667 0.900000 0.933333 0.966667 1.000000</float_array><technique_common><accessor source="#jnt_head-Matrix-animation-input-array" count="31"><param name="TIME" type="float"/></accessor></technique_common></source><source id="jnt_head-Matrix-animation-output-transform"><float_array id="jnt_head-Matrix-animation-output-transform-array" count="496">

0.999983 -0.005639 -0.001406 0.000000 0.005812 0.970279 0.241918 0.296642 -0.000000 -0.241922 0.970296 0.000000 0.000000 0.000000 0.000000 1.000000
0.999983 -0.005642 -0.001395 0.000000 0.005812 0.970733 0.240091 0.296642 0.000000 -0.240095 0.970749 0.000000 0.000000 0.000000 0.000000 1.000000
0.999983 -0.005649 -0.001365 0.000000 0.005812 0.972020 0.234827 0.296642 -0.000000 -0.234830 0.972036 0.000000 0.000000 0.000000 0.000000 1.000000
0.999983 -0.005661 -0.001316 0.000000 0.005812 0.974007 0.226443 0.296642 -0.000000 -0.226447 0.974023 0.000000 0.000000 0.000000 0.000000 1.000000
0.999983 -0.005676 -0.001251 0.000000 0.005812 0.976540 0.215257 0.296642 0.000000 -0.215261 0.976557 0.000000 0.000000 0.000000 0.000000 1.000000
0.999983 -0.005693 -0.001172 0.000000 0.005812 0.979455 0.201581 0.296642 0.000000 -0.201584 0.979471 0.000000 0.000000 0.000000 0.000000 1.000000
0.999983 -0.005711 -0.001079 0.000000 0.005812 0.982583 0.185732 0.296642 0.000000 -0.185735 0.982600 -0.000000 0.000000 0.000000 0.000000 1.000000
0.999983 -0.005729 -0.000977 0.000000 0.005812 0.985765 0.168030 0.296642 -0.000000 -0.168033 0.985781 0.000000 0.000000 0.000000 0.000000 1.000000
0.999983 -0.005747 -0.000865 0.000000 0.005812 0.988850 0.148802 0.296642 -0.000000 -0.148804 0.988867 0.000000 0.000000 0.000000 0.000000 1.000000
0.999983 -0.005764 -0.000746 -0.000000 0.005812 0.991708 0.128378 0.296642 -0.000000 -0.128380 0.991725 -0.000000 0.000000 0.000000 0.000000 1.000000
0.999983 -0.005778 -0.000622 -0.000000 0.005812 0.994232 0.107098 0.296642 0.000000 -0.107100 0.994248 -0.000000 0.000000 0.000000 0.000000 1.000000
0.999983 -0.005791 -0.000496 0.000000 0.005812 0.996338 0.085305 0.296642 0.000000 -0.085306 0.996355 -0.000000 0.000000 0.000000 0.000000 1.000000
0.999983 -0.005800 -0.000368 0.000000 0.005812 0.997975 0.063347 0.296642 0.000000 -0.063348 0.997992 0.000000 0.000000 0.000000 0.000000 1.000000
0.999983 -0.005807 -0.000242 0.000000 0.005812 0.999118 0.041575 0.296642 -0.000000 -0.041576 0.999135 0.000000 0.000000 0.000000 0.000000 1.000000
0.999983 -0.005811 -0.000118 0.000000 0.005812 0.999776 0.020342 0.296642 0.000000 -0.020343 0.999793 0.000000 0.000000 0.000000 0.000000 1.000000
0.999983 -0.005812 0.000000 -0.000000 0.005812 0.999983 0.000000 0.296642 0.000000 0.000000 1.000000 0.000000 0.000000 0.000000 0.000000 1.000000
0.999983 -0.005811 0.000126 0.000000 0.005812 0.999748 -0.021676 0.296642 -0.000000 0.021677 0.999765 -0.000000 0.000000 0.000000 0.000000 1.000000
0.999983 -0.005806 0.000271 0.000000 0.005812 0.998894 -0.046659 0.296642 -0.000000 0.046660 0.998911 -0.000000 0.000000 0.000000 0.000000 1.000000
0.999983 -0.005796 0.000431 0.000000 0.005812 0.997226 -0.074212 0.296642 0.000000 0.074213 0.997242 0.000000 0.000000 0.000000 0.000000 1.000000
0.999983 -0.005781 0.000602 0.000000 0.005812 0.994603 -0.103591 0.296642 0.000000 0.103592 0.994620 -0.000000 0.000000 0.000000 0.000000 1.000000
0.999983 -0.005759 0.000779 0.000000 0.005812 0.990958 -0.134048 0.296642 0.000000 0.134050 0.990975 0.000000 0.000000 0.000000 0.000000 1.000000
0.999983 -0.005732 0.000958 -0.000000 0.005812 0.986303 -0.164838 0.296642 0.000000 0.164841 0.986320 0.000000 0.000000 0.000000 0.000000 1.000000
0.999983 -0.005700 0.001135 -0.000000 0.005812 0.980741 -0.195225 0.296642 -0.000000 0.195229 0.980758 -0.000000 0.000000 0.000000 0.000000 1.000000
0.999983 -0.005664 0.001305 0.000000 0.005812 0.974459 -0.224489 0.296642 0.000000 0.224492 0.974476 -0.000000 0.000000 0.000000 0.000000 1.000000
0.999983 -0.005624 0.001464 -0.000000 0.005812 0.967728 -0.251930 0.296642 -0.000000 0.251934 0.967744 -0.000000 0.000000 0.000000 0.000000 1.000000
0.999983 -0.005585 0.001609 0.000000 0.005812 0.960888 -0.276875 0.296642 -0.000000 0.276880 0.960905 0.000000 0.000000 0.000000 0.000000 1.000000
0.999983 -0.005547 0.001736 -0.000000 0.005812 0.954337 -0.298675 0.296642 -0.000000 0.298681 0.954353 0.000000 0.000000 0.000000 0.000000 1.000000
0.999983 -0.005513 0.001841 -0.000000 0.005812 0.948507 -0.316703 0.296642 0.000000 0.316709 0.948523 0.000000 0.000000 0.000000 0.000000 1.000000
0.999983 -0.005486 0.001920 -0.000000 0.005812 0.943842 -0.330345 0.296642 -0.000000 0.330351 0.943858 -0.000000 0.000000 0.000000 0.000000 1.000000
0.999983 -0.005468 0.001970 0.000000 0.005812 0.940772 -0.338990 0.296642 -0.000000 0.338996 0.940788 -0.000000 0.000000 0.000000 0.000000 1.000000
0.999983 -0.005461 0.001988 0.000000 0.005812 0.939677 -0.342014 0.296642 -0.000000 0.342020 0.939693 -0.000000 0.000000 0.000000 0.000000 1.000000</float_array><technique_common><accessor source="#jnt_head-Matrix-animation-output-transform-array" count="31" stride="16"><param type="float4x4"/></accessor></technique_common></source><source id="jnt_head-Interpolations"><Name_array id="jnt_head-Interpolations-array" count="31">
 LINEAR LINEAR LINEAR LINEAR LINEAR LINEAR LINEAR LINEAR LINEAR LINEAR LINEAR
LINEAR LINEAR LINEAR LINEAR LINEAR LINEAR LINEAR LINEAR LINEAR LINEAR LINEAR LINEAR
LINEAR LINEAR LINEAR LINEAR LINEAR LINEAR LINEAR LINEAR</Name_array><technique_common><accessor source="#jnt_head-Interpolations-array" count="31"><param type="name"/></accessor></technique_common></source><sampler id="jnt_head-Matrix-animation-transform"><input semantic="INPUT" source="#jnt_head-Matrix-animation-input"/><input semantic="OUTPUT" source="#jnt_head-Matrix-animation-output-transform"/><input semantic="INTERPOLATION" source="#jnt_head-Interpolations"/></sampler><channel source="#jnt_head-Matrix-animation-transform" target="jnt_head/matrix"/></animation></animation>
    <animation id="jnt_06_upperleg-anim" name="jnt_06_upperleg"><animation><source id="jnt_06_upperleg-Matrix-animation-input"><float_array id="jnt_06_upperleg-Matrix-animation-input-array" count="31">

0.000000 0.033333 0.066667 0.100000 0.133333 0.166667 0.200000 0.233333 0.266667 0.300000 0.333333 0.366667 0.400000 0.433333 0.466667 0.500000
0.533333 0.566667 0.600000 0.633333 0.666667 0.700000 0.733333 0.766667 0.800000 0.833333 0.866667 0.900000 0.933333 0.966667 1.000000</float_array><technique_common><accessor source="#jnt_06_upperleg-Matrix-animation-input-array" count="31"><param name="TIME" type="float"/></accessor></technique_common></source><source id="jnt_06_upperleg-Matrix-animation-output-transform"><float_array id="jnt_06_upperleg-Matrix-animation-output-transform-array" count="496">

0.499912 0.010689 -0.866010 0.236446 -0.012661 0.999907 0.005033 0.000000 0.865983 0.008448 0.500001 0.409537 0.000000 0.000000 0.000000 1.000000
0.499912 0.010689 -0.866010 0.236446 -0.012661 0.999907 0.005033 0.000000 0.865983 0.008448 0.500001 0.409537 0.000000 0.000000 0.000000 1.000000
0.499912 0.010689 -0.866010 0.236446 -0.012661 0.999907 0.005033 0.000000 0.865983 0.008448 0.500001 0.409537 0.000000 0.000000 0.000000 1.000000
0.499912 0.010689 -0.866010 0.236446 -0.012661 0.999907 0.005033 0.000000 0.865983 0.008448 0.500001 0.409537 0.000000 0.000000 0.000000 1.000000
0.499912 0.010689 -0.866010 0.236446 -0.012661 0.999907 0.005033 0.000000 0.865983 0.008448 0.500001 0.409537 0.000000 0.000000 0.000000 1.000000
0.499912 0.010689 -0.866010 0.236446 -0.012661 0.999907 0.005033 0.000000 0.865983 0.008448 0.500001 0.409537 0.000000 0.000000 0.000000 1.000000
0.499912 0.010689 -0.866010 0.236446 -0.012661 0.999907 0.005033 0.000000 0.865983 0.008448 0.500001 0.409537 0.000000 0.000000 0.000000 1.000000
0.499912 0.010689 -0.866010 0.236446 -0.012661 0.999907 0.005033 0.000000 0.865983 0.008448 0.500001 0.409537 0.000000 0.000000 0.000000 1.000000
0.499912 0.010689 -0.866010 0.236446 -0.012661 0.999907 0.005033 0.000000 0.865983 0.008448 0.500001 0.409537 0.000000 0.000000 0.000000 1.000000
0.499912 0.010689 -0.866010 0.236446 -0.012661 0.999907 0.005033 0.000000 0.865983 0.008448 0.500001 0.409537 0.000000 0.000000 0.000000 1.000000
0.499912 0.010689 -0.866010 0.236446 -0.012661 0.999907 0.005033 0.000000 0.865983 0.008448 0.500001 0.409537 0.000000 0.000000 0.000000 1.000000
0.499912 0.010689 -0.866010 0.236446 -0.012661 0.999907 0.005033 0.000000 0.865983 0.008448 0.500001 0.409537 0.000000 0.000000 0.000000 1.000000
0.499912 0.010689 -0.866010 0.236446 -0.012661 0.999907 0.005033 0.000000 0.865983 0.008448 0.500001 0.409537 0.000000 0.000000 0.000000 1.000000
0.499912 0.010689 -0.866010 0.236446 -0.012661 0.999907 0.005033 0.000000 0.865983 0.008448 0.500001 0.409537 0.000000 0.000000 0.000000 1.000000
0.499912 0.010689 -0.866010 0.236446 -0.012661 0.999907 0.005033 0.000000 0.865983 0.008448 0.500001 0.409537 0.000000 0.000000 0.000000 1.000000
0.499912 0.010689 -0.866010 0.236446 -0.012661 0.999907 0.005033 0.000000 0.865983 0.008448 0.500001 0.409537 0.000000 0.000000 0.000000 1.000000
0.499912 0.010689 -0.866010 0.236446 -0.012661 0.999907 0.005033 0.000000 0.865983 0.008448 0.500001 0.409537 0.000000 0.000000 0.000000 1.000000
0.499912 0.010689 -0.866010 0.236446 -0.012661 0.999907 0.005033 0.000000 0.865983 0.008448 0.500001 0.409537 0.000000 0.000000 0.000000 1.000000
0.499912 0.010689 -0.866010 0.236446 -0.012661 0.999907 0.005033 0.000000 0.865983 0.008448 0.500001 0.409537 0.000000 0.000000 0.000000 1.000000
0.499912 0.010689 -0.866010 0.236446 -0.012661 0.999907 0.005033 0.000000 0.865983 0.008448 0.500001 0.409537 0.000000 0.000000 0.000000 1.000000
0.499912 0.010689 -0.866010 0.236446 -0.012661 0.999907 0.005033 0.000000 0.865983 0.008448 0.500001 0.409537 0.000000 0.000000 0.000000 1.000000
0.499912 0.010689 -0.866010 0.236446 -0.012661 0.999907 0.005033 0.000000 0.865983 0.008448 0.500001 0.409537 0.000000 0.000000 0.000000 1.000000
0.499912 0.010689 -0.866010 0.236446 -0.012661 0.999907 0.005033 0.000000 0.865983 0.008448 0.500001 0.409537 0.000000 0.000000 0.000000 1.000000
0.499912 0.010689 -0.866010 0.236446 -0.012661 0.999907 0.005033 0.000000 0.865983 0.008448 0.500001 0.409537 0.000000 0.000000 0.000000 1.000000
0.499912 0.010689 -0.866010 0.236446 -0.012661 0.999907 0.005033 0.000000 0.865983 0.008448 0.500001 0.409537 0.000000 0.000000 0.000000 1.000000
0.499912 0.010689 -0.866010 0.236446 -0.012661 0.999907 0.005033 0.000000 0.865983 0.008448 0.500001 0.409537 0.000000 0.000000 0.000000 1.000000
0.499912 0.010689 -0.866010 0.236446 -0.012661 0.999907 0.005033 0.000000 0.865983 0.008448 0.500001 0.409537 0.000000 0.000000 0.000000 1.000000
0.499912 0.010689 -0.866010 0.236446 -0.012661 0.999907 0.005033 0.000000 0.865983 0.008448 0.500001 0.409537 0.000000 0.000000 0.000000 1.000000
0.499912 0.010689 -0.866010 0.236446 -0.012661 0.999907 0.005033 0.000000 0.865983 0.008448 0.500001 0.409537 0.000000 0.000000 0.000000 1.000000
0.499912 0.010689 -0.866010 0.236446 -0.012661 0.999907 0.005033 0.000000 0.865983 0.008448 0.500001 0.409537 0.000000 0.000000 0.000000 1.000000
0.499912 0.010689 -0.866010 0.236446 -0.012661 0.999907 0.005033 0.000000 0.865983 0.008448 0.500001 0.409537 0.000000 0.000000 0.000000 1.000000</float_array><technique_common><accessor source="#jnt_06_upperleg-Matrix-animation-output-transform-array" count="31" stride="16"><param type="float4x4"/></accessor></technique_common></source><source id="jnt_06_upperleg-Interpolations"><Name_array id="jnt_06_upperleg-Interpolations-array" count="31">
 LINEAR LINEAR LINEAR LINEAR LINEAR LINEAR LINEAR LINEAR LINEAR LINEAR LINEAR
LINEAR LINEAR LINEAR LINEAR LINEAR LINEAR LINEAR LINEAR LINEAR LINEAR LINEAR LINEAR
LINEAR LINEAR LINEAR LINEAR LINEAR LINEAR LINEAR LINEAR</Name_array><technique_common><accessor source="#jnt_06_upperleg-Interpolations-array" count="31"><param type="name"/></accessor></technique_common></source><sampler id="jnt_06_upperleg-Matrix-animation-transform"><input semantic="INPUT" source="#jnt_06_upperleg-Matrix-animation-input"/><input semantic="OUTPUT" source="#jnt_06_upperleg-Matrix-animation-output-transform"/><input semantic="INTERPOLATION" source="#jnt_06_upperleg-Interpolations"/></sampler><channel source="#jnt_06_upperleg-Matrix-animation-transform" target="jnt_06_upperleg/matrix"/></animation></animation>
    <animation id="jnt_06_lowerleg-anim" name="jnt_06_lowerleg"><animation><source id="jnt_06_lowerleg-Matrix-animation-input"><float_array id="jnt_06_lowerleg-Matrix-animation-input-array" count="31">

0.000000 0.033333 0.066667 0.100000 0.133333 0.166667 0.200000 0.233333 0.266667 0.300000 0.333333 0.366667 0.400000 0.433333 0.466667 0.500000
0.533333 0.566667 0.600000 0.633333 0.666667 0.700000 0.733333 0.766667 0.800000 0.833333 0.866667 0.900000 0.933333 0.966667 1.000000</float_array><technique_common><accessor source="#jnt_06_lowerleg-Matrix-animation-input-array" count="31"><param name="TIME" type="float"/></accessor></technique_common></source><source id="jnt_06_lowerleg-Matrix-animation-output-transform"><float_array id="jnt_06_lowerleg-Matrix-animation-output-transform-array" count="496">

0.003014 0.999995 0.000000 1.972000 -0.999995 0.003014 0.000000 -0.000000 -0.000000 0.000000 1.000000 0.000000 0.000000 0.000000 0.000000 1.000000
0.003014 0.999995 0.000000 1.972000 -0.999995 0.003014 0.000000 -0.000000 -0.000000 0.000000 1.000000 0.000000 0.000000 0.000000 0.000000 1.000000
0.003014 0.999995 0.000000 1.972000 -0.999995 0.003014 0.000000 -0.000000 -0.000000 0.000000 1.000000 0.000000 0.000000 0.000000 0.000000 1.000000
0.003014 0.999995 0.000000 1.972000 -0.999995 0.003014 0.000000 -0.000000 -0.000000 0.000000 1.000000 0.000000 0.000000 0.000000 0.000000 1.000000
0.003014 0.999995 0.000000 1.972000 -0.999995 0.003014 0.000000 -0.000000 -0.000000 0.000000 1.000000 0.000000 0.000000 0.000000 0.000000 1.000000
0.003014 0.999995 0.000000 1.972000 -0.999995 0.003014 0.000000 -0.000000 -0.000000 0.000000 1.000000 0.000000 0.000000 0.000000 0.000000 1.000000
0.003014 0.999995 0.000000 1.972000 -0.999995 0.003014 0.000000 -0.000000 -0.000000 0.000000 1.000000 0.000000 0.000000 0.000000 0.000000 1.000000
0.003014 0.999995 0.000000 1.972000 -0.999995 0.003014 0.000000 -0.000000 -0.000000 0.000000 1.000000 0.000000 0.000000 0.000000 0.000000 1.000000
0.003014 0.999995 0.000000 1.972000 -0.999995 0.003014 0.000000 -0.000000 -0.000000 0.000000 1.000000 0.000000 0.000000 0.000000 0.000000 1.000000
0.003014 0.999995 0.000000 1.972000 -0.999995 0.003014 0.000000 -0.000000 -0.000000 0.000000 1.000000 0.000000 0.000000 0.000000 0.000000 1.000000
0.003014 0.999995 0.000000 1.972000 -0.999995 0.003014 0.000000 -0.000000 -0.000000 0.000000 1.000000 0.000000 0.000000 0.000000 0.000000 1.000000
0.003014 0.999995 0.000000 1.972000 -0.999995 0.003014 0.000000 -0.000000 -0.000000 0.000000 1.000000 0.000000 0.000000 0.000000 0.000000 1.000000
0.003014 0.999995 0.000000 1.972000 -0.999995 0.003014 0.000000 -0.000000 -0.000000 0.000000 1.000000 0.000000 0.000000 0.000000 0.000000 1.000000
0.003014 0.999995 0.000000 1.972000 -0.999995 0.003014 0.000000 -0.000000 -0.000000 0.000000 1.000000 0.000000 0.000000 0.000000 0.000000 1.000000
0.003014 0.999995 0.000000 1.972000 -0.999995 0.003014 0.000000 -0.000000 -0.000000 0.000000 1.000000 0.000000 0.000000 0.000000 0.000000 1.000000
0.003014 0.999995 0.000000 1.972000 -0.999995 0.003014 0.000000 -0.000000 -0.000000 0.000000 1.000000 0.000000 0.000000 0.000000 0.000000 1.000000
0.003014 0.999995 0.000000 1.972000 -0.999995 0.003014 0.000000 -0.000000 -0.000000 0.000000 1.000000 0.000000 0.000000 0.000000 0.000000 1.000000
0.003014 0.999995 0.000000 1.972000 -0.999995 0.003014 0.000000 -0.000000 -0.000000 0.000000 1.000000 0.000000 0.000000 0.000000 0.000000 1.000000
0.003014 0.999995 0.000000 1.972000 -0.999995 0.003014 0.000000 -0.000000 -0.000000 0.000000 1.000000 0.000000 0.000000 0.000000 0.000000 1.000000
0.003014 0.999995 0.000000 1.972000 -0.999995 0.003014 0.000000 -0.000000 -0.000000 0.000000 1.000000 0.000000 0.000000 0.000000 0.000000 1.000000
0.003014 0.999995 0.000000 1.972000 -0.999995 0.003014 0.000000 -0.000000 -0.000000 0.000000 1.000000 0.000000 0.000000 0.000000 0.000000 1.000000
0.003014 0.999995 0.000000 1.972000 -0.999995 0.003014 0.000000 -0.000000 -0.000000 0.000000 1.000000 0.000000 0.000000 0.000000 0.000000 1.000000
0.003014 0.999995 0.000000 1.972000 -0.999995 0.003014 0.000000 -0.000000 -0.000000 0.000000 1.000000 0.000000 0.000000 0.000000 0.000000 1.000000
0.003014 0.999995 0.000000 1.972000 -0.999995 0.003014 0.000000 -0.000000 -0.000000 0.000000 1.000000 0.000000 0.000000 0.000000 0.000000 1.000000
0.003014 0.999995 0.000000 1.972000 -0.999995 0.003014 0.000000 -0.000000 -0.000000 0.000000 1.000000 0.000000 0.000000 0.000000 0.000000 1.000000
0.003014 0.999995 0.000000 1.972000 -0.999995 0.003014 0.000000 -0.000000 -0.000000 0.000000 1.000000 0.000000 0.000000 0.000000 0.000000 1.000000
0.003014 0.999995 0.000000 1.972000 -0.999995 0.003014 0.000000 -0.000000 -0.000000 0.000000 1.000000 0.000000 0.000000 0.000000 0.000000 1.000000
0.003014 0.999995 0.000000 1.972000 -0.999995 0.003014 0.000000 -0.000000 -0.000000 0.000000 1.000000 0.000000 0.000000 0.000000 0.000000 1.000000
0.003014 0.999995 0.000000 1.972000 -0.999995 0.003014 0.000000 -0.000000 -0.000000 0.000000 1.000000 0.000000 0.000000 0.000000 0.000000 1.000000
0.003014 0.999995 0.000000 1.972000 -0.999995 0.003014 0.000000 -0.000000 -0.000000 0.000000 1.000000 0.000000 0.000000 0.000000 0.000000 1.000000
0.003014 0.999995 0.000000 1.972000 -0.999995 0.003014 0.000000 -0.000000 -0.000000 0.000000 1.000000 0.000000 0.000000 0.000000 0.000000 1.000000</float_array><technique_common><accessor source="#jnt_06_lowerleg-Matrix-animation-output-transform-array" count="31" stride="16"><param type="float4x4"/></accessor></technique_common></source><source id="jnt_06_lowerleg-Interpolations"><Name_array id="jnt_06_lowerleg-Interpolations-array" count="31">
 LINEAR LINEAR LINEAR LINEAR LINEAR LINEAR LINEAR LINEAR LINEAR LINEAR LINEAR
LINEAR LINEAR LINEAR LINEAR LINEAR LINEAR LINEAR LINEAR LINEAR LINEAR LINEAR LINEAR
LINEAR LINEAR LINEAR LINEAR LINEAR LINEAR LINEAR LINEAR</Name_array><technique_common><accessor source="#jnt_06_lowerleg-Interpolations-array" count="31"><param type="name"/></accessor></technique_common></source><sampler id="jnt_06_lowerleg-Matrix-animation-transform"><input semantic="INPUT" source="#jnt_06_lowerleg-Matrix-animation-input"/><input semantic="OUTPUT" source="#jnt_06_lowerleg-Matrix-animation-output-transform"/><input semantic="INTERPOLATION" source="#jnt_06_lowerleg-Interpolations"/></sampler><channel source="#jnt_06_lowerleg-Matrix-animation-transform" target="jnt_06_lowerleg/matrix"/></animation></animation>
    <animation id="jnt_06_legend-anim" name="jnt_06_legend"><animation><source id="jnt_06_legend-Matrix-animation-input"><float_array id="jnt_06_legend-Matrix-animation-input-array" count="31">

0.000000 0.033333 0.066667 0.100000 0.133333 0.166667 0.200000 0.233333 0.266667 0.300000 0.333333 0.366667 0.400000 0.433333 0.466667 0.500000
0.533333 0.566667 0.600000 0.633333 0.666667 0.700000 0.733333 0.766667 0.800000 0.833333 0.866667 0.900000 0.933333 0.966667 1.000000</float_array><technique_common><accessor source="#jnt_06_legend-Matrix-animation-input-array" count="31"><param name="TIME" type="float"/></accessor></technique_common></source><source id="jnt_06_legend-Matrix-animation-output-transform"><float_array id="jnt_06_legend-Matrix-animation-output-transform-array" count="496">

1.000000 0.000000 0.000000 1.965000 -0.000000 1.000000 0.000000 0.000000 0.000000 0.000000 1.000000 0.000000 0.000000 0.000000 0.000000 1.000000
1.000000 0.000000 0.000000 1.965000 -0.000000 1.000000 0.000000 0.000000 0.000000 0.000000 1.000000 0.000000 0.000000 0.000000 0.000000 1.000000
