<?xml version="1.0" encoding="utf-8"?>
<COLLADA xmlns="http://www.collada.org/2005/11/COLLADASchema" version="1.4.1">
  <asset><contributor><author></author><authoring_tool>FBX COLLADA exporter</authoring_tool><comments></comments></contributor><created>2019-12-02T11:14:36Z</created><keywords></keywords><modified>2019-12-02T11:14:36Z</modified><revision></revision><subject></subject><title></title><unit meter="0.010000" name="centimeter"></unit><up_axis>Y_UP</up_axis></asset>
  <library_animations>
    <animation id="root_jnt-anim" name="root_jnt"><animation><source id="root_jnt-Matrix-animation-input"><float_array id="root_jnt-Matrix-animation-input-array" count="15">

0.000000 0.033333 0.066667 0.100000 0.133333 0.166667 0.200000 0.233333 0.266667 0.300000 0.333333 0.366667 0.400000 0.433333 0.466667</float_array><technique_common><accessor source="#root_jnt-Matrix-animation-input-array" count="15"><param name="TIME" type="float"/></accessor></technique_common></source><source id="root_jnt-Matrix-animation-output-transform"><float_array id="root_jnt-Matrix-animation-output-transform-array" count="240">

0.975064 0.221924 0.000000 0.000000 -0.221924 0.975064 0.000000 2.242071 0.000000 0.000000 1.000000 0.082230 0.000000 0.000000 0.000000 1.000000
0.976006 0.217509 -0.010087 0.000000 -0.217743 0.974983 -0.044682 2.180623 0.000115 0.045806 0.998950 0.100609 0.000000 0.000000 0.000000 1.000000
0.978498 0.204436 -0.027345 0.000000 -0.206257 0.970136 -0.127652 2.066505 0.000432 0.130547 0.991442 0.134742 0.000000 0.000000 0.000000 1.000000
0.981969 0.185941 -0.034113 0.000000 -0.189042 0.966701 -0.172486 2.005057 0.000905 0.175825 0.984421 0.153121 0.000000 0.000000 0.000000 1.000000
0.985840 0.165178 -0.028908 0.000000 -0.167682 0.972575 -0.161188 2.028630 0.001490 0.163753 0.986500 0.151470 0.000000 0.000000 0.000000 1.000000
0.989607 0.142246 -0.021054 0.000000 -0.143780 0.981015 -0.130140 2.090778 0.002142 0.131815 0.991272 0.146942 0.000000 0.000000 0.000000 1.000000
0.992894 0.118283 -0.013069 0.000000 -0.118969 0.989211 -0.085487 2.178641 0.002816 0.086434 0.996254 0.140178 0.000000 0.000000 0.000000 1.000000
0.995480 0.094738 -0.006696 0.000000 -0.094911 0.994915 -0.033713 2.279363 0.003468 0.034196 0.999409 0.131816 0.000000 0.000000 0.000000 1.000000
0.997303 0.073341 -0.002713 0.000000 -0.073279 0.997142 0.018383 2.380085 0.004053 -0.018135 0.999827 0.122495 0.000000 0.000000 0.000000 1.000000
0.998434 0.055930 -0.000956 0.000000 -0.055755 0.996397 0.063903 2.467948 0.004526 -0.063749 0.997956 0.112855 0.000000 0.000000 0.000000 1.000000
0.999019 0.044278 -0.000593 0.000000 -0.044017 0.994402 0.096059 2.530095 0.004843 -0.095939 0.995375 0.103534 0.000000 0.000000 0.000000 1.000000
0.999198 0.040037 -0.000629 0.000000 -0.039734 0.993331 0.108236 2.553668 0.004958 -0.108124 0.994125 0.095172 0.000000 0.000000 0.000000 1.000000
0.996171 0.087360 0.003355 0.000000 -0.087348 0.992946 0.080177 2.472884 0.003673 -0.080163 0.996775 0.088408 0.000000 0.000000 0.000000 1.000000
0.984538 0.175131 0.003654 0.000000 -0.175164 0.984145 0.027875 2.322855 0.001285 -0.028084 0.999605 0.083881 0.000000 0.000000 0.000000 1.000000
0.975064 0.221924 0.000000 0.000000 -0.221924 0.975064 0.000000 2.242071 0.000000 0.000000 1.000000 0.082230 0.000000 0.000000 0.000000 1.000000</float_array><technique_common><accessor source="#root_jnt-Matrix-animation-output-transform-array" count="15" stride="16"><param type="float4x4"/></accessor></technique_common></source><source id="root_jnt-Interpolations"><Name_array id="root_jnt-Interpolations-array" count="15">
 LINEAR LINEAR LINEAR LINEAR LINEAR LINEAR LINEAR LINEAR LINEAR LINEAR LINEAR
LINEAR LINEAR LINEAR LINEAR</Name_array><technique_common><accessor source="#root_jnt-Interpolations-array" count="15"><param type="name"/></accessor></technique_common></source><sampler id="root_jnt-Matrix-animation-transform"><input semantic="INPUT" source="#root_jnt-Matrix-animation-input"/><input semantic="OUTPUT" source="#root_jnt-Matrix-animation-output-transform"/><input semantic="INTERPOLATION" source="#root_jnt-Interpolations"/></sampler><channel source="#root_jnt-Matrix-animation-transform" target="root_jnt/matrix"/></animation></animation>
    <animation id="jnt_spine1-anim" name="jnt_spine1"><animation><source id="jnt_spine1-Matrix-animation-input"><float_array id="jnt_spine1-Matrix-animation-input-array" count="15">

0.000000 0.033333 0.066667 0.100000 0.133333 0.166667 0.200000 0.233333 0.266667 0.300000 0.333333 0.366667 0.400000 0.433333 0.466667</float_array><technique_common><accessor source="#jnt_spine1-Matrix-animation-input-array" count="15"><param name="TIME" type="float"/></accessor></technique_common></source><source id="jnt_spine1-Matrix-animation-output-transform"><float_array id="jnt_spine1-Matrix-animation-output-transform-array" count="240">

0.972418 -0.233243 0.000000 0.000000 0.233243 0.972418 0.000000 0.479000 0.000000 0.000000 1.000000 0.000000 0.000000 0.000000 0.000000 1.000000
0.973409 -0.228837 -0.010381 0.000000 0.229073 0.972386 0.044615 0.479000 -0.000115 -0.045806 0.998950 0.000000 0.000000 0.000000 0.000000 1.000000
0.976034 -0.215809 -0.027991 0.000000 0.217616 0.967669 0.127512 0.479000 -0.000432 -0.130547 0.991442 0.000000 0.000000 0.000000 0.000000 1.000000
0.979705 -0.197477 -0.034370 0.000000 0.200444 0.964411 0.172435 0.479000 -0.000905 -0.175825 0.984421 -0.000000 0.000000 0.000000 0.000000 1.000000
0.983824 -0.176952 -0.027887 0.000000 0.179130 0.970501 0.161368 0.479000 -0.001490 -0.163753 0.986500 -0.000000 0.000000 0.000000 0.000000 1.000000
0.987869 -0.154197 -0.018370 -0.000000 0.155273 0.979208 0.130546 0.479000 -0.002142 -0.131815 0.991272 0.000000 0.000000 0.000000 0.000000 1.000000
0.991444 -0.130256 -0.008498 0.000000 0.130502 0.987706 0.086061 0.479000 -0.002816 -0.086434 0.996254 -0.000000 0.000000 0.000000 0.000000 1.000000
0.994309 -0.106532 -0.000195 0.000000 0.106475 0.993721 0.034371 0.479000 -0.003468 -0.034196 0.999409 -0.000000 0.000000 0.000000 0.000000 1.000000
0.996384 -0.084780 0.005577 0.000000 0.084866 0.996235 -0.017725 0.479000 -0.004053 0.018135 0.999827 0.000000 0.000000 0.000000 0.000000 1.000000
0.997719 -0.066933 0.008801 0.000000 0.067357 0.995719 -0.063301 0.479000 -0.004526 0.063749 0.997956 0.000000 0.000000 0.000000 0.000000 1.000000
0.998440 -0.054906 0.010150 -0.000000 0.055626 0.993872 -0.095523 0.479000 -0.004843 0.095939 0.995375 0.000000 0.000000 0.000000 0.000000 1.000000
0.998669 -0.050510 0.010475 -0.000000 0.051345 0.992853 -0.107730 0.479000 -0.004958 0.108124 0.994125 0.000000 0.000000 0.000000 0.000000 1.000000
0.995089 -0.098310 0.011573 -0.000000 0.098921 0.991922 -0.079408 0.479000 -0.003673 0.080163 0.996775 0.000000 0.000000 0.000000 0.000000 1.000000
0.982436 -0.186487 0.006503 0.000000 0.186596 0.982056 -0.027351 0.479000 -0.001285 0.028084 0.999605 0.000000 0.000000 0.000000 0.000000 1.000000
0.972418 -0.233243 0.000000 0.000000 0.233243 0.972418 0.000000 0.479000 0.000000 0.000000 1.000000 0.000000 0.000000 0.000000 0.000000 1.000000</float_array><technique_common><accessor source="#jnt_spine1-Matrix-animation-output-transform-array" count="15" stride="16"><param type="float4x4"/></accessor></technique_common></source><source id="jnt_spine1-Interpolations"><Name_array id="jnt_spine1-Interpolations-array" count="15">
 LINEAR LINEAR LINEAR LINEAR LINEAR LINEAR LINEAR LINEAR LINEAR LINEAR LINEAR
LINEAR LINEAR LINEAR LINEAR</Name_array><technique_common><accessor source="#jnt_spine1-Interpolations-array" count="15"><param type="name"/></accessor></technique_common></source><sampler id="jnt_spine1-Matrix-animation-transform"><input semantic="INPUT" source="#jnt_spine1-Matrix-animation-input"/><input semantic="OUTPUT" source="#jnt_spine1-Matrix-animation-output-transform"/><input semantic="INTERPOLATION" source="#jnt_spine1-Interpolations"/></sampler><channel source="#jnt_spine1-Matrix-animation-transform" target="jnt_spine1/matrix"/></animation></animation>
    <animation id="jnt_spine2-anim" name="jnt_spine2"><animation><source id="jnt_spine2-Matrix-animation-input"><float_array id="jnt_spine2-Matrix-animation-input-array" count="15">

0.000000 0.033333 0.066667 0.100000 0.133333 0.166667 0.200000 0.233333 0.266667 0.300000 0.333333 0.366667 0.400000 0.433333 0.466667</float_array><technique_common><accessor source="#jnt_spine2-Matrix-animation-input-array" count="15"><param name="TIME" type="float"/></accessor></technique_common></source><source id="jnt_spine2-Matrix-animation-output-transform"><float_array id="jnt_spine2-Matrix-animation-output-transform-array" count="240">

1.000000 0.000000 0.000000 0.000000 0.000000 1.000000 0.000000 0.449000 0.000000 0.000000 1.000000 0.000000 0.000000 0.000000 0.000000 1.000000
1.000000 0.000000 0.000000 0.000000 -0.000000 1.000000 0.000000 0.449000 -0.000000 0.000000 1.000000 0.000000 0.000000 0.000000 0.000000 1.000000
1.000000 0.000000 0.000000 0.000000 0.000000 1.000000 -0.000000 0.449000 0.000000 0.000000 1.000000 0.000000 0.000000 0.000000 0.000000 1.000000
1.000000 0.000000 -0.000000 0.000000 -0.000000 1.000000 0.000000 0.449000 0.000000 0.000000 1.000000 0.000000 0.000000 0.000000 0.000000 1.000000
1.000000 0.000000 0.000000 0.000000 0.000000 1.000000 0.000000 0.449000 -0.000000 0.000000 1.000000 0.000000 0.000000 0.000000 0.000000 1.000000
1.000000 -0.000000 0.000000 0.000000 -0.000000 1.000000 0.000000 0.449000 -0.000000 0.000000 1.000000 0.000000 0.000000 0.000000 0.000000 1.000000
1.000000 -0.000000 0.000000 -0.000000 0.000000 1.000000 0.000000 0.449000 0.000000 0.000000 1.000000 0.000000 0.000000 0.000000 0.000000 1.000000
1.000000 0.000000 -0.000000 0.000000 -0.000000 1.000000 -0.000000 0.449000 0.000000 0.000000 1.000000 0.000000 0.000000 0.000000 0.000000 1.000000
1.000000 -0.000000 0.000000 -0.000000 -0.000000 1.000000 0.000000 0.449000 -0.000000 0.000000 1.000000 0.000000 0.000000 0.000000 0.000000 1.000000
1.000000 0.000000 0.000000 0.000000 -0.000000 1.000000 -0.000000 0.449000 0.000000 0.000000 1.000000 -0.000000 0.000000 0.000000 0.000000 1.000000
1.000000 0.000000 -0.000000 0.000000 -0.000000 1.000000 -0.000000 0.449000 0.000000 0.000000 1.000000 0.000000 0.000000 0.000000 0.000000 1.000000
1.000000 -0.000000 0.000000 0.000000 0.000000 1.000000 0.000000 0.449000 -0.000000 -0.000000 1.000000 0.000000 0.000000 0.000000 0.000000 1.000000
1.000000 -0.000000 -0.000000 0.000000 0.000000 1.000000 0.000000 0.449000 0.000000 -0.000000 1.000000 0.000000 0.000000 0.000000 0.000000 1.000000
1.000000 -0.000000 0.000000 0.000000 -0.000000 1.000000 0.000000 0.449000 0.000000 -0.000000 1.000000 -0.000000 0.000000 0.000000 0.000000 1.000000
1.000000 0.000000 0.000000 0.000000 0.000000 1.000000 0.000000 0.449000 0.000000 0.000000 1.000000 0.000000 0.000000 0.000000 0.000000 1.000000</float_array><technique_common><accessor source="#jnt_spine2-Matrix-animation-output-transform-array" count="15" stride="16"><param type="float4x4"/></accessor></technique_common></source><source id="jnt_spine2-Interpolations"><Name_array id="jnt_spine2-Interpolations-array" count="15">
 LINEAR LINEAR LINEAR LINEAR LINEAR LINEAR LINEAR LINEAR LINEAR LINEAR LINEAR
LINEAR LINEAR LINEAR LINEAR</Name_array><technique_common><accessor source="#jnt_spine2-Interpolations-array" count="15"><param type="name"/></accessor></technique_common></source><sampler id="jnt_spine2-Matrix-animation-transform"><input semantic="INPUT" source="#jnt_spine2-Matrix-animation-input"/><input semantic="OUTPUT" source="#jnt_spine2-Matrix-animation-output-transform"/><input semantic="INTERPOLATION" source="#jnt_spine2-Interpolations"/></sampler><channel source="#jnt_spine2-Matrix-animation-transform" target="jnt_spine2/matrix"/></animation></animation>
    <animation id="jnt_head-anim" name="jnt_head"><animation><source id="jnt_head-Matrix-animation-input"><float_array id="jnt_head-Matrix-animation-input-array" count="15">

0.000000 0.033333 0.066667 0.100000 0.133333 0.166667 0.200000 0.233333 0.266667 0.300000 0.333333 0.366667 0.400000 0.433333 0.466667</float_array><technique_common><accessor source="#jnt_head-Matrix-animation-input-array" count="15"><param name="TIME" type="float"/></accessor></technique_common></source><source id="jnt_head-Matrix-animation-output-transform"><float_array id="jnt_head-Matrix-animation-output-transform-array" count="240">

0.999983 -0.005760 -0.000776 -0.000000 0.005812 0.991026 0.133544 0.296642 -0.000000 -0.133546 0.991043 -0.000000 0.000000 0.000000 0.000000 1.000000
0.999983 -0.005767 -0.000720 0.000000 0.005812 0.992287 0.123824 0.296642 -0.000000 -0.123826 0.992304 0.000000 0.000000 0.000000 0.000000 1.000000
0.999983 -0.005784 -0.000570 0.000000 0.005812 0.995155 0.098143 0.296642 0.000000 -0.098145 0.995172 -0.000000 0.000000 0.000000 0.000000 1.000000
0.999983 -0.005801 -0.000359 -0.000000 0.005812 0.998076 0.061728 0.296642 0.000000 -0.061729 0.998093 -0.000000 0.000000 0.000000 0.000000 1.000000
0.999983 -0.005811 -0.000116 -0.000000 0.005812 0.999785 0.019886 0.296642 -0.000000 -0.019886 0.999802 -0.000000 0.000000 0.000000 0.000000 1.000000
0.999983 -0.005811 0.000128 -0.000000 0.005812 0.999741 -0.021991 0.296642 -0.000000 0.021992 0.999758 0.000000 0.000000 0.000000 0.000000 1.000000
0.999983 -0.005802 0.000340 0.000000 0.005812 0.998271 -0.058493 0.296642 0.000000 0.058494 0.998288 -0.000000 0.000000 0.000000 0.000000 1.000000
0.999983 -0.005791 0.000490 0.000000 0.005812 0.996426 -0.084268 0.296642 0.000000 0.084269 0.996443 -0.000000 0.000000 0.000000 0.000000 1.000000
0.999983 -0.005786 0.000547 -0.000000 0.005812 0.995552 -0.094031 0.296642 -0.000000 0.094032 0.995569 -0.000000 0.000000 0.000000 0.000000 1.000000
0.999983 -0.005795 0.000449 -0.000000 0.005812 0.996999 -0.077195 0.296642 0.000000 0.077197 0.997016 -0.000000 0.000000 0.000000 0.000000 1.000000
0.999983 -0.005808 0.000204 0.000000 0.005812 0.999370 -0.035022 0.296642 0.000000 0.035023 0.999387 -0.000000 0.000000 0.000000 0.000000 1.000000
0.999983 -0.005811 -0.000116 -0.000000 0.005812 0.999785 0.019886 0.296642 -0.000000 -0.019886 0.999802 -0.000000 0.000000 0.000000 0.000000 1.000000
0.999983 -0.005796 -0.000434 -0.000000 0.005812 0.997187 0.074734 0.296642 0.000000 -0.074735 0.997203 0.000000 0.000000 0.000000 0.000000 1.000000
0.999983 -0.005772 -0.000679 -0.000000 0.005812 0.993141 0.116780 0.296642 0.000000 -0.116782 0.993158 0.000000 0.000000 0.000000 0.000000 1.000000
0.999983 -0.005760 -0.000776 -0.000000 0.005812 0.991026 0.133544 0.296642 -0.000000 -0.133546 0.991043 -0.000000 0.000000 0.000000 0.000000 1.000000</float_array><technique_common><accessor source="#jnt_head-Matrix-animation-output-transform-array" count="15" stride="16"><param type="float4x4"/></accessor></technique_common></source><source id="jnt_head-Interpolations"><Name_array id="jnt_head-Interpolations-array" count="15">
 LINEAR LINEAR LINEAR LINEAR LINEAR LINEAR LINEAR LINEAR LINEAR LINEAR LINEAR
LINEAR LINEAR LINEAR LINEAR</Name_array><technique_common><accessor source="#jnt_head-Interpolations-array" count="15"><param type="name"/></accessor></technique_common></source><sampler id="jnt_head-Matrix-animation-transform"><input semantic="INPUT" source="#jnt_head-Matrix-animation-input"/><input semantic="OUTPUT" source="#jnt_head-Matrix-animation-output-transform"/><input semantic="INTERPOLATION" source="#jnt_head-Interpolations"/></sampler><channel source="#jnt_head-Matrix-animation-transform" target="jnt_head/matrix"/></animation></animation>
    <animation id="jnt_06_upperleg-anim" name="jnt_06_upperleg"><animation><source id="jnt_06_upperleg-Matrix-animation-input"><float_array id="jnt_06_upperleg-Matrix-animation-input-array" count="15">

0.000000 0.033333 0.066667 0.100000 0.133333 0.166667 0.200000 0.233333 0.266667 0.300000 0.333333 0.366667 0.400000 0.433333 0.466667</float_array><technique_common><accessor source="#jnt_06_upperleg-Matrix-animation-input-array" count="15"><param name="TIME" type="float"/></accessor></technique_common></source><source id="jnt_06_upperleg-Matrix-animation-output-transform"><float_array id="jnt_06_upperleg-Matrix-animation-output-transform-array" count="240">

0.920932 -0.161426 -0.354720 0.236446 0.138813 0.986358 -0.088483 0.000000 0.364165 0.032247 0.930776 0.409537 0.000000 0.000000 0.000000 1.000000
0.938720 -0.036632 -0.342729 0.236446 0.036084 0.999317 -0.007979 0.000000 0.342787 -0.004877 0.939400 0.409537 0.000000 0.000000 0.000000 1.000000
0.925700 -0.184258 -0.330345 0.236446 0.208160 0.977350 0.038168 0.000000 0.315830 -0.104097 0.943088 0.409537 0.000000 0.000000 0.000000 1.000000
0.888717 -0.338393 -0.309308 0.236446 0.352887 0.935616 -0.009662 0.000000 0.292663 -0.100564 0.950913 0.409537 0.000000 0.000000 0.000000 1.000000
0.864344 -0.410486 -0.290537 0.236446 0.385367 0.911806 -0.141785 0.000000 0.323114 0.010587 0.946301 0.409537 0.000000 0.000000 0.000000 1.000000
0.875474 -0.390767 -0.284335 0.236446 0.310764 0.905801 -0.288012 0.000000 0.370096 0.163786 0.914441 0.409537 0.000000 0.000000 0.000000 1.000000
0.910895 -0.281664 -0.301555 0.236446 0.142013 0.900142 -0.411796 0.000000 0.387431 0.332278 0.859935 0.409537 0.000000 0.000000 0.000000 1.000000
0.930336 -0.136248 -0.340459 0.236446 -0.053448 0.868123 -0.493464 -0.000000 0.362794 0.477284 0.800363 0.409537 0.000000 0.000000 0.000000 1.000000
0.922843 -0.033006 -0.383759 0.236446 -0.191107 0.825805 -0.530589 -0.000000 0.334423 0.562990 0.755780 0.409537 0.000000 0.000000 0.000000 1.000000
0.929763 -0.022403 -0.367476 0.236446 -0.196473 0.813934 -0.546726 -0.000000 0.311350 0.580525 0.752364 0.409537 0.000000 0.000000 0.000000 1.000000
0.952324 -0.070261 -0.296888 0.236446 -0.105052 0.838094 -0.535316 0.000000 0.286432 0.540983 0.790756 0.409537 0.000000 0.000000 0.000000 1.000000
0.939083 -0.188442 -0.287423 0.236446 0.044930 0.896422 -0.440919 0.000000 0.340740 0.401146 0.850281 0.409537 0.000000 0.000000 0.000000 1.000000
0.904350 -0.278247 -0.323618 0.236446 0.188211 0.940552 -0.282732 -0.000000 0.383049 0.194781 0.902958 0.409537 0.000000 0.000000 0.000000 1.000000
0.898225 -0.261254 -0.353467 0.236446 0.223736 0.963964 -0.143930 0.000000 0.378332 0.050198 0.924308 0.409537 0.000000 0.000000 0.000000 1.000000
0.920932 -0.161426 -0.354720 0.236446 0.138813 0.986358 -0.088483 0.000000 0.364165 0.032247 0.930776 0.409537 0.000000 0.000000 0.000000 1.000000</float_array><technique_common><accessor source="#jnt_06_upperleg-Matrix-animation-output-transform-array" count="15" stride="16"><param type="float4x4"/></accessor></technique_common></source><source id="jnt_06_upperleg-Interpolations"><Name_array id="jnt_06_upperleg-Interpolations-array" count="15">
 LINEAR LINEAR LINEAR LINEAR LINEAR LINEAR LINEAR LINEAR LINEAR LINEAR LINEAR
LINEAR LINEAR LINEAR LINEAR</Name_array><technique_common><accessor source="#jnt_06_upperleg-Interpolations-array" count="15"><param type="name"/></accessor></technique_common></source><sampler id="jnt_06_upperleg-Matrix-animation-transform"><input semantic="INPUT" source="#jnt_06_upperleg-Matrix-animation-input"/><input semantic="OUTPUT" source="#jnt_06_upperleg-Matrix-animation-output-transform"/><input semantic="INTERPOLATION" source="#jnt_06_upperleg-Interpolations"/></sampler><channel source="#jnt_06_upperleg-Matrix-animation-transform" target="jnt_06_upperleg/matrix"/></animation></animation>
    <animation id="jnt_06_lowerleg-anim" name="jnt_06_lowerleg"><animation><source id="jnt_06_lowerleg-Matrix-animation-input"><float_array id="jnt_06_lowerleg-Matrix-animation-input-array" count="15">

0.000000 0.033333 0.066667 0.100000 0.133333 0.166667 0.200000 0.233333 0.266667 0.300000 0.333333 0.366667 0.400000 0.433333 0.466667</float_array><technique_common><accessor source="#jnt_06_lowerleg-Matrix-animation-input-array" count="15"><param name="TIME" type="float"/></accessor></technique_common></source><source id="jnt_06_lowerleg-Matrix-animation-output-transform"><float_array id="jnt_06_lowerleg-Matrix-animation-output-transform-array" count="240">

0.723475 0.690351 0.000000 1.972000 -0.690351 0.723475 -0.000000 -0.000000 -0.000000 0.000000 1.000000 -0.000000 0.000000 0.000000 0.000000 1.000000
0.814386 0.580324 0.000000 1.972000 -0.580324 0.814386 0.000000 -0.000000 0.000000 0.000000 1.000000 0.000000 0.000000 0.000000 0.000000 1.000000
0.639966 0.768403 0.000000 1.972000 -0.768403 0.639966 -0.000000 -0.000000 -0.000000 -0.000000 1.000000 0.000000 0.000000 0.000000 0.000000 1.000000
0.352900 0.935661 0.000000 1.972000 -0.935661 0.352900 0.000000 -0.000000 0.000000 0.000000 1.000000 0.000000 0.000000 0.000000 0.000000 1.000000
0.076137 0.997097 -0.000000 1.972000 -0.997097 0.076137 -0.000000 -0.000000 0.000000 0.000000 1.000000 0.000000 0.000000 0.000000 0.000000 1.000000
-0.129134 0.991627 -0.000000 1.972000 -0.991627 -0.129134 -0.000000 -0.000000 -0.000000 -0.000000 1.000000 0.000000 0.000000 0.000000 0.000000 1.000000
-0.228448 0.973556 0.000000 1.972000 -0.973556 -0.228448 -0.000000 -0.000000 -0.000000 0.000000 1.000000 0.000000 0.000000 0.000000 0.000000 1.000000
-0.235703 0.971825 0.000000 1.972000 -0.971825 -0.235703 -0.000000 -0.000000 -0.000000 0.000000 1.000000 -0.000000 0.000000 0.000000 0.000000 1.000000
-0.191305 0.981531 -0.000000 1.972000 -0.981531 -0.191305 0.000000 -0.000000 -0.000000 0.000000 1.000000 0.000000 0.000000 0.000000 0.000000 1.000000
-0.197168 0.980370 0.000000 1.972000 -0.980370 -0.197168 0.000000 -0.000000 0.000000 0.000000 1.000000 -0.000000 0.000000 0.000000 0.000000 1.000000
-0.231961 0.972725 0.000000 1.972000 -0.972725 -0.231961 -0.000000 -0.000000 0.000000 0.000000 1.000000 -0.000000 0.000000 0.000000 0.000000 1.000000
-0.145928 0.989295 0.000000 1.972000 -0.989295 -0.145928 -0.000000 -0.000000 0.000000 0.000000 1.000000 0.000000 0.000000 0.000000 0.000000 1.000000
0.170531 0.985352 -0.000000 1.972000 -0.985352 0.170531 0.000000 -0.000000 -0.000000 0.000000 1.000000 0.000000 0.000000 0.000000 0.000000 1.000000
0.553469 0.832870 0.000000 1.972000 -0.832870 0.553469 -0.000000 -0.000000 0.000000 0.000000 1.000000 0.000000 0.000000 0.000000 0.000000 1.000000
0.723475 0.690351 0.000000 1.972000 -0.690351 0.723475 -0.000000 -0.000000 -0.000000 0.000000 1.000000 -0.000000 0.000000 0.000000 0.000000 1.000000</float_array><technique_common><accessor source="#jnt_06_lowerleg-Matrix-animation-output-transform-array" count="15" stride="16"><param type="float4x4"/></accessor></technique_common></source><source id="jnt_06_lowerleg-Interpolations"><Name_array id="jnt_06_lowerleg-Interpolations-array" count="15">
 LINEAR LINEAR LINEAR LINEAR LINEAR LINEAR LINEAR LINEAR LINEAR LINEAR LINEAR
LINEAR LINEAR LINEAR LINEAR</Name_array><technique_common><accessor source="#jnt_06_lowerleg-Interpolations-array" count="15"><param type="name"/></accessor></technique_common></source><sampler id="jnt_06_lowerleg-Matrix-animation-transform"><input semantic="INPUT" source="#jnt_06_lowerleg-Matrix-animation-input"/><input semantic="OUTPUT" source="#jnt_06_lowerleg-Matrix-animation-output-transform"/><input semantic="INTERPOLATION" source="#jnt_06_lowerleg-Interpolations"/></sampler><channel source="#jnt_06_lowerleg-Matrix-animation-transform" target="jnt_06_lowerleg/matrix"/></animation></animation>
    <animation id="jnt_06_legend-anim" name="jnt_06_legend"><animation><source id="jnt_06_legend-Matrix-animation-input"><float_array id="jnt_06_legend-Matrix-animation-input-array" count="15">

0.000000 0.033333 0.066667 0.100000 0.133333 0.166667 0.200000 0.233333 0.266667 0.300000 0.333333 0.366667 0.400000 0.433333 0.466667</float_array><technique_common><accessor source="#jnt_06_legend-Matrix-animation-input-array" count="15"><param name="TIME" type="float"/></accessor></technique_common></source><source id="jnt_06_legend-Matrix-animation-output-transform"><float_array id="jnt_06_legend-Matrix-animation-output-transform-array" count="240">

1.000000 -0.000000 -0.000000 2.425000 -0.000000 1.000000 -0.000000 0.000000 0.000000 0.000000 1.000000 0.000000 0.000000 0.000000 0.000000 1.000000
1.000000 -0.000000 0.000000 2.425000 -0.000000 1.000000 0.000000 0.000000 -0.000000 -0.000000 1.000000 -0.000000 0.000000 0.000000 0.000000 1.000000
1.000000 0.000000 -0.000000 2.425000 0.000000 1.000000 0.000000 0.000000 0.000000 0.000000 1.000000 0.000000 0.000000 0.000000 0.000000 1.000000
1.000000 0.000000 -0.000000 2.425000 0.000000 1.000000 -0.000000 0.000000 -0.000000 -0.000000 1.000000 0.000000 0.000000 0.000000 0.000000 1.000000
1.000000 -0.000000 0.000000 2.425000 -0.000000 1.000000 0.000000 0.000000 -0.000000 0.000000 1.000000 -0.000000 0.000000 0.000000 0.000000 1.000000
1.000000 -0.000000 0.000000 2.425000 0.000000 1.000000 0.000000 0.000000 0.000000 0.000000 1.000000 0.000000 0.000000 0.000000 0.000000 1.000000
1.000000 0.000000 0.000000 2.425000 0.000000 1.000000 0.000000 0.000000 -0.000000 0.000000 1.000000 -0.000000 0.000000 0.000000 0.000000 1.000000
1.000000 0.000000 0.000000 2.425000 -0.000000 1.000000 0.000000 0.000000 -0.000000 0.000000 1.000000 0.000000 0.000000 0.000000 0.000000 1.000000
1.000000 0.000000 0.000000 2.425000 -0.000000 1.000000 0.000000 0.000000 -0.000000 0.000000 1.000000 -0.000000 0.000000 0.000000 0.000000 1.000000
1.000000 -0.000000 -0.000000 2.425000 -0.000000 1.000000 0.000000 0.000000 0.000000 0.000000 1.000000 0.000000 0.000000 0.000000 0.000000 1.000000
1.000000 0.000000 -0.000000 2.425000 0.000000 1.000000 -0.000000 0.000000 0.000000 0.000000 1.000000 -0.000000 0.000000 0.000000 0.000000 1.000000
1.000000 0.000000 -0.000000 2.425000 0.000000 1.000000 0.000000 0.000000 0.000000 -0.000000 1.000000 0.000000 0.000000 0.000000 0.000000 1.000000
1.000000 0.000000 0.000000 2.425000 0.000000 1.000000 0.000000 -0.000000 -0.000000 0.000000 1.000000 0.000000 0.000000 0.000000 0.000000 1.000000
1.000000 0.000000 -0.000000 2.425000 0.000000 1.000000 0.000000 0.000000 0.000000 -0.000000 1.000000 0.000000 0.000000 0.000000 0.000000 1.000000
1.000000 -0.000000 -0.000000 2.425000 -0.000000 1.000000 -0.000000 0.000000 0.000000 0.000000 1.000000 0.000000 0.000000 0.000000 0.000000 1.000000</float_array><technique_common><accessor source="#jnt_06_legend-Matrix-animation-output-transform-array" count="15" stride="16"><param type="float4x4"/></accessor></technique_common></source><source id="jnt_06_legend-Interpolations"><Name_array id="jnt_06_legend-Interpolations-array" count="15">
 LINEAR LINEAR LINEAR LINEAR LINEAR LINEAR LINEAR LINEAR LINEAR LINEAR LINEAR
LINEAR LINEAR LINEAR LINEAR</Name_array><technique_common><accessor source="#jnt_06_legend-Interpolations-array" count="15"><param type="name"/></accessor></technique_common></source><sampler id="jnt_06_legend-Matrix-animation-transform"><input semantic="INPUT" source="#jnt_06_legend-Matrix-animation-input"/><input semantic="OUTPUT" source="#jnt_06_legend-Matrix-animation-output-transform"/><input semantic="INTERPOLATION" source="#jnt_06_legend-Interpolations"/></sampler><channel source="#jnt_06_legend-Matrix-animation-transform" target="jnt_06_legend/matrix"/></animation></animation>
    <animation id="jnt_06_cable-anim" name="jnt_06_cable"><animation><source id="jnt_06_cable-Matrix-animation-input"><float_array id="jnt_06_cable-Matrix-animation-input-array" count="15">

0.000000 0.033333 0.066667 0.100000 0.133333 0.166667 0.200000 0.233333 0.266667 0.300000 0.333333 0.366667 0.400000 0.433333 0.466667</float_array><technique_common><accessor source="#jnt_06_cable-Matrix-animation-input-array" count="15"><param name="TIME" type="float"/></accessor></technique_common></source><source id="jnt_06_cable-Matrix-animation-output-transform"><float_array id="jnt_06_cable-Matrix-animation-output-transform-array" count="240">

0.999959 -0.009044 0.000000 1.025162 0.009044 0.999959 -0.000000 -0.572081 0.000000 0.000000 1.000000 0.000000 0.000000 0.000000 0.000000 1.000000
0.999959 -0.009044 0.000000 1.025162 0.009044 0.999959 0.000000 -0.572081 0.000000 -0.000000 1.000000 0.000000 0.000000 0.000000 0.000000 1.000000
0.999959 -0.009044 0.000000 1.025162 0.009044 0.999959 -0.000000 -0.572081 -0.000000 0.000000 1.000000 -0.000000 0.000000 0.000000 0.000000 1.000000
0.999959 -0.009044 0.000000 1.025162 0.009044 0.999959 0.000000 -0.572081 -0.000000 -0.000000 1.000000 -0.000000 0.000000 0.000000 0.000000 1.000000
0.999959 -0.009044 -0.000000 1.025162 0.009044 0.999959 -0.000000 -0.572081 0.000000 0.000000 1.000000 0.000000 0.000000 0.000000 0.000000 1.000000
0.999959 -0.009044 -0.000000 1.025162 0.009044 0.999959 -0.000000 -0.572081 0.000000 0.000000 1.000000 -0.000000 0.000000 0.000000 0.000000 1.000000
0.999959 -0.009044 0.000000 1.025162 0.009044 0.999959 -0.000000 -0.572081 0.000000 0.000000 1.000000 0.000000 0.000000 0.000000 0.000000 1.000000
0.999959 -0.009044 0.000000 1.025162 0.009044 0.999959 -0.000000 -0.572081 0.000000 0.000000 1.000000 -0.000000 0.000000 0.000000 0.000000 1.000000
0.999959 -0.009044 -0.000000 1.025162 0.009044 0.999959 0.000000 -0.572081 0.000000 -0.000000 1.000000 0.000000 0.000000 0.000000 0.000000 1.000000
0.999959 -0.009044 0.000000 1.025162 0.009044 0.999959 0.000000 -0.572081 0.000000 0.000000 1.000000 -0.000000 0.000000 0.000000 0.000000 1.000000
0.999959 -0.009044 0.000000 1.025162 0.009044 0.999959 -0.000000 -0.572081 -0.000000 0.000000 1.000000 0.000000 0.000000 0.000000 0.000000 1.000000
0.999959 -0.009044 0.000000 1.025162 0.009044 0.999959 -0.000000 -0.572081 0.000000 -0.000000 1.000000 0.000000 0.000000 0.000000 0.000000 1.000000
0.999959 -0.009044 -0.000000 1.025162 0.009044 0.999959 0.000000 -0.572081 0.000000 0.000000 1.000000 0.000000 0.000000 0.000000 0.000000 1.000000
0.999959 -0.009044 0.000000 1.025162 0.009044 0.999959 -0.000000 -0.572081 0.000000 0.000000 1.000000 0.000000 0.000000 0.000000 0.000000 1.000000
0.999959 -0.009044 0.000000 1.025162 0.009044 0.999959 -0.000000 -0.572081 0.000000 0.000000 1.000000 0.000000 0.000000 0.000000 0.000000 1.000000</float_array><technique_common><accessor source="#jnt_06_cable-Matrix-animation-output-transform-array" count="15" stride="16"><param type="float4x4"/></accessor></technique_common></source><source id="jnt_06_cable-Interpolations"><Name_array id="jnt_06_cable-Interpolations-array" count="15">
 LINEAR LINEAR LINEAR LINEAR LINEAR LINEAR LINEAR LINEAR LINEAR LINEAR LINEAR
LINEAR LINEAR LINEAR LINEAR</Name_array><technique_common><accessor source="#jnt_06_cable-Interpolations-array" count="15"><param type="name"/></accessor></technique_common></source><sampler id="jnt_06_cable-Matrix-animation-transform"><input semantic="INPUT" source="#jnt_06_cable-Matrix-animation-input"/><input semantic="OUTPUT" source="#jnt_06_cable-Matrix-animation-output-transform"/><input semantic="INTERPOLATION" source="#jnt_06_cable-Interpolations"/></sampler><channel source="#jnt_06_cable-Matrix-animation-transform" target="jnt_06_cable/matrix"/></animation></animation>
    <animation id="jnt_05_upperleg-anim" name="jnt_05_upperleg"><animation><source id="jnt_05_upperleg-Matrix-animation-input"><float_array id="jnt_05_upperleg-Matrix-animation-input-array" count="15">

0.000000 0.033333 0.066667 0.100000 0.133333 0.166667 0.200000 0.233333 0.266667 0.300000 0.333333 0.366667 0.400000 0.433333 0.466667</float_array><technique_common><accessor source="#jnt_05_upperleg-Matrix-animation-input-array" count="15"><param name="TIME" type="float"/></accessor></technique_common></source><source id="jnt_05_upperleg-Matrix-animation-output-transform"><float_array id="jnt_05_upperleg-Matrix-animation-output-transform-array" count="240">

0.961659 -0.273771 0.016176 0.472892 0.266085 0.945692 0.186721 0.000000 -0.066416 -0.175258 0.982280 0.000000 0.000000 0.000000 0.000000 1.000000
0.940160 -0.339077 0.033565 0.472892 0.329919 0.930513 0.159059 -0.000000 -0.085166 -0.138467 0.986698 -0.000000 0.000000 0.000000 0.000000 1.000000
0.899495 -0.429097 0.082369 0.472892 0.426403 0.903216 0.048798 0.000000 -0.095336 -0.008772 0.995407 0.000000 0.000000 0.000000 0.000000 1.000000
0.904819 -0.403518 0.135929 0.472892 0.422202 0.891632 -0.163519 0.000000 -0.055216 0.205344 0.977131 0.000000 0.000000 0.000000 0.000000 1.000000
0.963886 -0.217497 0.153684 0.472892 0.261877 0.878991 -0.398492 0.000000 -0.048416 0.424347 0.904204 -0.000000 0.000000 0.000000 0.000000 1.000000
0.989083 0.058100 0.135423 0.472892 0.029110 0.823851 -0.566058 0.000000 -0.144456 0.563821 0.813166 0.000000 0.000000 0.000000 0.000000 1.000000
0.948891 0.301184 0.094308 0.472892 -0.164270 0.726476 -0.667269 -0.000000 -0.269483 0.617673 0.738822 0.000000 0.000000 0.000000 0.000000 1.000000
0.905448 0.421943 0.046134 0.472892 -0.264405 0.645710 -0.716344 0.000000 -0.332046 0.636414 0.696220 0.000000 0.000000 0.000000 0.000000 1.000000
0.907549 0.415708 0.059511 0.472892 -0.237617 0.625178 -0.743432 0.000000 -0.346255 0.660560 0.666159 0.000000 0.000000 0.000000 0.000000 1.000000
0.945703 0.302948 0.117762 0.472892 -0.120726 0.663786 -0.738115 -0.000000 -0.301779 0.683821 0.664318 0.000000 0.000000 0.000000 0.000000 1.000000
0.995551 -0.002663 0.094185 0.472892 0.062151 0.769864 -0.635174 0.000000 -0.070818 0.638202 0.766605 0.000000 0.000000 0.000000 0.000000 1.000000
0.970492 -0.241077 0.005226 0.472892 0.221688 0.883493 -0.412667 0.000000 0.094867 0.401649 0.910867 -0.000000 0.000000 0.000000 0.000000 1.000000
0.952097 -0.304730 -0.025497 0.472892 0.298277 0.943830 -0.142184 0.000000 0.067393 0.127768 0.989512 0.000000 0.000000 0.000000 0.000000 1.000000
0.950493 -0.310740 -0.001997 0.472892 0.309728 0.946841 0.086950 0.000000 -0.025128 -0.083264 0.996211 -0.000000 0.000000 0.000000 0.000000 1.000000
0.961659 -0.273771 0.016176 0.472892 0.266085 0.945692 0.186721 0.000000 -0.066416 -0.175258 0.982280 0.000000 0.000000 0.000000 0.000000 1.000000</float_array><technique_common><accessor source="#jnt_05_upperleg-Matrix-animation-output-transform-array" count="15" stride="16"><param type="float4x4"/></accessor></technique_common></source><source id="jnt_05_upperleg-Interpolations"><Name_array id="jnt_05_upperleg-Interpolations-array" count="15">
 LINEAR LINEAR LINEAR LINEAR LINEAR LINEAR LINEAR LINEAR LINEAR LINEAR LINEAR
LINEAR LINEAR LINEAR LINEAR</Name_array><technique_common><accessor source="#jnt_05_upperleg-Interpolations-array" count="15"><param type="name"/></accessor></technique_common></source><sampler id="jnt_05_upperleg-Matrix-animation-transform"><input semantic="INPUT" source="#jnt_05_upperleg-Matrix-animation-input"/><input semantic="OUTPUT" source="#jnt_05_upperleg-Matrix-animation-output-transform"/><input semantic="INTERPOLATION" source="#jnt_05_upperleg-Interpolations"/></sampler><channel source="#jnt_05_upperleg-Matrix-animation-transform" target="jnt_05_upperleg/matrix"/></animation></animation>
    <animation id="jnt_05_lowerleg-anim" name="jnt_05_lowerleg"><animation><source id="jnt_05_lowerleg-Matrix-animation-input"><float_array id="jnt_05_lowerleg-Matrix-animation-input-array" count="15">

0.000000 0.033333 0.066667 0.100000 0.133333 0.166667 0.200000 0.233333 0.266667 0.300000 0.333333 0.366667 0.400000 0.433333 0.466667</float_array><technique_common><accessor source="#jnt_05_lowerleg-Matrix-animation-input-array" count="15"><param name="TIME" type="float"/></accessor></technique_common></source><source id="jnt_05_lowerleg-Matrix-animation-output-transform"><float_array id="jnt_05_lowerleg-Matrix-animation-output-transform-array" count="240">

0.448280 0.893893 0.000000 1.972000 -0.893893 0.448280 -0.000000 -0.000000 0.000000 -0.000000 1.000000 0.000000 0.000000 0.000000 0.000000 1.000000
0.330683 0.943742 0.000000 1.972000 -0.943742 0.330683 -0.000000 -0.000000 -0.000000 0.000000 1.000000 0.000000 0.000000 0.000000 0.000000 1.000000
0.088789 0.996050 0.000000 1.972000 -0.996050 0.088789 0.000000 -0.000000 0.000000 0.000000 1.000000 0.000000 0.000000 0.000000 0.000000 1.000000
-0.113600 0.993527 0.000000 1.972000 -0.993527 -0.113600 -0.000000 -0.000000 -0.000000 0.000000 1.000000 0.000000 0.000000 0.000000 0.000000 1.000000
-0.187497 0.982265 0.000000 1.972000 -0.982265 -0.187497 0.000000 -0.000000 0.000000 0.000000 1.000000 -0.000000 0.000000 0.000000 0.000000 1.000000
-0.135476 0.990781 0.000000 1.972000 -0.990781 -0.135476 0.000000 -0.000000 -0.000000 -0.000000 1.000000 0.000000 0.000000 0.000000 0.000000 1.000000
-0.016738 0.999860 -0.000000 1.972000 -0.999860 -0.016738 0.000000 -0.000000 0.000000 0.000000 1.000000 0.000000 0.000000 0.000000 0.000000 1.000000
0.072778 0.997348 -0.000000 1.972000 -0.997348 0.072778 0.000000 -0.000000 -0.000000 -0.000000 1.000000 0.000000 0.000000 0.000000 0.000000 1.000000
0.054603 0.998508 -0.000000 1.972000 -0.998508 0.054603 -0.000000 -0.000000 0.000000 0.000000 1.000000 0.000000 0.000000 0.000000 0.000000 1.000000
-0.038611 0.999254 0.000000 1.972000 -0.999254 -0.038611 -0.000000 -0.000000 0.000000 -0.000000 1.000000 0.000000 0.000000 0.000000 0.000000 1.000000
-0.143691 0.989623 0.000000 1.972000 -0.989623 -0.143691 0.000000 -0.000000 0.000000 0.000000 1.000000 0.000000 0.000000 0.000000 0.000000 1.000000
-0.016065 0.999871 0.000000 1.972000 -0.999871 -0.016065 0.000000 -0.000000 -0.000000 -0.000000 1.000000 -0.000000 0.000000 0.000000 0.000000 1.000000
0.224642 0.974441 -0.000000 1.972000 -0.974441 0.224642 0.000000 -0.000000 0.000000 0.000000 1.000000 0.000000 0.000000 0.000000 0.000000 1.000000
0.364581 0.931172 -0.000000 1.972000 -0.931172 0.364581 -0.000000 -0.000000 0.000000 0.000000 1.000000 0.000000 0.000000 0.000000 0.000000 1.000000
0.448280 0.893893 0.000000 1.972000 -0.893893 0.448280 -0.000000 -0.000000 0.000000 -0.000000 1.000000 0.000000 0.000000 0.000000 0.000000 1.000000</float_array><technique_common><accessor source="#jnt_05_lowerleg-Matrix-animation-output-transform-array" count="15" stride="16"><param type="float4x4"/></accessor></technique_common></source><source id="jnt_05_lowerleg-Interpolations"><Name_array id="jnt_05_lowerleg-Interpolations-array" count="15">
 LINEAR LINEAR LINEAR LINEAR LINEAR LINEAR LINEAR LINEAR LINEAR LINEAR LINEAR
LINEAR LINEAR LINEAR LINEAR</Name_array><technique_common><accessor source="#jnt_05_lowerleg-Interpolations-array" count="15"><param type="name"/></accessor></technique_common></source><sampler id="jnt_05_lowerleg-Matrix-animation-transform"><input semantic="INPUT" source="#jnt_05_lowerleg-Matrix-animation-input"/><input semantic="OUTPUT" source="#jnt_05_lowerleg-Matrix-animation-output-transform"/><input semantic="INTERPOLATION" source="#jnt_05_lowerleg-Interpolations"/></sampler><channel source="#jnt_05_lowerleg-Matrix-animation-transform" target="jnt_05_lowerleg/matrix"/></animation></animation>
    <animation id="jnt_05_legend-anim" name="jnt_05_legend"><animation><source id="jnt_05_legend-Matrix-animation-input"><float_array id="jnt_05_legend-Matrix-animation-input-array" count="15">

0.000000 0.033333 0.066667 0.100000 0.133333 0.166667 0.200000 0.233333 0.266667 0.300000 0.333333 0.366667 0.400000 0.433333 0.466667</float_array><technique_common><accessor source="#jnt_05_legend-Matrix-animation-input-array" count="15"><param name="TIME" type="float"/></accessor></technique_common></source><source id="jnt_05_legend-Matrix-animation-output-transform"><float_array id="jnt_05_legend-Matrix-animation-output-transform-array" count="240">

1.000000 -0.000000 -0.000000 2.597000 -0.000000 1.000000 0.000000 0.000000 0.000000 -0.000000 1.000000 0.000000 0.000000 0.000000 0.000000 1.000000
1.000000 0.000000 0.000000 2.597000 0.000000 1.000000 0.000000 0.000000 -0.000000 0.000000 1.000000 -0.000000 0.000000 0.000000 0.000000 1.000000
1.000000 -0.000000 -0.000000 2.597000 -0.000000 1.000000 0.000000 0.000000 0.000000 -0.000000 1.000000 0.000000 0.000000 0.000000 0.000000 1.000000
1.000000 0.000000 0.000000 2.597000 -0.000000 1.000000 0.000000 0.000000 -0.000000 0.000000 1.000000 0.000000 0.000000 0.000000 0.000000 1.000000
