<?xml version="1.0" encoding="utf-8"?>
<COLLADA xmlns="http://www.collada.org/2005/11/COLLADASchema" version="1.4.1">
  <asset><contributor><author></author><authoring_tool>FBX COLLADA exporter</authoring_tool><comments></comments></contributor><created>2020-04-19T21:39:24Z</created><keywords></keywords><modified>2020-04-19T21:39:24Z</modified><revision></revision><subject></subject><title></title><unit meter="0.010000" name="centimeter"></unit><up_axis>Y_UP</up_axis></asset>
  <library_animations>
    <animation id="rig_root_jnt-anim" name="rig_root_jnt"><animation><source id="rig_root_jnt-Matrix-animation-input"><float_array id="rig_root_jnt-Matrix-animation-input-array" count="21">

0.000000 0.033333 0.066667 0.100000 0.133333 0.166667 0.200000 0.233333 0.266667 0.300000 0.333333 0.366667 0.400000 0.433333 0.466667 0.500000
0.533333 0.566667 0.600000 0.633333 0.666667</float_array><technique_common><accessor source="#rig_root_jnt-Matrix-animation-input-array" count="21"><param name="TIME" type="float"/></accessor></technique_common></source><source id="rig_root_jnt-Matrix-animation-output-transform"><float_array id="rig_root_jnt-Matrix-animation-output-transform-array" count="336">

1.000000 0.000000 0.000000 0.000000 0.000000 0.986996 0.160743 1.792554 0.000000 -0.160743 0.986996 -0.156044 0.000000 0.000000 0.000000 1.000000
1.000000 0.000000 0.000000 0.000000 0.000000 0.973069 0.230516 1.610235 0.000000 -0.230516 0.973069 -0.324328 0.000000 0.000000 0.000000 1.000000
1.000000 0.000000 0.000000 0.000000 0.000000 0.925224 0.379421 1.128590 0.000000 -0.379421 0.925224 -0.599321 0.000000 0.000000 0.000000 1.000000
1.000000 0.000000 0.000000 0.000000 0.000000 0.854747 0.519045 0.562735 0.000000 -0.519045 0.854747 -0.723804 0.000000 0.000000 0.000000 1.000000
1.000000 0.000000 0.000000 0.000000 0.000000 0.815677 0.578507 0.287377 0.000000 -0.578507 0.815677 -0.725545 0.000000 0.000000 0.000000 1.000000
0.999996 -0.002788 -0.000351 0.002209 0.002643 0.890644 0.454695 0.842782 -0.000955 -0.454694 0.890647 -0.841619 0.000000 0.000000 0.000000 1.000000
0.999960 -0.008824 0.001729 -0.001725 0.008457 0.988231 0.152737 1.984485 -0.003056 -0.152716 0.988265 -0.559162 0.000000 0.000000 0.000000 1.000000
0.999885 -0.013227 0.007436 -0.008374 0.014270 0.986265 -0.164553 2.714865 -0.005157 0.164640 0.986340 0.402535 0.000000 0.000000 0.000000 1.000000
0.999838 -0.014240 0.010983 -0.005032 0.016913 0.952148 -0.305169 2.714445 -0.006112 0.305305 0.952235 1.201682 0.000000 0.000000 0.000000 1.000000
0.999960 -0.008206 0.003676 -0.003703 0.008457 0.997199 -0.074314 2.897504 -0.003056 0.074342 0.997228 1.319785 0.000000 0.000000 0.000000 1.000000
1.000000 0.000000 0.000000 0.000000 0.000000 0.986996 0.160743 3.180575 0.000000 -0.160743 0.986996 1.356618 0.000000 0.000000 0.000000 1.000000
1.000000 0.000000 0.000000 0.000000 0.000000 0.986996 0.160743 1.864031 0.000000 -0.160743 0.986996 1.553042 0.000000 0.000000 0.000000 1.000000
1.000000 0.000000 0.000000 0.000000 0.000000 0.986996 0.160743 0.547488 0.000000 -0.160743 0.986996 1.564362 0.000000 0.000000 0.000000 1.000000
1.000000 0.000000 0.000000 0.000000 0.000000 0.991742 -0.128252 0.160027 0.000000 0.128252 0.991742 1.088563 0.000000 0.000000 0.000000 1.000000
1.000000 0.000000 0.000000 0.000000 0.000000 0.913636 -0.406534 -0.075170 0.000000 0.406534 0.913636 0.521823 0.000000 0.000000 0.000000 1.000000
0.999999 0.000210 0.001469 0.001440 0.000405 0.913808 -0.406147 0.072016 -0.001428 0.406147 0.913807 0.466591 0.000000 0.000000 0.000000 1.000000
0.999989 0.000657 0.004704 0.003512 0.001297 0.915007 -0.403437 0.440404 -0.004569 0.403438 0.914996 0.330898 0.000000 0.000000 0.000000 1.000000
0.999968 0.001045 0.007947 0.003528 0.002188 0.918220 -0.396066 0.918718 -0.007711 0.396070 0.918188 0.155703 0.000000 0.000000 0.000000 1.000000
0.999955 0.001091 0.009436 0.001320 0.002593 0.924302 -0.381653 1.393893 -0.009139 0.381660 0.924257 -0.022655 0.000000 0.000000 0.000000 1.000000
0.999989 -0.000787 0.004684 -0.000129 0.001297 0.993955 -0.109784 1.718335 -0.004569 0.109789 0.993944 -0.103258 0.000000 0.000000 0.000000 1.000000
1.000000 0.000000 0.000000 0.000000 0.000000 0.986996 0.160743 1.792554 0.000000 -0.160743 0.986996 -0.156044 0.000000 0.000000 0.000000 1.000000</float_array><technique_common><accessor source="#rig_root_jnt-Matrix-animation-output-transform-array" count="21" stride="16"><param type="float4x4"/></accessor></technique_common></source><source id="rig_root_jnt-Interpolations"><Name_array id="rig_root_jnt-Interpolations-array" count="21">
 LINEAR LINEAR LINEAR LINEAR LINEAR LINEAR LINEAR LINEAR LINEAR LINEAR LINEAR
LINEAR LINEAR LINEAR LINEAR LINEAR LINEAR LINEAR LINEAR LINEAR LINEAR</Name_array><technique_common><accessor source="#rig_root_jnt-Interpolations-array" count="21"><param type="name"/></accessor></technique_common></source><sampler id="rig_root_jnt-Matrix-animation-transform"><input semantic="INPUT" source="#rig_root_jnt-Matrix-animation-input"/><input semantic="OUTPUT" source="#rig_root_jnt-Matrix-animation-output-transform"/><input semantic="INTERPOLATION" source="#rig_root_jnt-Interpolations"/></sampler><channel source="#rig_root_jnt-Matrix-animation-transform" target="rig_root_jnt/matrix"/></animation></animation>
    <animation id="rig_jnt_spine1-anim" name="rig_jnt_spine1"><animation><source id="rig_jnt_spine1-Matrix-animation-input"><float_array id="rig_jnt_spine1-Matrix-animation-input-array" count="21">

0.000000 0.033333 0.066667 0.100000 0.133333 0.166667 0.200000 0.233333 0.266667 0.300000 0.333333 0.366667 0.400000 0.433333 0.466667 0.500000
0.533333 0.566667 0.600000 0.633333 0.666667</float_array><technique_common><accessor source="#rig_jnt_spine1-Matrix-animation-input-array" count="21"><param name="TIME" type="float"/></accessor></technique_common></source><source id="rig_jnt_spine1-Matrix-animation-output-transform"><float_array id="rig_jnt_spine1-Matrix-animation-output-transform-array" count="336">

1.000000 0.000000 0.000000 0.000000 0.000000 0.986996 -0.160743 0.479000 0.000000 0.160743 0.986996 0.000000 0.000000 0.000000 0.000000 1.000000
1.000000 0.000000 0.000000 0.000000 0.000000 0.995928 -0.090156 0.479000 0.000000 0.090156 0.995928 0.000000 0.000000 0.000000 0.000000 1.000000
1.000000 0.000000 0.000000 0.000000 0.000000 0.997804 0.066235 0.479000 0.000000 -0.066235 0.997804 0.000000 0.000000 0.000000 0.000000 1.000000
1.000000 0.000000 0.000000 0.000000 0.000000 0.975272 0.221006 0.479000 0.000000 -0.221006 0.975272 0.000000 0.000000 0.000000 0.000000 1.000000
1.000000 0.000000 0.000000 0.000000 0.000000 0.957089 0.289794 0.479000 0.000000 -0.289794 0.957089 -0.000000 0.000000 0.000000 0.000000 1.000000
0.999996 -0.002755 0.000552 -0.000000 0.002643 0.988895 0.148592 0.479000 -0.000955 -0.148590 0.988898 0.000000 0.000000 0.000000 0.000000 1.000000
0.999960 -0.007820 0.004439 0.000000 0.008457 0.985627 -0.168727 0.479000 -0.003056 0.168758 0.985653 0.000000 0.000000 0.000000 0.000000 1.000000
0.999885 -0.010184 0.011249 -0.000000 0.014270 0.883085 -0.468997 0.479000 -0.005157 0.469103 0.883128 0.000000 0.000000 0.000000 0.000000 1.000000
0.999838 -0.010019 0.014934 -0.000000 0.016913 0.806113 -0.591520 0.479000 -0.006112 0.591677 0.806152 -0.000000 0.000000 0.000000 0.000000 1.000000
0.999960 -0.006616 0.006090 0.000000 0.008457 0.922087 -0.386890 0.479000 -0.003056 0.386926 0.922106 0.000000 0.000000 0.000000 0.000000 1.000000
1.000000 0.000000 0.000000 0.000000 0.000000 0.986996 -0.160743 0.479000 0.000000 0.160743 0.986996 0.000000 0.000000 0.000000 0.000000 1.000000
1.000000 0.000000 0.000000 0.000000 0.000000 0.986996 -0.160743 0.479000 0.000000 0.160743 0.986996 0.000000 0.000000 0.000000 0.000000 1.000000
1.000000 0.000000 0.000000 0.000000 0.000000 0.986996 -0.160743 0.479000 0.000000 0.160743 0.986996 0.000000 0.000000 0.000000 0.000000 1.000000
1.000000 0.000000 0.000000 0.000000 0.000000 0.899797 -0.436310 0.479000 0.000000 0.436310 0.899797 0.000000 0.000000 0.000000 0.000000 1.000000
1.000000 0.000000 0.000000 0.000000 0.000000 0.737427 -0.675427 0.479000 0.000000 0.675427 0.737427 -0.000000 0.000000 0.000000 0.000000 1.000000
0.999999 0.000665 0.001327 -0.000000 0.000405 0.737713 -0.675115 0.479000 -0.001428 0.675114 0.737712 -0.000000 0.000000 0.000000 0.000000 1.000000
0.999989 0.002116 0.004252 -0.000000 0.001297 0.739710 -0.672925 0.479000 -0.004569 0.672923 0.739699 -0.000000 0.000000 0.000000 0.000000 1.000000
0.999968 0.003513 0.007204 -0.000000 0.002188 0.745095 -0.666954 0.479000 -0.007711 0.666949 0.745064 -0.000000 0.000000 0.000000 0.000000 1.000000
0.999955 0.004029 0.008603 0.000000 0.002593 0.755437 -0.655217 0.479000 -0.009139 0.655209 0.755392 0.000000 0.000000 0.000000 0.000000 1.000000
0.999989 0.000740 0.004692 0.000000 0.001297 0.907755 -0.419498 0.479000 -0.004569 0.419499 0.907744 0.000000 0.000000 0.000000 0.000000 1.000000
1.000000 0.000000 0.000000 0.000000 0.000000 0.986996 -0.160743 0.479000 0.000000 0.160743 0.986996 0.000000 0.000000 0.000000 0.000000 1.000000</float_array><technique_common><accessor source="#rig_jnt_spine1-Matrix-animation-output-transform-array" count="21" stride="16"><param type="float4x4"/></accessor></technique_common></source><source id="rig_jnt_spine1-Interpolations"><Name_array id="rig_jnt_spine1-Interpolations-array" count="21">
 LINEAR LINEAR LINEAR LINEAR LINEAR LINEAR LINEAR LINEAR LINEAR LINEAR LINEAR
LINEAR LINEAR LINEAR LINEAR LINEAR LINEAR LINEAR LINEAR LINEAR LINEAR</Name_array><technique_common><accessor source="#rig_jnt_spine1-Interpolations-array" count="21"><param type="name"/></accessor></technique_common></source><sampler id="rig_jnt_spine1-Matrix-animation-transform"><input semantic="INPUT" source="#rig_jnt_spine1-Matrix-animation-input"/><input semantic="OUTPUT" source="#rig_jnt_spine1-Matrix-animation-output-transform"/><input semantic="INTERPOLATION" source="#rig_jnt_spine1-Interpolations"/></sampler><channel source="#rig_jnt_spine1-Matrix-animation-transform" target="rig_jnt_spine1/matrix"/></animation></animation>
    <animation id="rig_jnt_spine2-anim" name="rig_jnt_spine2"><animation><source id="rig_jnt_spine2-Matrix-animation-input"><float_array id="rig_jnt_spine2-Matrix-animation-input-array" count="21">

0.000000 0.033333 0.066667 0.100000 0.133333 0.166667 0.200000 0.233333 0.266667 0.300000 0.333333 0.366667 0.400000 0.433333 0.466667 0.500000
0.533333 0.566667 0.600000 0.633333 0.666667</float_array><technique_common><accessor source="#rig_jnt_spine2-Matrix-animation-input-array" count="21"><param name="TIME" type="float"/></accessor></technique_common></source><source id="rig_jnt_spine2-Matrix-animation-output-transform"><float_array id="rig_jnt_spine2-Matrix-animation-output-transform-array" count="336">

1.000000 0.000000 0.000000 0.000000 0.000000 1.000000 0.000000 0.449000 0.000000 0.000000 1.000000 0.000000 0.000000 0.000000 0.000000 1.000000
1.000000 0.000000 0.000000 0.000000 0.000000 1.000000 0.000000 0.449000 0.000000 0.000000 1.000000 0.000000 0.000000 0.000000 0.000000 1.000000
1.000000 0.000000 0.000000 0.000000 0.000000 1.000000 0.000000 0.449000 0.000000 0.000000 1.000000 0.000000 0.000000 0.000000 0.000000 1.000000
1.000000 0.000000 0.000000 0.000000 0.000000 1.000000 0.000000 0.449000 0.000000 0.000000 1.000000 -0.000000 0.000000 0.000000 0.000000 1.000000
1.000000 0.000000 0.000000 0.000000 0.000000 1.000000 0.000000 0.449000 0.000000 0.000000 1.000000 0.000000 0.000000 0.000000 0.000000 1.000000
1.000000 -0.000000 0.000000 0.000000 0.000000 1.000000 -0.000000 0.449000 0.000000 -0.000000 1.000000 -0.000000 0.000000 0.000000 0.000000 1.000000
1.000000 -0.000000 -0.000000 -0.000000 -0.000000 1.000000 0.000000 0.449000 -0.000000 0.000000 1.000000 0.000000 0.000000 0.000000 0.000000 1.000000
1.000000 0.000000 0.000000 0.000000 0.000000 1.000000 -0.000000 0.449000 0.000000 0.000000 1.000000 0.000000 0.000000 0.000000 0.000000 1.000000
1.000000 0.000000 -0.000000 0.000000 -0.000000 1.000000 0.000000 0.449000 -0.000000 0.000000 1.000000 -0.000000 0.000000 0.000000 0.000000 1.000000
1.000000 0.000000 0.000000 -0.000000 -0.000000 1.000000 0.000000 0.449000 0.000000 0.000000 1.000000 -0.000000 0.000000 0.000000 0.000000 1.000000
1.000000 0.000000 0.000000 0.000000 0.000000 1.000000 0.000000 0.449000 0.000000 0.000000 1.000000 0.000000 0.000000 0.000000 0.000000 1.000000
1.000000 0.000000 0.000000 0.000000 0.000000 1.000000 0.000000 0.449000 0.000000 0.000000 1.000000 0.000000 0.000000 0.000000 0.000000 1.000000
1.000000 0.000000 0.000000 0.000000 0.000000 1.000000 0.000000 0.449000 0.000000 0.000000 1.000000 0.000000 0.000000 0.000000 0.000000 1.000000
1.000000 0.000000 0.000000 0.000000 0.000000 1.000000 0.000000 0.449000 0.000000 0.000000 1.000000 0.000000 0.000000 0.000000 0.000000 1.000000
1.000000 0.000000 0.000000 0.000000 0.000000 1.000000 0.000000 0.449000 0.000000 -0.000000 1.000000 0.000000 0.000000 0.000000 0.000000 1.000000
1.000000 0.000000 -0.000000 -0.000000 -0.000000 1.000000 0.000000 0.449000 -0.000000 -0.000000 1.000000 -0.000000 0.000000 0.000000 0.000000 1.000000
1.000000 -0.000000 -0.000000 0.000000 0.000000 1.000000 0.000000 0.449000 0.000000 0.000000 1.000000 -0.000000 0.000000 0.000000 0.000000 1.000000
1.000000 0.000000 0.000000 0.000000 -0.000000 1.000000 0.000000 0.449000 -0.000000 -0.000000 1.000000 0.000000 0.000000 0.000000 0.000000 1.000000
1.000000 -0.000000 0.000000 0.000000 -0.000000 1.000000 0.000000 0.449000 0.000000 0.000000 1.000000 0.000000 0.000000 0.000000 0.000000 1.000000
1.000000 0.000000 -0.000000 -0.000000 0.000000 1.000000 0.000000 0.449000 0.000000 0.000000 1.000000 0.000000 0.000000 0.000000 0.000000 1.000000
1.000000 0.000000 0.000000 0.000000 0.000000 1.000000 0.000000 0.449000 0.000000 0.000000 1.000000 0.000000 0.000000 0.000000 0.000000 1.000000</float_array><technique_common><accessor source="#rig_jnt_spine2-Matrix-animation-output-transform-array" count="21" stride="16"><param type="float4x4"/></accessor></technique_common></source><source id="rig_jnt_spine2-Interpolations"><Name_array id="rig_jnt_spine2-Interpolations-array" count="21">
 LINEAR LINEAR LINEAR LINEAR LINEAR LINEAR LINEAR LINEAR LINEAR LINEAR LINEAR
LINEAR LINEAR LINEAR LINEAR LINEAR LINEAR LINEAR LINEAR LINEAR LINEAR</Name_array><technique_common><accessor source="#rig_jnt_spine2-Interpolations-array" count="21"><param type="name"/></accessor></technique_common></source><sampler id="rig_jnt_spine2-Matrix-animation-transform"><input semantic="INPUT" source="#rig_jnt_spine2-Matrix-animation-input"/><input semantic="OUTPUT" source="#rig_jnt_spine2-Matrix-animation-output-transform"/><input semantic="INTERPOLATION" source="#rig_jnt_spine2-Interpolations"/></sampler><channel source="#rig_jnt_spine2-Matrix-animation-transform" target="rig_jnt_spine2/matrix"/></animation></animation>
    <animation id="rig_jnt_head-anim" name="rig_jnt_head"><animation><source id="rig_jnt_head-Matrix-animation-input"><float_array id="rig_jnt_head-Matrix-animation-input-array" count="21">

0.000000 0.033333 0.066667 0.100000 0.133333 0.166667 0.200000 0.233333 0.266667 0.300000 0.333333 0.366667 0.400000 0.433333 0.466667 0.500000
0.533333 0.566667 0.600000 0.633333 0.666667</float_array><technique_common><accessor source="#rig_jnt_head-Matrix-animation-input-array" count="21"><param name="TIME" type="float"/></accessor></technique_common></source><source id="rig_jnt_head-Matrix-animation-output-transform"><float_array id="rig_jnt_head-Matrix-animation-output-transform-array" count="336">

0.999943 0.010555 0.001707 0.000000 -0.010692 0.987111 0.159679 0.296642 0.000000 -0.159688 0.987168 0.000000 0.000000 0.000000 0.000000 1.000000
0.999943 0.010555 0.001707 0.000000 -0.010665 0.973258 0.229467 0.296642 0.000760 -0.229472 0.973315 0.000000 0.000000 0.000000 0.000000 1.000000
0.999943 0.010555 0.001707 0.000000 -0.010416 0.925574 0.378423 0.296642 0.002414 -0.378419 0.925631 0.000000 0.000000 0.000000 0.000000 1.000000
0.999943 0.010555 0.001707 0.000000 -0.009913 0.855249 0.518122 0.296642 0.004009 -0.518110 0.855305 0.000000 0.000000 0.000000 0.000000 1.000000
0.999943 0.010555 0.001707 0.000000 -0.009602 0.816244 0.577627 0.296642 0.004703 -0.577610 0.816299 -0.000000 0.000000 0.000000 0.000000 1.000000
0.999969 0.007767 0.001359 -0.000000 -0.007538 0.891103 0.453738 0.296642 0.002313 -0.453734 0.891134 0.000000 0.000000 0.000000 0.000000 1.000000
0.999993 0.001733 0.003446 0.000000 -0.002235 0.988426 0.151685 0.296642 -0.003143 -0.151692 0.988423 -0.000000 0.000000 0.000000 0.000000 1.000000
0.999955 -0.002664 0.009157 0.000000 0.004144 0.986186 -0.165592 0.296642 -0.008590 0.165622 0.986152 0.000000 0.000000 0.000000 0.000000 1.000000
0.999913 -0.003674 0.012706 0.000000 0.007388 0.951950 -0.306165 0.296642 -0.010971 0.306233 0.951894 0.000000 0.000000 0.000000 0.000000 1.000000
0.999983 0.002353 0.005393 -0.000000 -0.001940 0.997153 -0.075374 0.296642 -0.005555 0.075362 0.997141 0.000000 0.000000 0.000000 0.000000 1.000000
0.999943 0.010555 0.001707 0.000000 -0.010692 0.987111 0.159679 0.296642 0.000000 -0.159688 0.987168 0.000000 0.000000 0.000000 0.000000 1.000000
0.999943 0.010555 0.001707 0.000000 -0.010692 0.987111 0.159679 0.296642 0.000000 -0.159688 0.987168 0.000000 0.000000 0.000000 0.000000 1.000000
0.999943 0.010555 0.001707 0.000000 -0.010692 0.987111 0.159679 0.296642 0.000000 -0.159688 0.987168 -0.000000 0.000000 0.000000 0.000000 1.000000
0.999943 0.010555 0.001707 0.000000 -0.010246 0.991550 -0.129321 0.296642 -0.003058 0.129296 0.991601 0.000000 0.000000 0.000000 0.000000 1.000000
0.999943 0.010555 0.001707 0.000000 -0.008943 0.913154 -0.407518 0.296642 -0.005861 0.407479 0.913196 -0.000000 0.000000 0.000000 0.000000 1.000000
0.999937 0.010766 0.003177 -0.000000 -0.008541 0.913330 -0.407130 0.296642 -0.007285 0.407078 0.913365 -0.000000 0.000000 0.000000 0.000000 1.000000
0.999917 0.011217 0.006411 -0.000000 -0.007666 0.914541 -0.404420 0.296642 -0.010399 0.404337 0.914551 -0.000000 0.000000 0.000000 0.000000 1.000000
0.999886 0.011608 0.009653 -0.000000 -0.006822 0.917771 -0.397051 0.296642 -0.013468 0.396940 0.917746 0.000000 0.000000 0.000000 0.000000 1.000000
0.999870 0.011656 0.011143 0.000000 -0.006506 0.923873 -0.382644 0.296642 -0.014754 0.382522 0.923828 -0.000000 0.000000 0.000000 0.000000 1.000000
0.999932 0.009773 0.006392 -0.000000 -0.009004 0.993796 -0.110853 0.296642 -0.007436 0.110788 0.993816 0.000000 0.000000 0.000000 0.000000 1.000000
0.999943 0.010555 0.001707 0.000000 -0.010692 0.987111 0.159679 0.296642 0.000000 -0.159688 0.987168 0.000000 0.000000 0.000000 0.000000 1.000000</float_array><technique_common><accessor source="#rig_jnt_head-Matrix-animation-output-transform-array" count="21" stride="16"><param type="float4x4"/></accessor></technique_common></source><source id="rig_jnt_head-Interpolations"><Name_array id="rig_jnt_head-Interpolations-array" count="21">
 LINEAR LINEAR LINEAR LINEAR LINEAR LINEAR LINEAR LINEAR LINEAR LINEAR LINEAR
LINEAR LINEAR LINEAR LINEAR LINEAR LINEAR LINEAR LINEAR LINEAR LINEAR</Name_array><technique_common><accessor source="#rig_jnt_head-Interpolations-array" count="21"><param type="name"/></accessor></technique_common></source><sampler id="rig_jnt_head-Matrix-animation-transform"><input semantic="INPUT" source="#rig_jnt_head-Matrix-animation-input"/><input semantic="OUTPUT" source="#rig_jnt_head-Matrix-animation-output-transform"/><input semantic="INTERPOLATION" source="#rig_jnt_head-Interpolations"/></sampler><channel source="#rig_jnt_head-Matrix-animation-transform" target="rig_jnt_head/matrix"/></animation></animation>
    <animation id="master_ctrl-anim" name="master_ctrl"><animation><source id="master_ctrl-Matrix-animation-input"><float_array id="master_ctrl-Matrix-animation-input-array" count="21">

0.000000 0.033333 0.066667 0.100000 0.133333 0.166667 0.200000 0.233333 0.266667 0.300000 0.333333 0.366667 0.400000 0.433333 0.466667 0.500000
0.533333 0.566667 0.600000 0.633333 0.666667</float_array><technique_common><accessor source="#master_ctrl-Matrix-animation-input-array" count="21"><param name="TIME" type="float"/></accessor></technique_common></source><source id="master_ctrl-Matrix-animation-output-transform"><float_array id="master_ctrl-Matrix-animation-output-transform-array" count="336">

1.000000 0.000000 0.000000 0.000000 0.000000 1.000000 0.000000 0.000000 0.000000 0.000000 1.000000 0.000000 0.000000 0.000000 0.000000 1.000000
1.000000 0.000000 0.000000 0.000000 0.000000 1.000000 0.000000 0.000000 0.000000 0.000000 1.000000 0.000000 0.000000 0.000000 0.000000 1.000000
1.000000 0.000000 0.000000 0.000000 0.000000 1.000000 0.000000 0.000000 0.000000 0.000000 1.000000 0.000000 0.000000 0.000000 0.000000 1.000000
1.000000 0.000000 0.000000 0.000000 0.000000 1.000000 0.000000 0.000000 0.000000 0.000000 1.000000 0.000000 0.000000 0.000000 0.000000 1.000000
1.000000 0.000000 0.000000 0.000000 0.000000 1.000000 0.000000 0.000000 0.000000 0.000000 1.000000 0.000000 0.000000 0.000000 0.000000 1.000000
1.000000 0.000000 0.000000 0.000000 0.000000 1.000000 0.000000 0.000000 0.000000 0.000000 1.000000 0.000000 0.000000 0.000000 0.000000 1.000000
1.000000 0.000000 0.000000 0.000000 0.000000 1.000000 0.000000 0.000000 0.000000 0.000000 1.000000 0.000000 0.000000 0.000000 0.000000 1.000000
1.000000 0.000000 0.000000 0.000000 0.000000 1.000000 0.000000 0.000000 0.000000 0.000000 1.000000 0.000000 0.000000 0.000000 0.000000 1.000000
1.000000 0.000000 0.000000 0.000000 0.000000 1.000000 0.000000 0.000000 0.000000 0.000000 1.000000 0.000000 0.000000 0.000000 0.000000 1.000000
1.000000 0.000000 0.000000 0.000000 0.000000 1.000000 0.000000 0.000000 0.000000 0.000000 1.000000 0.000000 0.000000 0.000000 0.000000 1.000000
1.000000 0.000000 0.000000 0.000000 0.000000 1.000000 0.000000 0.000000 0.000000 0.000000 1.000000 0.000000 0.000000 0.000000 0.000000 1.000000
1.000000 0.000000 0.000000 0.000000 0.000000 1.000000 0.000000 0.000000 0.000000 0.000000 1.000000 0.000000 0.000000 0.000000 0.000000 1.000000
1.000000 0.000000 0.000000 0.000000 0.000000 1.000000 0.000000 0.000000 0.000000 0.000000 1.000000 0.000000 0.000000 0.000000 0.000000 1.000000
1.000000 0.000000 0.000000 0.000000 0.000000 1.000000 0.000000 0.000000 0.000000 0.000000 1.000000 0.000000 0.000000 0.000000 0.000000 1.000000
1.000000 0.000000 0.000000 0.000000 0.000000 1.000000 0.000000 0.000000 0.000000 0.000000 1.000000 0.000000 0.000000 0.000000 0.000000 1.000000
1.000000 0.000000 0.000000 0.000000 0.000000 1.000000 0.000000 0.000000 0.000000 0.000000 1.000000 0.000000 0.000000 0.000000 0.000000 1.000000
1.000000 0.000000 0.000000 0.000000 0.000000 1.000000 0.000000 0.000000 0.000000 0.000000 1.000000 0.000000 0.000000 0.000000 0.000000 1.000000
1.000000 0.000000 0.000000 0.000000 0.000000 1.000000 0.000000 0.000000 0.000000 0.000000 1.000000 0.000000 0.000000 0.000000 0.000000 1.000000
1.000000 0.000000 0.000000 0.000000 0.000000 1.000000 0.000000 0.000000 0.000000 0.000000 1.000000 0.000000 0.000000 0.000000 0.000000 1.000000
1.000000 0.000000 0.000000 0.000000 0.000000 1.000000 0.000000 0.000000 0.000000 0.000000 1.000000 0.000000 0.000000 0.000000 0.000000 1.000000
1.000000 0.000000 0.000000 0.000000 0.000000 1.000000 0.000000 0.000000 0.000000 0.000000 1.000000 0.000000 0.000000 0.000000 0.000000 1.000000</float_array><technique_common><accessor source="#master_ctrl-Matrix-animation-output-transform-array" count="21" stride="16"><param type="float4x4"/></accessor></technique_common></source><source id="master_ctrl-Interpolations"><Name_array id="master_ctrl-Interpolations-array" count="21">
 LINEAR LINEAR LINEAR LINEAR LINEAR LINEAR LINEAR LINEAR LINEAR LINEAR LINEAR
LINEAR LINEAR LINEAR LINEAR LINEAR LINEAR LINEAR LINEAR LINEAR LINEAR</Name_array><technique_common><accessor source="#master_ctrl-Interpolations-array" count="21"><param type="name"/></accessor></technique_common></source><sampler id="master_ctrl-Matrix-animation-transform"><input semantic="INPUT" source="#master_ctrl-Matrix-animation-input"/><input semantic="OUTPUT" source="#master_ctrl-Matrix-animation-output-transform"/><input semantic="INTERPOLATION" source="#master_ctrl-Interpolations"/></sampler><channel source="#master_ctrl-Matrix-animation-transform" target="master_ctrl/matrix"/></animation><animation><source id="master_ctrl-visibility-animation-input"><float_array id="master_ctrl-visibility-animation-input-array" count="21">

0.000000 0.033333 0.066667 0.100000 0.133333 0.166667 0.200000 0.233333 0.266667 0.300000 0.333333 0.366667 0.400000 0.433333 0.466667 0.500000
0.533333 0.566667 0.600000 0.633333 0.666667</float_array><technique_common><accessor source="#master_ctrl-visibility-animation-input-array" count="21"><param name="TIME" type="float"/></accessor></technique_common></source><source id="master_ctrl-visibility-animation-output"><float_array id="master_ctrl-visibility-animation-output-array" count="21">

1.000000 1.000000 1.000000 1.000000 1.000000 1.000000 1.000000 1.000000 1.000000 1.000000 1.000000 1.000000 1.000000 1.000000 1.000000 1.000000
1.000000 1.000000 1.000000 1.000000 1.000000</float_array><technique_common><accessor source="#master_ctrl-visibility-animation-output-array" count="21"><param type="float"/></accessor></technique_common></source><source id="master_ctrl-visibility-animation-intan"><float_array id="master_ctrl-visibility-animation-intan-array" count="21">

0.000000 -0.000000 -0.000000 -0.000000 -0.000000 -0.000000 -0.000000 -0.000000 -0.000000 -0.000000 -0.000000 -0.000000 -0.000000 -0.000000 -0.000000 -0.000000
-0.000000 -0.000000 -0.000000 -0.000000 -0.000000</float_array><technique_common><accessor source="#master_ctrl-visibility-animation-intan-array" count="21"><param type="float"/></accessor></technique_common></source><source id="master_ctrl-visibility-animation-outtan"><float_array id="master_ctrl-visibility-animation-outtan-array" count="21">

0.000000 0.000000 0.000000 0.000000 0.000000 0.000000 0.000000 0.000000 0.000000 0.000000 0.000000 0.000000 0.000000 0.000000 0.000000 0.000000
0.000000 0.000000 0.000000 0.000000 0.000000</float_array><technique_common><accessor source="#master_ctrl-visibility-animation-outtan-array" count="21"><param type="float"/></accessor></technique_common></source><source id="master_ctrl-visibility-animation-interpolation"><Name_array id="master_ctrl-visibility-animation-interpolation-array" count="21">
 BEZIER BEZIER BEZIER BEZIER BEZIER BEZIER BEZIER BEZIER BEZIER BEZIER BEZIER
BEZIER BEZIER BEZIER BEZIER BEZIER BEZIER BEZIER BEZIER BEZIER BEZIER</Name_array><technique_common><accessor source="#master_ctrl-visibility-animation-interpolation-array" count="21"><param type="name"/></accessor></technique_common></source><sampler id="master_ctrl-visibility-animation"><input semantic="INPUT" source="#master_ctrl-visibility-animation-input"/><input semantic="OUTPUT" source="#master_ctrl-visibility-animation-output"/><input semantic="IN_TANGENT" source="#master_ctrl-visibility-animation-intan"/><input semantic="OUT_TANGENT" source="#master_ctrl-visibility-animation-outtan"/><input semantic="INTERPOLATION" source="#master_ctrl-visibility-animation-interpolation"/></sampler><channel source="#master_ctrl-visibility-animation" target="master_ctrl/visibility"/></animation></animation>
    <animation id="rig_ctrl-anim" name="rig_ctrl"></animation>
    <animation id="jnt_head-anim" name="jnt_head"><animation><source id="jnt_head-Matrix-animation-input"><float_array id="jnt_head-Matrix-animation-input-array" count="21">

0.000000 0.033333 0.066667 0.100000 0.133333 0.166667 0.200000 0.233333 0.266667 0.300000 0.333333 0.366667 0.400000 0.433333 0.466667 0.500000
0.533333 0.566667 0.600000 0.633333 0.666667</float_array><technique_common><accessor source="#jnt_head-Matrix-animation-input-array" count="21"><param name="TIME" type="float"/></accessor></technique_common></source><source id="jnt_head-Matrix-animation-output-transform"><float_array id="jnt_head-Matrix-animation-output-transform-array" count="336">

1.000000 0.000000 0.000000 0.000000 0.000000 1.000000 0.000000 0.000000 0.000000 0.000000 1.000000 0.000000 0.000000 0.000000 0.000000 1.000000
1.000000 0.000000 0.000000 0.000000 0.000000 1.000000 0.000000 0.000000 0.000000 0.000000 1.000000 0.000000 0.000000 0.000000 0.000000 1.000000
1.000000 0.000000 0.000000 0.000000 0.000000 1.000000 0.000000 0.000000 0.000000 0.000000 1.000000 0.000000 0.000000 0.000000 0.000000 1.000000
1.000000 0.000000 0.000000 0.000000 0.000000 1.000000 0.000000 0.000000 0.000000 0.000000 1.000000 0.000000 0.000000 0.000000 0.000000 1.000000
1.000000 0.000000 0.000000 0.000000 0.000000 1.000000 0.000000 0.000000 0.000000 0.000000 1.000000 0.000000 0.000000 0.000000 0.000000 1.000000
1.000000 0.000000 0.000000 0.000000 0.000000 1.000000 0.000000 0.000000 0.000000 0.000000 1.000000 0.000000 0.000000 0.000000 0.000000 1.000000
1.000000 0.000000 0.000000 0.000000 0.000000 1.000000 0.000000 0.000000 0.000000 0.000000 1.000000 0.000000 0.000000 0.000000 0.000000 1.000000
1.000000 0.000000 0.000000 0.000000 0.000000 1.000000 0.000000 0.000000 0.000000 0.000000 1.000000 0.000000 0.000000 0.000000 0.000000 1.000000
1.000000 0.000000 0.000000 0.000000 0.000000 1.000000 0.000000 0.000000 0.000000 0.000000 1.000000 0.000000 0.000000 0.000000 0.000000 1.000000
1.000000 0.000000 0.000000 0.000000 0.000000 1.000000 0.000000 0.000000 0.000000 0.000000 1.000000 0.000000 0.000000 0.000000 0.000000 1.000000
1.000000 0.000000 0.000000 0.000000 0.000000 1.000000 0.000000 0.000000 0.000000 0.000000 1.000000 0.000000 0.000000 0.000000 0.000000 1.000000
1.000000 0.000000 0.000000 0.000000 0.000000 1.000000 0.000000 0.000000 0.000000 0.000000 1.000000 0.000000 0.000000 0.000000 0.000000 1.000000
1.000000 0.000000 0.000000 0.000000 0.000000 1.000000 0.000000 0.000000 0.000000 0.000000 1.000000 0.000000 0.000000 0.000000 0.000000 1.000000
1.000000 0.000000 0.000000 0.000000 0.000000 1.000000 0.000000 0.000000 0.000000 0.000000 1.000000 0.000000 0.000000 0.000000 0.000000 1.000000
1.000000 0.000000 0.000000 0.000000 0.000000 1.000000 0.000000 0.000000 0.000000 0.000000 1.000000 0.000000 0.000000 0.000000 0.000000 1.000000
1.000000 0.000000 0.000000 0.000000 0.000000 1.000000 0.000000 0.000000 0.000000 0.000000 1.000000 0.000000 0.000000 0.000000 0.000000 1.000000
1.000000 0.000000 0.000000 0.000000 0.000000 1.000000 0.000000 0.000000 0.000000 0.000000 1.000000 0.000000 0.000000 0.000000 0.000000 1.000000
1.000000 0.000000 0.000000 0.000000 0.000000 1.000000 0.000000 0.000000 0.000000 0.000000 1.000000 0.000000 0.000000 0.000000 0.000000 1.000000
1.000000 0.000000 0.000000 0.000000 0.000000 1.000000 0.000000 0.000000 0.000000 0.000000 1.000000 0.000000 0.000000 0.000000 0.000000 1.000000
1.000000 0.000000 0.000000 0.000000 0.000000 1.000000 0.000000 0.000000 0.000000 0.000000 1.000000 0.000000 0.000000 0.000000 0.000000 1.000000
1.000000 0.000000 0.000000 0.000000 0.000000 1.000000 0.000000 0.000000 0.000000 0.000000 1.000000 0.000000 0.000000 0.000000 0.000000 1.000000</float_array><technique_common><accessor source="#jnt_head-Matrix-animation-output-transform-array" count="21" stride="16"><param type="float4x4"/></accessor></technique_common></source><source id="jnt_head-Interpolations"><Name_array id="jnt_head-Interpolations-array" count="21">
 LINEAR LINEAR LINEAR LINEAR LINEAR LINEAR LINEAR LINEAR LINEAR LINEAR LINEAR
LINEAR LINEAR LINEAR LINEAR LINEAR LINEAR LINEAR LINEAR LINEAR LINEAR</Name_array><technique_common><accessor source="#jnt_head-Interpolations-array" count="21"><param type="name"/></accessor></technique_common></source><sampler id="jnt_head-Matrix-animation-transform"><input semantic="INPUT" source="#jnt_head-Matrix-animation-input"/><input semantic="OUTPUT" source="#jnt_head-Matrix-animation-output-transform"/><input semantic="INTERPOLATION" source="#jnt_head-Interpolations"/></sampler><channel source="#jnt_head-Matrix-animation-transform" target="jnt_head/matrix"/></animation></animation>
    <animation id="cable1_jnt-anim" name="cable1_jnt"><animation><source id="cable1_jnt-Matrix-animation-input"><float_array id="cable1_jnt-Matrix-animation-input-array" count="21">

0.000000 0.033333 0.066667 0.100000 0.133333 0.166667 0.200000 0.233333 0.266667 0.300000 0.333333 0.366667 0.400000 0.433333 0.466667 0.500000
0.533333 0.566667 0.600000 0.633333 0.666667</float_array><technique_common><accessor source="#cable1_jnt-Matrix-animation-input-array" count="21"><param name="TIME" type="float"/></accessor></technique_common></source><source id="cable1_jnt-Matrix-animation-output-transform"><float_array id="cable1_jnt-Matrix-animation-output-transform-array" count="336">

0.999985 0.005412 0.000448 -0.000000 -0.005337 0.964369 0.264508 1.799380 0.000999 -0.264507 0.964383 -0.021043 0.000000 0.000000 0.000000 1.000000
0.999982 0.005905 0.000637 -0.000000 -0.005938 0.992803 0.119611 1.799380 0.000074 -0.119613 0.992821 -0.021043 0.000000 0.000000 0.000000 1.000000
0.999960 0.008944 0.000862 -0.000000 -0.008599 0.980362 -0.197016 1.799380 -0.002607 0.197001 0.980400 -0.021043 0.000000 0.000000 0.000000 1.000000
0.999902 0.013991 0.000057 -0.000000 -0.012225 0.875633 -0.482822 1.799380 -0.006805 0.482774 0.875719 -0.021043 0.000000 0.000000 0.000000 1.000000
0.999853 0.017116 -0.000944 -0.000000 -0.014314 0.803335 -0.595355 1.799380 -0.009432 0.595281 0.803462 -0.021043 0.000000 0.000000 0.000000 1.000000
0.999851 0.017095 0.002453 -0.000000 -0.016667 0.992365 -0.122202 1.799380 -0.004524 0.122143 0.992502 -0.021043 0.000000 0.000000 0.000000 1.000000
0.999819 0.017821 0.006666 -0.000000 -0.019007 0.919346 0.392991 1.799380 0.000875 -0.393046 0.919518 -0.021043 0.000000 0.000000 0.000000 1.000000
0.999849 0.016638 0.005045 -0.000000 -0.017382 0.950072 0.311548 1.799380 0.000390 -0.311588 0.950217 -0.021043 0.000000 0.000000 0.000000 1.000000
0.999909 0.013274 0.002442 -0.000000 -0.013437 0.996071 0.087538 1.799380 -0.001270 -0.087562 0.996158 -0.021043 0.000000 0.000000 0.000000 1.000000
0.999966 0.008192 0.000845 -0.000000 -0.007956 0.987471 -0.157598 1.799380 -0.002125 0.157586 0.987503 -0.021043 0.000000 0.000000 0.000000 1.000000
0.999992 0.003911 0.000544 -0.000000 -0.003620 0.963056 -0.269276 1.799380 -0.001577 0.269272 0.963063 -0.021043 0.000000 0.000000 0.000000 1.000000
0.999996 0.002971 -0.000275 -0.000000 -0.002982 0.992579 -0.121567 1.799380 -0.000089 0.121567 0.992583 -0.021043 0.000000 0.000000 0.000000 1.000000
0.999988 0.004730 -0.001290 -0.000000 -0.004713 0.999901 0.013270 1.799380 0.001353 -0.013264 0.999911 -0.021043 0.000000 0.000000 0.000000 1.000000
0.999997 0.002306 -0.001128 -0.000000 -0.002355 0.998954 -0.045656 1.799380 0.001022 0.045659 0.998957 -0.021043 0.000000 0.000000 0.000000 1.000000
1.000000 -0.000713 -0.000517 -0.000000 0.000618 0.986404 -0.164337 1.799380 0.000627 0.164337 0.986404 -0.021043 0.000000 0.000000 0.000000 1.000000
0.999999 -0.001600 -0.000094 -0.000000 0.001529 0.969909 -0.243463 1.799380 0.000481 0.243462 0.969910 -0.021043 0.000000 0.000000 0.000000 1.000000
0.999998 0.001833 -0.000400 -0.000000 -0.001876 0.979055 -0.203589 1.799380 0.000018 0.203590 0.979056 -0.021043 0.000000 0.000000 0.000000 1.000000
0.999941 0.010831 -0.000681 -0.000000 -0.010851 0.996811 -0.079057 1.799380 -0.000177 0.079060 0.996870 -0.021043 0.000000 0.000000 0.000000 1.000000
0.999776 0.021175 0.000160 -0.000000 -0.021138 0.997491 0.067562 1.799380 0.001271 -0.067551 0.997715 -0.021043 0.000000 0.000000 0.000000 1.000000
0.999643 0.026671 0.001616 -0.000000 -0.026559 0.985149 0.169635 1.799380 0.002932 -0.169617 0.985506 -0.021043 0.000000 0.000000 0.000000 1.000000
0.999985 0.005412 0.000448 -0.000000 -0.005337 0.964369 0.264508 1.799380 0.000999 -0.264507 0.964383 -0.021043 0.000000 0.000000 0.000000 1.000000</float_array><technique_common><accessor source="#cable1_jnt-Matrix-animation-output-transform-array" count="21" stride="16"><param type="float4x4"/></accessor></technique_common></source><source id="cable1_jnt-Interpolations"><Name_array id="cable1_jnt-Interpolations-array" count="21">
 LINEAR LINEAR LINEAR LINEAR LINEAR LINEAR LINEAR LINEAR LINEAR LINEAR LINEAR
LINEAR LINEAR LINEAR LINEAR LINEAR LINEAR LINEAR LINEAR LINEAR LINEAR</Name_array><technique_common><accessor source="#cable1_jnt-Interpolations-array" count="21"><param type="name"/></accessor></technique_common></source><sampler id="cable1_jnt-Matrix-animation-transform"><input semantic="INPUT" source="#cable1_jnt-Matrix-animation-input"/><input semantic="OUTPUT" source="#cable1_jnt-Matrix-animation-output-transform"/><input semantic="INTERPOLATION" source="#cable1_jnt-Interpolations"/></sampler><channel source="#cable1_jnt-Matrix-animation-transform" target="cable1_jnt/matrix"/></animation></animation>
    <animation id="cable2_jnt-anim" name="cable2_jnt"><animation><source id="cable2_jnt-Matrix-animation-input"><float_array id="cable2_jnt-Matrix-animation-input-array" count="21">

0.000000 0.033333 0.066667 0.100000 0.133333 0.166667 0.200000 0.233333 0.266667 0.300000 0.333333 0.366667 0.400000 0.433333 0.466667 0.500000
0.533333 0.566667 0.600000 0.633333 0.666667</float_array><technique_common><accessor source="#cable2_jnt-Matrix-animation-input-array" count="21"><param name="TIME" type="float"/></accessor></technique_common></source><source id="cable2_jnt-Matrix-animation-output-transform"><float_array id="cable2_jnt-Matrix-animation-output-transform-array" count="336">

0.980350 -0.172384 -0.095902 0.000000 0.185612 0.641472 0.744353 1.660000 -0.066796 -0.747527 0.660864 0.000000 0.000000 0.000000 0.000000 1.000000
0.979776 -0.179128 -0.089176 -0.000000 0.191936 0.715328 0.671913 1.660000 -0.056568 -0.675440 0.735242 0.000000 0.000000 0.000000 0.000000 1.000000
0.981554 -0.179378 -0.066139 -0.000000 0.189658 0.869996 0.455123 1.660000 -0.024098 -0.459272 0.887969 0.000000 0.000000 0.000000 0.000000 1.000000
0.986733 -0.156293 -0.043929 0.000000 0.161928 0.966940 0.196991 1.660000 0.011688 -0.201491 0.979421 0.000000 0.000000 0.000000 0.000000 1.000000
0.990236 -0.134160 -0.037859 0.000000 0.136770 0.987539 0.077845 1.660000 0.026944 -0.082263 0.996246 0.000000 0.000000 0.000000 0.000000 1.000000
0.992970 -0.110494 -0.042441 0.000000 0.117415 0.874180 0.471194 1.660000 -0.014963 -0.472864 0.881008 0.000000 0.000000 0.000000 0.000000 1.000000
0.994737 -0.096081 -0.035599 -0.000000 0.089322 0.642914 0.760712 1.660000 -0.050203 -0.759888 0.648113 0.000000 0.000000 0.000000 0.000000 1.000000
0.994609 -0.098525 -0.032331 -0.000000 0.097665 0.785318 0.611340 1.660000 -0.034842 -0.611202 0.790707 0.000000 0.000000 0.000000 0.000000 1.000000
0.991191 -0.130430 -0.022967 0.000000 0.132407 0.979652 0.150830 1.660000 0.002827 -0.152542 0.988293 0.000000 0.000000 0.000000 0.000000 1.000000
0.988446 -0.150886 0.014408 0.000000 0.138088 0.857237 -0.496062 1.660000 0.062498 0.492320 0.868168 0.000000 0.000000 0.000000 0.000000 1.000000
0.989918 -0.139442 0.024875 0.000000 0.113645 0.677079 -0.727082 1.660000 0.084543 0.722579 0.686100 0.000000 0.000000 0.000000 0.000000 1.000000
0.981790 -0.189727 -0.009564 -0.000000 0.182224 0.954802 -0.234837 1.660000 0.053687 0.228818 0.971988 0.000000 0.000000 0.000000 0.000000 1.000000
0.986039 -0.154339 -0.062506 -0.000000 0.164048 0.964779 0.205646 1.660000 0.028566 -0.213029 0.976628 0.000000 0.000000 0.000000 0.000000 1.000000
0.986292 -0.152338 -0.063420 -0.000000 0.161378 0.970703 0.178025 1.660000 0.034442 -0.185819 0.981980 0.000000 0.000000 0.000000 0.000000 1.000000
0.986221 -0.152045 -0.065201 0.000000 0.159804 0.977497 0.137707 1.660000 0.042796 -0.146228 0.988325 0.000000 0.000000 0.000000 0.000000 1.000000
0.986850 -0.149434 -0.061617 0.000000 0.153432 0.985937 0.066233 1.660000 0.050854 -0.074816 0.995900 0.000000 0.000000 0.000000 0.000000 1.000000
