<?xml version="1.0" encoding="utf-8"?>
<COLLADA xmlns="http://www.collada.org/2005/11/COLLADASchema" version="1.4.1">
  <asset><contributor><author></author><authoring_tool>FBX COLLADA exporter</authoring_tool><comments></comments></contributor><created>2020-04-19T21:37:55Z</created><keywords></keywords><modified>2020-04-19T21:37:55Z</modified><revision></revision><subject></subject><title></title><unit meter="0.010000" name="centimeter"></unit><up_axis>Y_UP</up_axis></asset>
  <library_animations>
    <animation id="rig_root_jnt-anim" name="rig_root_jnt"><animation><source id="rig_root_jnt-Matrix-animation-input"><float_array id="rig_root_jnt-Matrix-animation-input-array" count="13">

0.000000 0.033333 0.066667 0.100000 0.133333 0.166667 0.200000 0.233333 0.266667 0.300000 0.333333 0.366667 0.400000</float_array><technique_common><accessor source="#rig_root_jnt-Matrix-animation-input-array" count="13"><param name="TIME" type="float"/></accessor></technique_common></source><source id="rig_root_jnt-Matrix-animation-output-transform"><float_array id="rig_root_jnt-Matrix-animation-output-transform-array" count="208">

0.994417 -0.105055 -0.009899 0.017811 0.104592 0.968913 0.224204 1.797355 -0.013962 -0.223988 0.974492 -0.080613 0.000000 0.000000 0.000000 1.000000
0.991773 -0.127201 -0.014349 0.022390 0.127395 0.969850 0.207756 1.797891 -0.012510 -0.207874 0.978076 -0.035859 0.000000 0.000000 0.000000 1.000000
0.988614 -0.150081 -0.010895 0.026685 0.150203 0.979882 0.131419 1.798658 -0.009048 -0.131559 0.991267 -0.018602 0.000000 0.000000 0.000000 1.000000
0.992825 -0.119265 0.008597 0.032420 0.119473 0.992374 -0.030323 1.701263 -0.004915 0.031133 0.999503 -0.079527 0.000000 0.000000 0.000000 1.000000
0.998998 -0.043244 0.011563 0.020566 0.044740 0.972967 -0.226570 1.494705 -0.001452 0.226860 0.973926 -0.253850 0.000000 0.000000 0.000000 1.000000
1.000000 0.000000 0.000000 -0.000742 0.000000 0.944549 -0.328370 1.268607 0.000000 0.328370 0.944549 -0.472932 0.000000 0.000000 0.000000 1.000000
1.000000 0.000000 0.000000 -0.000543 0.000000 0.961879 -0.273475 1.020150 0.000000 0.273475 0.961879 -0.559499 0.000000 0.000000 0.000000 1.000000
1.000000 0.000000 0.000000 -0.000344 0.000000 0.992482 -0.122389 0.846189 0.000000 0.122389 0.992482 -0.449256 0.000000 0.000000 0.000000 1.000000
1.000000 0.000000 0.000000 -0.000170 0.000000 0.997861 0.065377 1.122766 0.000000 -0.065377 0.997861 -0.204107 0.000000 0.000000 0.000000 1.000000
1.000000 0.000000 0.000000 -0.000047 0.000000 0.974919 0.222558 1.734187 0.000000 -0.222558 0.974919 -0.113946 0.000000 0.000000 0.000000 1.000000
1.000000 0.000000 0.000000 0.000000 0.000000 0.957835 0.287317 2.065389 0.000000 -0.287317 0.957835 -0.146577 0.000000 0.000000 0.000000 1.000000
1.000000 0.000000 0.000000 -0.000204 0.000000 0.974473 0.224504 1.932185 0.000000 -0.224504 0.974473 -0.111691 0.000000 0.000000 0.000000 1.000000
1.000000 0.000000 0.000000 -0.000543 0.000000 0.986996 0.160743 1.795401 0.000000 -0.160743 0.986996 -0.078022 0.000000 0.000000 0.000000 1.000000</float_array><technique_common><accessor source="#rig_root_jnt-Matrix-animation-output-transform-array" count="13" stride="16"><param type="float4x4"/></accessor></technique_common></source><source id="rig_root_jnt-Interpolations"><Name_array id="rig_root_jnt-Interpolations-array" count="13">
 LINEAR LINEAR LINEAR LINEAR LINEAR LINEAR LINEAR LINEAR LINEAR LINEAR LINEAR
LINEAR LINEAR</Name_array><technique_common><accessor source="#rig_root_jnt-Interpolations-array" count="13"><param type="name"/></accessor></technique_common></source><sampler id="rig_root_jnt-Matrix-animation-transform"><input semantic="INPUT" source="#rig_root_jnt-Matrix-animation-input"/><input semantic="OUTPUT" source="#rig_root_jnt-Matrix-animation-output-transform"/><input semantic="INTERPOLATION" source="#rig_root_jnt-Interpolations"/></sampler><channel source="#rig_root_jnt-Matrix-animation-transform" target="rig_root_jnt/matrix"/></animation></animation>
    <animation id="rig_jnt_spine1-anim" name="rig_jnt_spine1"><animation><source id="rig_jnt_spine1-Matrix-animation-input"><float_array id="rig_jnt_spine1-Matrix-animation-input-array" count="13">

0.000000 0.033333 0.066667 0.100000 0.133333 0.166667 0.200000 0.233333 0.266667 0.300000 0.333333 0.366667 0.400000</float_array><technique_common><accessor source="#rig_jnt_spine1-Matrix-animation-input-array" count="13"><param name="TIME" type="float"/></accessor></technique_common></source><source id="rig_jnt_spine1-Matrix-animation-output-transform"><float_array id="rig_jnt_spine1-Matrix-animation-output-transform-array" count="208">

0.994137 -0.100573 0.039710 0.000000 0.107313 0.962709 -0.248343 0.479000 -0.013253 0.251148 0.967858 0.000000 0.000000 0.000000 0.000000 1.000000
0.991431 -0.122466 0.045459 0.000000 0.130100 0.957031 -0.259164 0.479000 -0.011767 0.262857 0.964763 0.000000 0.000000 0.000000 0.000000 1.000000
0.988217 -0.141912 0.057348 0.000000 0.152845 0.934836 -0.320498 0.479000 -0.008128 0.325487 0.945512 0.000000 0.000000 0.000000 0.000000 1.000000
0.992528 -0.106702 0.059191 0.000000 0.121966 0.881929 -0.455331 0.479000 -0.003617 0.459148 0.888353 0.000000 0.000000 0.000000 0.000000 1.000000
0.998896 -0.037465 0.028349 0.000000 0.046981 0.793133 -0.607234 0.479000 0.000266 0.607895 0.794017 0.000000 0.000000 0.000000 0.000000 1.000000
0.999996 -0.002826 0.000000 0.000000 0.002095 0.741217 -0.671262 0.479000 0.001897 0.671259 0.741220 0.000000 0.000000 0.000000 0.000000 1.000000
0.999996 -0.002826 -0.000000 0.000000 0.002241 0.792974 -0.609252 0.479000 0.001722 0.609249 0.792977 -0.000000 0.000000 0.000000 0.000000 1.000000
0.999996 -0.002826 -0.000000 0.000000 0.002507 0.887235 -0.461311 0.479000 0.001304 0.461309 0.887239 0.000000 0.000000 0.000000 0.000000 1.000000
0.999996 -0.002826 0.000000 0.000000 0.002721 0.962752 -0.270372 0.479000 0.000764 0.270371 0.962756 0.000000 0.000000 0.000000 0.000000 1.000000
0.999996 -0.002826 0.000000 0.000000 0.002811 0.994712 -0.102660 0.479000 0.000290 0.102660 0.994716 0.000000 0.000000 0.000000 0.000000 1.000000
0.999996 -0.002826 0.000000 0.000000 0.002824 0.999501 -0.031456 0.479000 0.000089 0.031456 0.999505 -0.000000 0.000000 0.000000 0.000000 1.000000
0.999996 -0.002826 0.000000 0.000000 0.002813 0.995348 -0.096303 0.479000 0.000272 0.096303 0.995352 0.000000 0.000000 0.000000 0.000000 1.000000
0.999996 -0.002826 0.000000 0.000000 0.002789 0.986992 -0.160743 0.479000 0.000454 0.160742 0.986996 0.000000 0.000000 0.000000 0.000000 1.000000</float_array><technique_common><accessor source="#rig_jnt_spine1-Matrix-animation-output-transform-array" count="13" stride="16"><param type="float4x4"/></accessor></technique_common></source><source id="rig_jnt_spine1-Interpolations"><Name_array id="rig_jnt_spine1-Interpolations-array" count="13">
 LINEAR LINEAR LINEAR LINEAR LINEAR LINEAR LINEAR LINEAR LINEAR LINEAR LINEAR
LINEAR LINEAR</Name_array><technique_common><accessor source="#rig_jnt_spine1-Interpolations-array" count="13"><param type="name"/></accessor></technique_common></source><sampler id="rig_jnt_spine1-Matrix-animation-transform"><input semantic="INPUT" source="#rig_jnt_spine1-Matrix-animation-input"/><input semantic="OUTPUT" source="#rig_jnt_spine1-Matrix-animation-output-transform"/><input semantic="INTERPOLATION" source="#rig_jnt_spine1-Interpolations"/></sampler><channel source="#rig_jnt_spine1-Matrix-animation-transform" target="rig_jnt_spine1/matrix"/></animation></animation>
    <animation id="rig_jnt_spine2-anim" name="rig_jnt_spine2"><animation><source id="rig_jnt_spine2-Matrix-animation-input"><float_array id="rig_jnt_spine2-Matrix-animation-input-array" count="13">

0.000000 0.033333 0.066667 0.100000 0.133333 0.166667 0.200000 0.233333 0.266667 0.300000 0.333333 0.366667 0.400000</float_array><technique_common><accessor source="#rig_jnt_spine2-Matrix-animation-input-array" count="13"><param name="TIME" type="float"/></accessor></technique_common></source><source id="rig_jnt_spine2-Matrix-animation-output-transform"><float_array id="rig_jnt_spine2-Matrix-animation-output-transform-array" count="208">

1.000000 0.000000 -0.000000 0.000000 -0.000000 1.000000 -0.000000 0.449000 0.000000 -0.000000 1.000000 0.000000 0.000000 0.000000 0.000000 1.000000
1.000000 0.000000 -0.000000 -0.000000 -0.000000 1.000000 0.000000 0.449000 -0.000000 0.000000 1.000000 0.000000 0.000000 0.000000 0.000000 1.000000
1.000000 0.000000 0.000000 0.000000 -0.000000 1.000000 0.000000 0.449000 -0.000000 -0.000000 1.000000 0.000000 0.000000 0.000000 0.000000 1.000000
1.000000 0.000000 0.000000 0.000000 0.000000 1.000000 0.000000 0.449000 0.000000 0.000000 1.000000 0.000000 0.000000 0.000000 0.000000 1.000000
1.000000 0.000000 0.000000 -0.000000 -0.000000 1.000000 0.000000 0.449000 -0.000000 -0.000000 1.000000 0.000000 0.000000 0.000000 0.000000 1.000000
1.000000 0.000000 0.000000 -0.000000 0.000000 1.000000 -0.000000 0.449000 0.000000 0.000000 1.000000 0.000000 0.000000 0.000000 0.000000 1.000000
1.000000 0.000000 0.000000 0.000000 -0.000000 1.000000 0.000000 0.449000 -0.000000 0.000000 1.000000 0.000000 0.000000 0.000000 0.000000 1.000000
1.000000 -0.000000 0.000000 0.000000 -0.000000 1.000000 0.000000 0.449000 -0.000000 -0.000000 1.000000 0.000000 0.000000 0.000000 0.000000 1.000000
1.000000 0.000000 0.000000 0.000000 -0.000000 1.000000 -0.000000 0.449000 -0.000000 -0.000000 1.000000 0.000000 0.000000 0.000000 0.000000 1.000000
1.000000 0.000000 0.000000 0.000000 -0.000000 1.000000 0.000000 0.449000 0.000000 0.000000 1.000000 -0.000000 0.000000 0.000000 0.000000 1.000000
1.000000 0.000000 0.000000 0.000000 0.000000 1.000000 0.000000 0.449000 0.000000 -0.000000 1.000000 0.000000 0.000000 0.000000 0.000000 1.000000
1.000000 0.000000 0.000000 0.000000 -0.000000 1.000000 0.000000 0.449000 0.000000 0.000000 1.000000 0.000000 0.000000 0.000000 0.000000 1.000000
1.000000 0.000000 0.000000 0.000000 -0.000000 1.000000 0.000000 0.449000 -0.000000 -0.000000 1.000000 -0.000000 0.000000 0.000000 0.000000 1.000000</float_array><technique_common><accessor source="#rig_jnt_spine2-Matrix-animation-output-transform-array" count="13" stride="16"><param type="float4x4"/></accessor></technique_common></source><source id="rig_jnt_spine2-Interpolations"><Name_array id="rig_jnt_spine2-Interpolations-array" count="13">
 LINEAR LINEAR LINEAR LINEAR LINEAR LINEAR LINEAR LINEAR LINEAR LINEAR LINEAR
LINEAR LINEAR</Name_array><technique_common><accessor source="#rig_jnt_spine2-Interpolations-array" count="13"><param type="name"/></accessor></technique_common></source><sampler id="rig_jnt_spine2-Matrix-animation-transform"><input semantic="INPUT" source="#rig_jnt_spine2-Matrix-animation-input"/><input semantic="OUTPUT" source="#rig_jnt_spine2-Matrix-animation-output-transform"/><input semantic="INTERPOLATION" source="#rig_jnt_spine2-Interpolations"/></sampler><channel source="#rig_jnt_spine2-Matrix-animation-transform" target="rig_jnt_spine2/matrix"/></animation></animation>
    <animation id="rig_jnt_head-anim" name="rig_jnt_head"><animation><source id="rig_jnt_head-Matrix-animation-input"><float_array id="rig_jnt_head-Matrix-animation-input-array" count="13">

0.000000 0.033333 0.066667 0.100000 0.133333 0.166667 0.200000 0.233333 0.266667 0.300000 0.333333 0.366667 0.400000</float_array><technique_common><accessor source="#rig_jnt_head-Matrix-animation-input-array" count="13"><param name="TIME" type="float"/></accessor></technique_common></source><source id="rig_jnt_head-Matrix-animation-output-transform"><float_array id="rig_jnt_head-Matrix-animation-output-transform-array" count="208">

0.995477 -0.095007 0.000176 -0.000000 0.093954 0.984709 0.146703 0.296642 -0.014111 -0.146023 0.989181 -0.000000 0.000000 0.000000 0.000000 1.000000
0.993074 -0.117454 -0.002786 -0.000000 0.116786 0.984288 0.132431 0.296642 -0.012812 -0.131839 0.991188 -0.000000 0.000000 0.000000 0.000000 1.000000
0.990146 -0.140032 0.001522 0.000000 0.139675 0.988288 0.061470 0.296642 -0.010112 -0.060652 0.998108 0.000000 0.000000 0.000000 0.000000 1.000000
0.993992 -0.108008 0.017734 0.000000 0.109190 0.989743 -0.092122 0.296642 -0.007602 0.093505 0.995590 -0.000000 0.000000 0.000000 0.000000 1.000000
0.999366 -0.032039 0.015497 0.000000 0.035078 0.960324 -0.276673 0.296642 -0.006017 0.277042 0.960839 0.000000 0.000000 0.000000 0.000000 1.000000
0.999943 0.010555 0.001707 -0.000000 -0.009197 0.930507 -0.366159 0.296642 -0.005454 0.366122 0.930551 -0.000000 0.000000 0.000000 0.000000 1.000000
0.999943 0.010555 0.001707 0.000000 -0.009552 0.953590 -0.300956 0.296642 -0.004805 0.300922 0.953637 -0.000000 0.000000 0.000000 0.000000 1.000000
0.999943 0.010555 0.001707 -0.000000 -0.010211 0.990063 -0.140255 0.296642 -0.003171 0.140229 0.990114 -0.000000 0.000000 0.000000 0.000000 1.000000
0.999943 0.010555 0.001707 0.000000 -0.010634 0.998365 0.056158 0.296642 -0.001112 -0.056173 0.998420 -0.000000 0.000000 0.000000 0.000000 1.000000
0.999943 0.010555 0.001707 0.000000 -0.010673 0.975585 0.219365 0.296642 0.000650 -0.219370 0.975641 0.000000 0.000000 0.000000 0.000000 1.000000
0.999943 0.010555 0.001707 -0.000000 -0.010602 0.958086 0.286284 0.296642 0.001386 -0.286286 0.958143 -0.000000 0.000000 0.000000 0.000000 1.000000
0.999943 0.010555 0.001707 0.000000 -0.010670 0.974656 0.223453 0.296642 0.000694 -0.223459 0.974713 0.000000 0.000000 0.000000 0.000000 1.000000
0.999943 0.010555 0.001707 0.000000 -0.010692 0.987111 0.159679 0.296642 0.000000 -0.159688 0.987168 0.000000 0.000000 0.000000 0.000000 1.000000</float_array><technique_common><accessor source="#rig_jnt_head-Matrix-animation-output-transform-array" count="13" stride="16"><param type="float4x4"/></accessor></technique_common></source><source id="rig_jnt_head-Interpolations"><Name_array id="rig_jnt_head-Interpolations-array" count="13">
 LINEAR LINEAR LINEAR LINEAR LINEAR LINEAR LINEAR LINEAR LINEAR LINEAR LINEAR
LINEAR LINEAR</Name_array><technique_common><accessor source="#rig_jnt_head-Interpolations-array" count="13"><param type="name"/></accessor></technique_common></source><sampler id="rig_jnt_head-Matrix-animation-transform"><input semantic="INPUT" source="#rig_jnt_head-Matrix-animation-input"/><input semantic="OUTPUT" source="#rig_jnt_head-Matrix-animation-output-transform"/><input semantic="INTERPOLATION" source="#rig_jnt_head-Interpolations"/></sampler><channel source="#rig_jnt_head-Matrix-animation-transform" target="rig_jnt_head/matrix"/></animation></animation>
    <animation id="master_ctrl-anim" name="master_ctrl"><animation><source id="master_ctrl-Matrix-animation-input"><float_array id="master_ctrl-Matrix-animation-input-array" count="13">

0.000000 0.033333 0.066667 0.100000 0.133333 0.166667 0.200000 0.233333 0.266667 0.300000 0.333333 0.366667 0.400000</float_array><technique_common><accessor source="#master_ctrl-Matrix-animation-input-array" count="13"><param name="TIME" type="float"/></accessor></technique_common></source><source id="master_ctrl-Matrix-animation-output-transform"><float_array id="master_ctrl-Matrix-animation-output-transform-array" count="208">

1.000000 0.000000 0.000000 0.000000 0.000000 1.000000 0.000000 0.000000 0.000000 0.000000 1.000000 0.000000 0.000000 0.000000 0.000000 1.000000
1.000000 0.000000 0.000000 0.000000 0.000000 1.000000 0.000000 0.000000 0.000000 0.000000 1.000000 0.000000 0.000000 0.000000 0.000000 1.000000
1.000000 0.000000 0.000000 0.000000 0.000000 1.000000 0.000000 0.000000 0.000000 0.000000 1.000000 0.000000 0.000000 0.000000 0.000000 1.000000
1.000000 0.000000 0.000000 0.000000 0.000000 1.000000 0.000000 0.000000 0.000000 0.000000 1.000000 0.000000 0.000000 0.000000 0.000000 1.000000
1.000000 0.000000 0.000000 0.000000 0.000000 1.000000 0.000000 0.000000 0.000000 0.000000 1.000000 0.000000 0.000000 0.000000 0.000000 1.000000
1.000000 0.000000 0.000000 0.000000 0.000000 1.000000 0.000000 0.000000 0.000000 0.000000 1.000000 0.000000 0.000000 0.000000 0.000000 1.000000
1.000000 0.000000 0.000000 0.000000 0.000000 1.000000 0.000000 0.000000 0.000000 0.000000 1.000000 0.000000 0.000000 0.000000 0.000000 1.000000
1.000000 0.000000 0.000000 0.000000 0.000000 1.000000 0.000000 0.000000 0.000000 0.000000 1.000000 0.000000 0.000000 0.000000 0.000000 1.000000
1.000000 0.000000 0.000000 0.000000 0.000000 1.000000 0.000000 0.000000 0.000000 0.000000 1.000000 0.000000 0.000000 0.000000 0.000000 1.000000
1.000000 0.000000 0.000000 0.000000 0.000000 1.000000 0.000000 0.000000 0.000000 0.000000 1.000000 0.000000 0.000000 0.000000 0.000000 1.000000
1.000000 0.000000 0.000000 0.000000 0.000000 1.000000 0.000000 0.000000 0.000000 0.000000 1.000000 0.000000 0.000000 0.000000 0.000000 1.000000
1.000000 0.000000 0.000000 0.000000 0.000000 1.000000 0.000000 0.000000 0.000000 0.000000 1.000000 0.000000 0.000000 0.000000 0.000000 1.000000
1.000000 0.000000 0.000000 0.000000 0.000000 1.000000 0.000000 0.000000 0.000000 0.000000 1.000000 0.000000 0.000000 0.000000 0.000000 1.000000</float_array><technique_common><accessor source="#master_ctrl-Matrix-animation-output-transform-array" count="13" stride="16"><param type="float4x4"/></accessor></technique_common></source><source id="master_ctrl-Interpolations"><Name_array id="master_ctrl-Interpolations-array" count="13">
 LINEAR LINEAR LINEAR LINEAR LINEAR LINEAR LINEAR LINEAR LINEAR LINEAR LINEAR
LINEAR LINEAR</Name_array><technique_common><accessor source="#master_ctrl-Interpolations-array" count="13"><param type="name"/></accessor></technique_common></source><sampler id="master_ctrl-Matrix-animation-transform"><input semantic="INPUT" source="#master_ctrl-Matrix-animation-input"/><input semantic="OUTPUT" source="#master_ctrl-Matrix-animation-output-transform"/><input semantic="INTERPOLATION" source="#master_ctrl-Interpolations"/></sampler><channel source="#master_ctrl-Matrix-animation-transform" target="master_ctrl/matrix"/></animation><animation><source id="master_ctrl-visibility-animation-input"><float_array id="master_ctrl-visibility-animation-input-array" count="13">

0.000000 0.033333 0.066667 0.100000 0.133333 0.166667 0.200000 0.233333 0.266667 0.300000 0.333333 0.366667 0.400000</float_array><technique_common><accessor source="#master_ctrl-visibility-animation-input-array" count="13"><param name="TIME" type="float"/></accessor></technique_common></source><source id="master_ctrl-visibility-animation-output"><float_array id="master_ctrl-visibility-animation-output-array" count="13">

1.000000 1.000000 1.000000 1.000000 1.000000 1.000000 1.000000 1.000000 1.000000 1.000000 1.000000 1.000000 1.000000</float_array><technique_common><accessor source="#master_ctrl-visibility-animation-output-array" count="13"><param type="float"/></accessor></technique_common></source><source id="master_ctrl-visibility-animation-intan"><float_array id="master_ctrl-visibility-animation-intan-array" count="13">

0.000000 -0.000000 -0.000000 -0.000000 -0.000000 -0.000000 -0.000000 -0.000000 -0.000000 -0.000000 -0.000000 -0.000000 -0.000000</float_array><technique_common><accessor source="#master_ctrl-visibility-animation-intan-array" count="13"><param type="float"/></accessor></technique_common></source><source id="master_ctrl-visibility-animation-outtan"><float_array id="master_ctrl-visibility-animation-outtan-array" count="13">

0.000000 0.000000 0.000000 0.000000 0.000000 0.000000 0.000000 0.000000 0.000000 0.000000 0.000000 0.000000 0.000000</float_array><technique_common><accessor source="#master_ctrl-visibility-animation-outtan-array" count="13"><param type="float"/></accessor></technique_common></source><source id="master_ctrl-visibility-animation-interpolation"><Name_array id="master_ctrl-visibility-animation-interpolation-array" count="13">
 BEZIER BEZIER BEZIER BEZIER BEZIER BEZIER BEZIER BEZIER BEZIER BEZIER BEZIER
BEZIER BEZIER</Name_array><technique_common><accessor source="#master_ctrl-visibility-animation-interpolation-array" count="13"><param type="name"/></accessor></technique_common></source><sampler id="master_ctrl-visibility-animation"><input semantic="INPUT" source="#master_ctrl-visibility-animation-input"/><input semantic="OUTPUT" source="#master_ctrl-visibility-animation-output"/><input semantic="IN_TANGENT" source="#master_ctrl-visibility-animation-intan"/><input semantic="OUT_TANGENT" source="#master_ctrl-visibility-animation-outtan"/><input semantic="INTERPOLATION" source="#master_ctrl-visibility-animation-interpolation"/></sampler><channel source="#master_ctrl-visibility-animation" target="master_ctrl/visibility"/></animation></animation>
    <animation id="rig_ctrl-anim" name="rig_ctrl"></animation>
    <animation id="jnt_head-anim" name="jnt_head"><animation><source id="jnt_head-Matrix-animation-input"><float_array id="jnt_head-Matrix-animation-input-array" count="13">

0.000000 0.033333 0.066667 0.100000 0.133333 0.166667 0.200000 0.233333 0.266667 0.300000 0.333333 0.366667 0.400000</float_array><technique_common><accessor source="#jnt_head-Matrix-animation-input-array" count="13"><param name="TIME" type="float"/></accessor></technique_common></source><source id="jnt_head-Matrix-animation-output-transform"><float_array id="jnt_head-Matrix-animation-output-transform-array" count="208">

1.000000 0.000000 0.000000 0.000000 0.000000 1.000000 0.000000 0.000000 0.000000 0.000000 1.000000 0.000000 0.000000 0.000000 0.000000 1.000000
1.000000 0.000000 0.000000 0.000000 0.000000 1.000000 0.000000 0.000000 0.000000 0.000000 1.000000 0.000000 0.000000 0.000000 0.000000 1.000000
1.000000 0.000000 0.000000 0.000000 0.000000 1.000000 0.000000 0.000000 0.000000 0.000000 1.000000 0.000000 0.000000 0.000000 0.000000 1.000000
1.000000 0.000000 0.000000 0.000000 0.000000 1.000000 0.000000 0.000000 0.000000 0.000000 1.000000 0.000000 0.000000 0.000000 0.000000 1.000000
1.000000 0.000000 0.000000 0.000000 0.000000 1.000000 0.000000 0.000000 0.000000 0.000000 1.000000 0.000000 0.000000 0.000000 0.000000 1.000000
1.000000 0.000000 0.000000 0.000000 0.000000 1.000000 0.000000 0.000000 0.000000 0.000000 1.000000 0.000000 0.000000 0.000000 0.000000 1.000000
1.000000 0.000000 0.000000 0.000000 0.000000 1.000000 0.000000 0.000000 0.000000 0.000000 1.000000 0.000000 0.000000 0.000000 0.000000 1.000000
1.000000 0.000000 0.000000 0.000000 0.000000 1.000000 0.000000 0.000000 0.000000 0.000000 1.000000 0.000000 0.000000 0.000000 0.000000 1.000000
1.000000 0.000000 0.000000 0.000000 0.000000 1.000000 0.000000 0.000000 0.000000 0.000000 1.000000 0.000000 0.000000 0.000000 0.000000 1.000000
1.000000 0.000000 0.000000 0.000000 0.000000 1.000000 0.000000 0.000000 0.000000 0.000000 1.000000 0.000000 0.000000 0.000000 0.000000 1.000000
1.000000 0.000000 0.000000 0.000000 0.000000 1.000000 0.000000 0.000000 0.000000 0.000000 1.000000 0.000000 0.000000 0.000000 0.000000 1.000000
1.000000 0.000000 0.000000 0.000000 0.000000 1.000000 0.000000 0.000000 0.000000 0.000000 1.000000 0.000000 0.000000 0.000000 0.000000 1.000000
1.000000 0.000000 0.000000 0.000000 0.000000 1.000000 0.000000 0.000000 0.000000 0.000000 1.000000 0.000000 0.000000 0.000000 0.000000 1.000000</float_array><technique_common><accessor source="#jnt_head-Matrix-animation-output-transform-array" count="13" stride="16"><param type="float4x4"/></accessor></technique_common></source><source id="jnt_head-Interpolations"><Name_array id="jnt_head-Interpolations-array" count="13">
 LINEAR LINEAR LINEAR LINEAR LINEAR LINEAR LINEAR LINEAR LINEAR LINEAR LINEAR
LINEAR LINEAR</Name_array><technique_common><accessor source="#jnt_head-Interpolations-array" count="13"><param type="name"/></accessor></technique_common></source><sampler id="jnt_head-Matrix-animation-transform"><input semantic="INPUT" source="#jnt_head-Matrix-animation-input"/><input semantic="OUTPUT" source="#jnt_head-Matrix-animation-output-transform"/><input semantic="INTERPOLATION" source="#jnt_head-Interpolations"/></sampler><channel source="#jnt_head-Matrix-animation-transform" target="jnt_head/matrix"/></animation></animation>
    <animation id="cable1_jnt-anim" name="cable1_jnt"><animation><source id="cable1_jnt-Matrix-animation-input"><float_array id="cable1_jnt-Matrix-animation-input-array" count="13">

0.000000 0.033333 0.066667 0.100000 0.133333 0.166667 0.200000 0.233333 0.266667 0.300000 0.333333 0.366667 0.400000</float_array><technique_common><accessor source="#cable1_jnt-Matrix-animation-input-array" count="13"><param name="TIME" type="float"/></accessor></technique_common></source><source id="cable1_jnt-Matrix-animation-output-transform"><float_array id="cable1_jnt-Matrix-animation-output-transform-array" count="208">

0.976257 0.086182 -0.198732 -0.000000 -0.052294 0.984079 0.169862 1.799380 0.210208 -0.155437 0.965221 -0.021043 0.000000 0.000000 0.000000 1.000000
0.977508 0.084213 -0.193356 -0.000000 -0.049045 0.982453 0.179946 1.799380 0.205117 -0.166416 0.964486 -0.021043 0.000000 0.000000 0.000000 1.000000
0.980688 0.077534 -0.179554 -0.000000 -0.040324 0.978496 0.202288 1.799380 0.191376 -0.191141 0.962725 -0.021043 0.000000 0.000000 0.000000 1.000000
0.984799 0.065457 -0.160892 -0.000000 -0.027973 0.973952 0.225022 1.799380 0.171431 -0.217100 0.960978 -0.021043 0.000000 0.000000 0.000000 1.000000
0.988779 0.049715 -0.140871 -0.000000 -0.015113 0.971451 0.236757 1.799380 0.148619 -0.231971 0.961302 -0.021043 0.000000 0.000000 0.000000 1.000000
0.991835 0.034974 -0.122637 -0.000000 -0.006346 0.974004 0.226441 1.799380 0.127369 -0.223814 0.966273 -0.021043 0.000000 0.000000 0.000000 1.000000
0.994369 -0.038877 -0.098584 -0.000000 0.020551 0.983361 -0.180499 1.799380 0.103961 0.177456 0.978622 -0.021043 0.000000 0.000000 0.000000 1.000000
0.997723 -0.006862 -0.067089 -0.000000 -0.033177 0.816161 -0.576872 1.799380 0.058714 0.577784 0.814075 -0.021043 0.000000 0.000000 0.000000 1.000000
0.996887 0.046541 -0.063643 -0.000000 -0.052537 0.993990 -0.096039 1.799380 0.058791 0.099083 0.993341 -0.021043 0.000000 0.000000 0.000000 1.000000
0.998759 0.031227 -0.038811 -0.000000 -0.025094 0.988440 0.149519 1.799380 0.043031 -0.148360 0.987997 -0.021043 0.000000 0.000000 0.000000 1.000000
0.999696 0.015174 -0.019431 -0.000000 -0.009764 0.967389 0.253109 1.799380 0.022638 -0.252842 0.967243 -0.021043 0.000000 0.000000 0.000000 1.000000
0.995843 0.090870 0.006308 -0.000000 -0.090956 0.995744 0.014882 1.799380 -0.004928 -0.015393 0.999869 -0.021043 0.000000 0.000000 0.000000 1.000000
0.989436 0.143454 0.020929 -0.000000 -0.140894 0.985527 -0.094259 1.799380 -0.034148 0.090314 0.995328 -0.021043 0.000000 0.000000 0.000000 1.000000</float_array><technique_common><accessor source="#cable1_jnt-Matrix-animation-output-transform-array" count="13" stride="16"><param type="float4x4"/></accessor></technique_common></source><source id="cable1_jnt-Interpolations"><Name_array id="cable1_jnt-Interpolations-array" count="13">
 LINEAR LINEAR LINEAR LINEAR LINEAR LINEAR LINEAR LINEAR LINEAR LINEAR LINEAR
LINEAR LINEAR</Name_array><technique_common><accessor source="#cable1_jnt-Interpolations-array" count="13"><param type="name"/></accessor></technique_common></source><sampler id="cable1_jnt-Matrix-animation-transform"><input semantic="INPUT" source="#cable1_jnt-Matrix-animation-input"/><input semantic="OUTPUT" source="#cable1_jnt-Matrix-animation-output-transform"/><input semantic="INTERPOLATION" source="#cable1_jnt-Interpolations"/></sampler><channel source="#cable1_jnt-Matrix-animation-transform" target="cable1_jnt/matrix"/></animation></animation>
    <animation id="cable2_jnt-anim" name="cable2_jnt"><animation><source id="cable2_jnt-Matrix-animation-input"><float_array id="cable2_jnt-Matrix-animation-input-array" count="13">

0.000000 0.033333 0.066667 0.100000 0.133333 0.166667 0.200000 0.233333 0.266667 0.300000 0.333333 0.366667 0.400000</float_array><technique_common><accessor source="#cable2_jnt-Matrix-animation-input-array" count="13"><param name="TIME" type="float"/></accessor></technique_common></source><source id="cable2_jnt-Matrix-animation-output-transform"><float_array id="cable2_jnt-Matrix-animation-output-transform-array" count="208">

0.975627 0.219429 0.001412 0.000000 -0.177164 0.783880 0.595100 1.660000 0.129476 -0.580846 0.803650 0.000000 0.000000 0.000000 0.000000 1.000000
0.977957 0.208785 0.003137 -0.000000 -0.166159 0.769021 0.617251 1.660000 0.126460 -0.604166 0.786760 0.000000 0.000000 0.000000 0.000000 1.000000
0.983879 0.178761 0.005089 0.000000 -0.136205 0.730613 0.669068 1.660000 0.115885 -0.658976 0.743184 0.000000 0.000000 0.000000 0.000000 1.000000
0.991225 0.132164 0.002314 0.000000 -0.092120 0.678128 0.729148 1.660000 0.094798 -0.722963 0.684353 0.000000 0.000000 0.000000 0.000000 1.000000
0.997136 0.075366 -0.006380 0.000000 -0.042153 0.623785 0.780458 1.660000 0.062800 -0.777954 0.625176 0.000000 0.000000 0.000000 0.000000 1.000000
0.999691 0.019287 -0.015682 -0.000000 0.001529 0.581960 0.813216 1.660000 0.024811 -0.812989 0.581750 0.000000 0.000000 0.000000 0.000000 1.000000
0.852261 0.523015 -0.010335 -0.000000 -0.516493 0.844438 0.141986 1.660000 0.082988 -0.115671 0.989815 0.000000 0.000000 0.000000 0.000000 1.000000
0.994829 0.099398 0.020881 -0.000000 -0.083475 0.917270 -0.389420 1.660000 -0.057862 0.385663 0.920824 0.000000 0.000000 0.000000 0.000000 1.000000
0.997881 0.064594 0.007840 -0.000000 -0.053604 0.884378 -0.463683 1.660000 -0.036885 0.462280 0.885967 0.000000 0.000000 0.000000 0.000000 1.000000
0.998481 -0.054590 0.007462 0.000000 0.051736 0.975503 0.213818 1.660000 -0.018951 -0.213107 0.976845 0.000000 0.000000 0.000000 0.000000 1.000000
0.990341 -0.120271 -0.068988 0.000000 0.131255 0.652869 0.746012 1.660000 -0.044684 -0.747861 0.662350 0.000000 0.000000 0.000000 0.000000 1.000000
0.990066 -0.135234 0.038482 -0.000000 0.134185 0.990541 0.028678 1.660000 -0.041996 -0.023230 0.998848 0.000000 0.000000 0.000000 0.000000 1.000000
0.994250 -0.045594 0.096894 -0.000000 0.103767 0.633686 -0.766599 1.660000 -0.026448 0.772245 0.634774 0.000000 0.000000 0.000000 0.000000 1.000000</float_array><technique_common><accessor source="#cable2_jnt-Matrix-animation-output-transform-array" count="13" stride="16"><param type="float4x4"/></accessor></technique_common></source><source id="cable2_jnt-Interpolations"><Name_array id="cable2_jnt-Interpolations-array" count="13">
 LINEAR LINEAR LINEAR LINEAR LINEAR LINEAR LINEAR LINEAR LINEAR LINEAR LINEAR
LINEAR LINEAR</Name_array><technique_common><accessor source="#cable2_jnt-Interpolations-array" count="13"><param type="name"/></accessor></technique_common></source><sampler id="cable2_jnt-Matrix-animation-transform"><input semantic="INPUT" source="#cable2_jnt-Matrix-animation-input"/><input semantic="OUTPUT" source="#cable2_jnt-Matrix-animation-output-transform"/><input semantic="INTERPOLATION" source="#cable2_jnt-Interpolations"/></sampler><channel source="#cable2_jnt-Matrix-animation-transform" target="cable2_jnt/matrix"/></animation></animation>
    <animation id="cable3_jnt-anim" name="cable3_jnt"><animation><source id="cable3_jnt-Matrix-animation-input"><float_array id="cable3_jnt-Matrix-animation-input-array" count="13">

0.000000 0.033333 0.066667 0.100000 0.133333 0.166667 0.200000 0.233333 0.266667 0.300000 0.333333 0.366667 0.400000</float_array><technique_common><accessor source="#cable3_jnt-Matrix-animation-input-array" count="13"><param name="TIME" type="float"/></accessor></technique_common></source><source id="cable3_jnt-Matrix-animation-output-transform"><float_array id="cable3_jnt-Matrix-animation-output-transform-array" count="208">

0.996018 -0.089061 0.003951 0.000000 0.081688 0.929527 0.359593 1.660000 -0.035698 -0.357839 0.933101 0.000000 0.000000 0.000000 0.000000 1.000000
0.996747 -0.080428 0.005090 0.000000 0.072671 0.924319 0.374637 1.660000 -0.034836 -0.373049 0.927157 -0.000000 0.000000 0.000000 0.000000 1.000000
0.997994 -0.062981 0.006429 0.000000 0.054704 0.909011 0.413166 1.660000 -0.031865 -0.411985 0.910633 0.000000 0.000000 0.000000 0.000000 1.000000
0.998713 -0.050446 0.005305 0.000000 0.042338 0.886628 0.460542 1.660000 -0.027937 -0.459724 0.887622 0.000000 0.000000 0.000000 0.000000 1.000000
0.998826 -0.048408 0.001838 0.000000 0.040946 0.863914 0.501972 1.660000 -0.025888 -0.501307 0.864882 0.000000 0.000000 0.000000 0.000000 1.000000
0.998664 -0.051624 -0.002305 0.000000 0.044753 0.841727 0.538045 1.660000 -0.025836 -0.537429 0.842913 0.000000 0.000000 0.000000 0.000000 1.000000
0.998183 0.039394 0.045591 0.000000 -0.048268 0.975705 0.213703 1.660000 -0.036065 -0.215515 0.975834 -0.000000 0.000000 0.000000 0.000000 1.000000
0.999795 -0.012738 0.015708 0.000000 0.005635 0.921425 0.388514 1.660000 -0.019422 -0.388346 0.921309 0.000000 0.000000 0.000000 0.000000 1.000000
0.994625 0.091550 0.048380 -0.000000 -0.062267 0.902120 -0.426969 1.660000 -0.082733 0.421662 0.902971 -0.000000 0.000000 0.000000 0.000000 1.000000
0.996914 0.072078 0.031088 0.000000 -0.063823 0.974845 -0.213550 1.660000 -0.045698 0.210907 0.976437 0.000000 0.000000 0.000000 0.000000 1.000000
0.999280 0.035533 0.013329 0.000000 -0.037355 0.858984 0.510638 1.660000 0.006695 -0.510768 0.859692 -0.000000 0.000000 0.000000 0.000000 1.000000
0.999574 -0.019349 -0.021870 -0.000000 0.025634 0.222680 0.974554 1.660000 -0.013986 -0.974699 0.223082 -0.000000 0.000000 0.000000 0.000000 1.000000
0.998228 -0.014409 -0.057739 -0.000000 0.054456 -0.170100 0.983921 1.660000 -0.023999 -0.985321 -0.169014 0.000000 0.000000 0.000000 0.000000 1.000000</float_array><technique_common><accessor source="#cable3_jnt-Matrix-animation-output-transform-array" count="13" stride="16"><param type="float4x4"/></accessor></technique_common></source><source id="cable3_jnt-Interpolations"><Name_array id="cable3_jnt-Interpolations-array" count="13">
 LINEAR LINEAR LINEAR LINEAR LINEAR LINEAR LINEAR LINEAR LINEAR LINEAR LINEAR
LINEAR LINEAR</Name_array><technique_common><accessor source="#cable3_jnt-Interpolations-array" count="13"><param type="name"/></accessor></technique_common></source><sampler id="cable3_jnt-Matrix-animation-transform"><input semantic="INPUT" source="#cable3_jnt-Matrix-animation-input"/><input semantic="OUTPUT" source="#cable3_jnt-Matrix-animation-output-transform"/><input semantic="INTERPOLATION" source="#cable3_jnt-Interpolations"/></sampler><channel source="#cable3_jnt-Matrix-animation-transform" target="cable3_jnt/matrix"/></animation></animation>
    <animation id="cable4_jnt-anim" name="cable4_jnt"><animation><source id="cable4_jnt-Matrix-animation-input"><float_array id="cable4_jnt-Matrix-animation-input-array" count="13">

0.000000 0.033333 0.066667 0.100000 0.133333 0.166667 0.200000 0.233333 0.266667 0.300000 0.333333 0.366667 0.400000</float_array><technique_common><accessor source="#cable4_jnt-Matrix-animation-input-array" count="13"><param name="TIME" type="float"/></accessor></technique_common></source><source id="cable4_jnt-Matrix-animation-output-transform"><float_array id="cable4_jnt-Matrix-animation-output-transform-array" count="208">

0.952997 0.058186 -0.297341 0.000000 0.022574 0.965022 0.261194 1.660000 0.302139 -0.255629 0.918349 -0.000000 0.000000 0.000000 0.000000 1.000000
0.955172 0.068953 -0.287910 0.000000 0.016554 0.958538 0.284485 1.660000 0.295588 -0.276498 0.914427 0.000000 0.000000 0.000000 0.000000 1.000000
0.959543 0.097045 -0.264309 0.000000 0.004285 0.933583 0.358335 1.660000 0.281529 -0.344970 0.895398 0.000000 0.000000 0.000000 0.000000 1.000000
0.963976 0.108192 -0.242991 0.000000 0.011151 0.896297 0.443314 1.660000 0.265756 -0.430054 0.862802 -0.000000 0.000000 0.000000 0.000000 1.000000
0.968865 0.085786 -0.232251 -0.000000 0.037421 0.876539 0.479874 1.660000 0.244744 -0.473624 0.846038 0.000000 0.000000 0.000000 0.000000 1.000000
0.972864 0.059092 -0.223704 -0.000000 0.058253 0.873139 0.483978 1.660000 0.223924 -0.483877 0.846003 0.000000 0.000000 0.000000 0.000000 1.000000
0.975107 -0.010075 -0.221504 -0.000000 0.081084 0.945981 0.313920 1.660000 0.206376 -0.324066 0.923250 0.000000 0.000000 0.000000 0.000000 1.000000
0.980742 0.075366 -0.180179 -0.000000 -0.011031 0.942450 0.334165 1.660000 0.194994 -0.325742 0.925132 0.000000 0.000000 0.000000 0.000000 1.000000
0.976750 0.123738 -0.175067 -0.000000 -0.174028 0.934535 -0.310418 1.660000 0.125195 0.333668 0.934340 -0.000000 0.000000 0.000000 0.000000 1.000000
0.988070 0.103445 -0.114091 0.000000 -0.117028 0.985900 -0.119602 1.660000 0.100110 0.131527 0.986245 0.000000 0.000000 0.000000 0.000000 1.000000
0.993923 0.035905 -0.104061 0.000000 0.018822 0.875959 0.482018 1.660000 0.108460 -0.481048 0.869960 0.000000 0.000000 0.000000 0.000000 1.000000
0.990831 -0.086880 -0.103471 0.000000 0.132495 0.774748 0.618232 1.660000 0.026452 -0.626272 0.779156 -0.000000 0.000000 0.000000 0.000000 1.000000
0.997429 0.047267 0.053857 0.000000 -0.070195 0.493448 0.866938 1.660000 0.014402 -0.868490 0.495498 0.000000 0.000000 0.000000 0.000000 1.000000</float_array><technique_common><accessor source="#cable4_jnt-Matrix-animation-output-transform-array" count="13" stride="16"><param type="float4x4"/></accessor></technique_common></source><source id="cable4_jnt-Interpolations"><Name_array id="cable4_jnt-Interpolations-array" count="13">
 LINEAR LINEAR LINEAR LINEAR LINEAR LINEAR LINEAR LINEAR LINEAR LINEAR LINEAR
LINEAR LINEAR</Name_array><technique_common><accessor source="#cable4_jnt-Interpolations-array" count="13"><param type="name"/></accessor></technique_common></source><sampler id="cable4_jnt-Matrix-animation-transform"><input semantic="INPUT" source="#cable4_jnt-Matrix-animation-input"/><input semantic="OUTPUT" source="#cable4_jnt-Matrix-animation-output-transform"/><input semantic="INTERPOLATION" source="#cable4_jnt-Interpolations"/></sampler><channel source="#cable4_jnt-Matrix-animation-transform" target="cable4_jnt/matrix"/></animation></animation>
    <animation id="cable5_jnt-anim" name="cable5_jnt"><animation><source id="cable5_jnt-Matrix-animation-input"><float_array id="cable5_jnt-Matrix-animation-input-array" count="13">

0.000000 0.033333 0.066667 0.100000 0.133333 0.166667 0.200000 0.233333 0.266667 0.300000 0.333333 0.366667 0.400000</float_array><technique_common><accessor source="#cable5_jnt-Matrix-animation-input-array" count="13"><param name="TIME" type="float"/></accessor></technique_common></source><source id="cable5_jnt-Matrix-animation-output-transform"><float_array id="cable5_jnt-Matrix-animation-output-transform-array" count="208">

0.888906 0.130188 0.439201 0.000000 0.093977 0.886549 -0.452990 1.660000 -0.448347 0.443940 0.775823 0.000000 0.000000 0.000000 0.000000 1.000000
0.894582 0.145854 0.422433 0.000000 0.068712 0.889115 -0.452497 1.660000 -0.441590 0.433822 0.785364 0.000000 0.000000 0.000000 0.000000 1.000000
0.904421 0.185323 0.384288 -0.000000 -0.019526 0.917767 -0.396640 1.660000 -0.426193 0.351226 0.833666 0.000000 0.000000 0.000000 0.000000 1.000000
0.926285 0.107927 0.361038 0.000000 -0.067464 0.990124 -0.122896 1.660000 -0.370736 0.089480 0.924418 0.000000 0.000000 0.000000 0.000000 1.000000
0.944006 0.032248 0.328349 -0.000000 -0.044803 0.998523 0.030742 1.660000 -0.326873 -0.043732 0.944056 0.000000 0.000000 0.000000 0.000000 1.000000
0.956482 0.009326 0.291643 -0.000000 -0.043151 0.993021 0.109764 1.660000 -0.288584 -0.117572 0.950208 0.000000 0.000000 0.000000 0.000000 1.000000
0.969604 0.012015 0.244385 0.000000 -0.026171 0.998157 0.054757 1.660000 -0.243276 -0.059488 0.968131 0.000000 0.000000 0.000000 0.000000 1.000000
0.974517 0.054313 0.217640 0.000000 -0.091356 0.982232 0.163937 1.660000 -0.204869 -0.179642 0.962163 0.000000 0.000000 0.000000 0.000000 1.000000
0.967815 0.195578 0.158380 -0.000000 -0.135482 0.935255 -0.327022 1.660000 -0.212084 0.295039 0.931650 0.000000 0.000000 0.000000 0.000000 1.000000
0.977389 0.182652 0.106534 0.000000 -0.152869 0.958462 -0.240795 1.660000 -0.146090 0.219065 0.964712 0.000000 0.000000 0.000000 0.000000 1.000000
