<?xml version="1.0" encoding="utf-8"?>
<COLLADA xmlns="http://www.collada.org/2005/11/COLLADASchema" version="1.4.1">
  <asset><contributor><author></author><authoring_tool>FBX COLLADA exporter</authoring_tool><comments></comments></contributor><created>2020-04-19T21:38:20Z</created><keywords></keywords><modified>2020-04-19T21:38:20Z</modified><revision></revision><subject></subject><title></title><unit meter="0.010000" name="centimeter"></unit><up_axis>Y_UP</up_axis></asset>
  <library_animations>
    <animation id="rig_root_jnt-anim" name="rig_root_jnt"><animation><source id="rig_root_jnt-Matrix-animation-input"><float_array id="rig_root_jnt-Matrix-animation-input-array" count="7">

0.000000 0.033333 0.066667 0.100000 0.133333 0.166667 0.200000</float_array><technique_common><accessor source="#rig_root_jnt-Matrix-animation-input-array" count="7"><param name="TIME" type="float"/></accessor></technique_common></source><source id="rig_root_jnt-Matrix-animation-output-transform"><float_array id="rig_root_jnt-Matrix-animation-output-transform-array" count="112">

1.000000 0.000000 0.000000 0.000000 0.000000 0.986996 0.160743 1.792554 0.000000 -0.160743 0.986996 -0.156044 0.000000 0.000000 0.000000 1.000000
1.000000 0.000000 0.000000 0.000000 0.000000 0.996828 0.079583 1.563606 0.000000 -0.079583 0.996828 -0.156044 0.000000 0.000000 0.000000 1.000000
1.000000 0.000000 0.000000 0.000000 0.000000 0.997394 -0.072141 1.138416 0.000000 0.072141 0.997394 -0.156044 0.000000 0.000000 0.000000 1.000000
1.000000 0.000000 0.000000 0.000000 0.000000 0.988169 -0.153372 0.909467 0.000000 0.153372 0.988169 -0.156044 0.000000 0.000000 0.000000 1.000000
0.995298 -0.096443 0.008965 0.089424 0.096791 0.993792 -0.054847 1.262170 -0.003620 0.055456 0.998455 -0.118694 0.000000 0.000000 0.000000 1.000000
0.989103 -0.146976 -0.008518 0.067172 0.146859 0.980943 0.127217 1.910427 -0.010343 -0.127081 0.991838 -0.043041 0.000000 0.000000 0.000000 1.000000
0.994417 -0.105055 -0.009899 0.047834 0.104592 0.968913 0.224204 2.254406 -0.013962 -0.223988 0.974492 0.001074 0.000000 0.000000 0.000000 1.000000</float_array><technique_common><accessor source="#rig_root_jnt-Matrix-animation-output-transform-array" count="7" stride="16"><param type="float4x4"/></accessor></technique_common></source><source id="rig_root_jnt-Interpolations"><Name_array id="rig_root_jnt-Interpolations-array" count="7">
 LINEAR LINEAR LINEAR LINEAR LINEAR LINEAR LINEAR</Name_array><technique_common><accessor source="#rig_root_jnt-Interpolations-array" count="7"><param type="name"/></accessor></technique_common></source><sampler id="rig_root_jnt-Matrix-animation-transform"><input semantic="INPUT" source="#rig_root_jnt-Matrix-animation-input"/><input semantic="OUTPUT" source="#rig_root_jnt-Matrix-animation-output-transform"/><input semantic="INTERPOLATION" source="#rig_root_jnt-Interpolations"/></sampler><channel source="#rig_root_jnt-Matrix-animation-transform" target="rig_root_jnt/matrix"/></animation></animation>
    <animation id="rig_jnt_spine1-anim" name="rig_jnt_spine1"><animation><source id="rig_jnt_spine1-Matrix-animation-input"><float_array id="rig_jnt_spine1-Matrix-animation-input-array" count="7">

0.000000 0.033333 0.066667 0.100000 0.133333 0.166667 0.200000</float_array><technique_common><accessor source="#rig_jnt_spine1-Matrix-animation-input-array" count="7"><param name="TIME" type="float"/></accessor></technique_common></source><source id="rig_jnt_spine1-Matrix-animation-output-transform"><float_array id="rig_jnt_spine1-Matrix-animation-output-transform-array" count="112">

0.999996 -0.002826 0.000000 0.000000 0.002789 0.986992 -0.160743 0.479000 0.000454 0.160742 0.986996 0.000000 0.000000 0.000000 0.000000 1.000000
0.999996 -0.002826 -0.000000 0.000000 0.002817 0.996824 -0.079583 0.479000 0.000225 0.079582 0.996828 -0.000000 0.000000 0.000000 0.000000 1.000000
0.999996 -0.002826 -0.000000 0.000000 0.002818 0.997390 0.072141 0.479000 -0.000204 -0.072140 0.997394 0.000000 0.000000 0.000000 0.000000 1.000000
0.999996 -0.002826 -0.000000 0.000000 0.002792 0.988165 0.153372 0.479000 -0.000433 -0.153371 0.988169 0.000000 0.000000 0.000000 0.000000 1.000000
0.995020 -0.099665 -0.001069 0.000000 0.099600 0.993852 0.048350 0.479000 -0.003756 -0.048216 0.998830 0.000000 0.000000 0.000000 0.000000 1.000000
0.988693 -0.146543 0.031793 -0.000000 0.149624 0.978131 -0.144474 0.479000 -0.009925 0.147598 0.988998 -0.000000 0.000000 0.000000 0.000000 1.000000
0.994137 -0.100573 0.039710 0.000000 0.107313 0.962709 -0.248343 0.479000 -0.013253 0.251148 0.967858 0.000000 0.000000 0.000000 0.000000 1.000000</float_array><technique_common><accessor source="#rig_jnt_spine1-Matrix-animation-output-transform-array" count="7" stride="16"><param type="float4x4"/></accessor></technique_common></source><source id="rig_jnt_spine1-Interpolations"><Name_array id="rig_jnt_spine1-Interpolations-array" count="7">
 LINEAR LINEAR LINEAR LINEAR LINEAR LINEAR LINEAR</Name_array><technique_common><accessor source="#rig_jnt_spine1-Interpolations-array" count="7"><param type="name"/></accessor></technique_common></source><sampler id="rig_jnt_spine1-Matrix-animation-transform"><input semantic="INPUT" source="#rig_jnt_spine1-Matrix-animation-input"/><input semantic="OUTPUT" source="#rig_jnt_spine1-Matrix-animation-output-transform"/><input semantic="INTERPOLATION" source="#rig_jnt_spine1-Interpolations"/></sampler><channel source="#rig_jnt_spine1-Matrix-animation-transform" target="rig_jnt_spine1/matrix"/></animation></animation>
    <animation id="rig_jnt_spine2-anim" name="rig_jnt_spine2"><animation><source id="rig_jnt_spine2-Matrix-animation-input"><float_array id="rig_jnt_spine2-Matrix-animation-input-array" count="7">

0.000000 0.033333 0.066667 0.100000 0.133333 0.166667 0.200000</float_array><technique_common><accessor source="#rig_jnt_spine2-Matrix-animation-input-array" count="7"><param name="TIME" type="float"/></accessor></technique_common></source><source id="rig_jnt_spine2-Matrix-animation-output-transform"><float_array id="rig_jnt_spine2-Matrix-animation-output-transform-array" count="112">

1.000000 0.000000 0.000000 0.000000 -0.000000 1.000000 0.000000 0.449000 -0.000000 -0.000000 1.000000 0.000000 0.000000 0.000000 0.000000 1.000000
1.000000 0.000000 -0.000000 0.000000 -0.000000 1.000000 -0.000000 0.449000 -0.000000 -0.000000 1.000000 0.000000 0.000000 0.000000 0.000000 1.000000
1.000000 -0.000000 0.000000 -0.000000 0.000000 1.000000 0.000000 0.449000 0.000000 -0.000000 1.000000 0.000000 0.000000 0.000000 0.000000 1.000000
1.000000 0.000000 0.000000 -0.000000 -0.000000 1.000000 0.000000 0.449000 0.000000 -0.000000 1.000000 0.000000 0.000000 0.000000 0.000000 1.000000
1.000000 0.000000 0.000000 0.000000 0.000000 1.000000 0.000000 0.449000 0.000000 0.000000 1.000000 0.000000 0.000000 0.000000 0.000000 1.000000
1.000000 0.000000 0.000000 0.000000 -0.000000 1.000000 -0.000000 0.449000 0.000000 0.000000 1.000000 0.000000 0.000000 0.000000 0.000000 1.000000
1.000000 0.000000 -0.000000 0.000000 -0.000000 1.000000 -0.000000 0.449000 0.000000 -0.000000 1.000000 0.000000 0.000000 0.000000 0.000000 1.000000</float_array><technique_common><accessor source="#rig_jnt_spine2-Matrix-animation-output-transform-array" count="7" stride="16"><param type="float4x4"/></accessor></technique_common></source><source id="rig_jnt_spine2-Interpolations"><Name_array id="rig_jnt_spine2-Interpolations-array" count="7">
 LINEAR LINEAR LINEAR LINEAR LINEAR LINEAR LINEAR</Name_array><technique_common><accessor source="#rig_jnt_spine2-Interpolations-array" count="7"><param type="name"/></accessor></technique_common></source><sampler id="rig_jnt_spine2-Matrix-animation-transform"><input semantic="INPUT" source="#rig_jnt_spine2-Matrix-animation-input"/><input semantic="OUTPUT" source="#rig_jnt_spine2-Matrix-animation-output-transform"/><input semantic="INTERPOLATION" source="#rig_jnt_spine2-Interpolations"/></sampler><channel source="#rig_jnt_spine2-Matrix-animation-transform" target="rig_jnt_spine2/matrix"/></animation></animation>
    <animation id="rig_jnt_head-anim" name="rig_jnt_head"><animation><source id="rig_jnt_head-Matrix-animation-input"><float_array id="rig_jnt_head-Matrix-animation-input-array" count="7">

0.000000 0.033333 0.066667 0.100000 0.133333 0.166667 0.200000</float_array><technique_common><accessor source="#rig_jnt_head-Matrix-animation-input-array" count="7"><param name="TIME" type="float"/></accessor></technique_common></source><source id="rig_jnt_head-Matrix-animation-output-transform"><float_array id="rig_jnt_head-Matrix-animation-output-transform-array" count="112">

0.999943 0.010555 0.001707 -0.000000 -0.010692 0.987111 0.159679 0.296642 0.000000 -0.159688 0.987168 0.000000 0.000000 0.000000 0.000000 1.000000
0.999943 0.010555 0.001707 0.000000 -0.010692 0.987111 0.159679 0.296642 0.000000 -0.159688 0.987168 0.000000 0.000000 0.000000 0.000000 1.000000
0.999943 0.010555 0.001707 -0.000000 -0.010692 0.987111 0.159679 0.296642 0.000000 -0.159688 0.987168 0.000000 0.000000 0.000000 0.000000 1.000000
0.999943 0.010555 0.001707 0.000000 -0.010692 0.987111 0.159679 0.296642 0.000000 -0.159688 0.987168 0.000000 0.000000 0.000000 0.000000 1.000000
0.996033 -0.088977 -0.000740 0.000000 0.088905 0.994820 0.049278 0.296642 -0.003648 -0.049148 0.998785 0.000000 0.000000 0.000000 0.000000 1.000000
0.989506 -0.140734 0.032729 0.000000 0.144117 0.977559 -0.153649 0.296642 -0.010371 0.156754 0.987583 -0.000000 0.000000 0.000000 0.000000 1.000000
0.994417 -0.097164 0.041155 0.000000 0.104592 0.959222 -0.262590 0.296642 -0.013962 0.265429 0.964029 0.000000 0.000000 0.000000 0.000000 1.000000</float_array><technique_common><accessor source="#rig_jnt_head-Matrix-animation-output-transform-array" count="7" stride="16"><param type="float4x4"/></accessor></technique_common></source><source id="rig_jnt_head-Interpolations"><Name_array id="rig_jnt_head-Interpolations-array" count="7">
 LINEAR LINEAR LINEAR LINEAR LINEAR LINEAR LINEAR</Name_array><technique_common><accessor source="#rig_jnt_head-Interpolations-array" count="7"><param type="name"/></accessor></technique_common></source><sampler id="rig_jnt_head-Matrix-animation-transform"><input semantic="INPUT" source="#rig_jnt_head-Matrix-animation-input"/><input semantic="OUTPUT" source="#rig_jnt_head-Matrix-animation-output-transform"/><input semantic="INTERPOLATION" source="#rig_jnt_head-Interpolations"/></sampler><channel source="#rig_jnt_head-Matrix-animation-transform" target="rig_jnt_head/matrix"/></animation></animation>
    <animation id="master_ctrl-anim" name="master_ctrl"><animation><source id="master_ctrl-Matrix-animation-input"><float_array id="master_ctrl-Matrix-animation-input-array" count="7">

0.000000 0.033333 0.066667 0.100000 0.133333 0.166667 0.200000</float_array><technique_common><accessor source="#master_ctrl-Matrix-animation-input-array" count="7"><param name="TIME" type="float"/></accessor></technique_common></source><source id="master_ctrl-Matrix-animation-output-transform"><float_array id="master_ctrl-Matrix-animation-output-transform-array" count="112">

1.000000 0.000000 0.000000 0.000000 0.000000 1.000000 0.000000 0.000000 0.000000 0.000000 1.000000 0.000000 0.000000 0.000000 0.000000 1.000000
1.000000 0.000000 0.000000 0.000000 0.000000 1.000000 0.000000 0.000000 0.000000 0.000000 1.000000 0.000000 0.000000 0.000000 0.000000 1.000000
1.000000 0.000000 0.000000 0.000000 0.000000 1.000000 0.000000 0.000000 0.000000 0.000000 1.000000 0.000000 0.000000 0.000000 0.000000 1.000000
1.000000 0.000000 0.000000 0.000000 0.000000 1.000000 0.000000 0.000000 0.000000 0.000000 1.000000 0.000000 0.000000 0.000000 0.000000 1.000000
1.000000 0.000000 0.000000 0.000000 0.000000 1.000000 0.000000 0.000000 0.000000 0.000000 1.000000 0.000000 0.000000 0.000000 0.000000 1.000000
1.000000 0.000000 0.000000 0.000000 0.000000 1.000000 0.000000 0.000000 0.000000 0.000000 1.000000 0.000000 0.000000 0.000000 0.000000 1.000000
1.000000 0.000000 0.000000 0.000000 0.000000 1.000000 0.000000 0.000000 0.000000 0.000000 1.000000 0.000000 0.000000 0.000000 0.000000 1.000000</float_array><technique_common><accessor source="#master_ctrl-Matrix-animation-output-transform-array" count="7" stride="16"><param type="float4x4"/></accessor></technique_common></source><source id="master_ctrl-Interpolations"><Name_array id="master_ctrl-Interpolations-array" count="7">
 LINEAR LINEAR LINEAR LINEAR LINEAR LINEAR LINEAR</Name_array><technique_common><accessor source="#master_ctrl-Interpolations-array" count="7"><param type="name"/></accessor></technique_common></source><sampler id="master_ctrl-Matrix-animation-transform"><input semantic="INPUT" source="#master_ctrl-Matrix-animation-input"/><input semantic="OUTPUT" source="#master_ctrl-Matrix-animation-output-transform"/><input semantic="INTERPOLATION" source="#master_ctrl-Interpolations"/></sampler><channel source="#master_ctrl-Matrix-animation-transform" target="master_ctrl/matrix"/></animation><animation><source id="master_ctrl-visibility-animation-input"><float_array id="master_ctrl-visibility-animation-input-array" count="7">

0.000000 0.033333 0.066667 0.100000 0.133333 0.166667 0.200000</float_array><technique_common><accessor source="#master_ctrl-visibility-animation-input-array" count="7"><param name="TIME" type="float"/></accessor></technique_common></source><source id="master_ctrl-visibility-animation-output"><float_array id="master_ctrl-visibility-animation-output-array" count="7">

1.000000 1.000000 1.000000 1.000000 1.000000 1.000000 1.000000</float_array><technique_common><accessor source="#master_ctrl-visibility-animation-output-array" count="7"><param type="float"/></accessor></technique_common></source><source id="master_ctrl-visibility-animation-intan"><float_array id="master_ctrl-visibility-animation-intan-array" count="7">

0.000000 -0.000000 -0.000000 -0.000000 -0.000000 -0.000000 -0.000000</float_array><technique_common><accessor source="#master_ctrl-visibility-animation-intan-array" count="7"><param type="float"/></accessor></technique_common></source><source id="master_ctrl-visibility-animation-outtan"><float_array id="master_ctrl-visibility-animation-outtan-array" count="7">

0.000000 0.000000 0.000000 0.000000 0.000000 0.000000 0.000000</float_array><technique_common><accessor source="#master_ctrl-visibility-animation-outtan-array" count="7"><param type="float"/></accessor></technique_common></source><source id="master_ctrl-visibility-animation-interpolation"><Name_array id="master_ctrl-visibility-animation-interpolation-array" count="7">
 BEZIER BEZIER BEZIER BEZIER BEZIER BEZIER BEZIER</Name_array><technique_common><accessor source="#master_ctrl-visibility-animation-interpolation-array" count="7"><param type="name"/></accessor></technique_common></source><sampler id="master_ctrl-visibility-animation"><input semantic="INPUT" source="#master_ctrl-visibility-animation-input"/><input semantic="OUTPUT" source="#master_ctrl-visibility-animation-output"/><input semantic="IN_TANGENT" source="#master_ctrl-visibility-animation-intan"/><input semantic="OUT_TANGENT" source="#master_ctrl-visibility-animation-outtan"/><input semantic="INTERPOLATION" source="#master_ctrl-visibility-animation-interpolation"/></sampler><channel source="#master_ctrl-visibility-animation" target="master_ctrl/visibility"/></animation></animation>
    <animation id="rig_ctrl-anim" name="rig_ctrl"></animation>
    <animation id="jnt_head-anim" name="jnt_head"><animation><source id="jnt_head-Matrix-animation-input"><float_array id="jnt_head-Matrix-animation-input-array" count="7">

0.000000 0.033333 0.066667 0.100000 0.133333 0.166667 0.200000</float_array><technique_common><accessor source="#jnt_head-Matrix-animation-input-array" count="7"><param name="TIME" type="float"/></accessor></technique_common></source><source id="jnt_head-Matrix-animation-output-transform"><float_array id="jnt_head-Matrix-animation-output-transform-array" count="112">

1.000000 0.000000 0.000000 0.000000 0.000000 1.000000 0.000000 0.000000 0.000000 0.000000 1.000000 0.000000 0.000000 0.000000 0.000000 1.000000
1.000000 0.000000 0.000000 0.000000 0.000000 1.000000 0.000000 0.000000 0.000000 0.000000 1.000000 0.000000 0.000000 0.000000 0.000000 1.000000
1.000000 0.000000 0.000000 0.000000 0.000000 1.000000 0.000000 0.000000 0.000000 0.000000 1.000000 0.000000 0.000000 0.000000 0.000000 1.000000
1.000000 0.000000 0.000000 0.000000 0.000000 1.000000 0.000000 0.000000 0.000000 0.000000 1.000000 0.000000 0.000000 0.000000 0.000000 1.000000
1.000000 0.000000 0.000000 0.000000 0.000000 1.000000 0.000000 0.000000 0.000000 0.000000 1.000000 0.000000 0.000000 0.000000 0.000000 1.000000
1.000000 0.000000 0.000000 0.000000 0.000000 1.000000 0.000000 0.000000 0.000000 0.000000 1.000000 0.000000 0.000000 0.000000 0.000000 1.000000
1.000000 0.000000 0.000000 0.000000 0.000000 1.000000 0.000000 0.000000 0.000000 0.000000 1.000000 0.000000 0.000000 0.000000 0.000000 1.000000</float_array><technique_common><accessor source="#jnt_head-Matrix-animation-output-transform-array" count="7" stride="16"><param type="float4x4"/></accessor></technique_common></source><source id="jnt_head-Interpolations"><Name_array id="jnt_head-Interpolations-array" count="7">
 LINEAR LINEAR LINEAR LINEAR LINEAR LINEAR LINEAR</Name_array><technique_common><accessor source="#jnt_head-Interpolations-array" count="7"><param type="name"/></accessor></technique_common></source><sampler id="jnt_head-Matrix-animation-transform"><input semantic="INPUT" source="#jnt_head-Matrix-animation-input"/><input semantic="OUTPUT" source="#jnt_head-Matrix-animation-output-transform"/><input semantic="INTERPOLATION" source="#jnt_head-Interpolations"/></sampler><channel source="#jnt_head-Matrix-animation-transform" target="jnt_head/matrix"/></animation></animation>
    <animation id="cable1_jnt-anim" name="cable1_jnt"><animation><source id="cable1_jnt-Matrix-animation-input"><float_array id="cable1_jnt-Matrix-animation-input-array" count="7">

0.000000 0.033333 0.066667 0.100000 0.133333 0.166667 0.200000</float_array><technique_common><accessor source="#cable1_jnt-Matrix-animation-input-array" count="7"><param name="TIME" type="float"/></accessor></technique_common></source><source id="cable1_jnt-Matrix-animation-output-transform"><float_array id="cable1_jnt-Matrix-animation-output-transform-array" count="112">

0.989436 0.143454 0.020929 -0.000000 -0.140894 0.985527 -0.094259 1.799380 -0.034148 0.090314 0.995328 -0.021043 0.000000 0.000000 0.000000 1.000000
0.987275 0.158877 0.006815 -0.000000 -0.157671 0.983558 -0.088053 1.799380 -0.020693 0.085858 0.996092 -0.021043 0.000000 0.000000 0.000000 1.000000
0.980396 0.194824 -0.029440 -0.000000 -0.196310 0.978631 -0.061183 1.799380 0.016891 0.065763 0.997692 -0.021043 0.000000 0.000000 0.000000 1.000000
0.967856 0.243457 -0.063120 -0.000000 -0.243792 0.969824 0.002458 1.799380 0.061814 0.013009 0.998003 -0.021043 0.000000 0.000000 0.000000 1.000000
0.955426 0.286850 -0.069845 -0.000000 -0.278975 0.954610 0.104369 1.799380 0.096613 -0.080232 0.992083 -0.021043 0.000000 0.000000 0.000000 1.000000
0.953474 0.296094 -0.056712 -0.000000 -0.278759 0.937526 0.208178 1.799380 0.114809 -0.182683 0.976445 -0.021043 0.000000 0.000000 0.000000 1.000000
0.955341 0.291158 -0.050506 -0.000000 -0.269676 0.928888 0.253854 1.799380 0.120826 -0.228897 0.965923 -0.021043 0.000000 0.000000 0.000000 1.000000</float_array><technique_common><accessor source="#cable1_jnt-Matrix-animation-output-transform-array" count="7" stride="16"><param type="float4x4"/></accessor></technique_common></source><source id="cable1_jnt-Interpolations"><Name_array id="cable1_jnt-Interpolations-array" count="7">
 LINEAR LINEAR LINEAR LINEAR LINEAR LINEAR LINEAR</Name_array><technique_common><accessor source="#cable1_jnt-Interpolations-array" count="7"><param type="name"/></accessor></technique_common></source><sampler id="cable1_jnt-Matrix-animation-transform"><input semantic="INPUT" source="#cable1_jnt-Matrix-animation-input"/><input semantic="OUTPUT" source="#cable1_jnt-Matrix-animation-output-transform"/><input semantic="INTERPOLATION" source="#cable1_jnt-Interpolations"/></sampler><channel source="#cable1_jnt-Matrix-animation-transform" target="cable1_jnt/matrix"/></animation></animation>
    <animation id="cable2_jnt-anim" name="cable2_jnt"><animation><source id="cable2_jnt-Matrix-animation-input"><float_array id="cable2_jnt-Matrix-animation-input-array" count="7">

0.000000 0.033333 0.066667 0.100000 0.133333 0.166667 0.200000</float_array><technique_common><accessor source="#cable2_jnt-Matrix-animation-input-array" count="7"><param name="TIME" type="float"/></accessor></technique_common></source><source id="cable2_jnt-Matrix-animation-output-transform"><float_array id="cable2_jnt-Matrix-animation-output-transform-array" count="112">

0.994250 -0.045594 0.096894 -0.000000 0.103767 0.633686 -0.766599 1.660000 -0.026448 0.772245 0.634774 0.000000 0.000000 0.000000 0.000000 1.000000
0.996945 -0.043330 0.064982 -0.000000 0.077150 0.675956 -0.732892 1.660000 -0.012169 0.735667 0.677234 0.000000 0.000000 0.000000 0.000000 1.000000
0.996285 -0.069712 0.050560 0.000000 0.083917 0.917734 -0.388230 1.660000 -0.019336 0.391030 0.920175 0.000000 0.000000 0.000000 0.000000 1.000000
0.995197 -0.096952 0.013569 -0.000000 0.091482 0.970352 0.223713 1.660000 -0.034856 -0.221397 0.974561 0.000000 0.000000 0.000000 0.000000 1.000000
0.991389 -0.123000 -0.044942 0.000000 0.115085 0.654585 0.747177 1.660000 -0.062484 -0.745915 0.663104 0.000000 0.000000 0.000000 0.000000 1.000000
0.982081 -0.143782 -0.121838 0.000000 0.160885 0.302932 0.939334 1.660000 -0.098151 -0.942103 0.320636 0.000000 0.000000 0.000000 0.000000 1.000000
0.976764 -0.143572 -0.159117 0.000000 0.182491 0.167883 0.968768 1.660000 -0.112375 -0.975296 0.190183 0.000000 0.000000 0.000000 0.000000 1.000000</float_array><technique_common><accessor source="#cable2_jnt-Matrix-animation-output-transform-array" count="7" stride="16"><param type="float4x4"/></accessor></technique_common></source><source id="cable2_jnt-Interpolations"><Name_array id="cable2_jnt-Interpolations-array" count="7">
 LINEAR LINEAR LINEAR LINEAR LINEAR LINEAR LINEAR</Name_array><technique_common><accessor source="#cable2_jnt-Interpolations-array" count="7"><param type="name"/></accessor></technique_common></source><sampler id="cable2_jnt-Matrix-animation-transform"><input semantic="INPUT" source="#cable2_jnt-Matrix-animation-input"/><input semantic="OUTPUT" source="#cable2_jnt-Matrix-animation-output-transform"/><input semantic="INTERPOLATION" source="#cable2_jnt-Interpolations"/></sampler><channel source="#cable2_jnt-Matrix-animation-transform" target="cable2_jnt/matrix"/></animation></animation>
    <animation id="cable3_jnt-anim" name="cable3_jnt"><animation><source id="cable3_jnt-Matrix-animation-input"><float_array id="cable3_jnt-Matrix-animation-input-array" count="7">

0.000000 0.033333 0.066667 0.100000 0.133333 0.166667 0.200000</float_array><technique_common><accessor source="#cable3_jnt-Matrix-animation-input-array" count="7"><param name="TIME" type="float"/></accessor></technique_common></source><source id="cable3_jnt-Matrix-animation-output-transform"><float_array id="cable3_jnt-Matrix-animation-output-transform-array" count="112">

0.998228 -0.014409 -0.057739 -0.000000 0.054456 -0.170100 0.983921 1.660000 -0.023999 -0.985321 -0.169014 0.000000 0.000000 0.000000 0.000000 1.000000
0.995780 -0.022345 -0.089016 -0.000000 0.083017 -0.194254 0.977432 1.660000 -0.039132 -0.980697 -0.191579 0.000000 0.000000 0.000000 0.000000 1.000000
0.999218 -0.015751 -0.036256 -0.000000 0.034443 -0.103169 0.994067 1.660000 -0.019398 -0.994539 -0.102546 0.000000 0.000000 0.000000 0.000000 1.000000
0.999517 0.019320 0.024347 0.000000 -0.026990 0.151047 0.988158 1.660000 0.015414 -0.988338 0.151496 -0.000000 0.000000 0.000000 0.000000 1.000000
0.998705 0.041863 0.028899 0.000000 -0.045559 0.483390 0.874219 1.660000 0.022628 -0.874404 0.484671 -0.000000 0.000000 0.000000 0.000000 1.000000
0.999807 0.018258 0.007276 0.000000 -0.017910 0.693869 0.719879 1.660000 0.008095 -0.719870 0.694062 0.000000 0.000000 0.000000 0.000000 1.000000
1.000000 -0.000363 -0.000109 0.000000 0.000346 0.760444 0.649403 1.660000 -0.000153 -0.649403 0.760444 0.000000 0.000000 0.000000 0.000000 1.000000</float_array><technique_common><accessor source="#cable3_jnt-Matrix-animation-output-transform-array" count="7" stride="16"><param type="float4x4"/></accessor></technique_common></source><source id="cable3_jnt-Interpolations"><Name_array id="cable3_jnt-Interpolations-array" count="7">
 LINEAR LINEAR LINEAR LINEAR LINEAR LINEAR LINEAR</Name_array><technique_common><accessor source="#cable3_jnt-Interpolations-array" count="7"><param type="name"/></accessor></technique_common></source><sampler id="cable3_jnt-Matrix-animation-transform"><input semantic="INPUT" source="#cable3_jnt-Matrix-animation-input"/><input semantic="OUTPUT" source="#cable3_jnt-Matrix-animation-output-transform"/><input semantic="INTERPOLATION" source="#cable3_jnt-Interpolations"/></sampler><channel source="#cable3_jnt-Matrix-animation-transform" target="cable3_jnt/matrix"/></animation></animation>
    <animation id="cable4_jnt-anim" name="cable4_jnt"><animation><source id="cable4_jnt-Matrix-animation-input"><float_array id="cable4_jnt-Matrix-animation-input-array" count="7">

0.000000 0.033333 0.066667 0.100000 0.133333 0.166667 0.200000</float_array><technique_common><accessor source="#cable4_jnt-Matrix-animation-input-array" count="7"><param name="TIME" type="float"/></accessor></technique_common></source><source id="cable4_jnt-Matrix-animation-output-transform"><float_array id="cable4_jnt-Matrix-animation-output-transform-array" count="112">

0.997429 0.047267 0.053857 0.000000 -0.070195 0.493448 0.866938 1.660000 0.014402 -0.868490 0.495498 0.000000 0.000000 0.000000 0.000000 1.000000
0.997733 0.066728 -0.008732 -0.000000 -0.028479 0.536212 0.843602 1.660000 0.060975 -0.841441 0.536897 0.000000 0.000000 0.000000 0.000000 1.000000
0.994937 0.092845 -0.038482 0.000000 -0.044950 0.753530 0.655875 1.660000 0.089892 -0.650824 0.753888 -0.000000 0.000000 0.000000 0.000000 1.000000
0.995065 0.070486 -0.069840 0.000000 -0.028066 0.875034 0.483246 1.660000 0.095175 -0.478901 0.872694 0.000000 0.000000 0.000000 0.000000 1.000000
0.995677 0.021539 -0.090355 0.000000 0.025585 0.871521 0.489691 1.660000 0.089294 -0.489886 0.867202 0.000000 0.000000 0.000000 0.000000 1.000000
0.992702 -0.033522 -0.115845 0.000000 0.093462 0.820911 0.563356 1.660000 0.076213 -0.570071 0.818053 0.000000 0.000000 0.000000 0.000000 1.000000
0.989599 -0.058746 -0.131314 0.000000 0.126586 0.789259 0.600871 1.660000 0.068342 -0.611244 0.788486 0.000000 0.000000 0.000000 0.000000 1.000000</float_array><technique_common><accessor source="#cable4_jnt-Matrix-animation-output-transform-array" count="7" stride="16"><param type="float4x4"/></accessor></technique_common></source><source id="cable4_jnt-Interpolations"><Name_array id="cable4_jnt-Interpolations-array" count="7">
 LINEAR LINEAR LINEAR LINEAR LINEAR LINEAR LINEAR</Name_array><technique_common><accessor source="#cable4_jnt-Interpolations-array" count="7"><param type="name"/></accessor></technique_common></source><sampler id="cable4_jnt-Matrix-animation-transform"><input semantic="INPUT" source="#cable4_jnt-Matrix-animation-input"/><input semantic="OUTPUT" source="#cable4_jnt-Matrix-animation-output-transform"/><input semantic="INTERPOLATION" source="#cable4_jnt-Interpolations"/></sampler><channel source="#cable4_jnt-Matrix-animation-transform" target="cable4_jnt/matrix"/></animation></animation>
    <animation id="cable5_jnt-anim" name="cable5_jnt"><animation><source id="cable5_jnt-Matrix-animation-input"><float_array id="cable5_jnt-Matrix-animation-input-array" count="7">

0.000000 0.033333 0.066667 0.100000 0.133333 0.166667 0.200000</float_array><technique_common><accessor source="#cable5_jnt-Matrix-animation-input-array" count="7"><param name="TIME" type="float"/></accessor></technique_common></source><source id="cable5_jnt-Matrix-animation-output-transform"><float_array id="cable5_jnt-Matrix-animation-output-transform-array" count="112">

0.996794 0.063471 0.048709 -0.000000 -0.079451 0.713619 0.696014 1.660000 0.009417 -0.697652 0.716375 -0.000000 0.000000 0.000000 0.000000 1.000000
0.998948 0.042977 0.016013 0.000000 -0.045599 0.893271 0.447199 1.660000 0.004915 -0.447458 0.894291 0.000000 0.000000 0.000000 0.000000 1.000000
0.997988 0.062220 -0.012181 0.000000 -0.063170 0.992216 -0.107321 1.660000 0.005408 0.107875 0.994150 0.000000 0.000000 0.000000 0.000000 1.000000
0.996803 0.071072 -0.036502 0.000000 -0.079676 0.918223 -0.387966 1.660000 0.005944 0.389635 0.920950 0.000000 0.000000 0.000000 0.000000 1.000000
0.996422 0.079097 -0.029773 -0.000000 -0.084221 0.958670 -0.271768 1.660000 0.007047 0.273303 0.961902 0.000000 0.000000 0.000000 0.000000 1.000000
0.997587 0.068328 -0.012288 -0.000000 -0.069091 0.994445 -0.079405 1.660000 0.006794 0.080062 0.996767 0.000000 0.000000 0.000000 0.000000 1.000000
0.998270 0.058596 -0.004937 0.000000 -0.058493 0.998108 0.018957 1.660000 0.006038 -0.018635 0.999808 0.000000 0.000000 0.000000 0.000000 1.000000</float_array><technique_common><accessor source="#cable5_jnt-Matrix-animation-output-transform-array" count="7" stride="16"><param type="float4x4"/></accessor></technique_common></source><source id="cable5_jnt-Interpolations"><Name_array id="cable5_jnt-Interpolations-array" count="7">
 LINEAR LINEAR LINEAR LINEAR LINEAR LINEAR LINEAR</Name_array><technique_common><accessor source="#cable5_jnt-Interpolations-array" count="7"><param type="name"/></accessor></technique_common></source><sampler id="cable5_jnt-Matrix-animation-transform"><input semantic="INPUT" source="#cable5_jnt-Matrix-animation-input"/><input semantic="OUTPUT" source="#cable5_jnt-Matrix-animation-output-transform"/><input semantic="INTERPOLATION" source="#cable5_jnt-Interpolations"/></sampler><channel source="#cable5_jnt-Matrix-animation-transform" target="cable5_jnt/matrix"/></animation></animation>
    <animation id="cable6_jnt-anim" name="cable6_jnt"><animation><source id="cable6_jnt-Matrix-animation-input"><float_array id="cable6_jnt-Matrix-animation-input-array" count="7">

0.000000 0.033333 0.066667 0.100000 0.133333 0.166667 0.200000</float_array><technique_common><accessor source="#cable6_jnt-Matrix-animation-input-array" count="7"><param name="TIME" type="float"/></accessor></technique_common></source><source id="cable6_jnt-Matrix-animation-output-transform"><float_array id="cable6_jnt-Matrix-animation-output-transform-array" count="112">

1.000000 -0.000000 0.000000 0.000000 -0.000000 1.000000 0.000000 1.660000 0.000000 -0.000000 1.000000 0.000000 0.000000 0.000000 0.000000 1.000000
1.000000 0.000000 0.000000 0.000000 -0.000000 1.000000 0.000000 1.660000 -0.000000 0.000000 1.000000 0.000000 0.000000 0.000000 0.000000 1.000000
1.000000 0.000000 0.000000 -0.000000 0.000000 1.000000 0.000000 1.660000 0.000000 -0.000000 1.000000 -0.000000 0.000000 0.000000 0.000000 1.000000
1.000000 -0.000000 -0.000000 0.000000 0.000000 1.000000 -0.000000 1.660000 0.000000 0.000000 1.000000 0.000000 0.000000 0.000000 0.000000 1.000000
1.000000 -0.000000 0.000000 -0.000000 -0.000000 1.000000 0.000000 1.660000 -0.000000 0.000000 1.000000 0.000000 0.000000 0.000000 0.000000 1.000000
1.000000 -0.000000 0.000000 0.000000 0.000000 1.000000 0.000000 1.660000 -0.000000 -0.000000 1.000000 0.000000 0.000000 0.000000 0.000000 1.000000
1.000000 0.000000 0.000000 0.000000 -0.000000 1.000000 0.000000 1.660000 0.000000 0.000000 1.000000 0.000000 0.000000 0.000000 0.000000 1.000000</float_array><technique_common><accessor source="#cable6_jnt-Matrix-animation-output-transform-array" count="7" stride="16"><param type="float4x4"/></accessor></technique_common></source><source id="cable6_jnt-Interpolations"><Name_array id="cable6_jnt-Interpolations-array" count="7">
 LINEAR LINEAR LINEAR LINEAR LINEAR LINEAR LINEAR</Name_array><technique_common><accessor source="#cable6_jnt-Interpolations-array" count="7"><param type="name"/></accessor></technique_common></source><sampler id="cable6_jnt-Matrix-animation-transform"><input semantic="INPUT" source="#cable6_jnt-Matrix-animation-input"/><input semantic="OUTPUT" source="#cable6_jnt-Matrix-animation-output-transform"/><input semantic="INTERPOLATION" source="#cable6_jnt-Interpolations"/></sampler><channel source="#cable6_jnt-Matrix-animation-transform" target="cable6_jnt/matrix"/></animation></animation>
  </library_animations>
  <library_visual_scenes>
    <visual_scene id="ani_char_totebotgreen_lom_jump" name="ani_char_totebotgreen_lom_jump">
      <node name="Dont_touch_totebot" id="Dont_touch_totebot" sid="Dont_touch_totebot"><matrix sid="matrix">1.000000 0.000000 0.000000 0.000000 0.000000 1.000000 0.000000 0.000000 0.000000 0.000000 1.000000 0.000000 0.000000 0.000000 0.000000 1.000000</matrix><extra><technique profile="FCOLLADA"><visibility>1.000000</visibility></technique></extra><node name="rig_root_jnt" id="rig_root_jnt" sid="rig_root_jnt" type="JOINT"><matrix sid="matrix">1.000000 0.000000 0.000000 0.000000 0.000000 0.986996 0.160743 1.792554 0.000000 -0.160743 0.986996 -0.156044 0.000000 0.000000 0.000000 1.000000</matrix><extra><technique profile="FCOLLADA"><visibility>0.000000</visibility></technique></extra><node name="rig_jnt_spine1" id="rig_jnt_spine1" sid="rig_jnt_spine1" type="JOINT"><matrix sid="matrix">0.999996 -0.002826 0.000000 0.000000 0.002789 0.986992 -0.160743 0.479000 0.000454 0.160742 0.986996 0.000000 0.000000 0.000000 0.000000 1.000000</matrix><extra><technique profile="FCOLLADA"><visibility>1.000000</visibility></technique></extra><node name="rig_jnt_spine2" id="rig_jnt_spine2" sid="rig_jnt_spine2" type="JOINT"><matrix sid="matrix">1.000000 0.000000 0.000000 0.000000 -0.000000 1.000000 0.000000 0.449000 -0.000000 -0.000000 1.000000 0.000000 0.000000 0.000000 0.000000 1.000000</matrix><extra><technique profile="FCOLLADA"><visibility>1.000000</visibility></technique></extra><node name="rig_jnt_head" id="rig_jnt_head" sid="rig_jnt_head" type="JOINT"><matrix sid="matrix">0.999943 0.010555 0.001707 -0.000000 -0.010692 0.987111 0.159679 0.296642 0.000000 -0.159688 0.987168 0.000000 0.000000 0.000000 0.000000 1.000000</matrix><extra><technique profile="FCOLLADA"><visibility>1.000000</visibility></technique></extra></node></node></node></node><node name="ctrl_grp" id="ctrl_grp" sid="ctrl_grp"><matrix sid="matrix">1.000000 0.000000 0.000000 0.000000 0.000000 1.000000 0.000000 0.000000 0.000000 0.000000 1.000000 0.000000 0.000000 0.000000 0.000000 1.000000</matrix><extra><technique profile="FCOLLADA"><visibility>1.000000</visibility></technique></extra><node name="master_ctrl" id="master_ctrl" sid="master_ctrl"><matrix sid="matrix">1.000000 0.000000 0.000000 0.000000 0.000000 1.000000 0.000000 0.000000 0.000000 0.000000 1.000000 0.000000 0.000000 0.000000 0.000000 1.000000</matrix><extra><technique profile="FCOLLADA"><visibility>1.000000</visibility></technique></extra><node name="rig_ctrl" id="rig_ctrl" sid="rig_ctrl"><matrix sid="matrix">1.000000 0.000000 0.000000 0.000000 0.000000 1.000000 0.000000 0.000000 0.000000 0.000000 1.000000 0.000000 0.000000 0.000000 0.000000 1.000000</matrix><extra><technique profile="FCOLLADA"><visibility>1.000000</visibility></technique></extra></node></node></node></node>
      <node name="jnt_head" id="jnt_head" sid="jnt_head" type="JOINT"><matrix sid="matrix">1.000000 0.000000 0.000000 0.000000 0.000000 1.000000 0.000000 0.000000 0.000000 0.000000 1.000000 0.000000 0.000000 0.000000 0.000000 1.000000</matrix><extra><technique profile="FCOLLADA"><visibility>0.000000</visibility></technique></extra><node name="cable1_jnt" id="cable1_jnt" sid="cable1_jnt" type="JOINT"><matrix sid="matrix">0.989436 0.143454 0.020929 -0.000000 -0.140894 0.985527 -0.094259 1.799380 -0.034148 0.090314 0.995328 -0.021043 0.000000 0.000000 0.000000 1.000000</matrix><extra><technique profile="FCOLLADA"><visibility>1.000000</visibility></technique></extra><node name="cable2_jnt" id="cable2_jnt" sid="cable2_jnt" type="JOINT"><matrix sid="matrix">0.994250 -0.045594 0.096894 -0.000000 0.103767 0.633686 -0.766599 1.660000 -0.026448 0.772245 0.634774 0.000000 0.000000 0.000000 0.000000 1.000000</matrix><extra><technique profile="FCOLLADA"><visibility>1.000000</visibility></technique></extra><node name="cable3_jnt" id="cable3_jnt" sid="cable3_jnt" type="JOINT"><matrix sid="matrix">0.998228 -0.014409 -0.057739 -0.000000 0.054456 -0.170100 0.983921 1.660000 -0.023999 -0.985321 -0.169014 0.000000 0.000000 0.000000 0.000000 1.000000</matrix><extra><technique profile="FCOLLADA"><visibility>1.000000</visibility></technique></extra><node name="cable4_jnt" id="cable4_jnt" sid="cable4_jnt" type="JOINT"><matrix sid="matrix">0.997429 0.047267 0.053857 0.000000 -0.070195 0.493448 0.866938 1.660000 0.014402 -0.868490 0.495498 0.000000 0.000000 0.000000 0.000000 1.000000</matrix><extra><technique profile="FCOLLADA"><visibility>1.000000</visibility></technique></extra><node name="cable5_jnt" id="cable5_jnt" sid="cable5_jnt" type="JOINT"><matrix sid="matrix">0.996794 0.063471 0.048709 -0.000000 -0.079451 0.713619 0.696014 1.660000 0.009417 -0.697652 0.716375 -0.000000 0.000000 0.000000 0.000000 1.000000</matrix><extra><technique profile="FCOLLADA"><visibility>1.000000</visibility></technique></extra><node name="cable6_jnt" id="cable6_jnt" sid="cable6_jnt" type="JOINT"><matrix sid="matrix">1.000000 -0.000000 0.000000 0.000000 -0.000000 1.000000 0.000000 1.660000 0.000000 -0.000000 1.000000 0.000000 0.000000 0.000000 0.000000 1.000000</matrix><extra><technique profile="FCOLLADA"><visibility>1.000000</visibility></technique></extra></node></node></node></node></node></node></node>
      <extra><technique profile="MAX3D"><frame_rate>30.000000</frame_rate></technique><technique profile="FCOLLADA"><start_time>0.000000</start_time><end_time>0.666667</end_time></technique></extra>
    </visual_scene>
  </library_visual_scenes>
  <scene>
    <instance_visual_scene url="#ani_char_totebotgreen_lom_jump"></instance_visual_scene>
  </scene>
</COLLADA>
