<?xml version="1.0" encoding="utf-8"?>
<COLLADA xmlns="http://www.collada.org/2005/11/COLLADASchema" version="1.4.1">
  <asset><contributor><author></author><authoring_tool>FBX COLLADA exporter</authoring_tool><comments></comments></contributor><created>2020-02-03T12:28:07Z</created><keywords></keywords><modified>2020-02-03T12:28:07Z</modified><revision></revision><subject></subject><title></title><unit meter="0.010000" name="centimeter"></unit><up_axis>Y_UP</up_axis></asset>
  <library_animations>
    <animation id="root_jnt-anim" name="root_jnt"><animation><source id="root_jnt-Matrix-animation-input"><float_array id="root_jnt-Matrix-animation-input-array" count="21">

0.000000 0.033333 0.066667 0.100000 0.133333 0.166667 0.200000 0.233333 0.266667 0.300000 0.333333 0.366667 0.400000 0.433333 0.466667 0.500000
0.533333 0.566667 0.600000 0.633333 0.666667</float_array><technique_common><accessor source="#root_jnt-Matrix-animation-input-array" count="21"><param name="TIME" type="float"/></accessor></technique_common></source><source id="root_jnt-Matrix-animation-output-transform"><float_array id="root_jnt-Matrix-animation-output-transform-array" count="336">

0.006664 -0.043578 -0.999028 -0.000000 0.343429 0.938383 -0.038642 4.492520 0.939155 -0.342837 0.021219 -0.991439 0.000000 0.000000 0.000000 1.000000
0.011363 -0.074269 -0.997173 -0.000000 0.331001 0.941296 -0.066336 4.492520 0.943562 -0.329311 0.035279 -0.991439 0.000000 0.000000 0.000000 1.000000
0.020089 -0.131044 -0.991173 -0.000000 0.307753 0.944049 -0.118577 4.492520 0.951254 -0.302654 0.059294 -0.991439 0.000000 0.000000 0.000000 1.000000
0.024787 -0.161439 -0.986571 -0.000000 0.295151 0.944064 -0.147068 4.492520 0.955129 -0.287542 0.071049 -0.991439 0.000000 0.000000 0.000000 1.000000
0.023003 -0.149913 -0.988432 -0.000000 0.304133 0.942882 -0.135927 4.492520 0.952352 -0.297488 0.067282 -0.991439 0.000000 0.000000 0.000000 1.000000
0.018443 -0.120364 -0.992559 -0.000000 0.325441 0.939389 -0.107869 4.492520 0.945382 -0.321030 0.056496 -0.991439 0.000000 0.000000 0.000000 1.000000
0.012296 -0.080359 -0.996690 -0.000000 0.350658 0.933811 -0.070963 4.492520 0.936423 -0.348625 0.039661 -0.991439 0.000000 0.000000 0.000000 1.000000
0.005753 -0.037623 -0.999275 -0.000000 0.371589 0.927818 -0.032793 4.492520 0.928380 -0.371131 0.019318 -0.991439 0.000000 0.000000 0.000000 1.000000
0.000003 -0.000003 -1.000000 -0.000000 0.380309 0.924860 -0.000002 4.492520 0.924860 -0.380309 0.000003 -0.991439 0.000000 0.000000 0.000000 1.000000
-0.005748 0.037617 -0.999276 -0.000000 0.371589 0.927818 0.032790 4.492520 0.928380 -0.371131 -0.019311 -0.991439 0.000000 0.000000 0.000000 1.000000
-0.012291 0.080354 -0.996691 -0.000000 0.350658 0.933811 0.070960 4.492520 0.936423 -0.348625 -0.039654 -0.991439 0.000000 0.000000 0.000000 1.000000
-0.018437 0.120358 -0.992559 -0.000000 0.325441 0.939390 0.107865 4.492520 0.945382 -0.321031 -0.056489 -0.991439 0.000000 0.000000 0.000000 1.000000
-0.022997 0.149908 -0.988432 -0.000000 0.304133 0.942883 0.135924 4.492520 0.952352 -0.297489 -0.067275 -0.991439 0.000000 0.000000 0.000000 1.000000
-0.024781 0.161434 -0.986572 -0.000000 0.295151 0.944065 0.147064 4.492520 0.955129 -0.287543 -0.071042 -0.991439 0.000000 0.000000 0.000000 1.000000
-0.022946 0.149576 -0.988484 -0.000000 0.299426 0.944384 0.135952 4.492520 0.953843 -0.292859 -0.066456 -0.991439 0.000000 0.000000 0.000000 1.000000
-0.018357 0.119834 -0.992624 -0.000000 0.310085 0.944521 0.108292 4.492520 0.950531 -0.305810 -0.054497 -0.991439 0.000000 0.000000 0.000000 1.000000
-0.012390 0.081000 -0.996637 -0.000000 0.323877 0.943307 0.072639 4.492520 0.946018 -0.321888 -0.037922 -0.991439 0.000000 0.000000 0.000000 1.000000
-0.006423 0.042035 -0.999095 -0.000000 0.337591 0.940550 0.037401 4.492520 0.941271 -0.337045 -0.020232 -0.991439 0.000000 0.000000 0.000000 1.000000
-0.001833 0.012011 -0.999926 -0.000000 0.348084 0.937403 0.010622 4.492520 0.937461 -0.348039 -0.005900 -0.991439 0.000000 0.000000 0.000000 1.000000
0.000003 -0.000003 -1.000000 -0.000000 0.352268 0.935899 -0.000002 4.492520 0.935899 -0.352268 0.000003 -0.991439 0.000000 0.000000 0.000000 1.000000
0.000003 -0.000003 -1.000000 -0.000000 0.352268 0.935899 -0.000002 4.492520 0.935899 -0.352268 0.000003 -0.991439 0.000000 0.000000 0.000000 1.000000</float_array><technique_common><accessor source="#root_jnt-Matrix-animation-output-transform-array" count="21" stride="16"><param type="float4x4"/></accessor></technique_common></source><source id="root_jnt-Interpolations"><Name_array id="root_jnt-Interpolations-array" count="21">
 LINEAR LINEAR LINEAR LINEAR LINEAR LINEAR LINEAR LINEAR LINEAR LINEAR LINEAR
LINEAR LINEAR LINEAR LINEAR LINEAR LINEAR LINEAR LINEAR LINEAR LINEAR</Name_array><technique_common><accessor source="#root_jnt-Interpolations-array" count="21"><param type="name"/></accessor></technique_common></source><sampler id="root_jnt-Matrix-animation-transform"><input semantic="INPUT" source="#root_jnt-Matrix-animation-input"/><input semantic="OUTPUT" source="#root_jnt-Matrix-animation-output-transform"/><input semantic="INTERPOLATION" source="#root_jnt-Interpolations"/></sampler><channel source="#root_jnt-Matrix-animation-transform" target="root_jnt/matrix"/></animation></animation>
    <animation id="jnt_spine1-anim" name="jnt_spine1"><animation><source id="jnt_spine1-Matrix-animation-input"><float_array id="jnt_spine1-Matrix-animation-input-array" count="21">

0.000000 0.033333 0.066667 0.100000 0.133333 0.166667 0.200000 0.233333 0.266667 0.300000 0.333333 0.366667 0.400000 0.433333 0.466667 0.500000
0.533333 0.566667 0.600000 0.633333 0.666667</float_array><technique_common><accessor source="#jnt_spine1-Matrix-animation-input-array" count="21"><param name="TIME" type="float"/></accessor></technique_common></source><source id="jnt_spine1-Matrix-animation-output-transform"><float_array id="jnt_spine1-Matrix-animation-output-transform-array" count="336">

0.902985 0.419764 -0.091737 0.265376 -0.413178 0.906889 0.082684 -0.534082 0.117903 -0.036759 0.992344 0.025067 0.000000 0.000000 0.000000 1.000000
0.908436 0.407742 -0.092148 0.272392 -0.397702 0.910908 0.109909 -0.529424 0.128753 -0.063198 0.989661 0.042535 0.000000 0.000000 0.000000 1.000000
0.918568 0.385208 -0.088587 0.285277 -0.368746 0.915851 0.158883 -0.519016 0.142335 -0.113279 0.983315 0.074402 0.000000 0.000000 0.000000 1.000000
0.924872 0.372969 -0.074200 0.292133 -0.355348 0.917113 0.180640 -0.512481 0.135423 -0.140703 0.980746 0.091200 0.000000 0.000000 0.000000 1.000000
0.923008 0.381691 -0.048675 0.287240 -0.369976 0.915115 0.160258 -0.516301 0.105712 -0.129911 0.985874 0.084991 0.000000 0.000000 0.000000 1.000000
0.915299 0.402352 -0.018445 0.275465 -0.397461 0.909691 0.120364 -0.525056 0.065208 -0.102838 0.992558 0.068790 0.000000 0.000000 0.000000 1.000000
0.904282 0.426743 0.012837 0.261223 -0.426570 0.901854 0.068532 -0.534708 0.017668 -0.067448 0.997566 0.046334 0.000000 0.000000 0.000000 1.000000
0.893581 0.446938 0.041942 0.249138 -0.447807 0.894024 0.013771 -0.541987 -0.031342 -0.031087 0.999025 0.021840 0.000000 0.000000 0.000000 1.000000
0.887858 0.455338 0.066147 0.244030 -0.454080 0.890319 -0.033828 -0.544744 -0.074295 -0.000001 0.997236 0.000002 0.000000 0.000000 0.000000 1.000000
0.890525 0.446938 0.084914 0.249138 -0.441353 0.894025 -0.076990 -0.541987 -0.110325 0.031084 0.993409 -0.021836 0.000000 0.000000 0.000000 1.000000
0.899154 0.426743 0.097024 0.261223 -0.415097 0.901855 -0.119801 -0.534708 -0.138626 0.067445 0.988046 -0.046330 0.000000 0.000000 0.000000 1.000000
0.910074 0.402352 0.099391 0.275465 -0.385247 0.909691 -0.155071 -0.525056 -0.152808 0.102836 0.982891 -0.068785 0.000000 0.000000 0.000000 1.000000
0.919741 0.381691 0.091586 0.287240 -0.362116 0.915115 -0.177303 -0.516301 -0.151486 0.129908 0.979886 -0.084986 0.000000 0.000000 0.000000 1.000000
0.924873 0.372969 0.074190 0.292133 -0.355350 0.917114 -0.180634 -0.512482 -0.135411 0.140700 0.980748 -0.091196 0.000000 0.000000 0.000000 1.000000
0.924883 0.377124 0.048666 0.289820 -0.365498 0.916993 -0.159794 -0.514914 -0.104888 0.130004 0.985950 -0.084643 0.000000 0.000000 0.000000 1.000000
0.921698 0.387473 0.018354 0.284005 -0.382717 0.916061 -0.119833 -0.520577 -0.063246 0.103425 0.992624 -0.068098 0.000000 0.000000 0.000000 1.000000
0.916053 0.400845 -0.013075 0.276383 -0.400736 0.913524 -0.069889 -0.527037 -0.016070 0.069262 0.997469 -0.046270 0.000000 0.000000 0.000000 1.000000
0.909248 0.414120 -0.042111 0.268692 -0.415170 0.909526 -0.019929 -0.532465 0.030048 0.035604 0.998914 -0.024130 0.000000 0.000000 0.000000 1.000000
0.903170 0.424264 -0.065456 0.262730 -0.423934 0.905482 0.019542 -0.535931 0.067561 0.010099 0.997664 -0.006919 0.000000 0.000000 0.000000 1.000000
0.900087 0.428304 -0.080001 0.260334 -0.426622 0.903635 0.037920 -0.537143 0.088533 -0.000001 0.996073 0.000002 0.000000 0.000000 0.000000 1.000000
0.899653 0.428304 -0.084733 0.260334 -0.426416 0.903635 0.040163 -0.537143 0.093769 -0.000001 0.995594 0.000002 0.000000 0.000000 0.000000 1.000000</float_array><technique_common><accessor source="#jnt_spine1-Matrix-animation-output-transform-array" count="21" stride="16"><param type="float4x4"/></accessor></technique_common></source><source id="jnt_spine1-Interpolations"><Name_array id="jnt_spine1-Interpolations-array" count="21">
 LINEAR LINEAR LINEAR LINEAR LINEAR LINEAR LINEAR LINEAR LINEAR LINEAR LINEAR
LINEAR LINEAR LINEAR LINEAR LINEAR LINEAR LINEAR LINEAR LINEAR LINEAR</Name_array><technique_common><accessor source="#jnt_spine1-Interpolations-array" count="21"><param type="name"/></accessor></technique_common></source><sampler id="jnt_spine1-Matrix-animation-transform"><input semantic="INPUT" source="#jnt_spine1-Matrix-animation-input"/><input semantic="OUTPUT" source="#jnt_spine1-Matrix-animation-output-transform"/><input semantic="INTERPOLATION" source="#jnt_spine1-Interpolations"/></sampler><channel source="#jnt_spine1-Matrix-animation-transform" target="jnt_spine1/matrix"/></animation></animation>
    <animation id="jnt_spine2-anim" name="jnt_spine2"><animation><source id="jnt_spine2-Matrix-animation-input"><float_array id="jnt_spine2-Matrix-animation-input-array" count="21">

0.000000 0.033333 0.066667 0.100000 0.133333 0.166667 0.200000 0.233333 0.266667 0.300000 0.333333 0.366667 0.400000 0.433333 0.466667 0.500000
0.533333 0.566667 0.600000 0.633333 0.666667</float_array><technique_common><accessor source="#jnt_spine2-Matrix-animation-input-array" count="21"><param name="TIME" type="float"/></accessor></technique_common></source><source id="jnt_spine2-Matrix-animation-output-transform"><float_array id="jnt_spine2-Matrix-animation-output-transform-array" count="336">

0.996808 -0.065678 0.045381 0.873404 0.066268 0.997734 -0.011615 0.000000 -0.044515 0.014586 0.998902 0.000000 0.000000 0.000000 0.000000 1.000000
0.997298 -0.060225 0.042056 0.873404 0.060737 0.998093 -0.011012 -0.000000 -0.041312 0.013537 0.999055 0.000000 0.000000 0.000000 0.000000 1.000000
0.998320 -0.047199 0.033602 0.873404 0.047535 0.998827 -0.009274 -0.000000 -0.033125 0.010856 0.999392 0.000000 0.000000 0.000000 0.000000 1.000000
0.999252 -0.031602 0.022305 0.873404 0.031754 0.999474 -0.006535 0.000000 -0.022087 0.007238 0.999730 0.000000 0.000000 0.000000 0.000000 1.000000
0.999775 -0.018484 0.010394 0.873404 0.018518 0.999823 -0.003192 0.000000 -0.010333 0.003384 0.999941 0.000000 0.000000 0.000000 0.000000 1.000000
0.999916 -0.012964 0.000003 0.873404 0.012964 0.999916 0.000004 0.000000 -0.000003 -0.000004 1.000000 0.000000 0.000000 0.000000 0.000000 1.000000
0.999775 -0.018484 -0.010388 0.873404 0.018518 0.999823 0.003200 0.000000 0.010327 -0.003392 0.999941 0.000000 0.000000 0.000000 0.000000 1.000000
0.999252 -0.031601 -0.022299 0.873404 0.031754 0.999474 0.006543 0.000000 0.022080 -0.007246 0.999730 0.000000 0.000000 0.000000 0.000000 1.000000
0.998320 -0.047199 -0.033596 0.873404 0.047535 0.998826 0.009282 0.000000 0.033119 -0.010864 0.999392 0.000000 0.000000 0.000000 0.000000 1.000000
0.997299 -0.060225 -0.042050 0.873404 0.060737 0.998093 0.011021 -0.000000 0.041306 -0.013545 0.999055 0.000000 0.000000 0.000000 0.000000 1.000000
0.996809 -0.065678 -0.045375 0.873404 0.066268 0.997734 0.011624 0.000000 0.044509 -0.014593 0.998902 0.000000 0.000000 0.000000 0.000000 1.000000
0.997174 -0.061440 -0.043228 0.873404 0.061980 0.998014 0.011272 -0.000000 0.042449 -0.013919 0.999002 0.000000 0.000000 0.000000 0.000000 1.000000
0.998003 -0.050838 -0.037499 0.873404 0.051254 0.998633 0.010210 0.000000 0.036929 -0.012112 0.999244 0.000000 0.000000 0.000000 0.000000 1.000000
0.998885 -0.037031 -0.029268 0.873404 0.037292 0.999269 0.008411 0.000000 0.028935 -0.009493 0.999536 0.000000 0.000000 0.000000 0.000000 1.000000
0.999539 -0.023195 -0.019599 0.873404 0.023315 0.999711 0.005931 0.000000 0.019455 -0.006386 0.999790 0.000000 0.000000 0.000000 0.000000 1.000000
0.999876 -0.012527 -0.009518 0.873404 0.012556 0.999917 0.002995 0.000000 0.009479 -0.003114 0.999950 0.000000 0.000000 0.000000 0.000000 1.000000
0.999966 -0.008251 0.000003 0.873404 0.008251 0.999966 0.000004 0.000000 -0.000003 -0.000004 1.000000 0.000000 0.000000 0.000000 0.000000 1.000000
0.999778 -0.017286 0.012035 0.873404 0.017332 0.999843 -0.003713 -0.000000 -0.011969 0.003921 0.999921 0.000000 0.000000 0.000000 0.000000 1.000000
0.998947 -0.037073 0.027023 0.873404 0.037294 0.999274 -0.007756 0.000000 -0.026716 0.008755 0.999605 0.000000 0.000000 0.000000 0.000000 1.000000
0.997590 -0.056759 0.039901 0.873404 0.057224 0.998305 -0.010598 -0.000000 -0.039232 0.012856 0.999147 0.000000 0.000000 0.000000 0.000000 1.000000
0.996808 -0.065678 0.045381 0.873404 0.066268 0.997734 -0.011615 -0.000000 -0.044515 0.014586 0.998902 0.000000 0.000000 0.000000 0.000000 1.000000</float_array><technique_common><accessor source="#jnt_spine2-Matrix-animation-output-transform-array" count="21" stride="16"><param type="float4x4"/></accessor></technique_common></source><source id="jnt_spine2-Interpolations"><Name_array id="jnt_spine2-Interpolations-array" count="21">
 LINEAR LINEAR LINEAR LINEAR LINEAR LINEAR LINEAR LINEAR LINEAR LINEAR LINEAR
LINEAR LINEAR LINEAR LINEAR LINEAR LINEAR LINEAR LINEAR LINEAR LINEAR</Name_array><technique_common><accessor source="#jnt_spine2-Interpolations-array" count="21"><param type="name"/></accessor></technique_common></source><sampler id="jnt_spine2-Matrix-animation-transform"><input semantic="INPUT" source="#jnt_spine2-Matrix-animation-input"/><input semantic="OUTPUT" source="#jnt_spine2-Matrix-animation-output-transform"/><input semantic="INTERPOLATION" source="#jnt_spine2-Interpolations"/></sampler><channel source="#jnt_spine2-Matrix-animation-transform" target="jnt_spine2/matrix"/></animation></animation>
    <animation id="jnt_spine3-anim" name="jnt_spine3"><animation><source id="jnt_spine3-Matrix-animation-input"><float_array id="jnt_spine3-Matrix-animation-input-array" count="21">

0.000000 0.033333 0.066667 0.100000 0.133333 0.166667 0.200000 0.233333 0.266667 0.300000 0.333333 0.366667 0.400000 0.433333 0.466667 0.500000
0.533333 0.566667 0.600000 0.633333 0.666667</float_array><technique_common><accessor source="#jnt_spine3-Matrix-animation-input-array" count="21"><param name="TIME" type="float"/></accessor></technique_common></source><source id="jnt_spine3-Matrix-animation-output-transform"><float_array id="jnt_spine3-Matrix-animation-output-transform-array" count="336">

0.831347 -0.551860 0.065667 0.979908 0.551317 0.833834 0.027775 0.000000 -0.070083 0.013113 0.997455 0.000000 0.000000 0.000000 0.000000 1.000000
0.831570 -0.551949 0.061995 0.979908 0.551465 0.833786 0.026223 0.000000 -0.066164 0.012382 0.997732 0.000000 0.000000 0.000000 0.000000 1.000000
0.832111 -0.552164 0.052024 0.979908 0.551823 0.833671 0.022007 0.000000 -0.055522 0.010395 0.998403 0.000000 0.000000 0.000000 0.000000 1.000000
0.832735 -0.552412 0.037319 0.979908 0.552237 0.833538 0.015788 -0.000000 -0.039828 0.007461 0.999179 0.000000 0.000000 0.000000 0.000000 1.000000
0.833217 -0.552604 0.019451 0.979908 0.552557 0.833435 0.008229 0.000000 -0.020758 0.003891 0.999777 0.000000 0.000000 0.000000 0.000000 1.000000
0.833396 -0.552676 -0.000001 0.979908 0.552676 0.833396 -0.000003 -0.000000 0.000002 0.000002 1.000000 0.000000 0.000000 0.000000 0.000000 1.000000
0.833217 -0.552604 -0.019453 0.979908 0.552557 0.833435 -0.008234 -0.000000 0.020763 -0.003888 0.999777 0.000000 0.000000 0.000000 0.000000 1.000000
0.832735 -0.552412 -0.037321 0.979908 0.552237 0.833538 -0.015793 -0.000000 0.039833 -0.007458 0.999179 0.000000 0.000000 0.000000 0.000000 1.000000
0.832111 -0.552164 -0.052025 0.979908 0.551823 0.833671 -0.022012 -0.000000 0.055527 -0.010392 0.998403 0.000000 0.000000 0.000000 0.000000 1.000000
0.831570 -0.551949 -0.061997 0.979908 0.551464 0.833786 -0.026228 0.000000 0.066168 -0.012379 0.997732 0.000000 0.000000 0.000000 0.000000 1.000000
0.831347 -0.551860 -0.065669 0.979908 0.551317 0.833834 -0.027780 -0.000000 0.070087 -0.013110 0.997455 0.000000 0.000000 0.000000 0.000000 1.000000
0.831570 -0.551949 -0.061997 0.979908 0.551464 0.833786 -0.026228 -0.000000 0.066168 -0.012379 0.997732 0.000000 0.000000 0.000000 0.000000 1.000000
0.832111 -0.552164 -0.052025 0.979908 0.551823 0.833671 -0.022012 -0.000000 0.055527 -0.010392 0.998403 0.000000 0.000000 0.000000 0.000000 1.000000
0.832735 -0.552412 -0.037321 0.979908 0.552237 0.833538 -0.015793 -0.000000 0.039833 -0.007458 0.999179 0.000000 0.000000 0.000000 0.000000 1.000000
0.833217 -0.552604 -0.019453 0.979908 0.552557 0.833435 -0.008234 -0.000000 0.020763 -0.003888 0.999777 0.000000 0.000000 0.000000 0.000000 1.000000
0.833396 -0.552676 -0.000001 0.979908 0.552676 0.833396 -0.000003 0.000000 0.000002 0.000002 1.000000 0.000000 0.000000 0.000000 0.000000 1.000000
0.833217 -0.552604 0.019451 0.979908 0.552557 0.833435 0.008229 -0.000000 -0.020758 0.003891 0.999777 0.000000 0.000000 0.000000 0.000000 1.000000
0.832735 -0.552412 0.037319 0.979908 0.552237 0.833538 0.015788 0.000000 -0.039828 0.007461 0.999179 0.000000 0.000000 0.000000 0.000000 1.000000
0.832111 -0.552164 0.052024 0.979908 0.551823 0.833671 0.022007 -0.000000 -0.055522 0.010395 0.998403 0.000000 0.000000 0.000000 0.000000 1.000000
0.831570 -0.551949 0.061995 0.979908 0.551465 0.833786 0.026223 0.000000 -0.066164 0.012382 0.997732 0.000000 0.000000 0.000000 0.000000 1.000000
0.831347 -0.551860 0.065667 0.979908 0.551317 0.833834 0.027775 0.000000 -0.070083 0.013113 0.997455 0.000000 0.000000 0.000000 0.000000 1.000000</float_array><technique_common><accessor source="#jnt_spine3-Matrix-animation-output-transform-array" count="21" stride="16"><param type="float4x4"/></accessor></technique_common></source><source id="jnt_spine3-Interpolations"><Name_array id="jnt_spine3-Interpolations-array" count="21">
 LINEAR LINEAR LINEAR LINEAR LINEAR LINEAR LINEAR LINEAR LINEAR LINEAR LINEAR
LINEAR LINEAR LINEAR LINEAR LINEAR LINEAR LINEAR LINEAR LINEAR LINEAR</Name_array><technique_common><accessor source="#jnt_spine3-Interpolations-array" count="21"><param type="name"/></accessor></technique_common></source><sampler id="jnt_spine3-Matrix-animation-transform"><input semantic="INPUT" source="#jnt_spine3-Matrix-animation-input"/><input semantic="OUTPUT" source="#jnt_spine3-Matrix-animation-output-transform"/><input semantic="INTERPOLATION" source="#jnt_spine3-Interpolations"/></sampler><channel source="#jnt_spine3-Matrix-animation-transform" target="jnt_spine3/matrix"/></animation></animation>
    <animation id="jnt_neck1-anim" name="jnt_neck1"><animation><source id="jnt_neck1-Matrix-animation-input"><float_array id="jnt_neck1-Matrix-animation-input-array" count="21">

0.000000 0.033333 0.066667 0.100000 0.133333 0.166667 0.200000 0.233333 0.266667 0.300000 0.333333 0.366667 0.400000 0.433333 0.466667 0.500000
0.533333 0.566667 0.600000 0.633333 0.666667</float_array><technique_common><accessor source="#jnt_neck1-Matrix-animation-input-array" count="21"><param name="TIME" type="float"/></accessor></technique_common></source><source id="jnt_neck1-Matrix-animation-output-transform"><float_array id="jnt_neck1-Matrix-animation-output-transform-array" count="336">

0.997356 -0.070669 0.016917 0.837368 0.070705 0.997496 -0.001535 0.000000 -0.016766 0.002727 0.999856 0.000000 0.000000 0.000000 0.000000 1.000000
0.997372 -0.070674 0.015969 0.837368 0.070706 0.997496 -0.001449 0.000000 -0.015827 0.002574 0.999871 0.000000 0.000000 0.000000 0.000000 1.000000
0.997409 -0.070686 0.013398 0.837368 0.070709 0.997496 -0.001215 0.000000 -0.013279 0.002159 0.999909 0.000000 0.000000 0.000000 0.000000 1.000000
0.997451 -0.070700 0.009610 0.837368 0.070712 0.997496 -0.000871 0.000000 -0.009524 0.001548 0.999953 0.000000 0.000000 0.000000 0.000000 1.000000
0.997484 -0.070711 0.005008 0.837368 0.070714 0.997497 -0.000453 0.000000 -0.004964 0.000806 0.999987 0.000000 0.000000 0.000000 0.000000 1.000000
0.997497 -0.070715 0.000001 0.837368 0.070715 0.997497 0.000002 0.000000 -0.000001 -0.000002 1.000000 0.000000 0.000000 0.000000 0.000000 1.000000
0.997484 -0.070711 -0.005006 0.837368 0.070714 0.997497 0.000457 0.000000 0.004961 -0.000810 0.999987 0.000000 0.000000 0.000000 0.000000 1.000000
0.997451 -0.070700 -0.009607 0.837368 0.070712 0.997496 0.000875 0.000000 0.009521 -0.001552 0.999953 0.000000 0.000000 0.000000 0.000000 1.000000
0.997409 -0.070686 -0.013396 0.837368 0.070709 0.997496 0.001219 0.000000 0.013276 -0.002164 0.999910 0.000000 0.000000 0.000000 0.000000 1.000000
0.997372 -0.070674 -0.015967 0.837368 0.070706 0.997496 0.001453 0.000000 0.015824 -0.002578 0.999871 0.000000 0.000000 0.000000 0.000000 1.000000
0.997356 -0.070669 -0.016914 0.837368 0.070705 0.997496 0.001539 0.000000 0.016763 -0.002731 0.999856 0.000000 0.000000 0.000000 0.000000 1.000000
0.997372 -0.070674 -0.015967 0.837368 0.070706 0.997496 0.001453 0.000000 0.015824 -0.002578 0.999871 0.000000 0.000000 0.000000 0.000000 1.000000
0.997409 -0.070686 -0.013396 0.837368 0.070709 0.997496 0.001219 0.000000 0.013276 -0.002164 0.999910 0.000000 0.000000 0.000000 0.000000 1.000000
0.997451 -0.070700 -0.009607 0.837368 0.070712 0.997496 0.000875 0.000000 0.009521 -0.001552 0.999953 0.000000 0.000000 0.000000 0.000000 1.000000
0.997484 -0.070711 -0.005006 0.837368 0.070714 0.997497 0.000457 0.000000 0.004961 -0.000810 0.999987 0.000000 0.000000 0.000000 0.000000 1.000000
0.997497 -0.070715 0.000001 0.837368 0.070715 0.997497 0.000002 0.000000 -0.000001 -0.000002 1.000000 0.000000 0.000000 0.000000 0.000000 1.000000
0.997484 -0.070711 0.005008 0.837368 0.070714 0.997497 -0.000453 0.000000 -0.004964 0.000806 0.999987 0.000000 0.000000 0.000000 0.000000 1.000000
0.997451 -0.070700 0.009610 0.837368 0.070712 0.997496 -0.000871 0.000000 -0.009524 0.001548 0.999953 0.000000 0.000000 0.000000 0.000000 1.000000
0.997409 -0.070686 0.013398 0.837368 0.070709 0.997496 -0.001215 0.000000 -0.013279 0.002159 0.999909 0.000000 0.000000 0.000000 0.000000 1.000000
0.997372 -0.070674 0.015969 0.837368 0.070706 0.997496 -0.001449 0.000000 -0.015827 0.002574 0.999871 0.000000 0.000000 0.000000 0.000000 1.000000
0.997356 -0.070669 0.016917 0.837368 0.070705 0.997496 -0.001535 0.000000 -0.016766 0.002727 0.999856 0.000000 0.000000 0.000000 0.000000 1.000000</float_array><technique_common><accessor source="#jnt_neck1-Matrix-animation-output-transform-array" count="21" stride="16"><param type="float4x4"/></accessor></technique_common></source><source id="jnt_neck1-Interpolations"><Name_array id="jnt_neck1-Interpolations-array" count="21">
 LINEAR LINEAR LINEAR LINEAR LINEAR LINEAR LINEAR LINEAR LINEAR LINEAR LINEAR
LINEAR LINEAR LINEAR LINEAR LINEAR LINEAR LINEAR LINEAR LINEAR LINEAR</Name_array><technique_common><accessor source="#jnt_neck1-Interpolations-array" count="21"><param type="name"/></accessor></technique_common></source><sampler id="jnt_neck1-Matrix-animation-transform"><input semantic="INPUT" source="#jnt_neck1-Matrix-animation-input"/><input semantic="OUTPUT" source="#jnt_neck1-Matrix-animation-output-transform"/><input semantic="INTERPOLATION" source="#jnt_neck1-Interpolations"/></sampler><channel source="#jnt_neck1-Matrix-animation-transform" target="jnt_neck1/matrix"/></animation></animation>
    <animation id="jnt_neck2-anim" name="jnt_neck2"><animation><source id="jnt_neck2-Matrix-animation-input"><float_array id="jnt_neck2-Matrix-animation-input-array" count="21">

0.000000 0.033333 0.066667 0.100000 0.133333 0.166667 0.200000 0.233333 0.266667 0.300000 0.333333 0.366667 0.400000 0.433333 0.466667 0.500000
0.533333 0.566667 0.600000 0.633333 0.666667</float_array><technique_common><accessor source="#jnt_neck2-Matrix-animation-input-array" count="21"><param name="TIME" type="float"/></accessor></technique_common></source><source id="jnt_neck2-Matrix-animation-output-transform"><float_array id="jnt_neck2-Matrix-animation-output-transform-array" count="336">

0.993905 0.109020 0.016369 0.681130 -0.108960 0.994036 -0.004538 0.000000 -0.016766 0.002727 0.999856 0.000000 0.000000 0.000000 0.000000 1.000000
0.993920 0.109016 0.015452 0.681130 -0.108962 0.994037 -0.004284 0.000000 -0.015827 0.002574 0.999871 0.000000 0.000000 0.000000 0.000000 1.000000
0.993957 0.109004 0.012965 0.681130 -0.108966 0.994039 -0.003594 0.000000 -0.013279 0.002159 0.999909 0.000000 0.000000 0.000000 0.000000 1.000000
0.993999 0.108990 0.009298 0.681130 -0.108970 0.994042 -0.002577 -0.000000 -0.009524 0.001548 0.999953 0.000000 0.000000 0.000000 0.000000 1.000000
0.994032 0.108979 0.004846 0.681130 -0.108974 0.994044 -0.001342 0.000000 -0.004964 0.000806 0.999987 0.000000 0.000000 0.000000 0.000000 1.000000
0.994044 0.108975 0.000002 0.681130 -0.108975 0.994044 0.000002 -0.000000 -0.000001 -0.000002 1.000000 0.000000 0.000000 0.000000 0.000000 1.000000
0.994032 0.108979 -0.004843 0.681130 -0.108974 0.994044 0.001346 -0.000000 0.004961 -0.000810 0.999987 0.000000 0.000000 0.000000 0.000000 1.000000
0.993999 0.108990 -0.009295 0.681130 -0.108970 0.994042 0.002581 0.000000 0.009521 -0.001552 0.999953 0.000000 0.000000 0.000000 0.000000 1.000000
0.993957 0.109004 -0.012961 0.681130 -0.108966 0.994039 0.003598 0.000000 0.013276 -0.002164 0.999910 0.000000 0.000000 0.000000 0.000000 1.000000
0.993920 0.109016 -0.015449 0.681130 -0.108962 0.994037 0.004288 0.000000 0.015824 -0.002578 0.999871 0.000000 0.000000 0.000000 0.000000 1.000000
0.993905 0.109021 -0.016366 0.681130 -0.108960 0.994036 0.004542 -0.000000 0.016763 -0.002731 0.999856 0.000000 0.000000 0.000000 0.000000 1.000000
0.993920 0.109016 -0.015449 0.681130 -0.108962 0.994037 0.004288 0.000000 0.015824 -0.002578 0.999871 0.000000 0.000000 0.000000 0.000000 1.000000
0.993957 0.109004 -0.012961 0.681130 -0.108966 0.994039 0.003598 0.000000 0.013276 -0.002164 0.999910 0.000000 0.000000 0.000000 0.000000 1.000000
0.993999 0.108990 -0.009295 0.681130 -0.108970 0.994042 0.002581 0.000000 0.009521 -0.001552 0.999953 0.000000 0.000000 0.000000 0.000000 1.000000
0.994032 0.108979 -0.004843 0.681130 -0.108974 0.994044 0.001346 0.000000 0.004961 -0.000810 0.999987 0.000000 0.000000 0.000000 0.000000 1.000000
0.994044 0.108975 0.000002 0.681130 -0.108975 0.994044 0.000002 -0.000000 -0.000001 -0.000002 1.000000 0.000000 0.000000 0.000000 0.000000 1.000000
0.994032 0.108979 0.004846 0.681130 -0.108974 0.994044 -0.001342 0.000000 -0.004964 0.000806 0.999987 0.000000 0.000000 0.000000 0.000000 1.000000
0.993999 0.108990 0.009298 0.681130 -0.108970 0.994042 -0.002577 -0.000000 -0.009524 0.001548 0.999953 0.000000 0.000000 0.000000 0.000000 1.000000
0.993957 0.109004 0.012965 0.681130 -0.108966 0.994039 -0.003594 0.000000 -0.013279 0.002159 0.999909 0.000000 0.000000 0.000000 0.000000 1.000000
0.993920 0.109016 0.015452 0.681130 -0.108962 0.994037 -0.004284 0.000000 -0.015827 0.002574 0.999871 0.000000 0.000000 0.000000 0.000000 1.000000
0.993905 0.109020 0.016369 0.681130 -0.108960 0.994036 -0.004538 0.000000 -0.016766 0.002727 0.999856 0.000000 0.000000 0.000000 0.000000 1.000000</float_array><technique_common><accessor source="#jnt_neck2-Matrix-animation-output-transform-array" count="21" stride="16"><param type="float4x4"/></accessor></technique_common></source><source id="jnt_neck2-Interpolations"><Name_array id="jnt_neck2-Interpolations-array" count="21">
 LINEAR LINEAR LINEAR LINEAR LINEAR LINEAR LINEAR LINEAR LINEAR LINEAR LINEAR
LINEAR LINEAR LINEAR LINEAR LINEAR LINEAR LINEAR LINEAR LINEAR LINEAR</Name_array><technique_common><accessor source="#jnt_neck2-Interpolations-array" count="21"><param type="name"/></accessor></technique_common></source><sampler id="jnt_neck2-Matrix-animation-transform"><input semantic="INPUT" source="#jnt_neck2-Matrix-animation-input"/><input semantic="OUTPUT" source="#jnt_neck2-Matrix-animation-output-transform"/><input semantic="INTERPOLATION" source="#jnt_neck2-Interpolations"/></sampler><channel source="#jnt_neck2-Matrix-animation-transform" target="jnt_neck2/matrix"/></animation></animation>
    <animation id="jnt_head-anim" name="jnt_head"><animation><source id="jnt_head-Matrix-animation-input"><float_array id="jnt_head-Matrix-animation-input-array" count="21">

0.000000 0.033333 0.066667 0.100000 0.133333 0.166667 0.200000 0.233333 0.266667 0.300000 0.333333 0.366667 0.400000 0.433333 0.466667 0.500000
0.533333 0.566667 0.600000 0.633333 0.666667</float_array><technique_common><accessor source="#jnt_head-Matrix-animation-input-array" count="21"><param name="TIME" type="float"/></accessor></technique_common></source><source id="jnt_head-Matrix-animation-output-transform"><float_array id="jnt_head-Matrix-animation-output-transform-array" count="336">

0.110451 0.055930 0.992307 0.537667 0.071295 0.995397 -0.064040 0.047393 -0.991321 0.077820 0.105955 -0.000000 0.000000 0.000000 0.000000 1.000000
0.092362 0.043221 0.994787 0.537667 0.067082 0.996518 -0.049524 0.047393 -0.993463 0.071306 0.089141 -0.000000 0.000000 0.000000 0.000000 1.000000
0.048394 0.012892 0.998745 0.537667 0.055868 0.998316 -0.015593 0.047393 -0.997265 0.056552 0.047592 -0.000000 0.000000 0.000000 0.000000 1.000000
-0.005863 -0.023109 0.999716 0.537667 0.039950 0.998929 0.023326 0.047393 -0.999184 0.040075 -0.004933 -0.000000 0.000000 0.000000 0.000000 1.000000
-0.054595 -0.052815 0.997111 0.537667 0.021962 0.998295 0.054081 0.047393 -0.998267 0.024851 -0.053341 -0.000000 0.000000 0.000000 0.000000 1.000000
-0.082062 -0.064967 0.994507 0.537667 0.004592 0.997838 0.065564 0.047393 -0.996617 0.009947 -0.081586 -0.000000 0.000000 0.000000 0.000000 1.000000
-0.092468 -0.052225 0.994345 0.537667 -0.013690 0.998596 0.051176 0.047393 -0.995622 -0.008881 -0.093053 -0.000000 0.000000 0.000000 0.000000 1.000000
-0.100441 -0.022176 0.994696 0.537667 -0.033818 0.999250 0.018863 0.047393 -0.994368 -0.031744 -0.101115 -0.000000 0.000000 0.000000 0.000000 1.000000
-0.106049 0.013566 0.994268 0.537667 -0.052388 0.998442 -0.019211 0.047393 -0.992980 -0.054125 -0.105173 -0.000000 0.000000 0.000000 0.000000 1.000000
-0.109363 0.043432 0.993053 0.537667 -0.066009 0.996522 -0.050853 0.047393 -0.991808 -0.071111 -0.106116 -0.000000 0.000000 0.000000 0.000000 1.000000
-0.110452 0.055933 0.992306 0.537667 -0.071300 0.995397 -0.064043 0.047393 -0.991321 -0.077826 -0.105955 -0.000000 0.000000 0.000000 0.000000 1.000000
-0.101274 0.048404 0.993680 0.537667 -0.068304 0.996120 -0.055484 0.047393 -0.992511 -0.073492 -0.097575 -0.000000 0.000000 0.000000 0.000000 1.000000
-0.077374 0.029545 0.996564 0.537667 -0.060165 0.997601 -0.034247 0.047393 -0.995185 -0.062608 -0.075411 -0.000000 0.000000 0.000000 0.000000 1.000000
-0.044209 0.005004 0.999010 0.537667 -0.048163 0.998814 -0.007134 0.047393 -0.997861 -0.048431 -0.043915 -0.000000 0.000000 0.000000 0.000000 1.000000
-0.007303 -0.019461 0.999784 0.537667 -0.033671 0.999248 0.019204 0.047393 -0.999406 -0.033523 -0.007953 -0.000000 0.000000 0.000000 0.000000 1.000000
0.027764 -0.038102 0.998888 0.537667 -0.018155 0.999089 0.038614 0.047393 -0.999450 -0.019207 0.027047 -0.000000 0.000000 0.000000 0.000000 1.000000
0.055419 -0.045347 0.997433 0.537667 -0.003106 0.998955 0.045588 0.047393 -0.998458 -0.005624 0.055220 -0.000000 0.000000 0.000000 0.000000 1.000000
0.076456 -0.029283 0.996643 0.537667 0.016610 0.999467 0.028092 0.047393 -0.996935 0.014406 0.076902 -0.000000 0.000000 0.000000 0.000000 1.000000
0.093995 0.005594 0.995557 0.537667 0.041311 0.999101 -0.009515 0.047393 -0.994715 0.042022 0.093680 -0.000000 0.000000 0.000000 0.000000 1.000000
0.106000 0.040247 0.993551 0.537667 0.062382 0.996943 -0.047040 0.047393 -0.992407 0.066966 0.103165 -0.000000 0.000000 0.000000 0.000000 1.000000
0.110451 0.055930 0.992307 0.537667 0.071295 0.995397 -0.064040 0.047393 -0.991321 0.077820 0.105955 -0.000000 0.000000 0.000000 0.000000 1.000000</float_array><technique_common><accessor source="#jnt_head-Matrix-animation-output-transform-array" count="21" stride="16"><param type="float4x4"/></accessor></technique_common></source><source id="jnt_head-Interpolations"><Name_array id="jnt_head-Interpolations-array" count="21">
 LINEAR LINEAR LINEAR LINEAR LINEAR LINEAR LINEAR LINEAR LINEAR LINEAR LINEAR
LINEAR LINEAR LINEAR LINEAR LINEAR LINEAR LINEAR LINEAR LINEAR LINEAR</Name_array><technique_common><accessor source="#jnt_head-Interpolations-array" count="21"><param type="name"/></accessor></technique_common></source><sampler id="jnt_head-Matrix-animation-transform"><input semantic="INPUT" source="#jnt_head-Matrix-animation-input"/><input semantic="OUTPUT" source="#jnt_head-Matrix-animation-output-transform"/><input semantic="INTERPOLATION" source="#jnt_head-Interpolations"/></sampler><channel source="#jnt_head-Matrix-animation-transform" target="jnt_head/matrix"/></animation></animation>
    <animation id="jnt_l_ear_1-anim" name="jnt_l_ear_1"><animation><source id="jnt_l_ear_1-Matrix-animation-input"><float_array id="jnt_l_ear_1-Matrix-animation-input-array" count="21">

0.000000 0.033333 0.066667 0.100000 0.133333 0.166667 0.200000 0.233333 0.266667 0.300000 0.333333 0.366667 0.400000 0.433333 0.466667 0.500000
0.533333 0.566667 0.600000 0.633333 0.666667</float_array><technique_common><accessor source="#jnt_l_ear_1-Matrix-animation-input-array" count="21"><param name="TIME" type="float"/></accessor></technique_common></source><source id="jnt_l_ear_1-Matrix-animation-output-transform"><float_array id="jnt_l_ear_1-Matrix-animation-output-transform-array" count="336">

0.813185 0.541559 0.213176 0.951896 -0.404066 0.788949 -0.462914 0.389972 -0.418880 0.290298 0.860388 0.322605 0.000000 0.000000 0.000000 1.000000
0.793413 0.572045 0.207992 0.951896 -0.431742 0.769766 -0.470169 0.389972 -0.429063 0.283239 0.857718 0.322605 0.000000 0.000000 0.000000 1.000000
0.779258 0.592474 0.204282 0.951896 -0.450288 0.756034 -0.475031 0.389972 -0.435887 0.278186 0.855929 0.322605 0.000000 0.000000 0.000000 1.000000
0.770669 0.604362 0.202030 0.951896 -0.461080 0.747700 -0.477860 0.389972 -0.439858 0.275120 0.854888 0.322605 0.000000 0.000000 0.000000 1.000000
0.767245 0.608999 0.201133 0.951896 -0.465289 0.744379 -0.478963 0.389972 -0.441407 0.273898 0.854482 0.322605 0.000000 0.000000 0.000000 1.000000
0.768356 0.607501 0.201424 0.951896 -0.463929 0.745456 -0.478607 0.389972 -0.440907 0.274294 0.854613 0.322605 0.000000 0.000000 0.000000 1.000000
0.773220 0.600870 0.202699 0.951896 -0.457909 0.750175 -0.477029 0.389972 -0.438692 0.276030 0.855194 0.322605 0.000000 0.000000 0.000000 1.000000
0.780979 0.590048 0.204733 0.951896 -0.448085 0.757703 -0.474453 0.389972 -0.435077 0.278800 0.856142 0.322605 0.000000 0.000000 0.000000 1.000000
0.790756 0.575964 0.207296 0.951896 -0.435299 0.767188 -0.471101 0.389972 -0.430372 0.282290 0.857375 0.322605 0.000000 0.000000 0.000000 1.000000
0.801693 0.559572 0.210163 0.951896 -0.420419 0.777799 -0.467201 0.389972 -0.424897 0.286195 0.858810 0.322605 0.000000 0.000000 0.000000 1.000000
0.812990 0.541872 0.213124 0.951896 -0.404350 0.788760 -0.462988 0.389972 -0.418984 0.290228 0.860360 0.322605 0.000000 0.000000 0.000000 1.000000
0.823926 0.523922 0.215991 0.951896 -0.388055 0.799370 -0.458716 0.389972 -0.412988 0.294132 0.861932 0.322605 0.000000 0.000000 0.000000 1.000000
0.833865 0.506838 0.218597 0.951896 -0.372546 0.809013 -0.454651 0.389972 -0.407282 0.297680 0.863428 0.322605 0.000000 0.000000 0.000000 1.000000
0.842256 0.491787 0.220796 0.951896 -0.358882 0.817154 -0.451069 0.389972 -0.402254 0.300675 0.864746 0.322605 0.000000 0.000000 0.000000 1.000000
0.848612 0.479967 0.222463 0.951896 -0.348152 0.823320 -0.448256 0.389972 -0.398306 0.302944 0.865781 0.322605 0.000000 0.000000 0.000000 1.000000
0.852477 0.472591 0.223476 0.951896 -0.341456 0.827070 -0.446501 0.389972 -0.395842 0.304324 0.866427 0.322605 0.000000 0.000000 0.000000 1.000000
0.853375 0.470854 0.223711 0.951896 -0.339880 0.827942 -0.446087 0.389972 -0.395262 0.304645 0.866579 0.322605 0.000000 0.000000 0.000000 1.000000
0.850749 0.475907 0.223023 0.951896 -0.344467 0.825393 -0.447290 0.389972 -0.396950 0.303707 0.866137 0.322605 0.000000 0.000000 0.000000 1.000000
0.843877 0.488807 0.221221 0.951896 -0.356178 0.818727 -0.450360 0.389972 -0.401259 0.301254 0.865007 0.322605 0.000000 0.000000 0.000000 1.000000
0.831792 0.510465 0.218053 0.951896 -0.375839 0.807002 -0.455514 0.389972 -0.408493 0.296940 0.863110 0.322605 0.000000 0.000000 0.000000 1.000000
0.813185 0.541559 0.213176 0.951896 -0.404066 0.788949 -0.462914 0.389972 -0.418880 0.290298 0.860388 0.322605 0.000000 0.000000 0.000000 1.000000</float_array><technique_common><accessor source="#jnt_l_ear_1-Matrix-animation-output-transform-array" count="21" stride="16"><param type="float4x4"/></accessor></technique_common></source><source id="jnt_l_ear_1-Interpolations"><Name_array id="jnt_l_ear_1-Interpolations-array" count="21">
 LINEAR LINEAR LINEAR LINEAR LINEAR LINEAR LINEAR LINEAR LINEAR LINEAR LINEAR
LINEAR LINEAR LINEAR LINEAR LINEAR LINEAR LINEAR LINEAR LINEAR LINEAR</Name_array><technique_common><accessor source="#jnt_l_ear_1-Interpolations-array" count="21"><param type="name"/></accessor></technique_common></source><sampler id="jnt_l_ear_1-Matrix-animation-transform"><input semantic="INPUT" source="#jnt_l_ear_1-Matrix-animation-input"/><input semantic="OUTPUT" source="#jnt_l_ear_1-Matrix-animation-output-transform"/><input semantic="INTERPOLATION" source="#jnt_l_ear_1-Interpolations"/></sampler><channel source="#jnt_l_ear_1-Matrix-animation-transform" target="jnt_l_ear_1/matrix"/></animation></animation>
    <animation id="jnt_l_ear_2-anim" name="jnt_l_ear_2"><animation><source id="jnt_l_ear_2-Matrix-animation-input"><float_array id="jnt_l_ear_2-Matrix-animation-input-array" count="21">

0.000000 0.033333 0.066667 0.100000 0.133333 0.166667 0.200000 0.233333 0.266667 0.300000 0.333333 0.366667 0.400000 0.433333 0.466667 0.500000
0.533333 0.566667 0.600000 0.633333 0.666667</float_array><technique_common><accessor source="#jnt_l_ear_2-Matrix-animation-input-array" count="21"><param name="TIME" type="float"/></accessor></technique_common></source><source id="jnt_l_ear_2-Matrix-animation-output-transform"><float_array id="jnt_l_ear_2-Matrix-animation-output-transform-array" count="336">

0.953901 0.165954 0.250064 0.790298 -0.160530 0.986133 -0.042083 0.000000 -0.253580 -0.000000 0.967314 0.000000 0.000000 0.000000 0.000000 1.000000
0.944947 0.213803 0.247717 0.790298 -0.206815 0.976877 -0.054216 0.000000 -0.253580 -0.000000 0.967314 0.000000 0.000000 0.000000 0.000000 1.000000
0.937521 0.246274 0.245770 0.790298 -0.238225 0.969200 -0.062450 0.000000 -0.253580 -0.000000 0.967314 0.000000 0.000000 0.000000 0.000000 1.000000
0.932646 0.265321 0.244492 0.790298 -0.256648 0.964160 -0.067280 0.000000 -0.253580 -0.000000 0.967314 0.000000 0.000000 0.000000 0.000000 1.000000
