<?xml version="1.0" encoding="utf-8"?>
<COLLADA xmlns="http://www.collada.org/2005/11/COLLADASchema" version="1.4.1">
  <asset><contributor><author></author><authoring_tool>FBX COLLADA exporter</authoring_tool><comments></comments></contributor><created>2018-07-03T10:53:55Z</created><keywords></keywords><modified>2018-07-03T10:53:55Z</modified><revision></revision><subject></subject><title></title><unit meter="0.010000" name="centimeter"></unit><up_axis>Y_UP</up_axis></asset>
  <library_animations>
    <animation id="root_jnt-anim" name="root_jnt"><animation><source id="root_jnt-Matrix-animation-input"><float_array id="root_jnt-Matrix-animation-input-array" count="121">

0.000000 0.033333 0.066667 0.100000 0.133333 0.166667 0.200000 0.233333 0.266667 0.300000 0.333333 0.366667 0.400000 0.433333 0.466667 0.500000
0.533333 0.566667 0.600000 0.633333 0.666667 0.700000 0.733333 0.766667 0.800000 0.833333 0.866667 0.900000 0.933333 0.966667 1.000000 1.033333
1.066667 1.100000 1.133333 1.166667 1.200000 1.233333 1.266667 1.300000 1.333333 1.366667 1.400000 1.433333 1.466667 1.500000 1.533333 1.566667
1.600000 1.633333 1.666667 1.700000 1.733333 1.766667 1.800000 1.833333 1.866667 1.900000 1.933333 1.966667 2.000000 2.033333 2.066667 2.100000
2.133333 2.166667 2.200000 2.233333 2.266667 2.300000 2.333333 2.366667 2.400000 2.433333 2.466667 2.500000 2.533333 2.566667 2.600000 2.633333
2.666667 2.700000 2.733333 2.766667 2.800000 2.833333 2.866667 2.900000 2.933333 2.966667 3.000000 3.033333 3.066667 3.100000 3.133333 3.166667
3.200000 3.233333 3.266667 3.300000 3.333333 3.366667 3.400000 3.433333 3.466667 3.500000 3.533333 3.566667 3.600000 3.633333 3.666667 3.700000
3.733333 3.766667 3.800000 3.833333 3.866667 3.900000 3.933333 3.966667 4.000000</float_array><technique_common><accessor source="#root_jnt-Matrix-animation-input-array" count="121"><param name="TIME" type="float"/></accessor></technique_common></source><source id="root_jnt-Matrix-animation-output-transform"><float_array id="root_jnt-Matrix-animation-output-transform-array" count="1936">

-0.232759 -0.070831 -0.969952 -0.053369 0.094522 0.990975 -0.095049 4.364392 0.967930 -0.113805 -0.223963 -0.991439 0.000000 0.000000 0.000000 1.000000
-0.232523 -0.070834 -0.970008 -0.053369 0.094544 0.990975 -0.095028 4.364392 0.967985 -0.113805 -0.223727 -0.991439 0.000000 0.000000 0.000000 1.000000
-0.231825 -0.070842 -0.970174 -0.053369 0.094611 0.990974 -0.094968 4.364392 0.968146 -0.113805 -0.223031 -0.991439 0.000000 0.000000 0.000000 1.000000
-0.230682 -0.070854 -0.970446 -0.053369 0.094719 0.990973 -0.094869 4.364392 0.968408 -0.113804 -0.221889 -0.991439 0.000000 0.000000 0.000000 1.000000
-0.229109 -0.070872 -0.970817 -0.053369 0.094868 0.990972 -0.094732 4.364392 0.968767 -0.113803 -0.220317 -0.991439 0.000000 0.000000 0.000000 1.000000
-0.227120 -0.070894 -0.971283 -0.053369 0.095056 0.990971 -0.094558 4.364392 0.969217 -0.113802 -0.218331 -0.991439 0.000000 0.000000 0.000000 1.000000
-0.224733 -0.070920 -0.971836 -0.053369 0.095281 0.990969 -0.094350 4.364392 0.969751 -0.113801 -0.215946 -0.991439 0.000000 0.000000 0.000000 1.000000
-0.221961 -0.070949 -0.972471 -0.053369 0.095542 0.990967 -0.094106 4.364392 0.970363 -0.113800 -0.213177 -0.991439 0.000000 0.000000 0.000000 1.000000
-0.218820 -0.070982 -0.973180 -0.053369 0.095837 0.990965 -0.093828 4.364392 0.971047 -0.113798 -0.210040 -0.991439 0.000000 0.000000 0.000000 1.000000
-0.215326 -0.071017 -0.973957 -0.053369 0.096164 0.990963 -0.093518 4.364392 0.971796 -0.113797 -0.206550 -0.991439 0.000000 0.000000 0.000000 1.000000
-0.211493 -0.071055 -0.974793 -0.053369 0.096522 0.990960 -0.093175 4.364392 0.972602 -0.113794 -0.202722 -0.991439 0.000000 0.000000 0.000000 1.000000
-0.207336 -0.071094 -0.975683 -0.053369 0.096908 0.990958 -0.092800 4.364392 0.973458 -0.113792 -0.198572 -0.991439 0.000000 0.000000 0.000000 1.000000
-0.202872 -0.071135 -0.976618 -0.053369 0.097321 0.990955 -0.092396 4.364392 0.974357 -0.113790 -0.194114 -0.991439 0.000000 0.000000 0.000000 1.000000
-0.198115 -0.071177 -0.977591 -0.053369 0.097759 0.990952 -0.091961 4.364392 0.975292 -0.113787 -0.189364 -0.991439 0.000000 0.000000 0.000000 1.000000
-0.193080 -0.071219 -0.978595 -0.053369 0.098220 0.990950 -0.091498 4.364392 0.976255 -0.113784 -0.184337 -0.991439 0.000000 0.000000 0.000000 1.000000
-0.187783 -0.071262 -0.979622 -0.053369 0.098703 0.990947 -0.091006 4.364392 0.977239 -0.113781 -0.179049 -0.991439 0.000000 0.000000 0.000000 1.000000
-0.182239 -0.071304 -0.980665 -0.053369 0.099205 0.990944 -0.090487 4.364392 0.978237 -0.113778 -0.173515 -0.991439 0.000000 0.000000 0.000000 1.000000
-0.176465 -0.071345 -0.981718 -0.053369 0.099726 0.990942 -0.089941 4.364392 0.979242 -0.113774 -0.167751 -0.991439 0.000000 0.000000 0.000000 1.000000
-0.170474 -0.071385 -0.982773 -0.053369 0.100262 0.990939 -0.089370 4.364392 0.980248 -0.113771 -0.161772 -0.991439 0.000000 0.000000 0.000000 1.000000
-0.164284 -0.071424 -0.983824 -0.053369 0.100813 0.990937 -0.088775 4.364392 0.981248 -0.113767 -0.155594 -0.991439 0.000000 0.000000 0.000000 1.000000
-0.157909 -0.071461 -0.984865 -0.053369 0.101377 0.990935 -0.088155 4.364392 0.982236 -0.113763 -0.149233 -0.991439 0.000000 0.000000 0.000000 1.000000
-0.151366 -0.071495 -0.985889 -0.053369 0.101951 0.990933 -0.087514 4.364392 0.983206 -0.113759 -0.142705 -0.991439 0.000000 0.000000 0.000000 1.000000
-0.144671 -0.071527 -0.986891 -0.053369 0.102535 0.990931 -0.086850 4.364392 0.984153 -0.113755 -0.136025 -0.991439 0.000000 0.000000 0.000000 1.000000
-0.137839 -0.071556 -0.987866 -0.053369 0.103125 0.990929 -0.086167 4.364392 0.985071 -0.113751 -0.129210 -0.991439 0.000000 0.000000 0.000000 1.000000
-0.130888 -0.071582 -0.988810 -0.053369 0.103722 0.990928 -0.085465 4.364392 0.985956 -0.113748 -0.122276 -0.991439 0.000000 0.000000 0.000000 1.000000
-0.123832 -0.071604 -0.989716 -0.053369 0.104323 0.990926 -0.084745 4.364392 0.986804 -0.113744 -0.115239 -0.991439 0.000000 0.000000 0.000000 1.000000
-0.116690 -0.071623 -0.990582 -0.053369 0.104926 0.990925 -0.084008 4.364392 0.987610 -0.113741 -0.108115 -0.991439 0.000000 0.000000 0.000000 1.000000
-0.109476 -0.071639 -0.991405 -0.053369 0.105530 0.990925 -0.083258 4.364392 0.988372 -0.113737 -0.100922 -0.991439 0.000000 0.000000 0.000000 1.000000
-0.102207 -0.071651 -0.992179 -0.053369 0.106133 0.990924 -0.082493 4.364392 0.989085 -0.113734 -0.093675 -0.991439 0.000000 0.000000 0.000000 1.000000
-0.094900 -0.071659 -0.992904 -0.053369 0.106734 0.990924 -0.081717 4.364392 0.989748 -0.113731 -0.086391 -0.991439 0.000000 0.000000 0.000000 1.000000
-0.087572 -0.071662 -0.993577 -0.053369 0.107331 0.990924 -0.080931 4.364392 0.990359 -0.113729 -0.079086 -0.991439 0.000000 0.000000 0.000000 1.000000
-0.080240 -0.071662 -0.994196 -0.053369 0.107923 0.990924 -0.080137 4.364392 0.990916 -0.113727 -0.071777 -0.991439 0.000000 0.000000 0.000000 1.000000
-0.072919 -0.071658 -0.994760 -0.053369 0.108508 0.990925 -0.079336 4.364392 0.991418 -0.113725 -0.064482 -0.991439 0.000000 0.000000 0.000000 1.000000
-0.065627 -0.071650 -0.995268 -0.053369 0.109086 0.990925 -0.078531 4.364392 0.991864 -0.113723 -0.057215 -0.991439 0.000000 0.000000 0.000000 1.000000
-0.058380 -0.071639 -0.995721 -0.053369 0.109654 0.990926 -0.077723 4.364392 0.992254 -0.113722 -0.049995 -0.991439 0.000000 0.000000 0.000000 1.000000
-0.051196 -0.071623 -0.996117 -0.053369 0.110212 0.990928 -0.076915 4.364392 0.992589 -0.113722 -0.042838 -0.991439 0.000000 0.000000 0.000000 1.000000
-0.044091 -0.071605 -0.996458 -0.053369 0.110758 0.990929 -0.076108 4.364392 0.992869 -0.113722 -0.035760 -0.991439 0.000000 0.000000 0.000000 1.000000
-0.037081 -0.071583 -0.996745 -0.053369 0.111292 0.990930 -0.075305 4.364392 0.993096 -0.113722 -0.028778 -0.991439 0.000000 0.000000 0.000000 1.000000
-0.030185 -0.071557 -0.996980 -0.053369 0.111812 0.990932 -0.074509 4.364392 0.993271 -0.113723 -0.021910 -0.991439 0.000000 0.000000 0.000000 1.000000
-0.023417 -0.071529 -0.997164 -0.053369 0.112317 0.990934 -0.073720 4.364392 0.993396 -0.113725 -0.015171 -0.991439 0.000000 0.000000 0.000000 1.000000
-0.016796 -0.071499 -0.997299 -0.053369 0.112806 0.990936 -0.072942 4.364392 0.993475 -0.113726 -0.008578 -0.991439 0.000000 0.000000 0.000000 1.000000
-0.010338 -0.071466 -0.997389 -0.053369 0.113278 0.990938 -0.072178 4.364392 0.993510 -0.113729 -0.002148 -0.991439 0.000000 0.000000 0.000000 1.000000
-0.004059 -0.071431 -0.997437 -0.053369 0.113733 0.990940 -0.071428 4.364392 0.993503 -0.113731 0.004102 -0.991439 0.000000 0.000000 0.000000 1.000000
0.002024 -0.071395 -0.997446 -0.053369 0.114169 0.990943 -0.070697 4.364392 0.993459 -0.113734 0.010157 -0.991439 0.000000 0.000000 0.000000 1.000000
0.007894 -0.071357 -0.997420 -0.053369 0.114586 0.990945 -0.069987 4.364392 0.993382 -0.113738 0.015999 -0.991439 0.000000 0.000000 0.000000 1.000000
0.013535 -0.071318 -0.997362 -0.053369 0.114983 0.990947 -0.069299 4.364392 0.993275 -0.113741 0.021613 -0.991439 0.000000 0.000000 0.000000 1.000000
0.018930 -0.071279 -0.997277 -0.053369 0.115359 0.990950 -0.068637 4.364392 0.993144 -0.113745 0.026981 -0.991439 0.000000 0.000000 0.000000 1.000000
0.024062 -0.071240 -0.997169 -0.053369 0.115713 0.990952 -0.068004 4.364392 0.992991 -0.113749 0.032088 -0.991439 0.000000 0.000000 0.000000 1.000000
0.028917 -0.071202 -0.997043 -0.053369 0.116046 0.990954 -0.067401 4.364392 0.992823 -0.113754 0.036918 -0.991439 0.000000 0.000000 0.000000 1.000000
0.033476 -0.071164 -0.996903 -0.053369 0.116356 0.990957 -0.066832 4.364392 0.992643 -0.113758 0.041453 -0.991439 0.000000 0.000000 0.000000 1.000000
0.037724 -0.071127 -0.996754 -0.053369 0.116642 0.990959 -0.066299 4.364392 0.992457 -0.113762 0.045679 -0.991439 0.000000 0.000000 0.000000 1.000000
0.041644 -0.071093 -0.996600 -0.053369 0.116904 0.990961 -0.065805 4.364392 0.992270 -0.113767 0.049578 -0.991439 0.000000 0.000000 0.000000 1.000000
0.045220 -0.071060 -0.996447 -0.053369 0.117142 0.990963 -0.065353 4.364392 0.992085 -0.113771 0.053136 -0.991439 0.000000 0.000000 0.000000 1.000000
0.048437 -0.071030 -0.996297 -0.053369 0.117355 0.990964 -0.064944 4.364392 0.991908 -0.113774 0.056335 -0.991439 0.000000 0.000000 0.000000 1.000000
0.051277 -0.071002 -0.996157 -0.053369 0.117541 0.990966 -0.064582 4.364392 0.991743 -0.113778 0.059159 -0.991439 0.000000 0.000000 0.000000 1.000000
0.053725 -0.070978 -0.996030 -0.053369 0.117701 0.990967 -0.064269 4.364392 0.991595 -0.113781 0.061594 -0.991439 0.000000 0.000000 0.000000 1.000000
0.055764 -0.070958 -0.995919 -0.053369 0.117834 0.990968 -0.064008 4.364392 0.991466 -0.113784 0.063621 -0.991439 0.000000 0.000000 0.000000 1.000000
0.057378 -0.070942 -0.995829 -0.053369 0.117939 0.990969 -0.063800 4.364392 0.991362 -0.113786 0.065226 -0.991439 0.000000 0.000000 0.000000 1.000000
0.058551 -0.070930 -0.995761 -0.053369 0.118015 0.990970 -0.063649 4.364392 0.991284 -0.113788 0.066393 -0.991439 0.000000 0.000000 0.000000 1.000000
0.059267 -0.070922 -0.995720 -0.053369 0.118061 0.990970 -0.063557 4.364392 0.991236 -0.113789 0.067105 -0.991439 0.000000 0.000000 0.000000 1.000000
0.059509 -0.070920 -0.995705 -0.053369 0.118076 0.990970 -0.063526 4.364392 0.991220 -0.113789 0.067346 -0.991439 0.000000 0.000000 0.000000 1.000000
0.059267 -0.070922 -0.995720 -0.053369 0.118061 0.990970 -0.063557 4.364392 0.991236 -0.113789 0.067105 -0.991439 0.000000 0.000000 0.000000 1.000000
0.058551 -0.070930 -0.995761 -0.053369 0.118015 0.990970 -0.063649 4.364392 0.991284 -0.113788 0.066393 -0.991439 0.000000 0.000000 0.000000 1.000000
0.057378 -0.070942 -0.995829 -0.053369 0.117939 0.990969 -0.063800 4.364392 0.991362 -0.113786 0.065226 -0.991439 0.000000 0.000000 0.000000 1.000000
0.055764 -0.070958 -0.995919 -0.053369 0.117834 0.990968 -0.064008 4.364392 0.991466 -0.113784 0.063621 -0.991439 0.000000 0.000000 0.000000 1.000000
0.053725 -0.070978 -0.996030 -0.053369 0.117701 0.990967 -0.064269 4.364392 0.991595 -0.113781 0.061594 -0.991439 0.000000 0.000000 0.000000 1.000000
0.051277 -0.071002 -0.996157 -0.053369 0.117541 0.990966 -0.064582 4.364392 0.991743 -0.113778 0.059159 -0.991439 0.000000 0.000000 0.000000 1.000000
0.048437 -0.071030 -0.996297 -0.053369 0.117355 0.990964 -0.064944 4.364392 0.991908 -0.113774 0.056335 -0.991439 0.000000 0.000000 0.000000 1.000000
0.045220 -0.071060 -0.996447 -0.053369 0.117142 0.990963 -0.065353 4.364392 0.992085 -0.113771 0.053136 -0.991439 0.000000 0.000000 0.000000 1.000000
0.041644 -0.071093 -0.996600 -0.053369 0.116904 0.990961 -0.065805 4.364392 0.992270 -0.113767 0.049578 -0.991439 0.000000 0.000000 0.000000 1.000000
0.037724 -0.071127 -0.996754 -0.053369 0.116642 0.990959 -0.066299 4.364392 0.992457 -0.113762 0.045679 -0.991439 0.000000 0.000000 0.000000 1.000000
0.033476 -0.071164 -0.996903 -0.053369 0.116356 0.990957 -0.066832 4.364392 0.992643 -0.113758 0.041453 -0.991439 0.000000 0.000000 0.000000 1.000000
0.028917 -0.071202 -0.997043 -0.053369 0.116046 0.990954 -0.067401 4.364392 0.992823 -0.113754 0.036918 -0.991439 0.000000 0.000000 0.000000 1.000000
0.024062 -0.071240 -0.997169 -0.053369 0.115713 0.990952 -0.068004 4.364392 0.992991 -0.113749 0.032088 -0.991439 0.000000 0.000000 0.000000 1.000000
0.018930 -0.071279 -0.997277 -0.053369 0.115359 0.990950 -0.068637 4.364392 0.993144 -0.113745 0.026981 -0.991439 0.000000 0.000000 0.000000 1.000000
0.013535 -0.071318 -0.997362 -0.053369 0.114983 0.990947 -0.069299 4.364392 0.993275 -0.113741 0.021613 -0.991439 0.000000 0.000000 0.000000 1.000000
0.007894 -0.071357 -0.997420 -0.053369 0.114586 0.990945 -0.069987 4.364392 0.993382 -0.113738 0.015999 -0.991439 0.000000 0.000000 0.000000 1.000000
0.002024 -0.071395 -0.997446 -0.053369 0.114169 0.990943 -0.070697 4.364392 0.993459 -0.113734 0.010157 -0.991439 0.000000 0.000000 0.000000 1.000000
-0.004059 -0.071431 -0.997437 -0.053369 0.113733 0.990940 -0.071428 4.364392 0.993503 -0.113731 0.004102 -0.991439 0.000000 0.000000 0.000000 1.000000
-0.010338 -0.071466 -0.997389 -0.053369 0.113278 0.990938 -0.072178 4.364392 0.993510 -0.113729 -0.002148 -0.991439 0.000000 0.000000 0.000000 1.000000
-0.016796 -0.071499 -0.997299 -0.053369 0.112806 0.990936 -0.072942 4.364392 0.993475 -0.113726 -0.008578 -0.991439 0.000000 0.000000 0.000000 1.000000
-0.023417 -0.071529 -0.997164 -0.053369 0.112317 0.990934 -0.073720 4.364392 0.993396 -0.113725 -0.015171 -0.991439 0.000000 0.000000 0.000000 1.000000
-0.030185 -0.071557 -0.996980 -0.053369 0.111812 0.990932 -0.074509 4.364392 0.993271 -0.113723 -0.021910 -0.991439 0.000000 0.000000 0.000000 1.000000
-0.037081 -0.071583 -0.996745 -0.053369 0.111292 0.990930 -0.075305 4.364392 0.993096 -0.113722 -0.028778 -0.991439 0.000000 0.000000 0.000000 1.000000
-0.044091 -0.071605 -0.996458 -0.053369 0.110758 0.990929 -0.076108 4.364392 0.992869 -0.113722 -0.035760 -0.991439 0.000000 0.000000 0.000000 1.000000
-0.051196 -0.071624 -0.996117 -0.053369 0.110212 0.990928 -0.076915 4.364392 0.992589 -0.113722 -0.042838 -0.991439 0.000000 0.000000 0.000000 1.000000
-0.058380 -0.071639 -0.995721 -0.053369 0.109654 0.990926 -0.077723 4.364392 0.992254 -0.113722 -0.049995 -0.991439 0.000000 0.000000 0.000000 1.000000
-0.065627 -0.071651 -0.995268 -0.053369 0.109086 0.990925 -0.078531 4.364392 0.991864 -0.113723 -0.057215 -0.991439 0.000000 0.000000 0.000000 1.000000
-0.072919 -0.071658 -0.994760 -0.053369 0.108508 0.990925 -0.079336 4.364392 0.991418 -0.113725 -0.064482 -0.991439 0.000000 0.000000 0.000000 1.000000
-0.080240 -0.071662 -0.994196 -0.053369 0.107923 0.990924 -0.080137 4.364392 0.990916 -0.113727 -0.071777 -0.991439 0.000000 0.000000 0.000000 1.000000
-0.087572 -0.071662 -0.993577 -0.053369 0.107331 0.990924 -0.080931 4.364392 0.990359 -0.113729 -0.079086 -0.991439 0.000000 0.000000 0.000000 1.000000
-0.094900 -0.071658 -0.992904 -0.053369 0.106734 0.990924 -0.081717 4.364392 0.989748 -0.113731 -0.086391 -0.991439 0.000000 0.000000 0.000000 1.000000
-0.102207 -0.071651 -0.992179 -0.053369 0.106133 0.990924 -0.082493 4.364392 0.989085 -0.113734 -0.093675 -0.991439 0.000000 0.000000 0.000000 1.000000
-0.109476 -0.071639 -0.991405 -0.053369 0.105530 0.990925 -0.083257 4.364392 0.988372 -0.113737 -0.100922 -0.991439 0.000000 0.000000 0.000000 1.000000
-0.116690 -0.071624 -0.990582 -0.053369 0.104926 0.990925 -0.084009 4.364392 0.987610 -0.113741 -0.108115 -0.991439 0.000000 0.000000 0.000000 1.000000
-0.123832 -0.071604 -0.989716 -0.053369 0.104323 0.990926 -0.084745 4.364392 0.986804 -0.113744 -0.115239 -0.991439 0.000000 0.000000 0.000000 1.000000
-0.130888 -0.071582 -0.988810 -0.053369 0.103722 0.990928 -0.085465 4.364392 0.985956 -0.113748 -0.122276 -0.991439 0.000000 0.000000 0.000000 1.000000
-0.137839 -0.071556 -0.987866 -0.053369 0.103125 0.990929 -0.086167 4.364392 0.985071 -0.113751 -0.129210 -0.991439 0.000000 0.000000 0.000000 1.000000
-0.144671 -0.071527 -0.986891 -0.053369 0.102535 0.990931 -0.086850 4.364392 0.984153 -0.113755 -0.136025 -0.991439 0.000000 0.000000 0.000000 1.000000
-0.151366 -0.071495 -0.985889 -0.053369 0.101951 0.990933 -0.087514 4.364392 0.983206 -0.113759 -0.142705 -0.991439 0.000000 0.000000 0.000000 1.000000
-0.157909 -0.071461 -0.984865 -0.053369 0.101377 0.990935 -0.088155 4.364392 0.982236 -0.113763 -0.149233 -0.991439 0.000000 0.000000 0.000000 1.000000
-0.164284 -0.071424 -0.983824 -0.053369 0.100813 0.990937 -0.088775 4.364392 0.981248 -0.113767 -0.155594 -0.991439 0.000000 0.000000 0.000000 1.000000
-0.170474 -0.071385 -0.982773 -0.053369 0.100262 0.990939 -0.089370 4.364392 0.980248 -0.113771 -0.161772 -0.991439 0.000000 0.000000 0.000000 1.000000
-0.176465 -0.071345 -0.981718 -0.053369 0.099726 0.990942 -0.089941 4.364392 0.979242 -0.113774 -0.167751 -0.991439 0.000000 0.000000 0.000000 1.000000
-0.182239 -0.071304 -0.980665 -0.053369 0.099205 0.990944 -0.090487 4.364392 0.978237 -0.113778 -0.173515 -0.991439 0.000000 0.000000 0.000000 1.000000
-0.187783 -0.071262 -0.979622 -0.053369 0.098703 0.990947 -0.091006 4.364392 0.977239 -0.113781 -0.179049 -0.991439 0.000000 0.000000 0.000000 1.000000
-0.193080 -0.071219 -0.978595 -0.053369 0.098220 0.990950 -0.091498 4.364392 0.976255 -0.113784 -0.184337 -0.991439 0.000000 0.000000 0.000000 1.000000
-0.198115 -0.071177 -0.977591 -0.053369 0.097759 0.990952 -0.091961 4.364392 0.975292 -0.113787 -0.189364 -0.991439 0.000000 0.000000 0.000000 1.000000
-0.202872 -0.071135 -0.976618 -0.053369 0.097321 0.990955 -0.092396 4.364392 0.974357 -0.113790 -0.194114 -0.991439 0.000000 0.000000 0.000000 1.000000
-0.207336 -0.071094 -0.975683 -0.053369 0.096908 0.990958 -0.092801 4.364392 0.973458 -0.113792 -0.198572 -0.991439 0.000000 0.000000 0.000000 1.000000
-0.211493 -0.071055 -0.974793 -0.053369 0.096522 0.990960 -0.093175 4.364392 0.972602 -0.113794 -0.202722 -0.991439 0.000000 0.000000 0.000000 1.000000
-0.215326 -0.071017 -0.973957 -0.053369 0.096164 0.990963 -0.093518 4.364392 0.971796 -0.113797 -0.206550 -0.991439 0.000000 0.000000 0.000000 1.000000
-0.218820 -0.070982 -0.973180 -0.053369 0.095837 0.990965 -0.093828 4.364392 0.971047 -0.113798 -0.210040 -0.991439 0.000000 0.000000 0.000000 1.000000
-0.221961 -0.070949 -0.972471 -0.053369 0.095542 0.990967 -0.094106 4.364392 0.970363 -0.113800 -0.213177 -0.991439 0.000000 0.000000 0.000000 1.000000
-0.224733 -0.070920 -0.971836 -0.053369 0.095281 0.990969 -0.094350 4.364392 0.969751 -0.113801 -0.215946 -0.991439 0.000000 0.000000 0.000000 1.000000
-0.227120 -0.070894 -0.971283 -0.053369 0.095056 0.990971 -0.094558 4.364392 0.969217 -0.113802 -0.218331 -0.991439 0.000000 0.000000 0.000000 1.000000
-0.229109 -0.070872 -0.970817 -0.053369 0.094868 0.990972 -0.094732 4.364392 0.968767 -0.113803 -0.220317 -0.991439 0.000000 0.000000 0.000000 1.000000
-0.230682 -0.070854 -0.970446 -0.053369 0.094719 0.990973 -0.094869 4.364392 0.968408 -0.113804 -0.221889 -0.991439 0.000000 0.000000 0.000000 1.000000
-0.231825 -0.070842 -0.970174 -0.053369 0.094611 0.990974 -0.094968 4.364392 0.968146 -0.113805 -0.223031 -0.991439 0.000000 0.000000 0.000000 1.000000
-0.232523 -0.070834 -0.970008 -0.053369 0.094544 0.990975 -0.095028 4.364392 0.967985 -0.113805 -0.223727 -0.991439 0.000000 0.000000 0.000000 1.000000
-0.232759 -0.070831 -0.969952 -0.053369 0.094522 0.990975 -0.095049 4.364392 0.967930 -0.113805 -0.223963 -0.991439 0.000000 0.000000 0.000000 1.000000</float_array><technique_common><accessor source="#root_jnt-Matrix-animation-output-transform-array" count="121" stride="16"><param type="float4x4"/></accessor></technique_common></source><source id="root_jnt-Interpolations"><Name_array id="root_jnt-Interpolations-array" count="121">
 LINEAR LINEAR LINEAR LINEAR LINEAR LINEAR LINEAR LINEAR LINEAR LINEAR LINEAR
LINEAR LINEAR LINEAR LINEAR LINEAR LINEAR LINEAR LINEAR LINEAR LINEAR LINEAR LINEAR
LINEAR LINEAR LINEAR LINEAR LINEAR LINEAR LINEAR LINEAR LINEAR LINEAR LINEAR LINEAR
LINEAR LINEAR LINEAR LINEAR LINEAR LINEAR LINEAR LINEAR LINEAR LINEAR LINEAR LINEAR
LINEAR LINEAR LINEAR LINEAR LINEAR LINEAR LINEAR LINEAR LINEAR LINEAR LINEAR LINEAR
LINEAR LINEAR LINEAR LINEAR LINEAR LINEAR LINEAR LINEAR LINEAR LINEAR LINEAR LINEAR
LINEAR LINEAR LINEAR LINEAR LINEAR LINEAR LINEAR LINEAR LINEAR LINEAR LINEAR LINEAR
LINEAR LINEAR LINEAR LINEAR LINEAR LINEAR LINEAR LINEAR LINEAR LINEAR LINEAR LINEAR
LINEAR LINEAR LINEAR LINEAR LINEAR LINEAR LINEAR LINEAR LINEAR LINEAR LINEAR LINEAR
LINEAR LINEAR LINEAR LINEAR LINEAR LINEAR LINEAR LINEAR LINEAR LINEAR LINEAR LINEAR
LINEAR LINEAR</Name_array><technique_common><accessor source="#root_jnt-Interpolations-array" count="121"><param type="name"/></accessor></technique_common></source><sampler id="root_jnt-Matrix-animation-transform"><input semantic="INPUT" source="#root_jnt-Matrix-animation-input"/><input semantic="OUTPUT" source="#root_jnt-Matrix-animation-output-transform"/><input semantic="INTERPOLATION" source="#root_jnt-Interpolations"/></sampler><channel source="#root_jnt-Matrix-animation-transform" target="root_jnt/matrix"/></animation></animation>
    <animation id="jnt_spine1-anim" name="jnt_spine1"><animation><source id="jnt_spine1-Matrix-animation-input"><float_array id="jnt_spine1-Matrix-animation-input-array" count="121">

0.000000 0.033333 0.066667 0.100000 0.133333 0.166667 0.200000 0.233333 0.266667 0.300000 0.333333 0.366667 0.400000 0.433333 0.466667 0.500000
0.533333 0.566667 0.600000 0.633333 0.666667 0.700000 0.733333 0.766667 0.800000 0.833333 0.866667 0.900000 0.933333 0.966667 1.000000 1.033333
1.066667 1.100000 1.133333 1.166667 1.200000 1.233333 1.266667 1.300000 1.333333 1.366667 1.400000 1.433333 1.466667 1.500000 1.533333 1.566667
1.600000 1.633333 1.666667 1.700000 1.733333 1.766667 1.800000 1.833333 1.866667 1.900000 1.933333 1.966667 2.000000 2.033333 2.066667 2.100000
2.133333 2.166667 2.200000 2.233333 2.266667 2.300000 2.333333 2.366667 2.400000 2.433333 2.466667 2.500000 2.533333 2.566667 2.600000 2.633333
2.666667 2.700000 2.733333 2.766667 2.800000 2.833333 2.866667 2.900000 2.933333 2.966667 3.000000 3.033333 3.066667 3.100000 3.133333 3.166667
3.200000 3.233333 3.266667 3.300000 3.333333 3.366667 3.400000 3.433333 3.466667 3.500000 3.533333 3.566667 3.600000 3.633333 3.666667 3.700000
3.733333 3.766667 3.800000 3.833333 3.866667 3.900000 3.933333 3.966667 4.000000</float_array><technique_common><accessor source="#jnt_spine1-Matrix-animation-input-array" count="121"><param name="TIME" type="float"/></accessor></technique_common></source><source id="jnt_spine1-Matrix-animation-output-transform"><float_array id="jnt_spine1-Matrix-animation-output-transform-array" count="1936">

0.964507 0.094522 0.246559 0.380134 -0.114805 0.990975 0.069199 -0.456557 -0.237793 -0.095049 0.966654 -0.057880 0.000000 0.000000 0.000000 1.000000
0.964578 0.094544 0.246275 0.380148 -0.114802 0.990975 0.069207 -0.456557 -0.237509 -0.095028 0.966726 -0.057787 0.000000 0.000000 0.000000 1.000000
0.964785 0.094611 0.245434 0.380191 -0.114791 0.990974 0.069232 -0.456557 -0.236669 -0.094968 0.966938 -0.057510 0.000000 0.000000 0.000000 1.000000
0.965124 0.094719 0.244056 0.380260 -0.114773 0.990973 0.069274 -0.456556 -0.235291 -0.094869 0.967284 -0.057056 0.000000 0.000000 0.000000 1.000000
0.965587 0.094868 0.242159 0.380354 -0.114749 0.990972 0.069330 -0.456555 -0.233395 -0.094732 0.967756 -0.056432 0.000000 0.000000 0.000000 1.000000
0.966167 0.095056 0.239761 0.380471 -0.114719 0.990971 0.069401 -0.456554 -0.231000 -0.094559 0.968348 -0.055644 0.000000 0.000000 0.000000 1.000000
0.966855 0.095281 0.236882 0.380610 -0.114682 0.990969 0.069486 -0.456553 -0.228122 -0.094349 0.969050 -0.054697 0.000000 0.000000 0.000000 1.000000
0.967642 0.095542 0.233539 0.380768 -0.114639 0.990967 0.069585 -0.456552 -0.224781 -0.094106 0.969854 -0.053599 0.000000 0.000000 0.000000 1.000000
0.968520 0.095837 0.229750 0.380943 -0.114591 0.990965 0.069695 -0.456550 -0.220995 -0.093828 0.970751 -0.052355 0.000000 0.000000 0.000000 1.000000
0.969478 0.096164 0.225533 0.381132 -0.114537 0.990963 0.069817 -0.456548 -0.216781 -0.093517 0.971731 -0.050972 0.000000 0.000000 0.000000 1.000000
0.970507 0.096522 0.220907 0.381334 -0.114478 0.990960 0.069949 -0.456546 -0.212159 -0.093175 0.972783 -0.049456 0.000000 0.000000 0.000000 1.000000
0.971597 0.096908 0.215890 0.381546 -0.114413 0.990958 0.070091 -0.456544 -0.207146 -0.092801 0.973899 -0.047813 0.000000 0.000000 0.000000 1.000000
0.972738 0.097321 0.210500 0.381766 -0.114343 0.990955 0.070241 -0.456542 -0.201760 -0.092396 0.975067 -0.046050 0.000000 0.000000 0.000000 1.000000
0.973919 0.097759 0.204754 0.381990 -0.114269 0.990952 0.070400 -0.456540 -0.196020 -0.091961 0.976278 -0.044173 0.000000 0.000000 0.000000 1.000000
0.975132 0.098220 0.198672 0.382217 -0.114190 0.990950 0.070566 -0.456538 -0.189943 -0.091498 0.977522 -0.042187 0.000000 0.000000 0.000000 1.000000
0.976365 0.098703 0.192272 0.382445 -0.114107 0.990947 0.070738 -0.456535 -0.183549 -0.091006 0.978789 -0.040100 0.000000 0.000000 0.000000 1.000000
0.977610 0.099205 0.185572 0.382670 -0.114020 0.990944 0.070916 -0.456533 -0.176856 -0.090487 0.980068 -0.037918 0.000000 0.000000 0.000000 1.000000
0.978856 0.099726 0.178591 0.382892 -0.113929 0.990942 0.071098 -0.456530 -0.169883 -0.089941 0.981351 -0.035647 0.000000 0.000000 0.000000 1.000000
0.980096 0.100262 0.171348 0.383106 -0.113834 0.990939 0.071284 -0.456527 -0.162648 -0.089370 0.982628 -0.033294 0.000000 0.000000 0.000000 1.000000
0.981319 0.100813 0.163861 0.383313 -0.113736 0.990937 0.071473 -0.456525 -0.155170 -0.088775 0.983891 -0.030864 0.000000 0.000000 0.000000 1.000000
0.982517 0.101377 0.156150 0.383509 -0.113635 0.990935 0.071664 -0.456522 -0.147469 -0.088155 0.985130 -0.028365 0.000000 0.000000 0.000000 1.000000
0.983683 0.101951 0.148234 0.383693 -0.113531 0.990933 0.071857 -0.456520 -0.139564 -0.087514 0.986338 -0.025803 0.000000 0.000000 0.000000 1.000000
0.984809 0.102535 0.140132 0.383863 -0.113424 0.990931 0.072051 -0.456517 -0.131473 -0.086851 0.987508 -0.023184 0.000000 0.000000 0.000000 1.000000
0.985889 0.103126 0.131864 0.384018 -0.113316 0.990929 0.072244 -0.456515 -0.123218 -0.086167 0.988632 -0.020515 0.000000 0.000000 0.000000 1.000000
0.986915 0.103722 0.123450 0.384156 -0.113205 0.990928 0.072438 -0.456513 -0.114816 -0.085465 0.989703 -0.017802 0.000000 0.000000 0.000000 1.000000
0.987883 0.104323 0.114909 0.384276 -0.113092 0.990926 0.072630 -0.456511 -0.106289 -0.084745 0.990717 -0.015052 0.000000 0.000000 0.000000 1.000000
0.988787 0.104926 0.106261 0.384377 -0.112978 0.990925 0.072820 -0.456509 -0.097656 -0.084009 0.991668 -0.012272 0.000000 0.000000 0.000000 1.000000
0.989622 0.105530 0.097527 0.384458 -0.112863 0.990925 0.073008 -0.456507 -0.088937 -0.083257 0.992551 -0.009466 0.000000 0.000000 0.000000 1.000000
0.990386 0.106133 0.088726 0.384519 -0.112748 0.990924 0.073193 -0.456506 -0.080152 -0.082493 0.993363 -0.006644 0.000000 0.000000 0.000000 1.000000
0.991074 0.106734 0.079879 0.384559 -0.112631 0.990924 0.073375 -0.456504 -0.071322 -0.081717 0.994100 -0.003809 0.000000 0.000000 0.000000 1.000000
0.991685 0.107331 0.071006 0.384578 -0.112515 0.990924 0.073553 -0.456503 -0.062467 -0.080931 0.994760 -0.000971 0.000000 0.000000 0.000000 1.000000
0.992216 0.107923 0.062128 0.384576 -0.112399 0.990924 0.073727 -0.456502 -0.053607 -0.080137 0.995341 0.001867 0.000000 0.000000 0.000000 1.000000
0.992668 0.108508 0.053265 0.384552 -0.112283 0.990925 0.073897 -0.456502 -0.044763 -0.079336 0.995842 0.004696 0.000000 0.000000 0.000000 1.000000
0.993039 0.109086 0.044437 0.384508 -0.112168 0.990925 0.074062 -0.456501 -0.035955 -0.078531 0.996263 0.007510 0.000000 0.000000 0.000000 1.000000
0.993330 0.109654 0.035665 0.384443 -0.112054 0.990926 0.074222 -0.456501 -0.027203 -0.077723 0.996604 0.010303 0.000000 0.000000 0.000000 1.000000
0.993542 0.110212 0.026970 0.384359 -0.111941 0.990928 0.074376 -0.456502 -0.018528 -0.076915 0.996865 0.013069 0.000000 0.000000 0.000000 1.000000
0.993678 0.110758 0.018372 0.384256 -0.111830 0.990929 0.074525 -0.456502 -0.009951 -0.076108 0.997050 0.015802 0.000000 0.000000 0.000000 1.000000
0.993739 0.111292 0.009891 0.384135 -0.111721 0.990930 0.074668 -0.456503 -0.001492 -0.075305 0.997159 0.018494 0.000000 0.000000 0.000000 1.000000
0.993728 0.111812 0.001548 0.383997 -0.111614 0.990932 0.074805 -0.456504 0.006830 -0.074509 0.997197 0.021139 0.000000 0.000000 0.000000 1.000000
0.993650 0.112317 -0.006636 0.383844 -0.111509 0.990934 0.074936 -0.456505 0.014992 -0.073720 0.997166 0.023732 0.000000 0.000000 0.000000 1.000000
0.993509 0.112806 -0.014642 0.383677 -0.111407 0.990936 0.075061 -0.456507 0.022977 -0.072942 0.997071 0.026266 0.000000 0.000000 0.000000 1.000000
0.993310 0.113278 -0.022449 0.383497 -0.111309 0.990938 0.075179 -0.456509 0.030762 -0.072178 0.996917 0.028735 0.000000 0.000000 0.000000 1.000000
0.993057 0.113733 -0.030037 0.383308 -0.111213 0.990940 0.075292 -0.456511 0.038328 -0.071429 0.996709 0.031133 0.000000 0.000000 0.000000 1.000000
0.992758 0.114169 -0.037386 0.383110 -0.111121 0.990943 0.075398 -0.456513 0.045656 -0.070697 0.996452 0.033453 0.000000 0.000000 0.000000 1.000000
0.992417 0.114586 -0.044476 0.382905 -0.111032 0.990945 0.075498 -0.456516 0.052725 -0.069987 0.996154 0.035690 0.000000 0.000000 0.000000 1.000000
0.992043 0.114983 -0.051288 0.382695 -0.110948 0.990947 0.075591 -0.456518 0.059515 -0.069299 0.995819 0.037838 0.000000 0.000000 0.000000 1.000000
0.991641 0.115359 -0.057800 0.382484 -0.110867 0.990950 0.075678 -0.456521 0.066007 -0.068638 0.995456 0.039889 0.000000 0.000000 0.000000 1.000000
0.991219 0.115713 -0.063995 0.382272 -0.110791 0.990952 0.075759 -0.456524 0.072182 -0.068004 0.995070 0.041840 0.000000 0.000000 0.000000 1.000000
0.990785 0.116046 -0.069851 0.382063 -0.110719 0.990954 0.075834 -0.456526 0.078019 -0.067401 0.994671 0.043683 0.000000 0.000000 0.000000 1.000000
0.990345 0.116356 -0.075350 0.381858 -0.110652 0.990957 0.075903 -0.456529 0.083500 -0.066832 0.994264 0.045412 0.000000 0.000000 0.000000 1.000000
0.989909 0.116642 -0.080472 0.381659 -0.110590 0.990959 0.075966 -0.456532 0.088605 -0.066299 0.993858 0.047022 0.000000 0.000000 0.000000 1.000000
0.989482 0.116904 -0.085198 0.381470 -0.110533 0.990961 0.076022 -0.456535 0.093315 -0.065805 0.993460 0.048507 0.000000 0.000000 0.000000 1.000000
0.989073 0.117142 -0.089508 0.381293 -0.110482 0.990963 0.076073 -0.456537 0.097611 -0.065353 0.993077 0.049861 0.000000 0.000000 0.000000 1.000000
0.988690 0.117355 -0.093384 0.381129 -0.110435 0.990964 0.076118 -0.456539 0.101473 -0.064944 0.992716 0.051078 0.000000 0.000000 0.000000 1.000000
0.988338 0.117541 -0.096806 0.380981 -0.110394 0.990966 0.076157 -0.456542 0.104883 -0.064582 0.992385 0.052151 0.000000 0.000000 0.000000 1.000000
0.988026 0.117701 -0.099754 0.380851 -0.110359 0.990967 0.076190 -0.456544 0.107820 -0.064269 0.992091 0.053076 0.000000 0.000000 0.000000 1.000000
0.987759 0.117834 -0.102209 0.380741 -0.110330 0.990968 0.076217 -0.456545 0.110267 -0.064008 0.991839 0.053847 0.000000 0.000000 0.000000 1.000000
0.987544 0.117939 -0.104153 0.380652 -0.110307 0.990969 0.076239 -0.456547 0.112204 -0.063800 0.991635 0.054456 0.000000 0.000000 0.000000 1.000000
0.987385 0.118015 -0.105565 0.380587 -0.110290 0.990970 0.076254 -0.456547 0.113611 -0.063649 0.991484 0.054899 0.000000 0.000000 0.000000 1.000000
0.987287 0.118061 -0.106427 0.380548 -0.110280 0.990970 0.076263 -0.456548 0.114470 -0.063557 0.991392 0.055169 0.000000 0.000000 0.000000 1.000000
0.987253 0.118076 -0.106719 0.380534 -0.110277 0.990970 0.076267 -0.456548 0.114761 -0.063526 0.991360 0.055261 0.000000 0.000000 0.000000 1.000000
0.987287 0.118061 -0.106427 0.380548 -0.110280 0.990970 0.076263 -0.456548 0.114470 -0.063557 0.991392 0.055169 0.000000 0.000000 0.000000 1.000000
0.987385 0.118015 -0.105565 0.380587 -0.110290 0.990970 0.076254 -0.456547 0.113611 -0.063649 0.991484 0.054899 0.000000 0.000000 0.000000 1.000000
0.987544 0.117939 -0.104153 0.380652 -0.110307 0.990969 0.076239 -0.456547 0.112204 -0.063800 0.991635 0.054456 0.000000 0.000000 0.000000 1.000000
0.987759 0.117834 -0.102209 0.380741 -0.110330 0.990968 0.076217 -0.456545 0.110267 -0.064008 0.991839 0.053847 0.000000 0.000000 0.000000 1.000000
0.988026 0.117701 -0.099754 0.380851 -0.110359 0.990967 0.076190 -0.456544 0.107820 -0.064269 0.992091 0.053076 0.000000 0.000000 0.000000 1.000000
0.988338 0.117541 -0.096806 0.380981 -0.110394 0.990966 0.076157 -0.456542 0.104883 -0.064582 0.992385 0.052151 0.000000 0.000000 0.000000 1.000000
0.988690 0.117355 -0.093384 0.381129 -0.110435 0.990964 0.076118 -0.456539 0.101473 -0.064944 0.992716 0.051078 0.000000 0.000000 0.000000 1.000000
0.989073 0.117142 -0.089508 0.381293 -0.110482 0.990963 0.076073 -0.456537 0.097611 -0.065353 0.993077 0.049861 0.000000 0.000000 0.000000 1.000000
0.989482 0.116904 -0.085198 0.381470 -0.110533 0.990961 0.076022 -0.456535 0.093315 -0.065805 0.993460 0.048507 0.000000 0.000000 0.000000 1.000000
0.989909 0.116642 -0.080472 0.381659 -0.110590 0.990959 0.075966 -0.456532 0.088605 -0.066299 0.993858 0.047022 0.000000 0.000000 0.000000 1.000000
0.990345 0.116356 -0.075350 0.381858 -0.110652 0.990957 0.075903 -0.456529 0.083500 -0.066832 0.994264 0.045412 0.000000 0.000000 0.000000 1.000000
0.990785 0.116046 -0.069851 0.382063 -0.110719 0.990954 0.075834 -0.456526 0.078019 -0.067401 0.994671 0.043683 0.000000 0.000000 0.000000 1.000000
0.991219 0.115713 -0.063994 0.382272 -0.110791 0.990952 0.075759 -0.456524 0.072182 -0.068004 0.995070 0.041840 0.000000 0.000000 0.000000 1.000000
0.991641 0.115359 -0.057800 0.382484 -0.110867 0.990950 0.075678 -0.456521 0.066007 -0.068638 0.995456 0.039889 0.000000 0.000000 0.000000 1.000000
0.992043 0.114983 -0.051288 0.382695 -0.110948 0.990947 0.075591 -0.456518 0.059515 -0.069299 0.995819 0.037838 0.000000 0.000000 0.000000 1.000000
0.992417 0.114586 -0.044476 0.382905 -0.111032 0.990945 0.075498 -0.456516 0.052725 -0.069987 0.996154 0.035690 0.000000 0.000000 0.000000 1.000000
0.992758 0.114169 -0.037386 0.383110 -0.111121 0.990943 0.075398 -0.456513 0.045656 -0.070697 0.996452 0.033453 0.000000 0.000000 0.000000 1.000000
0.993057 0.113733 -0.030037 0.383308 -0.111213 0.990940 0.075292 -0.456511 0.038328 -0.071429 0.996709 0.031133 0.000000 0.000000 0.000000 1.000000
0.993310 0.113278 -0.022449 0.383497 -0.111309 0.990938 0.075179 -0.456509 0.030762 -0.072178 0.996917 0.028735 0.000000 0.000000 0.000000 1.000000
0.993509 0.112806 -0.014642 0.383677 -0.111407 0.990936 0.075061 -0.456507 0.022977 -0.072942 0.997071 0.026266 0.000000 0.000000 0.000000 1.000000
0.993650 0.112317 -0.006636 0.383844 -0.111509 0.990934 0.074936 -0.456505 0.014992 -0.073720 0.997166 0.023732 0.000000 0.000000 0.000000 1.000000
0.993728 0.111812 0.001548 0.383997 -0.111614 0.990932 0.074805 -0.456504 0.006830 -0.074509 0.997197 0.021139 0.000000 0.000000 0.000000 1.000000
0.993739 0.111292 0.009891 0.384135 -0.111721 0.990930 0.074668 -0.456503 -0.001492 -0.075305 0.997159 0.018494 0.000000 0.000000 0.000000 1.000000
0.993678 0.110758 0.018372 0.384256 -0.111830 0.990929 0.074525 -0.456502 -0.009951 -0.076108 0.997050 0.015802 0.000000 0.000000 0.000000 1.000000
0.993542 0.110212 0.026970 0.384359 -0.111941 0.990928 0.074376 -0.456502 -0.018528 -0.076915 0.996865 0.013069 0.000000 0.000000 0.000000 1.000000
0.993330 0.109654 0.035665 0.384443 -0.112054 0.990926 0.074222 -0.456501 -0.027203 -0.077723 0.996604 0.010303 0.000000 0.000000 0.000000 1.000000
0.993039 0.109086 0.044437 0.384508 -0.112168 0.990925 0.074062 -0.456501 -0.035955 -0.078531 0.996263 0.007510 0.000000 0.000000 0.000000 1.000000
0.992668 0.108508 0.053265 0.384552 -0.112283 0.990925 0.073897 -0.456502 -0.044763 -0.079336 0.995842 0.004696 0.000000 0.000000 0.000000 1.000000
0.992216 0.107923 0.062128 0.384576 -0.112399 0.990924 0.073727 -0.456502 -0.053607 -0.080137 0.995341 0.001867 0.000000 0.000000 0.000000 1.000000
0.991685 0.107331 0.071006 0.384578 -0.112515 0.990924 0.073553 -0.456503 -0.062467 -0.080931 0.994760 -0.000971 0.000000 0.000000 0.000000 1.000000
0.991074 0.106734 0.079879 0.384559 -0.112631 0.990924 0.073375 -0.456504 -0.071322 -0.081717 0.994100 -0.003809 0.000000 0.000000 0.000000 1.000000
0.990386 0.106133 0.088726 0.384519 -0.112748 0.990924 0.073193 -0.456506 -0.080152 -0.082493 0.993363 -0.006644 0.000000 0.000000 0.000000 1.000000
0.989622 0.105530 0.097527 0.384458 -0.112863 0.990925 0.073008 -0.456507 -0.088937 -0.083257 0.992551 -0.009466 0.000000 0.000000 0.000000 1.000000
0.988787 0.104926 0.106261 0.384377 -0.112978 0.990925 0.072820 -0.456509 -0.097656 -0.084009 0.991668 -0.012272 0.000000 0.000000 0.000000 1.000000
0.987883 0.104323 0.114909 0.384276 -0.113092 0.990926 0.072630 -0.456511 -0.106289 -0.084745 0.990717 -0.015052 0.000000 0.000000 0.000000 1.000000
0.986915 0.103722 0.123450 0.384156 -0.113205 0.990928 0.072438 -0.456513 -0.114816 -0.085465 0.989703 -0.017802 0.000000 0.000000 0.000000 1.000000
0.985889 0.103126 0.131864 0.384018 -0.113316 0.990929 0.072244 -0.456515 -0.123218 -0.086167 0.988632 -0.020515 0.000000 0.000000 0.000000 1.000000
0.984809 0.102535 0.140132 0.383863 -0.113424 0.990931 0.072051 -0.456517 -0.131473 -0.086851 0.987508 -0.023184 0.000000 0.000000 0.000000 1.000000
0.983683 0.101951 0.148234 0.383693 -0.113531 0.990933 0.071857 -0.456520 -0.139564 -0.087514 0.986338 -0.025803 0.000000 0.000000 0.000000 1.000000
0.982517 0.101377 0.156150 0.383509 -0.113635 0.990935 0.071664 -0.456522 -0.147469 -0.088155 0.985130 -0.028365 0.000000 0.000000 0.000000 1.000000
0.981319 0.100813 0.163861 0.383313 -0.113736 0.990937 0.071473 -0.456525 -0.155170 -0.088775 0.983891 -0.030864 0.000000 0.000000 0.000000 1.000000
0.980096 0.100262 0.171348 0.383106 -0.113834 0.990939 0.071284 -0.456527 -0.162648 -0.089370 0.982628 -0.033294 0.000000 0.000000 0.000000 1.000000
0.978856 0.099726 0.178591 0.382892 -0.113929 0.990942 0.071098 -0.456530 -0.169883 -0.089941 0.981351 -0.035647 0.000000 0.000000 0.000000 1.000000
0.977610 0.099205 0.185572 0.382670 -0.114020 0.990944 0.070916 -0.456533 -0.176856 -0.090487 0.980068 -0.037918 0.000000 0.000000 0.000000 1.000000
0.976365 0.098703 0.192272 0.382445 -0.114107 0.990947 0.070738 -0.456535 -0.183549 -0.091006 0.978789 -0.040100 0.000000 0.000000 0.000000 1.000000
0.975132 0.098220 0.198672 0.382217 -0.114190 0.990950 0.070566 -0.456538 -0.189943 -0.091498 0.977522 -0.042187 0.000000 0.000000 0.000000 1.000000
0.973919 0.097759 0.204754 0.381990 -0.114269 0.990952 0.070400 -0.456540 -0.196020 -0.091961 0.976278 -0.044173 0.000000 0.000000 0.000000 1.000000
0.972738 0.097321 0.210500 0.381766 -0.114343 0.990955 0.070241 -0.456542 -0.201760 -0.092396 0.975067 -0.046050 0.000000 0.000000 0.000000 1.000000
0.971597 0.096908 0.215890 0.381546 -0.114413 0.990958 0.070091 -0.456544 -0.207146 -0.092801 0.973899 -0.047813 0.000000 0.000000 0.000000 1.000000
