<?xml version="1.0" encoding="utf-8"?>
<COLLADA xmlns="http://www.collada.org/2005/11/COLLADASchema" version="1.4.1">
  <asset><contributor><author></author><authoring_tool>FBX COLLADA exporter</authoring_tool><comments></comments></contributor><created>2020-02-06T16:01:56Z</created><keywords></keywords><modified>2020-02-06T16:01:56Z</modified><revision></revision><subject></subject><title></title><unit meter="0.010000" name="centimeter"></unit><up_axis>Y_UP</up_axis></asset>
  <library_animations>
    <animation id="root_jnt-anim" name="root_jnt"><animation><source id="root_jnt-Matrix-animation-input"><float_array id="root_jnt-Matrix-animation-input-array" count="61">

0.000000 0.033333 0.066667 0.100000 0.133333 0.166667 0.200000 0.233333 0.266667 0.300000 0.333333 0.366667 0.400000 0.433333 0.466667 0.500000
0.533333 0.566667 0.600000 0.633333 0.666667 0.700000 0.733333 0.766667 0.800000 0.833333 0.866667 0.900000 0.933333 0.966667 1.000000 1.033333
1.066667 1.100000 1.133333 1.166667 1.200000 1.233333 1.266667 1.300000 1.333333 1.366667 1.400000 1.433333 1.466667 1.500000 1.533333 1.566667
1.600000 1.633333 1.666667 1.700000 1.733333 1.766667 1.800000 1.833333 1.866667 1.900000 1.933333 1.966667 2.000000</float_array><technique_common><accessor source="#root_jnt-Matrix-animation-input-array" count="61"><param name="TIME" type="float"/></accessor></technique_common></source><source id="root_jnt-Matrix-animation-output-transform"><float_array id="root_jnt-Matrix-animation-output-transform-array" count="976">

0.014814 -0.041521 -0.999028 -0.000000 0.159085 0.986508 -0.038642 4.492520 0.987154 -0.158358 0.021219 -0.991439 0.000000 0.000000 0.000000 1.000000
0.014800 -0.035355 -0.999265 -0.000000 0.159415 0.986675 -0.032548 4.492814 0.987101 -0.158816 0.020239 -0.991439 0.000000 0.000000 0.000000 1.000000
0.014759 -0.028486 -0.999485 -0.000000 0.160377 0.986720 -0.025754 4.493667 0.986946 -0.159914 0.019131 -0.991439 0.000000 0.000000 0.000000 1.000000
0.014692 -0.021081 -0.999670 -0.000000 0.161924 0.986631 -0.018426 4.495041 0.986694 -0.161600 0.017909 -0.991439 0.000000 0.000000 0.000000 1.000000
0.014603 -0.013308 -0.999805 -0.000000 0.164011 0.986400 -0.010734 4.496895 0.986350 -0.163822 0.016587 -0.991439 0.000000 0.000000 0.000000 1.000000
0.014492 -0.005333 -0.999881 -0.000000 0.166593 0.986022 -0.002845 4.499189 0.985919 -0.166532 0.015178 -0.991439 0.000000 0.000000 0.000000 1.000000
0.014363 0.002675 -0.999893 -0.000000 0.169623 0.985496 0.005073 4.501884 0.985404 -0.169678 0.013701 -0.991439 0.000000 0.000000 0.000000 1.000000
0.014215 0.010549 -0.999843 -0.000000 0.173057 0.984828 0.012851 4.504939 0.984809 -0.173212 0.012174 -0.991439 0.000000 0.000000 0.000000 1.000000
0.014053 0.018121 -0.999737 -0.000000 0.176848 0.984028 0.020322 4.508313 0.984138 -0.177087 0.010624 -0.991439 0.000000 0.000000 0.000000 1.000000
0.013877 0.025225 -0.999585 -0.000000 0.180951 0.983113 0.027322 4.511968 0.983394 -0.181255 0.009078 -0.991439 0.000000 0.000000 0.000000 1.000000
0.013689 0.031693 -0.999404 -0.000000 0.185320 0.982101 0.033683 4.515863 0.982583 -0.185670 0.007570 -0.991439 0.000000 0.000000 0.000000 1.000000
0.013491 0.037359 -0.999211 -0.000000 0.189909 0.981017 0.039243 4.519958 0.981709 -0.190289 0.006141 -0.991439 0.000000 0.000000 0.000000 1.000000
0.013286 0.042055 -0.999027 -0.000000 0.194674 0.979888 0.043838 4.524214 0.980778 -0.195067 0.004832 -0.991439 0.000000 0.000000 0.000000 1.000000
0.013075 0.045616 -0.998873 -0.000000 0.199568 0.978741 0.047309 4.528589 0.979797 -0.199961 0.003694 -0.991439 0.000000 0.000000 0.000000 1.000000
0.012861 0.047874 -0.998771 -0.000000 0.204546 0.977605 0.049494 4.533044 0.978772 -0.204931 0.002780 -0.991439 0.000000 0.000000 0.000000 1.000000
0.012644 0.048664 -0.998735 -0.000000 0.209564 0.976504 0.050234 4.537539 0.977713 -0.209934 0.002149 -0.991439 0.000000 0.000000 0.000000 1.000000
0.012427 0.048231 -0.998759 -0.000000 0.214576 0.975438 0.049775 4.542035 0.976628 -0.214929 0.001773 -0.991439 0.000000 0.000000 0.000000 1.000000
0.012213 0.046973 -0.998821 -0.000000 0.219539 0.974397 0.048509 4.546490 0.975527 -0.219872 0.001587 -0.991439 0.000000 0.000000 0.000000 1.000000
0.012002 0.044951 -0.998917 -0.000000 0.224406 0.973386 0.046499 4.550865 0.974422 -0.224721 0.001595 -0.991439 0.000000 0.000000 0.000000 1.000000
0.011797 0.042226 -0.999038 -0.000000 0.229135 0.972408 0.043806 4.555120 0.973323 -0.229431 0.001796 -0.991439 0.000000 0.000000 0.000000 1.000000
0.011599 0.038858 -0.999177 -0.000000 0.233681 0.971470 0.040493 4.559216 0.972244 -0.233958 0.002188 -0.991439 0.000000 0.000000 0.000000 1.000000
0.011412 0.034909 -0.999325 -0.000000 0.238000 0.970575 0.036623 4.563110 0.971198 -0.238257 0.002767 -0.991439 0.000000 0.000000 0.000000 1.000000
0.011235 0.030439 -0.999473 -0.000000 0.242048 0.969728 0.032255 4.566765 0.970199 -0.242283 0.003527 -0.991439 0.000000 0.000000 0.000000 1.000000
0.011073 0.025511 -0.999613 -0.000000 0.245782 0.968936 0.027450 4.570140 0.969262 -0.245991 0.004459 -0.991439 0.000000 0.000000 0.000000 1.000000
0.010926 0.020183 -0.999737 -0.000000 0.249159 0.968206 0.022270 4.573195 0.968401 -0.249337 0.005549 -0.991439 0.000000 0.000000 0.000000 1.000000
0.010796 0.014519 -0.999836 -0.000000 0.252136 0.967547 0.016772 4.575889 0.967632 -0.252275 0.006785 -0.991439 0.000000 0.000000 0.000000 1.000000
0.010685 0.008579 -0.999906 -0.000000 0.254668 0.966966 0.011018 4.578184 0.966970 -0.254762 0.008147 -0.991439 0.000000 0.000000 0.000000 1.000000
0.010596 0.002424 -0.999941 -0.000000 0.256713 0.966474 0.005063 4.580038 0.966429 -0.256752 0.009618 -0.991439 0.000000 0.000000 0.000000 1.000000
0.010529 -0.003884 -0.999937 -0.000000 0.258228 0.966083 -0.001033 4.581412 0.966027 -0.258201 0.011175 -0.991439 0.000000 0.000000 0.000000 1.000000
0.010488 -0.010283 -0.999892 -0.000000 0.259169 0.965805 -0.007214 4.582265 0.965775 -0.259065 0.012795 -0.991439 0.000000 0.000000 0.000000 1.000000
0.010474 -0.016713 -0.999805 -0.000000 0.259493 0.965652 -0.013423 4.582559 0.965688 -0.259301 0.014451 -0.991439 0.000000 0.000000 0.000000 1.000000
0.010488 -0.023111 -0.999678 -0.000000 0.259169 0.965633 -0.019605 4.582265 0.965775 -0.258880 0.016118 -0.991439 0.000000 0.000000 0.000000 1.000000
0.010529 -0.029417 -0.999512 -0.000000 0.258228 0.965742 -0.025702 4.581412 0.966027 -0.257831 0.017765 -0.991439 0.000000 0.000000 0.000000 1.000000
0.010596 -0.035568 -0.999311 -0.000000 0.256713 0.965969 -0.031659 4.580038 0.966429 -0.256201 0.019366 -0.991439 0.000000 0.000000 0.000000 1.000000
0.010685 -0.041504 -0.999081 -0.000000 0.254668 0.966304 -0.037419 4.578184 0.966970 -0.254034 0.020895 -0.991439 0.000000 0.000000 0.000000 1.000000
0.010796 -0.047164 -0.998829 -0.000000 0.252136 0.966739 -0.042923 4.575889 0.967632 -0.251377 0.022328 -0.991439 0.000000 0.000000 0.000000 1.000000
0.010926 -0.052486 -0.998562 -0.000000 0.249159 0.967267 -0.048115 4.573195 0.968401 -0.248275 0.023645 -0.991439 0.000000 0.000000 0.000000 1.000000
0.011073 -0.057409 -0.998289 -0.000000 0.245782 0.967879 -0.052934 4.570140 0.969262 -0.244776 0.024827 -0.991439 0.000000 0.000000 0.000000 1.000000
0.011235 -0.061873 -0.998021 -0.000000 0.242048 0.968570 -0.057323 4.566765 0.970199 -0.240925 0.025859 -0.991439 0.000000 0.000000 0.000000 1.000000
0.011412 -0.065817 -0.997766 -0.000000 0.238000 0.969334 -0.061219 4.563110 0.971198 -0.236769 0.026726 -0.991439 0.000000 0.000000 0.000000 1.000000
0.011599 -0.069180 -0.997537 -0.000000 0.233681 0.970167 -0.064564 4.559216 0.972244 -0.232356 0.027419 -0.991439 0.000000 0.000000 0.000000 1.000000
0.011797 -0.071901 -0.997342 -0.000000 0.229135 0.971066 -0.067296 4.555120 0.973323 -0.227732 0.027930 -0.991439 0.000000 0.000000 0.000000 1.000000
0.012002 -0.073920 -0.997192 -0.000000 0.224406 0.972025 -0.069353 4.550865 0.974422 -0.222944 0.028254 -0.991439 0.000000 0.000000 0.000000 1.000000
0.012213 -0.075175 -0.997096 -0.000000 0.219539 0.973041 -0.070673 4.546490 0.975527 -0.218038 0.028387 -0.991439 0.000000 0.000000 0.000000 1.000000
0.012427 -0.075607 -0.997060 -0.000000 0.214576 0.974109 -0.071193 4.542035 0.976628 -0.213061 0.028329 -0.991439 0.000000 0.000000 0.000000 1.000000
0.012644 -0.075563 -0.997061 -0.000000 0.209564 0.975196 -0.071248 4.537539 0.977713 -0.208047 0.028166 -0.991439 0.000000 0.000000 0.000000 1.000000
0.012861 -0.075406 -0.997070 -0.000000 0.204546 0.976264 -0.071194 4.533044 0.978772 -0.203031 0.027979 -0.991439 0.000000 0.000000 0.000000 1.000000
0.013075 -0.075102 -0.997090 -0.000000 0.199568 0.977309 -0.070995 4.528589 0.979797 -0.198059 0.027767 -0.991439 0.000000 0.000000 0.000000 1.000000
0.013286 -0.074614 -0.997124 -0.000000 0.194674 0.978323 -0.070613 4.524214 0.980778 -0.193176 0.027524 -0.991439 0.000000 0.000000 0.000000 1.000000
0.013491 -0.073908 -0.997174 -0.000000 0.189909 0.979302 -0.070014 4.519958 0.981709 -0.188428 0.027248 -0.991439 0.000000 0.000000 0.000000 1.000000
0.013689 -0.072947 -0.997242 -0.000000 0.185320 0.980242 -0.069159 4.515863 0.982583 -0.183862 0.026937 -0.991439 0.000000 0.000000 0.000000 1.000000
0.013877 -0.071696 -0.997330 -0.000000 0.180951 0.981138 -0.068015 4.511968 0.983394 -0.179524 0.026588 -0.991439 0.000000 0.000000 0.000000 1.000000
0.014053 -0.070121 -0.997440 -0.000000 0.176848 0.981986 -0.066543 4.508313 0.984138 -0.175460 0.026200 -0.991439 0.000000 0.000000 0.000000 1.000000
0.014215 -0.068184 -0.997571 -0.000000 0.173057 0.982784 -0.064707 4.504939 0.984809 -0.171717 0.025770 -0.991439 0.000000 0.000000 0.000000 1.000000
0.014363 -0.065850 -0.997726 -0.000000 0.169623 0.983527 -0.062472 4.501884 0.985404 -0.168340 0.025296 -0.991439 0.000000 0.000000 0.000000 1.000000
0.014492 -0.063085 -0.997903 -0.000000 0.166593 0.984211 -0.059800 4.499189 0.985919 -0.165377 0.024773 -0.991439 0.000000 0.000000 0.000000 1.000000
0.014603 -0.059851 -0.998100 -0.000000 0.164011 0.984830 -0.056656 4.496895 0.986350 -0.162872 0.024198 -0.991439 0.000000 0.000000 0.000000 1.000000
0.014692 -0.056114 -0.998316 -0.000000 0.161924 0.985379 -0.053004 4.495041 0.986694 -0.160872 0.023564 -0.991439 0.000000 0.000000 0.000000 1.000000
0.014759 -0.051837 -0.998546 -0.000000 0.160377 0.985848 -0.048808 4.493667 0.986946 -0.159423 0.022863 -0.991439 0.000000 0.000000 0.000000 1.000000
0.014800 -0.046985 -0.998786 -0.000000 0.159415 0.986229 -0.044032 4.492814 0.987101 -0.158570 0.022086 -0.991439 0.000000 0.000000 0.000000 1.000000
0.014814 -0.041521 -0.999028 -0.000000 0.159085 0.986508 -0.038642 4.492520 0.987154 -0.158358 0.021219 -0.991439 0.000000 0.000000 0.000000 1.000000</float_array><technique_common><accessor source="#root_jnt-Matrix-animation-output-transform-array" count="61" stride="16"><param type="float4x4"/></accessor></technique_common></source><source id="root_jnt-Interpolations"><Name_array id="root_jnt-Interpolations-array" count="61">
 LINEAR LINEAR LINEAR LINEAR LINEAR LINEAR LINEAR LINEAR LINEAR LINEAR LINEAR
LINEAR LINEAR LINEAR LINEAR LINEAR LINEAR LINEAR LINEAR LINEAR LINEAR LINEAR LINEAR
LINEAR LINEAR LINEAR LINEAR LINEAR LINEAR LINEAR LINEAR LINEAR LINEAR LINEAR LINEAR
LINEAR LINEAR LINEAR LINEAR LINEAR LINEAR LINEAR LINEAR LINEAR LINEAR LINEAR LINEAR
LINEAR LINEAR LINEAR LINEAR LINEAR LINEAR LINEAR LINEAR LINEAR LINEAR LINEAR LINEAR
LINEAR LINEAR</Name_array><technique_common><accessor source="#root_jnt-Interpolations-array" count="61"><param type="name"/></accessor></technique_common></source><sampler id="root_jnt-Matrix-animation-transform"><input semantic="INPUT" source="#root_jnt-Matrix-animation-input"/><input semantic="OUTPUT" source="#root_jnt-Matrix-animation-output-transform"/><input semantic="INTERPOLATION" source="#root_jnt-Interpolations"/></sampler><channel source="#root_jnt-Matrix-animation-transform" target="root_jnt/matrix"/></animation></animation>
    <animation id="jnt_spine1-anim" name="jnt_spine1"><animation><source id="jnt_spine1-Matrix-animation-input"><float_array id="jnt_spine1-Matrix-animation-input-array" count="61">

0.000000 0.033333 0.066667 0.100000 0.133333 0.166667 0.200000 0.233333 0.266667 0.300000 0.333333 0.366667 0.400000 0.433333 0.466667 0.500000
0.533333 0.566667 0.600000 0.633333 0.666667 0.700000 0.733333 0.766667 0.800000 0.833333 0.866667 0.900000 0.933333 0.966667 1.000000 1.033333
1.066667 1.100000 1.133333 1.166667 1.200000 1.233333 1.266667 1.300000 1.333333 1.366667 1.400000 1.433333 1.466667 1.500000 1.533333 1.566667
1.600000 1.633333 1.666667 1.700000 1.733333 1.766667 1.800000 1.833333 1.866667 1.900000 1.933333 1.966667 2.000000</float_array><technique_common><accessor source="#jnt_spine1-Matrix-animation-input-array" count="61"><param name="TIME" type="float"/></accessor></technique_common></source><source id="jnt_spine1-Matrix-animation-output-transform"><float_array id="jnt_spine1-Matrix-animation-output-transform-array" count="976">

0.964992 0.240010 -0.105763 0.361920 -0.234285 0.970074 0.063770 -0.474007 0.117903 -0.036759 0.992344 0.025067 0.000000 0.000000 0.000000 1.000000
0.964943 0.240216 -0.105741 0.361761 -0.235212 0.970231 0.057675 -0.474274 0.116448 -0.030781 0.992720 0.022138 0.000000 0.000000 0.000000 1.000000
0.964801 0.240815 -0.105678 0.361298 -0.236601 0.970271 0.050939 -0.474767 0.114803 -0.024142 0.993095 0.018866 0.000000 0.000000 0.000000 1.000000
0.964571 0.241779 -0.105575 0.360554 -0.238400 0.970182 0.043723 -0.475460 0.112999 -0.017005 0.993450 0.015326 0.000000 0.000000 0.000000 1.000000
0.964259 0.243080 -0.105437 0.359547 -0.240560 0.969959 0.036190 -0.476328 0.111066 -0.009532 0.993767 0.011591 0.000000 0.000000 0.000000 1.000000
0.963870 0.244690 -0.105265 0.358299 -0.243032 0.969600 0.028500 -0.477345 0.109039 -0.001888 0.994036 0.007739 0.000000 0.000000 0.000000 1.000000
0.963411 0.246579 -0.105063 0.356831 -0.245766 0.969106 0.020817 -0.478491 0.106950 0.005765 0.994248 0.003846 0.000000 0.000000 0.000000 1.000000
0.962886 0.248719 -0.104832 0.355162 -0.248717 0.968485 0.013303 -0.479746 0.104837 0.013265 0.994401 -0.000012 0.000000 0.000000 0.000000 1.000000
0.962300 0.251082 -0.104576 0.353313 -0.251839 0.967750 0.006119 -0.481095 0.102740 0.020448 0.994498 -0.003754 0.000000 0.000000 0.000000 1.000000
0.961659 0.253640 -0.104298 0.351305 -0.255089 0.966917 -0.000572 -0.482522 0.100703 0.027155 0.994546 -0.007300 0.000000 0.000000 0.000000 1.000000
0.960969 0.256364 -0.104000 0.349158 -0.258423 0.966009 -0.006607 -0.484018 0.098771 0.033226 0.994555 -0.010567 0.000000 0.000000 0.000000 1.000000
0.960235 0.259225 -0.103685 0.346894 -0.261802 0.965049 -0.011825 -0.485572 0.096996 0.038500 0.994540 -0.013471 0.000000 0.000000 0.000000 1.000000
0.959464 0.262196 -0.103356 0.344533 -0.265183 0.964064 -0.016063 -0.487176 0.095430 0.042821 0.994515 -0.015926 0.000000 0.000000 0.000000 1.000000
0.958661 0.265248 -0.103016 0.342096 -0.268529 0.963081 -0.019160 -0.488823 0.094131 0.046031 0.994495 -0.017845 0.000000 0.000000 0.000000 1.000000
0.957834 0.268353 -0.102667 0.339607 -0.271801 0.962125 -0.020953 -0.490507 0.093156 0.047975 0.994495 -0.019139 0.000000 0.000000 0.000000 1.000000
0.956990 0.271482 -0.102314 0.337086 -0.274958 0.961221 -0.021281 -0.492220 0.092569 0.048497 0.994525 -0.019716 0.000000 0.000000 0.000000 1.000000
0.956135 0.274609 -0.101958 0.334556 -0.277999 0.960365 -0.020391 -0.493944 0.092317 0.047841 0.994580 -0.019690 0.000000 0.000000 0.000000 1.000000
0.955278 0.277705 -0.101604 0.332040 -0.280933 0.959545 -0.018685 -0.495656 0.092304 0.046393 0.994649 -0.019250 0.000000 0.000000 0.000000 1.000000
0.954427 0.280743 -0.101253 0.329561 -0.283740 0.958764 -0.016226 -0.497340 0.092523 0.044216 0.994728 -0.018421 0.000000 0.000000 0.000000 1.000000
0.953590 0.283695 -0.100911 0.327142 -0.286397 0.958022 -0.013080 -0.498977 0.092964 0.041374 0.994809 -0.017227 0.000000 0.000000 0.000000 1.000000
0.952776 0.286533 -0.100580 0.324806 -0.288882 0.957320 -0.009311 -0.500551 0.093619 0.037927 0.994885 -0.015696 0.000000 0.000000 0.000000 1.000000
0.951995 0.289229 -0.100263 0.322579 -0.291171 0.956658 -0.004984 -0.502043 0.094476 0.033939 0.994948 -0.013854 0.000000 0.000000 0.000000 1.000000
0.951254 0.291758 -0.099965 0.320482 -0.293242 0.956038 -0.000164 -0.503438 0.095522 0.029470 0.994991 -0.011730 0.000000 0.000000 0.000000 1.000000
0.950565 0.294091 -0.099688 0.318542 -0.295072 0.955461 0.005084 -0.504718 0.096743 0.024582 0.995006 -0.009352 0.000000 0.000000 0.000000 1.000000
0.949936 0.296201 -0.099436 0.316781 -0.296638 0.954930 0.010695 -0.505866 0.098123 0.019337 0.994986 -0.006751 0.000000 0.000000 0.000000 1.000000
0.949377 0.298061 -0.099214 0.315225 -0.297917 0.954447 0.016605 -0.506867 0.099644 0.013793 0.994928 -0.003957 0.000000 0.000000 0.000000 1.000000
0.948898 0.299643 -0.099024 0.313897 -0.298886 0.954018 0.022747 -0.507704 0.101286 0.008012 0.994825 -0.001002 0.000000 0.000000 0.000000 1.000000
0.948510 0.300922 -0.098870 0.312823 -0.299523 0.953647 0.029057 -0.508364 0.103031 0.002053 0.994676 0.002082 0.000000 0.000000 0.000000 1.000000
0.948221 0.301869 -0.098755 0.312026 -0.299805 0.953341 0.035470 -0.508831 0.104855 -0.004026 0.994479 0.005262 0.000000 0.000000 0.000000 1.000000
0.948041 0.302457 -0.098684 0.311530 -0.299711 0.953109 0.041920 -0.509090 0.106736 -0.010165 0.994235 0.008503 0.000000 0.000000 0.000000 1.000000
0.947979 0.302659 -0.098660 0.311360 -0.299218 0.952959 0.048342 -0.509129 0.108650 -0.016307 0.993946 0.011772 0.000000 0.000000 0.000000 1.000000
0.948041 0.302457 -0.098684 0.311530 -0.298316 0.952900 0.054673 -0.508939 0.110572 -0.022393 0.993616 0.015034 0.000000 0.000000 0.000000 1.000000
0.948221 0.301869 -0.098755 0.312026 -0.297030 0.952927 0.060853 -0.508530 0.112476 -0.028369 0.993249 0.018254 0.000000 0.000000 0.000000 1.000000
0.948510 0.300922 -0.098870 0.312823 -0.295392 0.953036 0.066827 -0.507918 0.114336 -0.034180 0.992854 0.021395 0.000000 0.000000 0.000000 1.000000
0.948898 0.299643 -0.099024 0.313897 -0.293439 0.953222 0.072536 -0.507118 0.116127 -0.039772 0.992438 0.024424 0.000000 0.000000 0.000000 1.000000
0.949377 0.298061 -0.099214 0.315225 -0.291206 0.953481 0.077926 -0.506146 0.117825 -0.045089 0.992010 0.027307 0.000000 0.000000 0.000000 1.000000
0.949936 0.296201 -0.099436 0.316781 -0.288728 0.953812 0.082938 -0.505020 0.119410 -0.050076 0.991581 0.030011 0.000000 0.000000 0.000000 1.000000
0.950565 0.294091 -0.099688 0.318542 -0.286041 0.954212 0.087517 -0.503757 0.120861 -0.054676 0.991163 0.032503 0.000000 0.000000 0.000000 1.000000
0.951254 0.291758 -0.099965 0.320482 -0.283182 0.954681 0.091606 -0.502374 0.122161 -0.058833 0.990765 0.034753 0.000000 0.000000 0.000000 1.000000
0.951995 0.289229 -0.100263 0.322579 -0.280188 0.955218 0.095150 -0.500890 0.123293 -0.062489 0.990401 0.036730 0.000000 0.000000 0.000000 1.000000
0.952776 0.286533 -0.100580 0.324806 -0.277094 0.955823 0.098091 -0.499322 0.124243 -0.065589 0.990082 0.038405 0.000000 0.000000 0.000000 1.000000
0.953590 0.283695 -0.100911 0.327142 -0.273937 0.956495 0.100375 -0.497689 0.124997 -0.068073 0.989819 0.039749 0.000000 0.000000 0.000000 1.000000
0.954427 0.280743 -0.101253 0.329561 -0.270754 0.957235 0.101944 -0.496011 0.125544 -0.069884 0.989624 0.040735 0.000000 0.000000 0.000000 1.000000
0.955278 0.277705 -0.101604 0.332040 -0.267581 0.958042 0.102744 -0.494305 0.125873 -0.070962 0.989505 0.041335 0.000000 0.000000 0.000000 1.000000
0.956135 0.274609 -0.101958 0.334556 -0.264454 0.958913 0.102717 -0.492590 0.125976 -0.071248 0.989471 0.041523 0.000000 0.000000 0.000000 1.000000
0.956990 0.271482 -0.102314 0.337086 -0.261356 0.959815 0.102213 -0.490866 0.125951 -0.071076 0.989487 0.041475 0.000000 0.000000 0.000000 1.000000
0.957834 0.268352 -0.102667 0.339607 -0.258270 0.960716 0.101596 -0.489134 0.125898 -0.070797 0.989514 0.041373 0.000000 0.000000 0.000000 1.000000
0.958661 0.265248 -0.103016 0.342096 -0.255227 0.961609 0.100837 -0.487411 0.125808 -0.070376 0.989555 0.041198 0.000000 0.000000 0.000000 1.000000
0.959464 0.262196 -0.103356 0.344533 -0.252260 0.962488 0.099903 -0.485714 0.125673 -0.069781 0.989615 0.040936 0.000000 0.000000 0.000000 1.000000
0.960235 0.259225 -0.103685 0.346894 -0.249402 0.963351 0.098764 -0.484061 0.125487 -0.068977 0.989694 0.040570 0.000000 0.000000 0.000000 1.000000
0.960969 0.256364 -0.104000 0.349158 -0.246683 0.964190 0.097389 -0.482471 0.125243 -0.067932 0.989798 0.040085 0.000000 0.000000 0.000000 1.000000
0.961659 0.253640 -0.104298 0.351305 -0.244137 0.965002 0.095746 -0.480961 0.124933 -0.066612 0.989927 0.039463 0.000000 0.000000 0.000000 1.000000
0.962300 0.251082 -0.104576 0.353313 -0.241797 0.965782 0.093804 -0.479551 0.124551 -0.064981 0.990083 0.038690 0.000000 0.000000 0.000000 1.000000
0.962886 0.248719 -0.104832 0.355162 -0.239693 0.966524 0.091533 -0.478259 0.124089 -0.063008 0.990269 0.037750 0.000000 0.000000 0.000000 1.000000
0.963411 0.246579 -0.105063 0.356831 -0.237859 0.967223 0.088900 -0.477102 0.123540 -0.060657 0.990484 0.036626 0.000000 0.000000 0.000000 1.000000
0.963870 0.244690 -0.105265 0.358299 -0.236327 0.967871 0.085876 -0.476101 0.122896 -0.057896 0.990729 0.035301 0.000000 0.000000 0.000000 1.000000
0.964259 0.243080 -0.105437 0.359547 -0.235127 0.968463 0.082427 -0.475271 0.122148 -0.054690 0.991004 0.033760 0.000000 0.000000 0.000000 1.000000
0.964571 0.241779 -0.105575 0.360554 -0.234292 0.968990 0.078524 -0.474631 0.121287 -0.051007 0.991306 0.031985 0.000000 0.000000 0.000000 1.000000
0.964801 0.240815 -0.105678 0.361298 -0.233853 0.969441 0.074135 -0.474197 0.120301 -0.046812 0.991633 0.029957 0.000000 0.000000 0.000000 1.000000
0.964943 0.240216 -0.105741 0.361761 -0.233841 0.969807 0.069227 -0.473984 0.119178 -0.042074 0.991981 0.027658 0.000000 0.000000 0.000000 1.000000
0.964992 0.240010 -0.105763 0.361920 -0.234285 0.970074 0.063770 -0.474007 0.117903 -0.036759 0.992344 0.025067 0.000000 0.000000 0.000000 1.000000</float_array><technique_common><accessor source="#jnt_spine1-Matrix-animation-output-transform-array" count="61" stride="16"><param type="float4x4"/></accessor></technique_common></source><source id="jnt_spine1-Interpolations"><Name_array id="jnt_spine1-Interpolations-array" count="61">
 LINEAR LINEAR LINEAR LINEAR LINEAR LINEAR LINEAR LINEAR LINEAR LINEAR LINEAR
LINEAR LINEAR LINEAR LINEAR LINEAR LINEAR LINEAR LINEAR LINEAR LINEAR LINEAR LINEAR
LINEAR LINEAR LINEAR LINEAR LINEAR LINEAR LINEAR LINEAR LINEAR LINEAR LINEAR LINEAR
LINEAR LINEAR LINEAR LINEAR LINEAR LINEAR LINEAR LINEAR LINEAR LINEAR LINEAR LINEAR
LINEAR LINEAR LINEAR LINEAR LINEAR LINEAR LINEAR LINEAR LINEAR LINEAR LINEAR LINEAR
LINEAR LINEAR</Name_array><technique_common><accessor source="#jnt_spine1-Interpolations-array" count="61"><param type="name"/></accessor></technique_common></source><sampler id="jnt_spine1-Matrix-animation-transform"><input semantic="INPUT" source="#jnt_spine1-Matrix-animation-input"/><input semantic="OUTPUT" source="#jnt_spine1-Matrix-animation-output-transform"/><input semantic="INTERPOLATION" source="#jnt_spine1-Interpolations"/></sampler><channel source="#jnt_spine1-Matrix-animation-transform" target="jnt_spine1/matrix"/></animation></animation>
    <animation id="jnt_spine2-anim" name="jnt_spine2"><animation><source id="jnt_spine2-Matrix-animation-input"><float_array id="jnt_spine2-Matrix-animation-input-array" count="61">

0.000000 0.033333 0.066667 0.100000 0.133333 0.166667 0.200000 0.233333 0.266667 0.300000 0.333333 0.366667 0.400000 0.433333 0.466667 0.500000
0.533333 0.566667 0.600000 0.633333 0.666667 0.700000 0.733333 0.766667 0.800000 0.833333 0.866667 0.900000 0.933333 0.966667 1.000000 1.033333
1.066667 1.100000 1.133333 1.166667 1.200000 1.233333 1.266667 1.300000 1.333333 1.366667 1.400000 1.433333 1.466667 1.500000 1.533333 1.566667
1.600000 1.633333 1.666667 1.700000 1.733333 1.766667 1.800000 1.833333 1.866667 1.900000 1.933333 1.966667 2.000000</float_array><technique_common><accessor source="#jnt_spine2-Matrix-animation-input-array" count="61"><param name="TIME" type="float"/></accessor></technique_common></source><source id="jnt_spine2-Matrix-animation-output-transform"><float_array id="jnt_spine2-Matrix-animation-output-transform-array" count="976">

0.996808 -0.065678 0.045381 0.873404 0.066268 0.997734 -0.011615 0.000000 -0.044515 0.014586 0.998902 0.000000 0.000000 0.000000 0.000000 1.000000
0.996818 -0.065539 0.045381 0.873404 0.066128 0.997744 -0.011615 0.000000 -0.044517 0.014579 0.998902 0.000000 0.000000 0.000000 0.000000 1.000000
0.996844 -0.065134 0.045380 0.873404 0.065723 0.997770 -0.011615 -0.000000 -0.044523 0.014561 0.998902 0.000000 0.000000 0.000000 0.000000 1.000000
0.996887 -0.064482 0.045380 0.873404 0.065071 0.997813 -0.011615 0.000000 -0.044532 0.014532 0.998902 0.000000 0.000000 0.000000 0.000000 1.000000
0.996943 -0.063602 0.045379 0.873404 0.064190 0.997870 -0.011615 0.000000 -0.044544 0.014492 0.998902 0.000000 0.000000 0.000000 0.000000 1.000000
0.997012 -0.062514 0.045378 0.873404 0.063101 0.997940 -0.011615 0.000000 -0.044558 0.014443 0.998902 0.000000 0.000000 0.000000 0.000000 1.000000
0.997091 -0.061236 0.045377 0.873404 0.061821 0.998020 -0.011614 0.000000 -0.044576 0.014386 0.998902 0.000000 0.000000 0.000000 0.000000 1.000000
0.997179 -0.059786 0.045376 0.873404 0.060370 0.998108 -0.011614 0.000000 -0.044596 0.014321 0.998902 0.000000 0.000000 0.000000 0.000000 1.000000
0.997274 -0.058185 0.045375 0.873404 0.058768 0.998204 -0.011614 -0.000000 -0.044618 0.014249 0.998903 0.000000 0.000000 0.000000 0.000000 1.000000
0.997374 -0.056450 0.045374 0.873404 0.057031 0.998305 -0.011614 0.000000 -0.044641 0.014171 0.998903 0.000000 0.000000 0.000000 0.000000 1.000000
0.997477 -0.054602 0.045373 0.873404 0.055181 0.998409 -0.011613 0.000000 -0.044667 0.014088 0.998903 0.000000 0.000000 0.000000 0.000000 1.000000
0.997581 -0.052658 0.045372 0.873404 0.053235 0.998514 -0.011613 0.000000 -0.044693 0.014000 0.998903 0.000000 0.000000 0.000000 0.000000 1.000000
0.997686 -0.050638 0.045371 0.873404 0.051214 0.998620 -0.011613 0.000000 -0.044721 0.013910 0.998903 0.000000 0.000000 0.000000 0.000000 1.000000
0.997789 -0.048561 0.045371 0.873404 0.049134 0.998725 -0.011613 0.000000 -0.044749 0.013816 0.998903 0.000000 0.000000 0.000000 0.000000 1.000000
0.997890 -0.046445 0.045371 0.873404 0.047017 0.998827 -0.011613 0.000000 -0.044778 0.013721 0.998903 0.000000 0.000000 0.000000 0.000000 1.000000
0.997987 -0.044311 0.045370 0.873404 0.044880 0.998925 -0.011613 0.000000 -0.044807 0.013626 0.998903 0.000000 0.000000 0.000000 0.000000 1.000000
0.998080 -0.042176 0.045371 0.873404 0.042744 0.999019 -0.011613 0.000000 -0.044836 0.013530 0.998903 0.000000 0.000000 0.000000 0.000000 1.000000
0.998167 -0.040060 0.045371 0.873404 0.040626 0.999107 -0.011613 -0.000000 -0.044865 0.013435 0.998903 0.000000 0.000000 0.000000 0.000000 1.000000
0.998248 -0.037982 0.045371 0.873404 0.038546 0.999189 -0.011613 -0.000000 -0.044894 0.013341 0.998903 0.000000 0.000000 0.000000 0.000000 1.000000
0.998323 -0.035961 0.045372 0.873404 0.036522 0.999265 -0.011613 0.000000 -0.044921 0.013251 0.998903 0.000000 0.000000 0.000000 0.000000 1.000000
0.998391 -0.034015 0.045373 0.873404 0.034575 0.999335 -0.011613 0.000000 -0.044948 0.013163 0.998903 0.000000 0.000000 0.000000 0.000000 1.000000
0.998452 -0.032165 0.045374 0.873404 0.032723 0.999397 -0.011613 0.000000 -0.044973 0.013080 0.998903 0.000000 0.000000 0.000000 0.000000 1.000000
0.998507 -0.030428 0.045375 0.873404 0.030985 0.999452 -0.011614 0.000000 -0.044997 0.013002 0.998903 0.000000 0.000000 0.000000 0.000000 1.000000
0.998554 -0.028825 0.045376 0.873404 0.029380 0.999501 -0.011614 0.000000 -0.045019 0.012930 0.998902 0.000000 0.000000 0.000000 0.000000 1.000000
0.998595 -0.027373 0.045377 0.873404 0.027927 0.999542 -0.011614 0.000000 -0.045038 0.012865 0.998902 0.000000 0.000000 0.000000 0.000000 1.000000
0.998629 -0.026093 0.045378 0.873404 0.026645 0.999577 -0.011615 -0.000000 -0.045056 0.012808 0.998902 0.000000 0.000000 0.000000 0.000000 1.000000
0.998657 -0.025003 0.045379 0.873404 0.025554 0.999606 -0.011615 -0.000000 -0.045071 0.012759 0.998902 0.000000 0.000000 0.000000 0.000000 1.000000
0.998679 -0.024122 0.045380 0.873404 0.024672 0.999628 -0.011615 0.000000 -0.045083 0.012719 0.998902 0.000000 0.000000 0.000000 0.000000 1.000000
0.998694 -0.023469 0.045380 0.873404 0.024019 0.999644 -0.011615 0.000000 -0.045092 0.012690 0.998902 0.000000 0.000000 0.000000 0.000000 1.000000
0.998704 -0.023063 0.045381 0.873404 0.023613 0.999654 -0.011615 -0.000000 -0.045097 0.012672 0.998902 0.000000 0.000000 0.000000 0.000000 1.000000
0.998707 -0.022924 0.045381 0.873404 0.023473 0.999657 -0.011615 0.000000 -0.045099 0.012666 0.998902 0.000000 0.000000 0.000000 0.000000 1.000000
0.998704 -0.023063 0.045381 0.873404 0.023613 0.999654 -0.011615 -0.000000 -0.045097 0.012672 0.998902 0.000000 0.000000 0.000000 0.000000 1.000000
0.998694 -0.023469 0.045380 0.873404 0.024019 0.999644 -0.011615 -0.000000 -0.045092 0.012690 0.998902 0.000000 0.000000 0.000000 0.000000 1.000000
0.998679 -0.024122 0.045380 0.873404 0.024672 0.999628 -0.011615 -0.000000 -0.045083 0.012719 0.998902 0.000000 0.000000 0.000000 0.000000 1.000000
0.998657 -0.025003 0.045379 0.873404 0.025554 0.999606 -0.011615 -0.000000 -0.045071 0.012759 0.998902 0.000000 0.000000 0.000000 0.000000 1.000000
0.998629 -0.026093 0.045378 0.873404 0.026645 0.999577 -0.011615 -0.000000 -0.045056 0.012808 0.998902 0.000000 0.000000 0.000000 0.000000 1.000000
0.998595 -0.027373 0.045377 0.873404 0.027927 0.999542 -0.011614 0.000000 -0.045038 0.012865 0.998902 0.000000 0.000000 0.000000 0.000000 1.000000
0.998554 -0.028825 0.045376 0.873404 0.029380 0.999501 -0.011614 -0.000000 -0.045019 0.012930 0.998902 0.000000 0.000000 0.000000 0.000000 1.000000
0.998507 -0.030428 0.045375 0.873404 0.030985 0.999452 -0.011614 0.000000 -0.044997 0.013002 0.998903 0.000000 0.000000 0.000000 0.000000 1.000000
0.998452 -0.032165 0.045374 0.873404 0.032723 0.999397 -0.011613 0.000000 -0.044973 0.013080 0.998903 0.000000 0.000000 0.000000 0.000000 1.000000
0.998391 -0.034015 0.045373 0.873404 0.034575 0.999335 -0.011613 -0.000000 -0.044948 0.013163 0.998903 0.000000 0.000000 0.000000 0.000000 1.000000
0.998323 -0.035961 0.045372 0.873404 0.036522 0.999265 -0.011613 -0.000000 -0.044921 0.013251 0.998903 0.000000 0.000000 0.000000 0.000000 1.000000
0.998248 -0.037982 0.045371 0.873404 0.038546 0.999189 -0.011613 -0.000000 -0.044894 0.013341 0.998903 0.000000 0.000000 0.000000 0.000000 1.000000
0.998167 -0.040060 0.045371 0.873404 0.040626 0.999107 -0.011613 0.000000 -0.044865 0.013435 0.998903 0.000000 0.000000 0.000000 0.000000 1.000000
0.998080 -0.042176 0.045371 0.873404 0.042744 0.999019 -0.011613 -0.000000 -0.044836 0.013530 0.998903 0.000000 0.000000 0.000000 0.000000 1.000000
0.997987 -0.044311 0.045370 0.873404 0.044880 0.998925 -0.011613 0.000000 -0.044807 0.013626 0.998903 0.000000 0.000000 0.000000 0.000000 1.000000
0.997890 -0.046445 0.045371 0.873404 0.047017 0.998827 -0.011613 0.000000 -0.044778 0.013721 0.998903 0.000000 0.000000 0.000000 0.000000 1.000000
0.997789 -0.048561 0.045371 0.873404 0.049134 0.998725 -0.011613 -0.000000 -0.044749 0.013816 0.998903 0.000000 0.000000 0.000000 0.000000 1.000000
0.997686 -0.050638 0.045371 0.873404 0.051214 0.998620 -0.011613 -0.000000 -0.044721 0.013910 0.998903 0.000000 0.000000 0.000000 0.000000 1.000000
0.997581 -0.052658 0.045372 0.873404 0.053235 0.998514 -0.011613 0.000000 -0.044693 0.014000 0.998903 0.000000 0.000000 0.000000 0.000000 1.000000
0.997477 -0.054602 0.045373 0.873404 0.055181 0.998409 -0.011613 -0.000000 -0.044667 0.014088 0.998903 0.000000 0.000000 0.000000 0.000000 1.000000
0.997374 -0.056450 0.045374 0.873404 0.057031 0.998305 -0.011614 0.000000 -0.044641 0.014171 0.998903 0.000000 0.000000 0.000000 0.000000 1.000000
0.997274 -0.058185 0.045375 0.873404 0.058768 0.998204 -0.011614 -0.000000 -0.044618 0.014249 0.998903 0.000000 0.000000 0.000000 0.000000 1.000000
0.997179 -0.059786 0.045376 0.873404 0.060370 0.998108 -0.011614 0.000000 -0.044596 0.014321 0.998902 0.000000 0.000000 0.000000 0.000000 1.000000
0.997091 -0.061236 0.045377 0.873404 0.061821 0.998020 -0.011614 0.000000 -0.044576 0.014386 0.998902 0.000000 0.000000 0.000000 0.000000 1.000000
0.997012 -0.062514 0.045378 0.873404 0.063101 0.997940 -0.011615 0.000000 -0.044558 0.014443 0.998902 0.000000 0.000000 0.000000 0.000000 1.000000
0.996943 -0.063602 0.045379 0.873404 0.064190 0.997870 -0.011615 0.000000 -0.044544 0.014492 0.998902 0.000000 0.000000 0.000000 0.000000 1.000000
0.996887 -0.064482 0.045380 0.873404 0.065071 0.997813 -0.011615 0.000000 -0.044532 0.014532 0.998902 0.000000 0.000000 0.000000 0.000000 1.000000
0.996844 -0.065134 0.045380 0.873404 0.065723 0.997770 -0.011615 -0.000000 -0.044523 0.014561 0.998902 0.000000 0.000000 0.000000 0.000000 1.000000
0.996818 -0.065539 0.045381 0.873404 0.066128 0.997744 -0.011615 0.000000 -0.044517 0.014579 0.998902 0.000000 0.000000 0.000000 0.000000 1.000000
0.996808 -0.065678 0.045381 0.873404 0.066268 0.997734 -0.011615 0.000000 -0.044515 0.014586 0.998902 0.000000 0.000000 0.000000 0.000000 1.000000</float_array><technique_common><accessor source="#jnt_spine2-Matrix-animation-output-transform-array" count="61" stride="16"><param type="float4x4"/></accessor></technique_common></source><source id="jnt_spine2-Interpolations"><Name_array id="jnt_spine2-Interpolations-array" count="61">
 LINEAR LINEAR LINEAR LINEAR LINEAR LINEAR LINEAR LINEAR LINEAR LINEAR LINEAR
LINEAR LINEAR LINEAR LINEAR LINEAR LINEAR LINEAR LINEAR LINEAR LINEAR LINEAR LINEAR
LINEAR LINEAR LINEAR LINEAR LINEAR LINEAR LINEAR LINEAR LINEAR LINEAR LINEAR LINEAR
LINEAR LINEAR LINEAR LINEAR LINEAR LINEAR LINEAR LINEAR LINEAR LINEAR LINEAR LINEAR
LINEAR LINEAR LINEAR LINEAR LINEAR LINEAR LINEAR LINEAR LINEAR LINEAR LINEAR LINEAR
LINEAR LINEAR</Name_array><technique_common><accessor source="#jnt_spine2-Interpolations-array" count="61"><param type="name"/></accessor></technique_common></source><sampler id="jnt_spine2-Matrix-animation-transform"><input semantic="INPUT" source="#jnt_spine2-Matrix-animation-input"/><input semantic="OUTPUT" source="#jnt_spine2-Matrix-animation-output-transform"/><input semantic="INTERPOLATION" source="#jnt_spine2-Interpolations"/></sampler><channel source="#jnt_spine2-Matrix-animation-transform" target="jnt_spine2/matrix"/></animation></animation>
    <animation id="jnt_spine3-anim" name="jnt_spine3"><animation><source id="jnt_spine3-Matrix-animation-input"><float_array id="jnt_spine3-Matrix-animation-input-array" count="61">

0.000000 0.033333 0.066667 0.100000 0.133333 0.166667 0.200000 0.233333 0.266667 0.300000 0.333333 0.366667 0.400000 0.433333 0.466667 0.500000
0.533333 0.566667 0.600000 0.633333 0.666667 0.700000 0.733333 0.766667 0.800000 0.833333 0.866667 0.900000 0.933333 0.966667 1.000000 1.033333
1.066667 1.100000 1.133333 1.166667 1.200000 1.233333 1.266667 1.300000 1.333333 1.366667 1.400000 1.433333 1.466667 1.500000 1.533333 1.566667
1.600000 1.633333 1.666667 1.700000 1.733333 1.766667 1.800000 1.833333 1.866667 1.900000 1.933333 1.966667 2.000000</float_array><technique_common><accessor source="#jnt_spine3-Matrix-animation-input-array" count="61"><param name="TIME" type="float"/></accessor></technique_common></source><source id="jnt_spine3-Matrix-animation-output-transform"><float_array id="jnt_spine3-Matrix-animation-output-transform-array" count="976">

0.896725 -0.437689 0.065667 0.979908 0.436823 0.899118 0.027775 0.000000 -0.071199 0.003779 0.997455 0.000000 0.000000 0.000000 0.000000 1.000000
0.896810 -0.437515 0.065666 0.979908 0.436649 0.899203 0.027774 -0.000000 -0.071199 0.003765 0.997455 0.000000 0.000000 0.000000 0.000000 1.000000
0.897057 -0.437008 0.065665 0.979908 0.436141 0.899450 0.027774 -0.000000 -0.071200 0.003724 0.997455 0.000000 0.000000 0.000000 0.000000 1.000000
0.897454 -0.436192 0.065664 0.979908 0.435323 0.899846 0.027773 -0.000000 -0.071202 0.003660 0.997455 0.000000 0.000000 0.000000 0.000000 1.000000
0.897989 -0.435091 0.065661 0.979908 0.434218 0.900380 0.027772 0.000000 -0.071204 0.003572 0.997455 0.000000 0.000000 0.000000 0.000000 1.000000
0.898649 -0.433727 0.065659 0.979908 0.432851 0.901038 0.027771 -0.000000 -0.071206 0.003464 0.997456 0.000000 0.000000 0.000000 0.000000 1.000000
0.899421 -0.432124 0.065656 0.979908 0.431243 0.901808 0.027770 -0.000000 -0.071209 0.003337 0.997456 0.000000 0.000000 0.000000 0.000000 1.000000
0.900293 -0.430304 0.065653 0.979908 0.429419 0.902678 0.027769 0.000000 -0.071212 0.003193 0.997456 0.000000 0.000000 0.000000 0.000000 1.000000
0.901252 -0.428293 0.065650 0.979908 0.427402 0.903635 0.027767 -0.000000 -0.071216 0.003034 0.997456 0.000000 0.000000 0.000000 0.000000 1.000000
0.902286 -0.426111 0.065647 0.979908 0.425215 0.904666 0.027766 -0.000000 -0.071220 0.002861 0.997457 0.000000 0.000000 0.000000 0.000000 1.000000
0.903381 -0.423784 0.065644 0.979908 0.422882 0.905759 0.027765 -0.000000 -0.071224 0.002677 0.997457 0.000000 0.000000 0.000000 0.000000 1.000000
0.904527 -0.421334 0.065642 0.979908 0.420426 0.906902 0.027764 -0.000000 -0.071229 0.002484 0.997457 0.000000 0.000000 0.000000 0.000000 1.000000
0.905710 -0.418785 0.065640 0.979908 0.417870 0.908082 0.027763 -0.000000 -0.071234 0.002284 0.997457 0.000000 0.000000 0.000000 0.000000 1.000000
0.906919 -0.416161 0.065639 0.979908 0.415239 0.909289 0.027763 0.000000 -0.071238 0.002077 0.997457 0.000000 0.000000 0.000000 0.000000 1.000000
0.908142 -0.413485 0.065638 0.979908 0.412556 0.910509 0.027762 -0.000000 -0.071243 0.001867 0.997457 0.000000 0.000000 0.000000 0.000000 1.000000
0.909368 -0.410781 0.065638 0.979908 0.409846 0.911732 0.027762 0.000000 -0.071248 0.001655 0.997457 0.000000 0.000000 0.000000 0.000000 1.000000
0.910586 -0.408074 0.065638 0.979908 0.407131 0.912948 0.027762 0.000000 -0.071253 0.001443 0.997457 0.000000 0.000000 0.000000 0.000000 1.000000
0.911785 -0.405387 0.065639 0.979908 0.404438 0.914144 0.027763 0.000000 -0.071258 0.001233 0.997457 0.000000 0.000000 0.000000 0.000000 1.000000
0.912955 -0.402746 0.065640 0.979908 0.401789 0.915311 0.027764 0.000000 -0.071263 0.001027 0.997457 0.000000 0.000000 0.000000 0.000000 1.000000
0.914086 -0.400173 0.065642 0.979908 0.399210 0.916439 0.027764 0.000000 -0.071267 0.000826 0.997457 0.000000 0.000000 0.000000 0.000000 1.000000
0.915167 -0.397694 0.065644 0.979908 0.396724 0.917518 0.027765 -0.000000 -0.071272 0.000633 0.997457 0.000000 0.000000 0.000000 0.000000 1.000000
0.916189 -0.395334 0.065647 0.979908 0.394358 0.918537 0.027767 0.000000 -0.071276 0.000449 0.997457 0.000000 0.000000 0.000000 0.000000 1.000000
0.917142 -0.393117 0.065650 0.979908 0.392135 0.919489 0.027768 -0.000000 -0.071280 0.000277 0.997456 0.000000 0.000000 0.000000 0.000000 1.000000
0.918018 -0.391067 0.065653 0.979908 0.390080 0.920362 0.027769 -0.000000 -0.071284 0.000117 0.997456 0.000000 0.000000 0.000000 0.000000 1.000000
0.918806 -0.389211 0.065656 0.979908 0.388219 0.921149 0.027770 -0.000000 -0.071287 -0.000027 0.997456 0.000000 0.000000 0.000000 0.000000 1.000000
0.919498 -0.387571 0.065659 0.979908 0.386575 0.921840 0.027771 0.000000 -0.071290 -0.000154 0.997456 0.000000 0.000000 0.000000 0.000000 1.000000
0.920086 -0.386175 0.065661 0.979908 0.385175 0.922426 0.027772 0.000000 -0.071293 -0.000262 0.997455 0.000000 0.000000 0.000000 0.000000 1.000000
0.920559 -0.385046 0.065664 0.979908 0.384043 0.922898 0.027773 0.000000 -0.071295 -0.000349 0.997455 0.000000 0.000000 0.000000 0.000000 1.000000
0.920908 -0.384208 0.065665 0.979908 0.383203 0.923246 0.027774 -0.000000 -0.071296 -0.000414 0.997455 0.000000 0.000000 0.000000 0.000000 1.000000
0.921125 -0.383688 0.065666 0.979908 0.382682 0.923463 0.027774 0.000000 -0.071297 -0.000454 0.997455 0.000000 0.000000 0.000000 0.000000 1.000000
