<?xml version="1.0" encoding="utf-8"?>
<COLLADA xmlns="http://www.collada.org/2005/11/COLLADASchema" version="1.4.1">
  <asset><contributor><author></author><authoring_tool>FBX COLLADA exporter</authoring_tool><comments></comments></contributor><created>2020-02-03T12:26:03Z</created><keywords></keywords><modified>2020-02-03T12:26:03Z</modified><revision></revision><subject></subject><title></title><unit meter="0.010000" name="centimeter"></unit><up_axis>Y_UP</up_axis></asset>
  <library_animations>
    <animation id="root_jnt-anim" name="root_jnt"><animation><source id="root_jnt-Matrix-animation-input"><float_array id="root_jnt-Matrix-animation-input-array" count="21">

0.000000 0.033333 0.066667 0.100000 0.133333 0.166667 0.200000 0.233333 0.266667 0.300000 0.333333 0.366667 0.400000 0.433333 0.466667 0.500000
0.533333 0.566667 0.600000 0.633333 0.666667</float_array><technique_common><accessor source="#root_jnt-Matrix-animation-input-array" count="21"><param name="TIME" type="float"/></accessor></technique_common></source><source id="root_jnt-Matrix-animation-output-transform"><float_array id="root_jnt-Matrix-animation-output-transform-array" count="336">

-0.053523 -0.019998 -0.998366 -0.053369 -0.278596 0.960399 -0.004302 5.429039 0.958916 0.277911 -0.056975 -0.991439 0.000000 0.000000 0.000000 1.000000
-0.052562 -0.020393 -0.998409 -0.053369 -0.315822 0.948815 -0.002753 5.312896 0.947362 0.315175 -0.056312 -0.991439 0.000000 0.000000 0.000000 1.000000
-0.050777 -0.022562 -0.998455 -0.053369 -0.385809 0.922578 -0.001227 5.068230 0.921180 0.385151 -0.055550 -0.991439 0.000000 0.000000 0.000000 1.000000
-0.049816 -0.027984 -0.998366 -0.053369 -0.422837 0.906195 -0.004302 4.850691 0.904835 0.421932 -0.056975 -0.991439 0.000000 0.000000 0.000000 1.000000
-0.077413 -0.039154 -0.996230 -0.053369 -0.360849 0.932585 -0.008613 4.707860 0.929406 0.358822 -0.086323 -0.991439 0.000000 0.000000 0.000000 1.000000
-0.138558 -0.053686 -0.988898 -0.053369 -0.210756 0.977256 -0.023524 4.581375 0.967669 0.205157 -0.146721 -0.991439 0.000000 0.000000 0.000000 1.000000
-0.200830 -0.065880 -0.977408 -0.053369 -0.035536 0.997569 -0.059937 4.467973 0.978981 0.022696 -0.202683 -0.991439 0.000000 0.000000 0.000000 1.000000
-0.232759 -0.070831 -0.969952 -0.053369 0.094522 0.990975 -0.095049 4.364392 0.967930 -0.113805 -0.223963 -0.991439 0.000000 0.000000 0.000000 1.000000
-0.237808 -0.064328 -0.969180 -0.053369 0.169404 0.979765 -0.106597 4.259562 0.956426 -0.189532 -0.222098 -0.991439 0.000000 0.000000 0.000000 1.000000
-0.240398 -0.050174 -0.969377 -0.053369 0.222234 0.969292 -0.105282 4.158624 0.944892 -0.240738 -0.221865 -0.991439 0.000000 0.000000 0.000000 1.000000
-0.241351 -0.036044 -0.969768 -0.053369 0.253621 0.962236 -0.098884 4.082626 0.936710 -0.269820 -0.223096 -0.991439 0.000000 0.000000 0.000000 1.000000
-0.241488 -0.029622 -0.969952 -0.053369 0.264033 0.959819 -0.095049 4.052616 0.933794 -0.279052 -0.223963 -0.991439 0.000000 0.000000 0.000000 1.000000
-0.241189 -0.031034 -0.969982 -0.053369 0.258341 0.961372 -0.094995 4.063308 0.935461 -0.273498 -0.223855 -0.991439 0.000000 0.000000 0.000000 1.000000
-0.240387 -0.034818 -0.970052 -0.053369 0.243034 0.965367 -0.094875 4.091962 0.939760 -0.258563 -0.223600 -0.991439 0.000000 0.000000 0.000000 1.000000
-0.239226 -0.040297 -0.970127 -0.053369 0.220749 0.970717 -0.094757 4.133447 0.945537 -0.236823 -0.223326 -0.991439 0.000000 0.000000 0.000000 1.000000
-0.237850 -0.046796 -0.970174 -0.053369 0.194150 0.976391 -0.094694 4.182630 0.951700 -0.210883 -0.223149 -0.991439 0.000000 0.000000 0.000000 1.000000
-0.236401 -0.053637 -0.970174 -0.053369 0.165979 0.981571 -0.094710 4.234378 0.957374 -0.183418 -0.223142 -0.991439 0.000000 0.000000 0.000000 1.000000
-0.235024 -0.060140 -0.970127 -0.053369 0.139049 0.985738 -0.094794 4.283561 0.961992 -0.157174 -0.223309 -0.991439 0.000000 0.000000 0.000000 1.000000
-0.233862 -0.065626 -0.970053 -0.053369 0.116234 0.988677 -0.094908 4.325046 0.965297 -0.134949 -0.223585 -0.991439 0.000000 0.000000 0.000000 1.000000
-0.233059 -0.069417 -0.969982 -0.053369 0.100428 0.990398 -0.095008 4.353700 0.967263 -0.119556 -0.223849 -0.991439 0.000000 0.000000 0.000000 1.000000
-0.232759 -0.070831 -0.969952 -0.053369 0.094522 0.990975 -0.095049 4.364392 0.967930 -0.113805 -0.223963 -0.991439 0.000000 0.000000 0.000000 1.000000</float_array><technique_common><accessor source="#root_jnt-Matrix-animation-output-transform-array" count="21" stride="16"><param type="float4x4"/></accessor></technique_common></source><source id="root_jnt-Interpolations"><Name_array id="root_jnt-Interpolations-array" count="21">
 LINEAR LINEAR LINEAR LINEAR LINEAR LINEAR LINEAR LINEAR LINEAR LINEAR LINEAR
LINEAR LINEAR LINEAR LINEAR LINEAR LINEAR LINEAR LINEAR LINEAR LINEAR</Name_array><technique_common><accessor source="#root_jnt-Interpolations-array" count="21"><param type="name"/></accessor></technique_common></source><sampler id="root_jnt-Matrix-animation-transform"><input semantic="INPUT" source="#root_jnt-Matrix-animation-input"/><input semantic="OUTPUT" source="#root_jnt-Matrix-animation-output-transform"/><input semantic="INTERPOLATION" source="#root_jnt-Interpolations"/></sampler><channel source="#root_jnt-Matrix-animation-transform" target="root_jnt/matrix"/></animation></animation>
    <animation id="jnt_spine1-anim" name="jnt_spine1"><animation><source id="jnt_spine1-Matrix-animation-input"><float_array id="jnt_spine1-Matrix-animation-input-array" count="21">

0.000000 0.033333 0.066667 0.100000 0.133333 0.166667 0.200000 0.233333 0.266667 0.300000 0.333333 0.366667 0.400000 0.433333 0.466667 0.500000
0.533333 0.566667 0.600000 0.633333 0.666667</float_array><technique_common><accessor source="#jnt_spine1-Matrix-animation-input-array" count="21"><param name="TIME" type="float"/></accessor></technique_common></source><source id="jnt_spine1-Matrix-animation-output-transform"><float_array id="jnt_spine1-Matrix-animation-output-transform-array" count="336">

0.997249 0.031244 0.067213 0.529585 -0.032920 0.999171 0.023965 -0.274430 -0.066409 -0.026112 0.997451 -0.022894 0.000000 0.000000 0.000000 1.000000
0.997784 -0.007725 0.066087 0.539883 0.006091 0.999672 0.024892 -0.253539 -0.066258 -0.024434 0.997503 -0.023244 0.000000 0.000000 0.000000 1.000000
0.994549 -0.082369 0.063928 0.557316 0.080714 0.996342 0.028061 -0.212465 -0.066006 -0.022748 0.997560 -0.023541 0.000000 0.000000 0.000000 1.000000
0.990468 -0.122632 0.062733 0.565459 0.120681 0.992109 0.034007 -0.189811 -0.066409 -0.026112 0.997451 -0.022894 0.000000 0.000000 0.000000 1.000000
0.994112 -0.059323 0.090673 0.550617 0.055486 0.997477 0.044273 -0.227975 -0.093071 -0.038981 0.994896 -0.033827 0.000000 0.000000 0.000000 1.000000
0.984557 0.086257 0.152339 0.505492 -0.095824 0.993787 0.056608 -0.312851 -0.146510 -0.070331 0.986706 -0.053842 0.000000 0.000000 0.000000 1.000000
0.945823 0.243530 0.214739 0.438372 -0.262869 0.962558 0.066201 -0.400181 -0.190577 -0.119062 0.974425 -0.063100 0.000000 0.000000 0.000000 1.000000
0.904270 0.348632 0.246478 0.380134 -0.375237 0.924341 0.069215 -0.456557 -0.203700 -0.155076 0.966674 -0.057880 0.000000 0.000000 0.000000 1.000000
0.881930 0.398787 0.251334 0.344377 -0.425761 0.902733 0.061644 -0.484729 -0.202305 -0.161373 0.965935 -0.052327 0.000000 0.000000 0.000000 1.000000
0.868307 0.426219 0.253735 0.317671 -0.451138 0.891228 0.046772 -0.502590 -0.206200 -0.155082 0.966142 -0.052766 0.000000 0.000000 0.000000 1.000000
0.864947 0.432514 0.254553 0.301229 -0.454588 0.890118 0.032235 -0.512279 -0.212641 -0.143598 0.966521 -0.055929 0.000000 0.000000 0.000000 1.000000
0.871794 0.418492 0.254638 0.295688 -0.438702 0.898266 0.025684 -0.515282 -0.217984 -0.134101 0.966695 -0.057880 0.000000 0.000000 0.000000 1.000000
0.885518 0.388791 0.254361 0.298749 -0.408398 0.912400 0.027171 -0.513515 -0.221515 -0.127941 0.966728 -0.057855 0.000000 0.000000 0.000000 1.000000
0.901856 0.349754 0.253630 0.306901 -0.369007 0.928904 0.031159 -0.508693 -0.224700 -0.121692 0.966799 -0.057794 0.000000 0.000000 0.000000 1.000000
0.918461 0.304363 0.252570 0.318561 -0.323485 0.945512 0.036939 -0.501481 -0.227565 -0.115629 0.966873 -0.057724 0.000000 0.000000 0.000000 1.000000
0.933475 0.255870 0.251307 0.332161 -0.275050 0.960432 0.043797 -0.492584 -0.230157 -0.110005 0.966916 -0.057674 0.000000 0.000000 0.000000 1.000000
0.945694 0.207792 0.249969 0.346196 -0.227172 0.972517 0.051021 -0.482825 -0.232497 -0.105036 0.966909 -0.057664 0.000000 0.000000 0.000000 1.000000
0.954627 0.163837 0.248688 0.359263 -0.183498 0.981314 0.057893 -0.473178 -0.234556 -0.100900 0.966852 -0.057702 0.000000 0.000000 0.000000 1.000000
0.960397 0.127795 0.247599 0.370070 -0.147751 0.986971 0.063693 -0.464765 -0.236234 -0.097754 0.966767 -0.057775 0.000000 0.000000 0.000000 1.000000
0.963518 0.103449 0.246843 0.377418 -0.123639 0.990015 0.067702 -0.458809 -0.237374 -0.095752 0.966688 -0.057848 0.000000 0.000000 0.000000 1.000000
0.964507 0.094522 0.246559 0.380134 -0.114805 0.990975 0.069199 -0.456557 -0.237793 -0.095049 0.966654 -0.057880 0.000000 0.000000 0.000000 1.000000</float_array><technique_common><accessor source="#jnt_spine1-Matrix-animation-output-transform-array" count="21" stride="16"><param type="float4x4"/></accessor></technique_common></source><source id="jnt_spine1-Interpolations"><Name_array id="jnt_spine1-Interpolations-array" count="21">
 LINEAR LINEAR LINEAR LINEAR LINEAR LINEAR LINEAR LINEAR LINEAR LINEAR LINEAR
LINEAR LINEAR LINEAR LINEAR LINEAR LINEAR LINEAR LINEAR LINEAR LINEAR</Name_array><technique_common><accessor source="#jnt_spine1-Interpolations-array" count="21"><param type="name"/></accessor></technique_common></source><sampler id="jnt_spine1-Matrix-animation-transform"><input semantic="INPUT" source="#jnt_spine1-Matrix-animation-input"/><input semantic="OUTPUT" source="#jnt_spine1-Matrix-animation-output-transform"/><input semantic="INTERPOLATION" source="#jnt_spine1-Interpolations"/></sampler><channel source="#jnt_spine1-Matrix-animation-transform" target="jnt_spine1/matrix"/></animation></animation>
    <animation id="jnt_spine2-anim" name="jnt_spine2"><animation><source id="jnt_spine2-Matrix-animation-input"><float_array id="jnt_spine2-Matrix-animation-input-array" count="21">

0.000000 0.033333 0.066667 0.100000 0.133333 0.166667 0.200000 0.233333 0.266667 0.300000 0.333333 0.366667 0.400000 0.433333 0.466667 0.500000
0.533333 0.566667 0.600000 0.633333 0.666667</float_array><technique_common><accessor source="#jnt_spine2-Matrix-animation-input-array" count="21"><param name="TIME" type="float"/></accessor></technique_common></source><source id="jnt_spine2-Matrix-animation-output-transform"><float_array id="jnt_spine2-Matrix-animation-output-transform-array" count="336">

0.995808 0.090353 0.014269 0.873404 -0.090353 0.995910 -0.000624 -0.000000 -0.014267 -0.000668 0.999898 0.000000 0.000000 0.000000 0.000000 1.000000
0.993323 0.114478 0.014257 0.873404 -0.114481 0.993425 -0.000623 -0.000000 -0.014234 -0.001013 0.999898 0.000000 0.000000 0.000000 0.000000 1.000000
0.987161 0.159092 0.014257 0.873404 -0.159100 0.987262 -0.000623 -0.000000 -0.014174 -0.001653 0.999898 0.000000 0.000000 0.000000 0.000000 1.000000
0.983012 0.182988 0.014269 0.873404 -0.182997 0.983113 -0.000624 -0.000000 -0.014142 -0.001998 0.999898 0.000000 0.000000 0.000000 0.000000 1.000000
0.983267 0.181611 0.014267 0.873404 -0.181621 0.983368 -0.000624 0.000000 -0.014143 -0.001978 0.999898 0.000000 0.000000 0.000000 0.000000 1.000000
0.983980 0.177705 0.014263 0.873404 -0.177715 0.984082 -0.000623 -0.000000 -0.014147 -0.001922 0.999898 0.000000 0.000000 0.000000 0.000000 1.000000
0.985063 0.171602 0.014258 0.873404 -0.171611 0.985165 -0.000623 -0.000000 -0.014153 -0.001833 0.999898 0.000000 0.000000 0.000000 0.000000 1.000000
0.986418 0.163633 0.014252 0.873404 -0.163640 0.986520 -0.000622 0.000000 -0.014161 -0.001718 0.999898 0.000000 0.000000 0.000000 0.000000 1.000000
0.987948 0.154129 0.014245 0.873404 -0.154135 0.988050 -0.000622 0.000000 -0.014171 -0.001581 0.999898 0.000000 0.000000 0.000000 0.000000 1.000000
0.989559 0.143423 0.014240 0.873404 -0.143429 0.989660 -0.000622 0.000000 -0.014182 -0.001427 0.999898 0.000000 0.000000 0.000000 0.000000 1.000000
0.991167 0.131851 0.014236 0.873404 -0.131856 0.991269 -0.000622 0.000000 -0.014194 -0.001261 0.999898 0.000000 0.000000 0.000000 0.000000 1.000000
0.992702 0.119751 0.014234 0.873404 -0.119754 0.992803 -0.000622 -0.000000 -0.014206 -0.001087 0.999899 0.000000 0.000000 0.000000 0.000000 1.000000
0.994107 0.107462 0.014234 0.873404 -0.107464 0.994209 -0.000622 0.000000 -0.014218 -0.000911 0.999899 0.000000 0.000000 0.000000 0.000000 1.000000
0.995344 0.095328 0.014236 0.873404 -0.095329 0.995446 -0.000623 -0.000000 -0.014230 -0.000737 0.999898 0.000000 0.000000 0.000000 0.000000 1.000000
0.996390 0.083692 0.014240 0.873404 -0.083692 0.996492 -0.000623 -0.000000 -0.014242 -0.000571 0.999898 0.000000 0.000000 0.000000 0.000000 1.000000
0.997238 0.072899 0.014245 0.873404 -0.072898 0.997339 -0.000623 -0.000000 -0.014253 -0.000417 0.999898 0.000000 0.000000 0.000000 0.000000 1.000000
0.997893 0.063295 0.014252 0.873404 -0.063293 0.997995 -0.000624 0.000000 -0.014263 -0.000280 0.999898 0.000000 0.000000 0.000000 0.000000 1.000000
0.998372 0.055225 0.014258 0.873404 -0.055222 0.998474 -0.000624 -0.000000 -0.014271 -0.000165 0.999898 0.000000 0.000000 0.000000 0.000000 1.000000
0.998695 0.049035 0.014263 0.873404 -0.049031 0.998797 -0.000624 0.000000 -0.014277 -0.000076 0.999898 0.000000 0.000000 0.000000 0.000000 1.000000
0.998882 0.045069 0.014267 0.873404 -0.045065 0.998984 -0.000624 0.000000 -0.014281 -0.000020 0.999898 0.000000 0.000000 0.000000 0.000000 1.000000
0.998944 0.043671 0.014269 0.873404 -0.043666 0.999046 -0.000624 0.000000 -0.014282 0.000000 0.999898 0.000000 0.000000 0.000000 0.000000 1.000000</float_array><technique_common><accessor source="#jnt_spine2-Matrix-animation-output-transform-array" count="21" stride="16"><param type="float4x4"/></accessor></technique_common></source><source id="jnt_spine2-Interpolations"><Name_array id="jnt_spine2-Interpolations-array" count="21">
 LINEAR LINEAR LINEAR LINEAR LINEAR LINEAR LINEAR LINEAR LINEAR LINEAR LINEAR
LINEAR LINEAR LINEAR LINEAR LINEAR LINEAR LINEAR LINEAR LINEAR LINEAR</Name_array><technique_common><accessor source="#jnt_spine2-Interpolations-array" count="21"><param type="name"/></accessor></technique_common></source><sampler id="jnt_spine2-Matrix-animation-transform"><input semantic="INPUT" source="#jnt_spine2-Matrix-animation-input"/><input semantic="OUTPUT" source="#jnt_spine2-Matrix-animation-output-transform"/><input semantic="INTERPOLATION" source="#jnt_spine2-Interpolations"/></sampler><channel source="#jnt_spine2-Matrix-animation-transform" target="jnt_spine2/matrix"/></animation></animation>
    <animation id="jnt_spine3-anim" name="jnt_spine3"><animation><source id="jnt_spine3-Matrix-animation-input"><float_array id="jnt_spine3-Matrix-animation-input-array" count="21">

0.000000 0.033333 0.066667 0.100000 0.133333 0.166667 0.200000 0.233333 0.266667 0.300000 0.333333 0.366667 0.400000 0.433333 0.466667 0.500000
0.533333 0.566667 0.600000 0.633333 0.666667</float_array><technique_common><accessor source="#jnt_spine3-Matrix-animation-input-array" count="21"><param name="TIME" type="float"/></accessor></technique_common></source><source id="jnt_spine3-Matrix-animation-output-transform"><float_array id="jnt_spine3-Matrix-animation-output-transform-array" count="336">

0.991826 -0.126842 0.013900 0.979908 0.126808 0.991922 0.003281 0.000000 -0.014204 -0.001492 0.999898 0.000000 0.000000 0.000000 0.000000 1.000000
0.991826 -0.126842 0.013900 0.979908 0.126808 0.991922 0.003281 -0.000000 -0.014204 -0.001492 0.999898 0.000000 0.000000 0.000000 0.000000 1.000000
0.991826 -0.126842 0.013900 0.979908 0.126808 0.991922 0.003281 0.000000 -0.014204 -0.001492 0.999898 0.000000 0.000000 0.000000 0.000000 1.000000
0.991826 -0.126842 0.013900 0.979908 0.126808 0.991922 0.003281 -0.000000 -0.014204 -0.001492 0.999898 0.000000 0.000000 0.000000 0.000000 1.000000
0.991693 -0.127876 0.013899 0.979908 0.127843 0.991789 0.003281 -0.000000 -0.014205 -0.001477 0.999898 0.000000 0.000000 0.000000 0.000000 1.000000
0.991310 -0.130812 0.013897 0.979908 0.130778 0.991406 0.003281 -0.000000 -0.014207 -0.001435 0.999898 0.000000 0.000000 0.000000 0.000000 1.000000
0.990695 -0.135392 0.013894 0.979908 0.135359 0.990791 0.003280 -0.000000 -0.014211 -0.001369 0.999898 0.000000 0.000000 0.000000 0.000000 1.000000
0.989861 -0.141360 0.013891 0.979908 0.141328 0.989957 0.003279 -0.000000 -0.014215 -0.001283 0.999898 0.000000 0.000000 0.000000 0.000000 1.000000
0.988821 -0.148461 0.013888 0.979908 0.148429 0.988918 0.003278 -0.000000 -0.014220 -0.001180 0.999898 0.000000 0.000000 0.000000 0.000000 1.000000
0.987590 -0.156438 0.013885 0.979908 0.156407 0.987687 0.003278 -0.000000 -0.014226 -0.001065 0.999898 0.000000 0.000000 0.000000 0.000000 1.000000
0.986190 -0.165034 0.013882 0.979908 0.165004 0.986287 0.003277 -0.000000 -0.014233 -0.000941 0.999898 0.000000 0.000000 0.000000 0.000000 1.000000
0.984649 -0.173996 0.013881 0.979908 0.173967 0.984746 0.003277 -0.000000 -0.014240 -0.000812 0.999898 0.000000 0.000000 0.000000 0.000000 1.000000
0.983002 -0.183068 0.013881 0.979908 0.183040 0.983100 0.003277 -0.000000 -0.014247 -0.000680 0.999898 0.000000 0.000000 0.000000 0.000000 1.000000
0.981297 -0.192000 0.013883 0.979908 0.191973 0.981395 0.003277 0.000000 -0.014253 -0.000550 0.999898 0.000000 0.000000 0.000000 0.000000 1.000000
0.979587 -0.200540 0.013885 0.979908 0.200514 0.979685 0.003277 -0.000000 -0.014260 -0.000426 0.999898 0.000000 0.000000 0.000000 0.000000 1.000000
0.977936 -0.208441 0.013888 0.979908 0.208415 0.978035 0.003278 -0.000000 -0.014266 -0.000311 0.999898 0.000000 0.000000 0.000000 0.000000 1.000000
0.976415 -0.215454 0.013891 0.979908 0.215429 0.976514 0.003279 -0.000000 -0.014271 -0.000209 0.999898 0.000000 0.000000 0.000000 0.000000 1.000000
0.975099 -0.221335 0.013894 0.979908 0.221311 0.975198 0.003280 -0.000000 -0.014276 -0.000123 0.999898 0.000000 0.000000 0.000000 0.000000 1.000000
0.974065 -0.225839 0.013897 0.979908 0.225815 0.974165 0.003280 -0.000000 -0.014279 -0.000057 0.999898 0.000000 0.000000 0.000000 0.000000 1.000000
0.973393 -0.228722 0.013899 0.979908 0.228698 0.973492 0.003281 -0.000000 -0.014281 -0.000015 0.999898 0.000000 0.000000 0.000000 0.000000 1.000000
0.973153 -0.229737 0.013900 0.979908 0.229714 0.973253 0.003281 -0.000000 -0.014282 -0.000000 0.999898 0.000000 0.000000 0.000000 0.000000 1.000000</float_array><technique_common><accessor source="#jnt_spine3-Matrix-animation-output-transform-array" count="21" stride="16"><param type="float4x4"/></accessor></technique_common></source><source id="jnt_spine3-Interpolations"><Name_array id="jnt_spine3-Interpolations-array" count="21">
 LINEAR LINEAR LINEAR LINEAR LINEAR LINEAR LINEAR LINEAR LINEAR LINEAR LINEAR
LINEAR LINEAR LINEAR LINEAR LINEAR LINEAR LINEAR LINEAR LINEAR LINEAR</Name_array><technique_common><accessor source="#jnt_spine3-Interpolations-array" count="21"><param type="name"/></accessor></technique_common></source><sampler id="jnt_spine3-Matrix-animation-transform"><input semantic="INPUT" source="#jnt_spine3-Matrix-animation-input"/><input semantic="OUTPUT" source="#jnt_spine3-Matrix-animation-output-transform"/><input semantic="INTERPOLATION" source="#jnt_spine3-Interpolations"/></sampler><channel source="#jnt_spine3-Matrix-animation-transform" target="jnt_spine3/matrix"/></animation></animation>
    <animation id="jnt_neck1-anim" name="jnt_neck1"><animation><source id="jnt_neck1-Matrix-animation-input"><float_array id="jnt_neck1-Matrix-animation-input-array" count="21">

0.000000 0.033333 0.066667 0.100000 0.133333 0.166667 0.200000 0.233333 0.266667 0.300000 0.333333 0.366667 0.400000 0.433333 0.466667 0.500000
0.533333 0.566667 0.600000 0.633333 0.666667</float_array><technique_common><accessor source="#jnt_neck1-Matrix-animation-input-array" count="21"><param name="TIME" type="float"/></accessor></technique_common></source><source id="jnt_neck1-Matrix-animation-output-transform"><float_array id="jnt_neck1-Matrix-animation-output-transform-array" count="336">

0.994465 -0.105065 0.000000 0.837368 0.105065 0.994465 0.000000 0.000000 -0.000000 -0.000000 1.000000 0.000000 0.000000 0.000000 0.000000 1.000000
0.991453 -0.130463 0.000000 0.837368 0.130463 0.991453 0.000000 0.000000 -0.000000 -0.000000 1.000000 0.000000 0.000000 0.000000 0.000000 1.000000
0.984140 -0.177391 0.000000 0.837368 0.177391 0.984140 0.000000 0.000000 0.000000 -0.000000 1.000000 0.000000 0.000000 0.000000 0.000000 1.000000
0.979282 -0.202501 0.000000 0.837368 0.202501 0.979282 0.000000 0.000000 -0.000000 0.000000 1.000000 0.000000 0.000000 0.000000 0.000000 1.000000
0.983584 -0.180451 0.000000 0.837368 0.180451 0.983584 0.000000 0.000000 0.000000 0.000000 1.000000 0.000000 0.000000 0.000000 0.000000 1.000000
0.991298 -0.131636 -0.000000 0.837368 0.131636 0.991298 0.000000 0.000000 0.000000 0.000000 1.000000 0.000000 0.000000 0.000000 0.000000 1.000000
0.996591 -0.082499 0.000000 0.837368 0.082499 0.996591 0.000000 0.000000 0.000000 0.000000 1.000000 0.000000 0.000000 0.000000 0.000000 1.000000
0.998193 -0.060091 0.000000 0.837368 0.060091 0.998193 -0.000000 0.000000 0.000000 0.000000 1.000000 0.000000 0.000000 0.000000 0.000000 1.000000
0.997253 -0.074075 0.000000 0.837368 0.074075 0.997253 0.000000 0.000000 0.000000 0.000000 1.000000 0.000000 0.000000 0.000000 0.000000 1.000000
0.994046 -0.108966 0.000000 0.837368 0.108966 0.994046 -0.000000 0.000000 0.000000 0.000000 1.000000 0.000000 0.000000 0.000000 0.000000 1.000000
0.988053 -0.154118 0.000000 0.837368 0.154118 0.988053 0.000000 0.000000 0.000000 -0.000000 1.000000 0.000000 0.000000 0.000000 0.000000 1.000000
0.980010 -0.198950 -0.000000 0.837368 0.198950 0.980010 -0.000000 0.000000 -0.000000 0.000000 1.000000 0.000000 0.000000 0.000000 0.000000 1.000000
0.972438 -0.233160 0.000000 0.837368 0.233160 0.972438 0.000000 0.000000 0.000000 0.000000 1.000000 0.000000 0.000000 0.000000 0.000000 1.000000
0.969075 -0.246766 0.000000 0.837368 0.246766 0.969075 0.000000 0.000000 0.000000 -0.000000 1.000000 0.000000 0.000000 0.000000 0.000000 1.000000
0.970016 -0.243040 -0.000000 0.837368 0.243040 0.970016 -0.000000 0.000000 0.000000 0.000000 1.000000 0.000000 0.000000 0.000000 0.000000 1.000000
0.972377 -0.233415 0.000000 0.837368 0.233415 0.972377 -0.000000 0.000000 0.000000 0.000000 1.000000 0.000000 0.000000 0.000000 0.000000 1.000000
0.975451 -0.220217 -0.000000 0.837368 0.220217 0.975451 0.000000 0.000000 0.000000 -0.000000 1.000000 0.000000 0.000000 0.000000 0.000000 1.000000
0.978596 -0.205791 0.000000 0.837368 0.205791 0.978596 0.000000 0.000000 0.000000 -0.000000 1.000000 0.000000 0.000000 0.000000 0.000000 1.000000
0.981295 -0.192511 0.000000 0.837368 0.192511 0.981295 0.000000 0.000000 0.000000 -0.000000 1.000000 0.000000 0.000000 0.000000 0.000000 1.000000
0.983155 -0.182776 -0.000000 0.837368 0.182776 0.983155 0.000000 0.000000 -0.000000 0.000000 1.000000 0.000000 0.000000 0.000000 0.000000 1.000000
0.983850 -0.178997 0.000000 0.837368 0.178997 0.983850 0.000000 0.000000 -0.000000 -0.000000 1.000000 0.000000 0.000000 0.000000 0.000000 1.000000</float_array><technique_common><accessor source="#jnt_neck1-Matrix-animation-output-transform-array" count="21" stride="16"><param type="float4x4"/></accessor></technique_common></source><source id="jnt_neck1-Interpolations"><Name_array id="jnt_neck1-Interpolations-array" count="21">
 LINEAR LINEAR LINEAR LINEAR LINEAR LINEAR LINEAR LINEAR LINEAR LINEAR LINEAR
LINEAR LINEAR LINEAR LINEAR LINEAR LINEAR LINEAR LINEAR LINEAR LINEAR</Name_array><technique_common><accessor source="#jnt_neck1-Interpolations-array" count="21"><param type="name"/></accessor></technique_common></source><sampler id="jnt_neck1-Matrix-animation-transform"><input semantic="INPUT" source="#jnt_neck1-Matrix-animation-input"/><input semantic="OUTPUT" source="#jnt_neck1-Matrix-animation-output-transform"/><input semantic="INTERPOLATION" source="#jnt_neck1-Interpolations"/></sampler><channel source="#jnt_neck1-Matrix-animation-transform" target="jnt_neck1/matrix"/></animation></animation>
    <animation id="jnt_neck2-anim" name="jnt_neck2"><animation><source id="jnt_neck2-Matrix-animation-input"><float_array id="jnt_neck2-Matrix-animation-input-array" count="21">

0.000000 0.033333 0.066667 0.100000 0.133333 0.166667 0.200000 0.233333 0.266667 0.300000 0.333333 0.366667 0.400000 0.433333 0.466667 0.500000
0.533333 0.566667 0.600000 0.633333 0.666667</float_array><technique_common><accessor source="#jnt_neck2-Matrix-animation-input-array" count="21"><param name="TIME" type="float"/></accessor></technique_common></source><source id="jnt_neck2-Matrix-animation-output-transform"><float_array id="jnt_neck2-Matrix-animation-output-transform-array" count="336">

0.997211 0.074638 -0.000000 0.681130 -0.074638 0.997211 -0.000000 0.000000 0.000000 0.000000 1.000000 0.000000 0.000000 0.000000 0.000000 1.000000
0.998793 0.049111 -0.000000 0.681130 -0.049111 0.998793 -0.000000 -0.000000 -0.000000 -0.000000 1.000000 0.000000 0.000000 0.000000 0.000000 1.000000
0.999999 0.001632 0.000000 0.681130 -0.001632 0.999999 0.000000 -0.000000 0.000000 -0.000000 1.000000 0.000000 0.000000 0.000000 0.000000 1.000000
0.999713 -0.023942 0.000000 0.681130 0.023942 0.999713 0.000000 -0.000000 -0.000000 -0.000000 1.000000 0.000000 0.000000 0.000000 0.000000 1.000000
0.999999 -0.001478 0.000000 0.681130 0.001478 0.999999 0.000000 0.000000 0.000000 0.000000 1.000000 0.000000 0.000000 0.000000 0.000000 1.000000
0.998851 0.047929 -0.000000 0.681130 -0.047929 0.998851 0.000000 -0.000000 -0.000000 0.000000 1.000000 0.000000 0.000000 0.000000 0.000000 1.000000
0.995263 0.097220 -0.000000 0.681130 -0.097220 0.995263 0.000000 -0.000000 0.000000 -0.000000 1.000000 0.000000 0.000000 0.000000 0.000000 1.000000
0.992828 0.119553 0.000000 0.681130 -0.119553 0.992828 0.000000 -0.000000 -0.000000 -0.000000 1.000000 0.000000 0.000000 0.000000 0.000000 1.000000
0.994406 0.105626 -0.000000 0.681130 -0.105626 0.994406 0.000000 -0.000000 0.000000 -0.000000 1.000000 0.000000 0.000000 0.000000 0.000000 1.000000
0.997496 0.070725 0.000000 0.681130 -0.070725 0.997496 -0.000000 0.000000 -0.000000 0.000000 1.000000 0.000000 0.000000 0.000000 0.000000 1.000000
0.999682 0.025230 0.000000 0.681130 -0.025230 0.999682 -0.000000 0.000000 -0.000000 -0.000000 1.000000 0.000000 0.000000 0.000000 0.000000 1.000000
0.999794 -0.020318 0.000000 0.681130 0.020318 0.999794 0.000000 -0.000000 -0.000000 0.000000 1.000000 0.000000 0.000000 0.000000 0.000000 1.000000
0.998468 -0.055331 0.000000 0.681130 0.055331 0.998468 0.000000 0.000000 0.000000 -0.000000 1.000000 0.000000 0.000000 0.000000 0.000000 1.000000
0.997595 -0.069320 0.000000 0.681130 0.069320 0.997595 0.000000 -0.000000 0.000000 0.000000 1.000000 0.000000 0.000000 0.000000 0.000000 1.000000
0.997854 -0.065485 0.000000 0.681130 0.065485 0.997854 0.000000 0.000000 0.000000 0.000000 1.000000 0.000000 0.000000 0.000000 0.000000 1.000000
0.998454 -0.055593 0.000000 0.681130 0.055593 0.998454 0.000000 -0.000000 0.000000 -0.000000 1.000000 0.000000 0.000000 0.000000 0.000000 1.000000
0.999115 -0.042058 0.000000 0.681130 0.042058 0.999115 0.000000 0.000000 -0.000000 0.000000 1.000000 0.000000 0.000000 0.000000 0.000000 1.000000
0.999627 -0.027302 0.000000 0.681130 0.027302 0.999627 0.000000 -0.000000 0.000000 0.000000 1.000000 0.000000 0.000000 0.000000 0.000000 1.000000
0.999905 -0.013753 -0.000000 0.681130 0.013753 0.999905 -0.000000 -0.000000 0.000000 0.000000 1.000000 0.000000 0.000000 0.000000 0.000000 1.000000
0.999993 -0.003843 -0.000000 0.681130 0.003843 0.999993 -0.000000 -0.000000 0.000000 0.000000 1.000000 0.000000 0.000000 0.000000 0.000000 1.000000
1.000000 0.000000 -0.000000 0.681130 -0.000000 1.000000 -0.000000 -0.000000 0.000000 -0.000000 1.000000 0.000000 0.000000 0.000000 0.000000 1.000000</float_array><technique_common><accessor source="#jnt_neck2-Matrix-animation-output-transform-array" count="21" stride="16"><param type="float4x4"/></accessor></technique_common></source><source id="jnt_neck2-Interpolations"><Name_array id="jnt_neck2-Interpolations-array" count="21">
 LINEAR LINEAR LINEAR LINEAR LINEAR LINEAR LINEAR LINEAR LINEAR LINEAR LINEAR
LINEAR LINEAR LINEAR LINEAR LINEAR LINEAR LINEAR LINEAR LINEAR LINEAR</Name_array><technique_common><accessor source="#jnt_neck2-Interpolations-array" count="21"><param type="name"/></accessor></technique_common></source><sampler id="jnt_neck2-Matrix-animation-transform"><input semantic="INPUT" source="#jnt_neck2-Matrix-animation-input"/><input semantic="OUTPUT" source="#jnt_neck2-Matrix-animation-output-transform"/><input semantic="INTERPOLATION" source="#jnt_neck2-Interpolations"/></sampler><channel source="#jnt_neck2-Matrix-animation-transform" target="jnt_neck2/matrix"/></animation></animation>
    <animation id="jnt_head-anim" name="jnt_head"><animation><source id="jnt_head-Matrix-animation-input"><float_array id="jnt_head-Matrix-animation-input-array" count="21">

0.000000 0.033333 0.066667 0.100000 0.133333 0.166667 0.200000 0.233333 0.266667 0.300000 0.333333 0.366667 0.400000 0.433333 0.466667 0.500000
0.533333 0.566667 0.600000 0.633333 0.666667</float_array><technique_common><accessor source="#jnt_head-Matrix-animation-input-array" count="21"><param name="TIME" type="float"/></accessor></technique_common></source><source id="jnt_head-Matrix-animation-output-transform"><float_array id="jnt_head-Matrix-animation-output-transform-array" count="336">

-0.013199 -0.147028 0.989044 0.537667 -0.039845 0.988422 0.146403 0.047393 -0.999119 -0.037476 -0.018905 -0.000000 0.000000 0.000000 0.000000 1.000000
-0.013199 -0.118029 0.992922 0.537667 -0.039845 0.992282 0.117423 0.047393 -0.999119 -0.038013 -0.017800 -0.000000 0.000000 0.000000 0.000000 1.000000
-0.013199 -0.060641 0.998072 0.537667 -0.039845 0.997398 0.060073 0.047393 -0.999119 -0.038975 -0.015581 -0.000000 0.000000 0.000000 0.000000 1.000000
-0.013199 -0.019903 0.999715 0.537667 -0.039845 0.999018 0.019363 0.047393 -0.999119 -0.039578 -0.013979 -0.000000 0.000000 0.000000 0.000000 1.000000
-0.013196 -0.002431 0.999910 0.537667 -0.039920 0.999201 0.001902 0.047393 -0.999116 -0.039892 -0.013283 -0.000000 0.000000 0.000000 0.000000 1.000000
-0.013187 0.015325 0.999796 0.537667 -0.040135 0.999069 -0.015844 0.047393 -0.999107 -0.040336 -0.012560 -0.000000 0.000000 0.000000 0.000000 1.000000
-0.013173 0.033187 0.999362 0.537667 -0.040470 0.998612 -0.033695 0.047393 -0.999094 -0.040888 -0.011812 -0.000000 0.000000 0.000000 0.000000 1.000000
-0.013155 0.050974 0.998613 0.537667 -0.040906 0.997836 -0.051473 0.047393 -0.999076 -0.041527 -0.011041 -0.000000 0.000000 0.000000 0.000000 1.000000
-0.013133 0.068510 0.997564 0.537667 -0.041427 0.996756 -0.069000 0.047393 -0.999055 -0.042232 -0.010252 -0.000000 0.000000 0.000000 0.000000 1.000000
-0.013109 0.085616 0.996242 0.537667 -0.042011 0.995401 -0.086096 0.047393 -0.999031 -0.042982 -0.009451 -0.000000 0.000000 0.000000 0.000000 1.000000
-0.013082 0.102117 0.994686 0.537667 -0.042642 0.993810 -0.102588 0.047393 -0.999005 -0.043758 -0.008647 -0.000000 0.000000 0.000000 0.000000 1.000000
-0.013055 0.117839 0.992947 0.537667 -0.043301 0.992033 -0.118300 0.047393 -0.998977 -0.044540 -0.007848 -0.000000 0.000000 0.000000 0.000000 1.000000
-0.013027 0.132610 0.991083 0.537667 -0.043969 0.990132 -0.133061 0.047393 -0.998948 -0.045311 -0.007067 -0.000000 0.000000 0.000000 0.000000 1.000000
-0.012999 0.146261 0.989161 0.537667 -0.044628 0.988174 -0.146701 0.047393 -0.998919 -0.046051 -0.006318 -0.000000 0.000000 0.000000 0.000000 1.000000
-0.012972 0.158624 0.987254 0.537667 -0.045259 0.986232 -0.159054 0.047393 -0.998891 -0.046746 -0.005615 -0.000000 0.000000 0.000000 0.000000 1.000000
-0.012948 0.169534 0.985439 0.537667 -0.045844 0.984385 -0.169955 0.047393 -0.998865 -0.047377 -0.004974 -0.000000 0.000000 0.000000 0.000000 1.000000
-0.012926 0.178828 0.983795 0.537667 -0.046364 0.982712 -0.179240 0.047393 -0.998841 -0.047930 -0.004412 -0.000000 0.000000 0.000000 0.000000 1.000000
-0.012908 0.186341 0.982400 0.537667 -0.046801 0.981293 -0.186746 0.047393 -0.998821 -0.048387 -0.003945 -0.000000 0.000000 0.000000 0.000000 1.000000
-0.012894 0.191912 0.981327 0.537667 -0.047135 0.980201 -0.192311 0.047393 -0.998805 -0.048735 -0.003593 -0.000000 0.000000 0.000000 0.000000 1.000000
-0.012885 0.195376 0.980644 0.537667 -0.047350 0.979506 -0.195771 0.047393 -0.998795 -0.048956 -0.003370 -0.000000 0.000000 0.000000 0.000000 1.000000
-0.012882 0.196568 0.980406 0.537667 -0.047425 0.979263 -0.196962 0.047393 -0.998792 -0.049033 -0.003292 -0.000000 0.000000 0.000000 0.000000 1.000000</float_array><technique_common><accessor source="#jnt_head-Matrix-animation-output-transform-array" count="21" stride="16"><param type="float4x4"/></accessor></technique_common></source><source id="jnt_head-Interpolations"><Name_array id="jnt_head-Interpolations-array" count="21">
 LINEAR LINEAR LINEAR LINEAR LINEAR LINEAR LINEAR LINEAR LINEAR LINEAR LINEAR
LINEAR LINEAR LINEAR LINEAR LINEAR LINEAR LINEAR LINEAR LINEAR LINEAR</Name_array><technique_common><accessor source="#jnt_head-Interpolations-array" count="21"><param type="name"/></accessor></technique_common></source><sampler id="jnt_head-Matrix-animation-transform"><input semantic="INPUT" source="#jnt_head-Matrix-animation-input"/><input semantic="OUTPUT" source="#jnt_head-Matrix-animation-output-transform"/><input semantic="INTERPOLATION" source="#jnt_head-Interpolations"/></sampler><channel source="#jnt_head-Matrix-animation-transform" target="jnt_head/matrix"/></animation></animation>
    <animation id="jnt_l_ear_1-anim" name="jnt_l_ear_1"><animation><source id="jnt_l_ear_1-Matrix-animation-input"><float_array id="jnt_l_ear_1-Matrix-animation-input-array" count="21">

0.000000 0.033333 0.066667 0.100000 0.133333 0.166667 0.200000 0.233333 0.266667 0.300000 0.333333 0.366667 0.400000 0.433333 0.466667 0.500000
0.533333 0.566667 0.600000 0.633333 0.666667</float_array><technique_common><accessor source="#jnt_l_ear_1-Matrix-animation-input-array" count="21"><param name="TIME" type="float"/></accessor></technique_common></source><source id="jnt_l_ear_1-Matrix-animation-output-transform"><float_array id="jnt_l_ear_1-Matrix-animation-output-transform-array" count="336">

0.881086 -0.422189 0.213176 0.951896 0.471626 0.750520 -0.462914 0.389972 0.035445 0.508406 0.860388 0.322605 0.000000 0.000000 0.000000 1.000000
0.881086 -0.422189 0.213176 0.951896 0.471626 0.750520 -0.462914 0.389972 0.035445 0.508406 0.860388 0.322605 0.000000 0.000000 0.000000 1.000000
0.881086 -0.422189 0.213176 0.951896 0.471626 0.750520 -0.462914 0.389972 0.035445 0.508406 0.860388 0.322605 0.000000 0.000000 0.000000 1.000000
0.881086 -0.422189 0.213176 0.951896 0.471626 0.750520 -0.462914 0.389972 0.035445 0.508406 0.860388 0.322605 0.000000 0.000000 0.000000 1.000000
0.907567 -0.381959 0.174443 0.951896 0.416386 0.764925 -0.491439 0.389972 0.054274 0.518650 0.853263 0.322605 0.000000 0.000000 0.000000 1.000000
0.958354 -0.277605 0.067025 0.951896 0.268200 0.794261 -0.545178 0.389972 0.098109 0.540450 0.835637 0.322605 0.000000 0.000000 0.000000 1.000000
0.986906 -0.135018 -0.088238 0.951896 0.060607 0.817396 -0.572880 0.389972 0.149474 0.560031 0.814876 0.322605 0.000000 0.000000 0.000000 1.000000
0.968215 0.017089 -0.249534 0.951896 -0.155578 0.822324 -0.547338 0.389972 0.195844 0.568763 0.798845 0.322605 0.000000 0.000000 0.000000 1.000000
0.916967 0.149940 -0.369716 0.951896 -0.328242 0.810281 -0.485491 0.389972 0.226779 0.566536 0.792217 0.322605 0.000000 0.000000 0.000000 1.000000
0.876402 0.237563 -0.418908 0.951896 -0.423870 0.793416 -0.436835 0.389972 0.228593 0.560406 0.796047 0.322605 0.000000 0.000000 0.000000 1.000000
0.862092 0.295291 -0.411827 0.951896 -0.466269 0.780509 -0.416411 0.389972 0.198472 0.551007 0.810556 0.322605 0.000000 0.000000 0.000000 1.000000
0.856240 0.352556 -0.377569 0.951896 -0.495017 0.768938 -0.404589 0.389972 0.147687 0.533328 0.832916 0.322605 0.000000 0.000000 0.000000 1.000000
0.855444 0.406332 -0.321108 0.951896 -0.511593 0.759436 -0.401908 0.389972 0.080553 0.508086 0.857531 0.322605 0.000000 0.000000 0.000000 1.000000
0.856171 0.453482 -0.247640 0.951896 -0.516690 0.753210 -0.407070 0.389972 0.001926 0.476475 0.879186 0.322605 0.000000 0.000000 0.000000 1.000000
0.855529 0.491440 -0.162961 0.951896 -0.511094 0.751280 -0.417566 0.389972 -0.082779 0.440528 0.893914 0.322605 0.000000 0.000000 0.000000 1.000000
0.851754 0.518759 -0.073507 0.951896 -0.496334 0.753955 -0.430354 0.389972 -0.167829 0.403040 0.899662 0.322605 0.000000 0.000000 0.000000 1.000000
0.844453 0.535449 0.013899 0.951896 -0.474985 0.760585 -0.442605 0.389972 -0.247564 0.367157 0.896609 0.322605 0.000000 0.000000 0.000000 1.000000
0.834603 0.543038 0.092460 0.951896 -0.450648 0.769623 -0.452324 0.389972 -0.316788 0.335844 0.887048 0.322605 0.000000 0.000000 0.000000 1.000000
0.824306 0.544298 0.155757 0.951896 -0.427655 0.778918 -0.458692 0.389972 -0.370987 0.311492 0.874838 0.322605 0.000000 0.000000 0.000000 1.000000
0.816293 0.542690 0.197873 0.951896 -0.410640 0.786107 -0.461963 0.389972 -0.406252 0.295843 0.864544 0.322605 0.000000 0.000000 0.000000 1.000000
0.813185 0.541559 0.213176 0.951896 -0.404066 0.788949 -0.462914 0.389972 -0.418880 0.290298 0.860388 0.322605 0.000000 0.000000 0.000000 1.000000</float_array><technique_common><accessor source="#jnt_l_ear_1-Matrix-animation-output-transform-array" count="21" stride="16"><param type="float4x4"/></accessor></technique_common></source><source id="jnt_l_ear_1-Interpolations"><Name_array id="jnt_l_ear_1-Interpolations-array" count="21">
 LINEAR LINEAR LINEAR LINEAR LINEAR LINEAR LINEAR LINEAR LINEAR LINEAR LINEAR
LINEAR LINEAR LINEAR LINEAR LINEAR LINEAR LINEAR LINEAR LINEAR LINEAR</Name_array><technique_common><accessor source="#jnt_l_ear_1-Interpolations-array" count="21"><param type="name"/></accessor></technique_common></source><sampler id="jnt_l_ear_1-Matrix-animation-transform"><input semantic="INPUT" source="#jnt_l_ear_1-Matrix-animation-input"/><input semantic="OUTPUT" source="#jnt_l_ear_1-Matrix-animation-output-transform"/><input semantic="INTERPOLATION" source="#jnt_l_ear_1-Interpolations"/></sampler><channel source="#jnt_l_ear_1-Matrix-animation-transform" target="jnt_l_ear_1/matrix"/></animation></animation>
    <animation id="jnt_l_ear_2-anim" name="jnt_l_ear_2"><animation><source id="jnt_l_ear_2-Matrix-animation-input"><float_array id="jnt_l_ear_2-Matrix-animation-input-array" count="21">

0.000000 0.033333 0.066667 0.100000 0.133333 0.166667 0.200000 0.233333 0.266667 0.300000 0.333333 0.366667 0.400000 0.433333 0.466667 0.500000
0.533333 0.566667 0.600000 0.633333 0.666667</float_array><technique_common><accessor source="#jnt_l_ear_2-Matrix-animation-input-array" count="21"><param name="TIME" type="float"/></accessor></technique_common></source><source id="jnt_l_ear_2-Matrix-animation-output-transform"><float_array id="jnt_l_ear_2-Matrix-animation-output-transform-array" count="336">

0.953901 0.165954 0.250064 0.790298 -0.160530 0.986133 -0.042083 0.000000 -0.253580 0.000000 0.967314 0.000000 0.000000 0.000000 0.000000 1.000000
0.953901 0.165954 0.250064 0.790298 -0.160530 0.986133 -0.042083 0.000000 -0.253580 0.000000 0.967314 0.000000 0.000000 0.000000 0.000000 1.000000
0.953901 0.165954 0.250064 0.790298 -0.160530 0.986133 -0.042083 0.000000 -0.253580 0.000000 0.967314 0.000000 0.000000 0.000000 0.000000 1.000000
0.953901 0.165954 0.250064 0.790298 -0.160530 0.986133 -0.042083 0.000000 -0.253580 -0.000000 0.967314 0.000000 0.000000 0.000000 0.000000 1.000000
