<?xml version="1.0" encoding="utf-8"?>
<COLLADA xmlns="http://www.collada.org/2005/11/COLLADASchema" version="1.4.1">
  <asset><contributor><author></author><authoring_tool>FBX COLLADA exporter</authoring_tool><comments></comments></contributor><created>2018-07-17T14:10:44Z</created><keywords></keywords><modified>2018-07-17T14:10:44Z</modified><revision></revision><subject></subject><title></title><unit meter="0.010000" name="centimeter"></unit><up_axis>Y_UP</up_axis></asset>
  <library_animations>
    <animation id="root_jnt-anim" name="root_jnt"><animation><source id="root_jnt-Matrix-animation-input"><float_array id="root_jnt-Matrix-animation-input-array" count="12">

0.000000 0.033333 0.066667 0.100000 0.133333 0.166667 0.200000 0.233333 0.266667 0.300000 0.333333 0.366667</float_array><technique_common><accessor source="#root_jnt-Matrix-animation-input-array" count="12"><param name="TIME" type="float"/></accessor></technique_common></source><source id="root_jnt-Matrix-animation-output-transform"><float_array id="root_jnt-Matrix-animation-output-transform-array" count="192">

0.000000 -0.000000 -1.000000 -0.000000 0.142316 0.989821 0.000000 4.007720 0.989821 -0.142316 0.000000 -0.991439 0.000000 0.000000 0.000000 1.000000
0.000000 -0.000000 -1.000000 -0.000000 0.124577 0.992210 0.000000 4.007044 0.992210 -0.124577 0.000000 -0.991439 0.000000 0.000000 0.000000 1.000000
0.000000 -0.000000 -1.000000 -0.000000 0.080067 0.996789 0.000000 4.006368 0.996789 -0.080067 0.000000 -0.991439 0.000000 0.000000 0.000000 1.000000
0.000000 -0.000000 -1.000000 -0.000000 0.021978 0.999758 0.000000 4.121256 0.999758 -0.021978 0.000000 -0.991439 0.000000 0.000000 0.000000 1.000000
-0.000000 -0.000000 -1.000000 -0.000000 -0.036185 0.999345 0.000000 4.374010 0.999345 0.036185 -0.000000 -0.991439 0.000000 0.000000 0.000000 1.000000
-0.000000 -0.000000 -1.000000 -0.000000 -0.080853 0.996726 0.000000 4.626764 0.996726 0.080853 -0.000000 -0.991439 0.000000 0.000000 0.000000 1.000000
-0.000000 -0.000000 -1.000000 -0.000000 -0.098680 0.995119 0.000000 4.741652 0.995119 0.098680 -0.000000 -0.991439 0.000000 0.000000 0.000000 1.000000
-0.000000 -0.000000 -1.000000 -0.000000 -0.073643 0.997285 0.000000 4.665323 0.997285 0.073643 -0.000000 -0.991439 0.000000 0.000000 0.000000 1.000000
-0.000000 -0.000000 -1.000000 -0.000000 -0.013782 0.999905 0.000000 4.483308 0.999905 0.013782 -0.000000 -0.991439 0.000000 0.000000 0.000000 1.000000
0.000000 -0.000000 -1.000000 -0.000000 0.057711 0.998333 0.000000 4.266064 0.998333 -0.057711 0.000000 -0.991439 0.000000 0.000000 0.000000 1.000000
0.000000 -0.000000 -1.000000 -0.000000 0.117399 0.993085 0.000000 4.084049 0.993085 -0.117399 0.000000 -0.991439 0.000000 0.000000 0.000000 1.000000
0.000000 -0.000000 -1.000000 -0.000000 0.142316 0.989821 0.000000 4.007720 0.989821 -0.142316 0.000000 -0.991439 0.000000 0.000000 0.000000 1.000000</float_array><technique_common><accessor source="#root_jnt-Matrix-animation-output-transform-array" count="12" stride="16"><param type="float4x4"/></accessor></technique_common></source><source id="root_jnt-Interpolations"><Name_array id="root_jnt-Interpolations-array" count="12">
 LINEAR LINEAR LINEAR LINEAR LINEAR LINEAR LINEAR LINEAR LINEAR LINEAR LINEAR
LINEAR</Name_array><technique_common><accessor source="#root_jnt-Interpolations-array" count="12"><param type="name"/></accessor></technique_common></source><sampler id="root_jnt-Matrix-animation-transform"><input semantic="INPUT" source="#root_jnt-Matrix-animation-input"/><input semantic="OUTPUT" source="#root_jnt-Matrix-animation-output-transform"/><input semantic="INTERPOLATION" source="#root_jnt-Interpolations"/></sampler><channel source="#root_jnt-Matrix-animation-transform" target="root_jnt/matrix"/></animation></animation>
    <animation id="jnt_spine1-anim" name="jnt_spine1"><animation><source id="jnt_spine1-Matrix-animation-input"><float_array id="jnt_spine1-Matrix-animation-input-array" count="12">

0.000000 0.033333 0.066667 0.100000 0.133333 0.166667 0.200000 0.233333 0.266667 0.300000 0.333333 0.366667</float_array><technique_common><accessor source="#jnt_spine1-Matrix-animation-input-array" count="12"><param name="TIME" type="float"/></accessor></technique_common></source><source id="jnt_spine1-Matrix-animation-output-transform"><float_array id="jnt_spine1-Matrix-animation-output-transform-array" count="192">

0.998310 0.058117 0.000000 0.369966 -0.058117 0.998310 0.000000 -0.468425 0.000000 -0.000000 1.000000 0.000000 0.000000 0.000000 0.000000 1.000000
0.997796 0.066361 0.000000 0.378291 -0.066361 0.997796 0.000000 -0.461728 -0.000000 -0.000000 1.000000 0.000000 0.000000 0.000000 0.000000 1.000000
0.996213 0.086950 0.000000 0.398567 -0.086950 0.996213 0.000000 -0.444343 0.000000 0.000000 1.000000 0.000000 0.000000 0.000000 0.000000 1.000000
0.993520 0.113658 -0.000000 0.423727 -0.113658 0.993520 0.000000 -0.420419 0.000000 0.000000 1.000000 0.000000 0.000000 0.000000 0.000000 1.000000
0.990111 0.140284 -0.000000 0.447453 -0.140284 0.990111 -0.000000 -0.395072 0.000000 -0.000000 1.000000 0.000000 0.000000 0.000000 0.000000 1.000000
0.987004 0.160698 -0.000000 0.464678 -0.160698 0.987004 0.000000 -0.374660 0.000000 -0.000000 1.000000 0.000000 0.000000 0.000000 0.000000 1.000000
0.985643 0.168845 0.000000 0.471310 -0.168845 0.985643 0.000000 -0.366283 -0.000000 -0.000000 1.000000 0.000000 0.000000 0.000000 0.000000 1.000000
0.987534 0.157404 0.000000 0.461957 -0.157404 0.987534 -0.000000 -0.378011 0.000000 0.000000 1.000000 0.000000 0.000000 0.000000 0.000000 1.000000
0.991509 0.130038 0.000000 0.438488 -0.130038 0.991509 -0.000000 -0.404999 0.000000 0.000000 1.000000 0.000000 0.000000 0.000000 0.000000 1.000000
0.995260 0.097247 0.000000 0.408424 -0.097247 0.995260 0.000000 -0.435300 0.000000 -0.000000 1.000000 0.000000 0.000000 0.000000 0.000000 1.000000
0.997569 0.069690 0.000000 0.381620 -0.069690 0.997569 0.000000 -0.458980 0.000000 0.000000 1.000000 0.000000 0.000000 0.000000 0.000000 1.000000
0.998310 0.058117 0.000000 0.369966 -0.058117 0.998310 0.000000 -0.468425 0.000000 -0.000000 1.000000 0.000000 0.000000 0.000000 0.000000 1.000000</float_array><technique_common><accessor source="#jnt_spine1-Matrix-animation-output-transform-array" count="12" stride="16"><param type="float4x4"/></accessor></technique_common></source><source id="jnt_spine1-Interpolations"><Name_array id="jnt_spine1-Interpolations-array" count="12">
 LINEAR LINEAR LINEAR LINEAR LINEAR LINEAR LINEAR LINEAR LINEAR LINEAR LINEAR
LINEAR</Name_array><technique_common><accessor source="#jnt_spine1-Interpolations-array" count="12"><param type="name"/></accessor></technique_common></source><sampler id="jnt_spine1-Matrix-animation-transform"><input semantic="INPUT" source="#jnt_spine1-Matrix-animation-input"/><input semantic="OUTPUT" source="#jnt_spine1-Matrix-animation-output-transform"/><input semantic="INTERPOLATION" source="#jnt_spine1-Interpolations"/></sampler><channel source="#jnt_spine1-Matrix-animation-transform" target="jnt_spine1/matrix"/></animation></animation>
    <animation id="jnt_spine2-anim" name="jnt_spine2"><animation><source id="jnt_spine2-Matrix-animation-input"><float_array id="jnt_spine2-Matrix-animation-input-array" count="12">

0.000000 0.033333 0.066667 0.100000 0.133333 0.166667 0.200000 0.233333 0.266667 0.300000 0.333333 0.366667</float_array><technique_common><accessor source="#jnt_spine2-Matrix-animation-input-array" count="12"><param name="TIME" type="float"/></accessor></technique_common></source><source id="jnt_spine2-Matrix-animation-output-transform"><float_array id="jnt_spine2-Matrix-animation-output-transform-array" count="192">

0.999046 0.043671 0.000000 0.873404 -0.043671 0.999046 0.000000 0.000000 0.000000 0.000000 1.000000 0.000000 0.000000 0.000000 0.000000 1.000000
0.999730 0.023253 0.000000 0.873404 -0.023253 0.999730 0.000000 -0.000000 0.000000 -0.000000 1.000000 0.000000 0.000000 0.000000 0.000000 1.000000
0.999613 -0.027814 0.000000 0.873404 0.027814 0.999613 0.000000 0.000000 0.000000 0.000000 1.000000 0.000000 0.000000 0.000000 0.000000 1.000000
0.995565 -0.094074 -0.000000 0.873404 0.094074 0.995565 0.000000 -0.000000 -0.000000 0.000000 1.000000 0.000000 0.000000 0.000000 0.000000 1.000000
0.987130 -0.159918 0.000000 0.873404 0.159918 0.987130 0.000000 0.000000 -0.000000 -0.000000 1.000000 0.000000 0.000000 0.000000 0.000000 1.000000
0.977679 -0.210104 -0.000000 0.873404 0.210104 0.977679 -0.000000 -0.000000 0.000000 0.000000 1.000000 0.000000 0.000000 0.000000 0.000000 1.000000
0.973183 -0.230032 0.000000 0.873404 0.230032 0.973183 0.000000 0.000000 0.000000 -0.000000 1.000000 0.000000 0.000000 0.000000 0.000000 1.000000
0.979380 -0.202028 0.000000 0.873404 0.202028 0.979380 -0.000000 0.000000 -0.000000 -0.000000 1.000000 0.000000 0.000000 0.000000 0.000000 1.000000
0.990897 -0.134621 0.000000 0.873404 0.134621 0.990897 0.000000 0.000000 -0.000000 -0.000000 1.000000 0.000000 0.000000 0.000000 0.000000 1.000000
0.998575 -0.053370 0.000000 0.873404 0.053370 0.998575 -0.000000 0.000000 0.000000 0.000000 1.000000 0.000000 0.000000 0.000000 0.000000 1.000000
0.999887 0.015001 0.000000 0.873404 -0.015001 0.999887 0.000000 0.000000 0.000000 0.000000 1.000000 0.000000 0.000000 0.000000 0.000000 1.000000
0.999046 0.043671 0.000000 0.873404 -0.043671 0.999046 0.000000 0.000000 0.000000 0.000000 1.000000 0.000000 0.000000 0.000000 0.000000 1.000000</float_array><technique_common><accessor source="#jnt_spine2-Matrix-animation-output-transform-array" count="12" stride="16"><param type="float4x4"/></accessor></technique_common></source><source id="jnt_spine2-Interpolations"><Name_array id="jnt_spine2-Interpolations-array" count="12">
 LINEAR LINEAR LINEAR LINEAR LINEAR LINEAR LINEAR LINEAR LINEAR LINEAR LINEAR
LINEAR</Name_array><technique_common><accessor source="#jnt_spine2-Interpolations-array" count="12"><param type="name"/></accessor></technique_common></source><sampler id="jnt_spine2-Matrix-animation-transform"><input semantic="INPUT" source="#jnt_spine2-Matrix-animation-input"/><input semantic="OUTPUT" source="#jnt_spine2-Matrix-animation-output-transform"/><input semantic="INTERPOLATION" source="#jnt_spine2-Interpolations"/></sampler><channel source="#jnt_spine2-Matrix-animation-transform" target="jnt_spine2/matrix"/></animation></animation>
    <animation id="jnt_spine3-anim" name="jnt_spine3"><animation><source id="jnt_spine3-Matrix-animation-input"><float_array id="jnt_spine3-Matrix-animation-input-array" count="12">

0.000000 0.033333 0.066667 0.100000 0.133333 0.166667 0.200000 0.233333 0.266667 0.300000 0.333333 0.366667</float_array><technique_common><accessor source="#jnt_spine3-Matrix-animation-input-array" count="12"><param name="TIME" type="float"/></accessor></technique_common></source><source id="jnt_spine3-Matrix-animation-output-transform"><float_array id="jnt_spine3-Matrix-animation-output-transform-array" count="192">

0.989665 -0.143396 0.000000 0.979908 0.143396 0.989665 0.000000 -0.000000 -0.000000 0.000000 1.000000 0.000000 0.000000 0.000000 0.000000 1.000000
0.986230 -0.165381 0.000000 0.979908 0.165381 0.986230 0.000000 -0.000000 -0.000000 0.000000 1.000000 0.000000 0.000000 0.000000 0.000000 1.000000
0.975509 -0.219961 -0.000000 0.979908 0.219961 0.975509 0.000000 -0.000000 0.000000 0.000000 1.000000 0.000000 0.000000 0.000000 0.000000 1.000000
0.957065 -0.289873 0.000000 0.979908 0.289873 0.957065 0.000000 -0.000000 0.000000 -0.000000 1.000000 0.000000 0.000000 0.000000 0.000000 1.000000
0.933618 -0.358270 0.000000 0.979908 0.358270 0.933618 0.000000 -0.000000 -0.000000 0.000000 1.000000 0.000000 0.000000 0.000000 0.000000 1.000000
0.912253 -0.409626 -0.000000 0.979908 0.409626 0.912253 -0.000000 -0.000000 -0.000000 0.000000 1.000000 0.000000 0.000000 0.000000 0.000000 1.000000
0.902913 -0.429823 0.000000 0.979908 0.429823 0.902913 0.000000 0.000000 -0.000000 0.000000 1.000000 0.000000 0.000000 0.000000 0.000000 1.000000
0.915899 -0.401409 0.000000 0.979908 0.401409 0.915899 0.000000 -0.000000 0.000000 0.000000 1.000000 0.000000 0.000000 0.000000 0.000000 1.000000
0.943236 -0.332124 0.000000 0.979908 0.332124 0.943236 0.000000 -0.000000 0.000000 0.000000 1.000000 0.000000 0.000000 0.000000 0.000000 1.000000
0.969003 -0.247050 0.000000 0.979908 0.247050 0.969003 0.000000 -0.000000 0.000000 -0.000000 1.000000 0.000000 0.000000 0.000000 0.000000 1.000000
0.984703 -0.174240 0.000000 0.979908 0.174240 0.984703 0.000000 -0.000000 0.000000 -0.000000 1.000000 0.000000 0.000000 0.000000 0.000000 1.000000
0.989665 -0.143396 0.000000 0.979908 0.143396 0.989665 0.000000 -0.000000 -0.000000 0.000000 1.000000 0.000000 0.000000 0.000000 0.000000 1.000000</float_array><technique_common><accessor source="#jnt_spine3-Matrix-animation-output-transform-array" count="12" stride="16"><param type="float4x4"/></accessor></technique_common></source><source id="jnt_spine3-Interpolations"><Name_array id="jnt_spine3-Interpolations-array" count="12">
 LINEAR LINEAR LINEAR LINEAR LINEAR LINEAR LINEAR LINEAR LINEAR LINEAR LINEAR
LINEAR</Name_array><technique_common><accessor source="#jnt_spine3-Interpolations-array" count="12"><param type="name"/></accessor></technique_common></source><sampler id="jnt_spine3-Matrix-animation-transform"><input semantic="INPUT" source="#jnt_spine3-Matrix-animation-input"/><input semantic="OUTPUT" source="#jnt_spine3-Matrix-animation-output-transform"/><input semantic="INTERPOLATION" source="#jnt_spine3-Interpolations"/></sampler><channel source="#jnt_spine3-Matrix-animation-transform" target="jnt_spine3/matrix"/></animation></animation>
    <animation id="jnt_neck1-anim" name="jnt_neck1"><animation><source id="jnt_neck1-Matrix-animation-input"><float_array id="jnt_neck1-Matrix-animation-input-array" count="12">

0.000000 0.033333 0.066667 0.100000 0.133333 0.166667 0.200000 0.233333 0.266667 0.300000 0.333333 0.366667</float_array><technique_common><accessor source="#jnt_neck1-Matrix-animation-input-array" count="12"><param name="TIME" type="float"/></accessor></technique_common></source><source id="jnt_neck1-Matrix-animation-output-transform"><float_array id="jnt_neck1-Matrix-animation-output-transform-array" count="192">

0.990383 -0.138351 0.000000 0.837368 0.138351 0.990383 0.000000 0.000000 -0.000000 0.000000 1.000000 0.000000 0.000000 0.000000 0.000000 1.000000
0.994614 -0.103644 -0.000000 0.837368 0.103644 0.994614 -0.000000 0.000000 0.000000 -0.000000 1.000000 0.000000 0.000000 0.000000 0.000000 1.000000
0.999244 -0.038885 0.000000 0.837368 0.038885 0.999244 0.000000 0.000000 -0.000000 0.000000 1.000000 0.000000 0.000000 0.000000 0.000000 1.000000
0.999992 -0.003929 -0.000000 0.837368 0.003929 0.999992 0.000000 0.000000 0.000000 -0.000000 1.000000 0.000000 0.000000 0.000000 0.000000 1.000000
0.999895 -0.014519 0.000000 0.837368 0.014519 0.999895 0.000000 0.000000 0.000000 -0.000000 1.000000 0.000000 0.000000 0.000000 0.000000 1.000000
0.999220 -0.039494 0.000000 0.837368 0.039494 0.999220 -0.000000 0.000000 -0.000000 0.000000 1.000000 0.000000 0.000000 0.000000 0.000000 1.000000
0.997641 -0.068649 0.000000 0.837368 0.068649 0.997641 0.000000 0.000000 -0.000000 0.000000 1.000000 0.000000 0.000000 0.000000 0.000000 1.000000
0.995777 -0.091807 -0.000000 0.837368 0.091807 0.995777 -0.000000 0.000000 0.000000 0.000000 1.000000 0.000000 0.000000 0.000000 0.000000 1.000000
0.994093 -0.108527 0.000000 0.837368 0.108527 0.994093 -0.000000 0.000000 0.000000 -0.000000 1.000000 0.000000 0.000000 0.000000 0.000000 1.000000
0.992347 -0.123480 -0.000000 0.837368 0.123480 0.992347 0.000000 0.000000 -0.000000 0.000000 1.000000 0.000000 0.000000 0.000000 0.000000 1.000000
0.990950 -0.134229 0.000000 0.837368 0.134229 0.990950 -0.000000 0.000000 0.000000 -0.000000 1.000000 0.000000 0.000000 0.000000 0.000000 1.000000
0.990383 -0.138351 0.000000 0.837368 0.138351 0.990383 0.000000 0.000000 -0.000000 0.000000 1.000000 0.000000 0.000000 0.000000 0.000000 1.000000</float_array><technique_common><accessor source="#jnt_neck1-Matrix-animation-output-transform-array" count="12" stride="16"><param type="float4x4"/></accessor></technique_common></source><source id="jnt_neck1-Interpolations"><Name_array id="jnt_neck1-Interpolations-array" count="12">
 LINEAR LINEAR LINEAR LINEAR LINEAR LINEAR LINEAR LINEAR LINEAR LINEAR LINEAR
LINEAR</Name_array><technique_common><accessor source="#jnt_neck1-Interpolations-array" count="12"><param type="name"/></accessor></technique_common></source><sampler id="jnt_neck1-Matrix-animation-transform"><input semantic="INPUT" source="#jnt_neck1-Matrix-animation-input"/><input semantic="OUTPUT" source="#jnt_neck1-Matrix-animation-output-transform"/><input semantic="INTERPOLATION" source="#jnt_neck1-Interpolations"/></sampler><channel source="#jnt_neck1-Matrix-animation-transform" target="jnt_neck1/matrix"/></animation></animation>
    <animation id="jnt_neck2-anim" name="jnt_neck2"><animation><source id="jnt_neck2-Matrix-animation-input"><float_array id="jnt_neck2-Matrix-animation-input-array" count="12">

0.000000 0.033333 0.066667 0.100000 0.133333 0.166667 0.200000 0.233333 0.266667 0.300000 0.333333 0.366667</float_array><technique_common><accessor source="#jnt_neck2-Matrix-animation-input-array" count="12"><param name="TIME" type="float"/></accessor></technique_common></source><source id="jnt_neck2-Matrix-animation-output-transform"><float_array id="jnt_neck2-Matrix-animation-output-transform-array" count="192">

0.999153 0.041158 -0.000000 0.681130 -0.041158 0.999153 0.000000 -0.000000 -0.000000 -0.000000 1.000000 0.000000 0.000000 0.000000 0.000000 1.000000
0.997103 0.076062 -0.000000 0.681130 -0.076062 0.997103 0.000000 -0.000000 0.000000 -0.000000 1.000000 0.000000 0.000000 0.000000 0.000000 1.000000
0.990066 0.140604 -0.000000 0.681130 -0.140604 0.990066 0.000000 -0.000000 0.000000 -0.000000 1.000000 0.000000 0.000000 0.000000 0.000000 1.000000
0.984545 0.175129 -0.000000 0.681130 -0.175129 0.984545 0.000000 0.000000 -0.000000 0.000000 1.000000 0.000000 0.000000 0.000000 0.000000 1.000000
0.986345 0.164693 -0.000000 0.681130 -0.164693 0.986345 0.000000 -0.000000 0.000000 -0.000000 1.000000 0.000000 0.000000 0.000000 0.000000 1.000000
0.990151 0.140001 -0.000000 0.681130 -0.140001 0.990151 0.000000 -0.000000 -0.000000 -0.000000 1.000000 0.000000 0.000000 0.000000 0.000000 1.000000
0.993817 0.111034 0.000000 0.681130 -0.111034 0.993817 -0.000000 0.000000 0.000000 0.000000 1.000000 0.000000 0.000000 0.000000 0.000000 1.000000
0.996128 0.087916 0.000000 0.681130 -0.087916 0.996128 -0.000000 -0.000000 -0.000000 -0.000000 1.000000 0.000000 0.000000 0.000000 0.000000 1.000000
0.997465 0.071165 0.000000 0.681130 -0.071165 0.997465 -0.000000 -0.000000 -0.000000 -0.000000 1.000000 0.000000 0.000000 0.000000 0.000000 1.000000
0.998423 0.056141 0.000000 0.681130 -0.056141 0.998423 -0.000000 0.000000 -0.000000 0.000000 1.000000 0.000000 0.000000 0.000000 0.000000 1.000000
0.998973 0.045315 0.000000 0.681130 -0.045315 0.998973 0.000000 0.000000 -0.000000 0.000000 1.000000 0.000000 0.000000 0.000000 0.000000 1.000000
0.999153 0.041158 -0.000000 0.681130 -0.041158 0.999153 0.000000 -0.000000 -0.000000 -0.000000 1.000000 0.000000 0.000000 0.000000 0.000000 1.000000</float_array><technique_common><accessor source="#jnt_neck2-Matrix-animation-output-transform-array" count="12" stride="16"><param type="float4x4"/></accessor></technique_common></source><source id="jnt_neck2-Interpolations"><Name_array id="jnt_neck2-Interpolations-array" count="12">
 LINEAR LINEAR LINEAR LINEAR LINEAR LINEAR LINEAR LINEAR LINEAR LINEAR LINEAR
LINEAR</Name_array><technique_common><accessor source="#jnt_neck2-Interpolations-array" count="12"><param type="name"/></accessor></technique_common></source><sampler id="jnt_neck2-Matrix-animation-transform"><input semantic="INPUT" source="#jnt_neck2-Matrix-animation-input"/><input semantic="OUTPUT" source="#jnt_neck2-Matrix-animation-output-transform"/><input semantic="INTERPOLATION" source="#jnt_neck2-Interpolations"/></sampler><channel source="#jnt_neck2-Matrix-animation-transform" target="jnt_neck2/matrix"/></animation></animation>
    <animation id="jnt_head-anim" name="jnt_head"><animation><source id="jnt_head-Matrix-animation-input"><float_array id="jnt_head-Matrix-animation-input-array" count="12">

0.000000 0.033333 0.066667 0.100000 0.133333 0.166667 0.200000 0.233333 0.266667 0.300000 0.333333 0.366667</float_array><technique_common><accessor source="#jnt_head-Matrix-animation-input-array" count="12"><param name="TIME" type="float"/></accessor></technique_common></source><source id="jnt_head-Matrix-animation-output-transform"><float_array id="jnt_head-Matrix-animation-output-transform-array" count="192">

0.000000 -0.227081 0.973876 0.537667 0.000000 0.973876 0.227081 0.047393 -1.000000 -0.000000 0.000000 -0.000000 0.000000 0.000000 0.000000 1.000000
0.000000 -0.123018 0.992404 0.537667 0.000000 0.992404 0.123018 0.047393 -1.000000 -0.000000 0.000000 -0.000000 0.000000 0.000000 0.000000 1.000000
0.000000 -0.089825 0.995958 0.537667 0.000000 0.995958 0.089825 0.047393 -1.000000 -0.000000 0.000000 -0.000000 0.000000 0.000000 0.000000 1.000000
0.000000 -0.087815 0.996137 0.537667 0.000000 0.996137 0.087815 0.047393 -1.000000 -0.000000 0.000000 -0.000000 0.000000 0.000000 0.000000 1.000000
0.000000 -0.135884 0.990725 0.537667 0.000000 0.990725 0.135884 0.047393 -1.000000 -0.000000 0.000000 -0.000000 0.000000 0.000000 0.000000 1.000000
0.000000 -0.240357 0.970685 0.537667 0.000000 0.970685 0.240357 0.047393 -1.000000 -0.000000 0.000000 -0.000000 0.000000 0.000000 0.000000 1.000000
0.000000 -0.342111 0.939660 0.537667 0.000000 0.939660 0.342111 0.047393 -1.000000 -0.000000 0.000000 -0.000000 0.000000 0.000000 0.000000 1.000000
0.000000 -0.387150 0.922017 0.537667 0.000000 0.922017 0.387150 0.047393 -1.000000 -0.000000 0.000000 -0.000000 0.000000 0.000000 0.000000 1.000000
0.000000 -0.389671 0.920954 0.537667 0.000000 0.920954 0.389671 0.047393 -1.000000 -0.000000 0.000000 -0.000000 0.000000 0.000000 0.000000 1.000000
0.000000 -0.380923 0.924607 0.537667 0.000000 0.924607 0.380923 0.047393 -1.000000 -0.000000 0.000000 -0.000000 0.000000 0.000000 0.000000 1.000000
0.000000 -0.335911 0.941894 0.537667 0.000000 0.941894 0.335911 0.047393 -1.000000 -0.000000 0.000000 -0.000000 0.000000 0.000000 0.000000 1.000000
0.000000 -0.227081 0.973876 0.537667 0.000000 0.973876 0.227081 0.047393 -1.000000 -0.000000 0.000000 -0.000000 0.000000 0.000000 0.000000 1.000000</float_array><technique_common><accessor source="#jnt_head-Matrix-animation-output-transform-array" count="12" stride="16"><param type="float4x4"/></accessor></technique_common></source><source id="jnt_head-Interpolations"><Name_array id="jnt_head-Interpolations-array" count="12">
 LINEAR LINEAR LINEAR LINEAR LINEAR LINEAR LINEAR LINEAR LINEAR LINEAR LINEAR
LINEAR</Name_array><technique_common><accessor source="#jnt_head-Interpolations-array" count="12"><param type="name"/></accessor></technique_common></source><sampler id="jnt_head-Matrix-animation-transform"><input semantic="INPUT" source="#jnt_head-Matrix-animation-input"/><input semantic="OUTPUT" source="#jnt_head-Matrix-animation-output-transform"/><input semantic="INTERPOLATION" source="#jnt_head-Interpolations"/></sampler><channel source="#jnt_head-Matrix-animation-transform" target="jnt_head/matrix"/></animation></animation>
    <animation id="jnt_l_ear_1-anim" name="jnt_l_ear_1"><animation><source id="jnt_l_ear_1-Matrix-animation-input"><float_array id="jnt_l_ear_1-Matrix-animation-input-array" count="12">

0.000000 0.033333 0.066667 0.100000 0.133333 0.166667 0.200000 0.233333 0.266667 0.300000 0.333333 0.366667</float_array><technique_common><accessor source="#jnt_l_ear_1-Matrix-animation-input-array" count="12"><param name="TIME" type="float"/></accessor></technique_common></source><source id="jnt_l_ear_1-Matrix-animation-output-transform"><float_array id="jnt_l_ear_1-Matrix-animation-output-transform-array" count="192">

0.740788 -0.603156 0.295696 0.951896 0.669953 0.695467 -0.259787 0.389972 -0.048955 0.390550 0.919279 0.322605 0.000000 0.000000 0.000000 1.000000
0.740788 -0.603156 0.295696 0.951896 0.669953 0.695467 -0.259787 0.389972 -0.048955 0.390550 0.919279 0.322605 0.000000 0.000000 0.000000 1.000000
0.953690 -0.156609 0.256805 0.951896 0.227023 0.934847 -0.272986 0.389972 -0.197321 0.318644 0.927108 0.322605 0.000000 0.000000 0.000000 1.000000
0.896045 0.331160 0.295696 0.951896 -0.258169 0.930516 -0.259787 0.389972 -0.361181 0.156442 0.919279 0.322605 0.000000 0.000000 0.000000 1.000000
0.941762 0.162487 0.294418 0.951896 -0.082924 0.960691 -0.264946 0.389972 -0.325895 0.225102 0.918217 0.322605 0.000000 0.000000 0.000000 1.000000
0.934593 -0.197736 0.295696 0.951896 0.277864 0.924826 -0.259787 0.389972 -0.222098 0.324959 0.919279 0.322605 0.000000 0.000000 0.000000 1.000000
0.660138 -0.701259 0.269174 0.951896 0.750784 0.604892 -0.265385 0.389972 0.023282 0.377282 0.925806 0.322605 0.000000 0.000000 0.000000 1.000000
0.312487 -0.902727 0.295696 0.951896 0.935674 0.238796 -0.259787 0.389972 0.163906 0.357856 0.919279 0.322605 0.000000 0.000000 0.000000 1.000000
0.391439 -0.873271 0.290127 0.951896 0.910052 0.320672 -0.262632 0.389972 0.136313 0.366835 0.920245 0.322605 0.000000 0.000000 0.000000 1.000000
0.551579 -0.784045 0.284663 0.951896 0.831377 0.489093 -0.263819 0.389972 0.067620 0.382179 0.921611 0.322605 0.000000 0.000000 0.000000 1.000000
0.688038 -0.665319 0.289751 0.951896 0.725596 0.636631 -0.261172 0.389972 -0.010702 0.389938 0.920779 0.322605 0.000000 0.000000 0.000000 1.000000
0.740788 -0.603156 0.295696 0.951896 0.669953 0.695467 -0.259787 0.389972 -0.048955 0.390550 0.919279 0.322605 0.000000 0.000000 0.000000 1.000000</float_array><technique_common><accessor source="#jnt_l_ear_1-Matrix-animation-output-transform-array" count="12" stride="16"><param type="float4x4"/></accessor></technique_common></source><source id="jnt_l_ear_1-Interpolations"><Name_array id="jnt_l_ear_1-Interpolations-array" count="12">
 LINEAR LINEAR LINEAR LINEAR LINEAR LINEAR LINEAR LINEAR LINEAR LINEAR LINEAR
LINEAR</Name_array><technique_common><accessor source="#jnt_l_ear_1-Interpolations-array" count="12"><param type="name"/></accessor></technique_common></source><sampler id="jnt_l_ear_1-Matrix-animation-transform"><input semantic="INPUT" source="#jnt_l_ear_1-Matrix-animation-input"/><input semantic="OUTPUT" source="#jnt_l_ear_1-Matrix-animation-output-transform"/><input semantic="INTERPOLATION" source="#jnt_l_ear_1-Interpolations"/></sampler><channel source="#jnt_l_ear_1-Matrix-animation-transform" target="jnt_l_ear_1/matrix"/></animation></animation>
    <animation id="jnt_l_ear_2-anim" name="jnt_l_ear_2"><animation><source id="jnt_l_ear_2-Matrix-animation-input"><float_array id="jnt_l_ear_2-Matrix-animation-input-array" count="12">

0.000000 0.033333 0.066667 0.100000 0.133333 0.166667 0.200000 0.233333 0.266667 0.300000 0.333333 0.366667</float_array><technique_common><accessor source="#jnt_l_ear_2-Matrix-animation-input-array" count="12"><param name="TIME" type="float"/></accessor></technique_common></source><source id="jnt_l_ear_2-Matrix-animation-output-transform"><float_array id="jnt_l_ear_2-Matrix-animation-output-transform-array" count="192">

0.742332 -0.622403 0.248108 0.790298 0.590305 0.782697 0.197297 0.000000 -0.316991 0.000000 0.948428 0.000000 0.000000 0.000000 0.000000 1.000000
0.742332 -0.622403 0.248108 0.790298 0.590305 0.782697 0.197297 0.000000 -0.316991 -0.000000 0.948428 0.000000 0.000000 0.000000 0.000000 1.000000
0.961078 -0.172996 0.215412 0.790298 0.137095 0.975547 0.171793 0.000000 -0.239864 -0.135574 0.961293 0.000000 0.000000 0.000000 0.000000 1.000000
0.913404 0.322701 0.248108 0.790298 -0.373780 0.906291 0.197297 0.000000 -0.161190 -0.272949 0.948428 0.000000 0.000000 0.000000 0.000000 1.000000
0.953821 0.148849 0.260903 0.790298 -0.202363 0.960319 0.191931 0.000000 -0.221981 -0.235864 0.946093 0.000000 0.000000 0.000000 0.000000 1.000000
0.944766 -0.214149 0.248108 0.790298 0.167147 0.965990 0.197297 0.000000 -0.281921 -0.144929 0.948428 0.000000 0.000000 0.000000 0.000000 1.000000
0.659319 -0.719622 0.217816 0.790298 0.699477 0.693321 0.173316 0.000000 -0.275738 0.038087 0.960478 0.000000 0.000000 0.000000 0.000000 1.000000
0.303670 -0.919906 0.248108 0.790298 0.913855 0.354885 0.197297 0.000000 -0.269544 0.166822 0.948428 0.000000 0.000000 0.000000 0.000000 1.000000
0.384029 -0.890580 0.243697 0.790298 0.880789 0.432532 0.192681 0.000000 -0.277005 0.140651 0.950519 0.000000 0.000000 0.000000 0.000000 1.000000
0.547586 -0.801991 0.238665 0.790298 0.783640 0.591525 0.189755 0.000000 -0.293358 0.083121 0.952382 0.000000 0.000000 0.000000 0.000000 1.000000
0.687807 -0.684130 0.242669 0.790298 0.656546 0.728902 0.194034 0.000000 -0.309626 0.025865 0.950506 0.000000 0.000000 0.000000 0.000000 1.000000
0.742332 -0.622403 0.248108 0.790298 0.590305 0.782697 0.197297 0.000000 -0.316991 0.000000 0.948428 0.000000 0.000000 0.000000 0.000000 1.000000</float_array><technique_common><accessor source="#jnt_l_ear_2-Matrix-animation-output-transform-array" count="12" stride="16"><param type="float4x4"/></accessor></technique_common></source><source id="jnt_l_ear_2-Interpolations"><Name_array id="jnt_l_ear_2-Interpolations-array" count="12">
 LINEAR LINEAR LINEAR LINEAR LINEAR LINEAR LINEAR LINEAR LINEAR LINEAR LINEAR
LINEAR</Name_array><technique_common><accessor source="#jnt_l_ear_2-Interpolations-array" count="12"><param type="name"/></accessor></technique_common></source><sampler id="jnt_l_ear_2-Matrix-animation-transform"><input semantic="INPUT" source="#jnt_l_ear_2-Matrix-animation-input"/><input semantic="OUTPUT" source="#jnt_l_ear_2-Matrix-animation-output-transform"/><input semantic="INTERPOLATION" source="#jnt_l_ear_2-Interpolations"/></sampler><channel source="#jnt_l_ear_2-Matrix-animation-transform" target="jnt_l_ear_2/matrix"/></animation></animation>
    <animation id="jnt_l_eye-anim" name="jnt_l_eye"><animation><source id="jnt_l_eye-Matrix-animation-input"><float_array id="jnt_l_eye-Matrix-animation-input-array" count="12">

0.000000 0.033333 0.066667 0.100000 0.133333 0.166667 0.200000 0.233333 0.266667 0.300000 0.333333 0.366667</float_array><technique_common><accessor source="#jnt_l_eye-Matrix-animation-input-array" count="12"><param name="TIME" type="float"/></accessor></technique_common></source><source id="jnt_l_eye-Matrix-animation-output-transform"><float_array id="jnt_l_eye-Matrix-animation-output-transform-array" count="192">

0.845460 -0.097962 -0.748184 0.671471 -0.010811 1.121937 -0.159115 -0.038366 0.754492 0.125849 0.836111 1.189737 0.000000 0.000000 0.000000 1.000000
0.845460 -0.097962 -0.748184 0.671471 -0.010811 1.121937 -0.159115 -0.038366 0.754492 0.125849 0.836111 1.189737 0.000000 0.000000 0.000000 1.000000
0.845460 -0.097962 -0.748184 0.671471 -0.010811 1.121937 -0.159115 -0.038366 0.754492 0.125849 0.836111 1.189737 0.000000 0.000000 0.000000 1.000000
0.845460 -0.097962 -0.748184 0.671471 -0.010811 1.121937 -0.159115 -0.038366 0.754492 0.125849 0.836111 1.189737 0.000000 0.000000 0.000000 1.000000
0.845460 -0.097962 -0.748184 0.671471 -0.010811 1.121937 -0.159115 -0.038366 0.754492 0.125849 0.836111 1.189737 0.000000 0.000000 0.000000 1.000000
0.845460 -0.097962 -0.748184 0.671471 -0.010811 1.121937 -0.159115 -0.038366 0.754492 0.125849 0.836111 1.189737 0.000000 0.000000 0.000000 1.000000
0.845460 -0.097962 -0.748184 0.671471 -0.010811 1.121937 -0.159115 -0.038366 0.754492 0.125849 0.836111 1.189737 0.000000 0.000000 0.000000 1.000000
0.845460 -0.097962 -0.748184 0.671471 -0.010811 1.121937 -0.159115 -0.038366 0.754492 0.125849 0.836111 1.189737 0.000000 0.000000 0.000000 1.000000
0.845460 -0.097962 -0.748184 0.671471 -0.010811 1.121937 -0.159115 -0.038366 0.754492 0.125849 0.836111 1.189737 0.000000 0.000000 0.000000 1.000000
0.845460 -0.097962 -0.748184 0.671471 -0.010811 1.121937 -0.159115 -0.038366 0.754492 0.125849 0.836111 1.189737 0.000000 0.000000 0.000000 1.000000
0.845460 -0.097962 -0.748184 0.671471 -0.010811 1.121937 -0.159115 -0.038366 0.754492 0.125849 0.836111 1.189737 0.000000 0.000000 0.000000 1.000000
0.845460 -0.097962 -0.748184 0.671471 -0.010811 1.121937 -0.159115 -0.038366 0.754492 0.125849 0.836111 1.189737 0.000000 0.000000 0.000000 1.000000</float_array><technique_common><accessor source="#jnt_l_eye-Matrix-animation-output-transform-array" count="12" stride="16"><param type="float4x4"/></accessor></technique_common></source><source id="jnt_l_eye-Interpolations"><Name_array id="jnt_l_eye-Interpolations-array" count="12">
 LINEAR LINEAR LINEAR LINEAR LINEAR LINEAR LINEAR LINEAR LINEAR LINEAR LINEAR
LINEAR</Name_array><technique_common><accessor source="#jnt_l_eye-Interpolations-array" count="12"><param type="name"/></accessor></technique_common></source><sampler id="jnt_l_eye-Matrix-animation-transform"><input semantic="INPUT" source="#jnt_l_eye-Matrix-animation-input"/><input semantic="OUTPUT" source="#jnt_l_eye-Matrix-animation-output-transform"/><input semantic="INTERPOLATION" source="#jnt_l_eye-Interpolations"/></sampler><channel source="#jnt_l_eye-Matrix-animation-transform" target="jnt_l_eye/matrix"/></animation></animation>
    <animation id="jnt_l_upperlid-anim" name="jnt_l_upperlid"><animation><source id="jnt_l_upperlid-Matrix-animation-input"><float_array id="jnt_l_upperlid-Matrix-animation-input-array" count="12">

0.000000 0.033333 0.066667 0.100000 0.133333 0.166667 0.200000 0.233333 0.266667 0.300000 0.333333 0.366667</float_array><technique_common><accessor source="#jnt_l_upperlid-Matrix-animation-input-array" count="12"><param name="TIME" type="float"/></accessor></technique_common></source><source id="jnt_l_upperlid-Matrix-animation-output-transform"><float_array id="jnt_l_upperlid-Matrix-animation-output-transform-array" count="192">

0.759597 0.000080 -0.650394 0.629755 -0.120425 0.982726 -0.140523 -0.031753 0.639148 0.185064 0.746486 1.154637 0.000000 0.000000 0.000000 1.000000
0.759597 0.000080 -0.650394 0.629755 -0.120425 0.982726 -0.140523 -0.031753 0.639148 0.185064 0.746486 1.154637 0.000000 0.000000 0.000000 1.000000
0.759597 0.000080 -0.650394 0.629755 -0.120425 0.982726 -0.140523 -0.031753 0.639148 0.185064 0.746486 1.154637 0.000000 0.000000 0.000000 1.000000
0.759597 0.000080 -0.650394 0.629755 -0.120425 0.982726 -0.140523 -0.031753 0.639148 0.185064 0.746486 1.154637 0.000000 0.000000 0.000000 1.000000
0.759597 0.000080 -0.650394 0.629755 -0.120425 0.982726 -0.140523 -0.031753 0.639148 0.185064 0.746486 1.154637 0.000000 0.000000 0.000000 1.000000
0.759597 0.000080 -0.650394 0.629755 -0.120425 0.982726 -0.140523 -0.031753 0.639148 0.185064 0.746486 1.154637 0.000000 0.000000 0.000000 1.000000
0.759597 0.000080 -0.650394 0.629755 -0.120425 0.982726 -0.140523 -0.031753 0.639148 0.185064 0.746486 1.154637 0.000000 0.000000 0.000000 1.000000
0.759597 0.000080 -0.650394 0.629755 -0.120425 0.982726 -0.140523 -0.031753 0.639148 0.185064 0.746486 1.154637 0.000000 0.000000 0.000000 1.000000
0.759597 0.000080 -0.650394 0.629755 -0.120425 0.982726 -0.140523 -0.031753 0.639148 0.185064 0.746486 1.154637 0.000000 0.000000 0.000000 1.000000
0.759597 0.000080 -0.650394 0.629755 -0.120425 0.982726 -0.140523 -0.031753 0.639148 0.185064 0.746486 1.154637 0.000000 0.000000 0.000000 1.000000
0.759597 0.000080 -0.650394 0.629755 -0.120425 0.982726 -0.140523 -0.031753 0.639148 0.185064 0.746486 1.154637 0.000000 0.000000 0.000000 1.000000
0.759597 0.000080 -0.650394 0.629755 -0.120425 0.982726 -0.140523 -0.031753 0.639148 0.185064 0.746486 1.154637 0.000000 0.000000 0.000000 1.000000</float_array><technique_common><accessor source="#jnt_l_upperlid-Matrix-animation-output-transform-array" count="12" stride="16"><param type="float4x4"/></accessor></technique_common></source><source id="jnt_l_upperlid-Interpolations"><Name_array id="jnt_l_upperlid-Interpolations-array" count="12">
 LINEAR LINEAR LINEAR LINEAR LINEAR LINEAR LINEAR LINEAR LINEAR LINEAR LINEAR
LINEAR</Name_array><technique_common><accessor source="#jnt_l_upperlid-Interpolations-array" count="12"><param type="name"/></accessor></technique_common></source><sampler id="jnt_l_upperlid-Matrix-animation-transform"><input semantic="INPUT" source="#jnt_l_upperlid-Matrix-animation-input"/><input semantic="OUTPUT" source="#jnt_l_upperlid-Matrix-animation-output-transform"/><input semantic="INTERPOLATION" source="#jnt_l_upperlid-Interpolations"/></sampler><channel source="#jnt_l_upperlid-Matrix-animation-transform" target="jnt_l_upperlid/matrix"/></animation></animation>
    <animation id="jnt_l_lowerlid-anim" name="jnt_l_lowerlid"><animation><source id="jnt_l_lowerlid-Matrix-animation-input"><float_array id="jnt_l_lowerlid-Matrix-animation-input-array" count="12">

0.000000 0.033333 0.066667 0.100000 0.133333 0.166667 0.200000 0.233333 0.266667 0.300000 0.333333 0.366667</float_array><technique_common><accessor source="#jnt_l_lowerlid-Matrix-animation-input-array" count="12"><param name="TIME" type="float"/></accessor></technique_common></source><source id="jnt_l_lowerlid-Matrix-animation-output-transform"><float_array id="jnt_l_lowerlid-Matrix-animation-output-transform-array" count="192">

0.759597 0.000080 -0.650394 0.629755 -0.120425 0.982726 -0.140523 -0.031753 0.639148 0.185064 0.746486 1.154637 0.000000 0.000000 0.000000 1.000000
0.759597 0.000080 -0.650394 0.629755 -0.120425 0.982726 -0.140523 -0.031753 0.639148 0.185064 0.746486 1.154637 0.000000 0.000000 0.000000 1.000000
0.759597 0.000080 -0.650394 0.629755 -0.120425 0.982726 -0.140523 -0.031753 0.639148 0.185064 0.746486 1.154637 0.000000 0.000000 0.000000 1.000000
0.759597 0.000080 -0.650394 0.629755 -0.120425 0.982726 -0.140523 -0.031753 0.639148 0.185064 0.746486 1.154637 0.000000 0.000000 0.000000 1.000000
0.759597 0.000080 -0.650394 0.629755 -0.120425 0.982726 -0.140523 -0.031753 0.639148 0.185064 0.746486 1.154637 0.000000 0.000000 0.000000 1.000000
0.759597 0.000080 -0.650394 0.629755 -0.120425 0.982726 -0.140523 -0.031753 0.639148 0.185064 0.746486 1.154637 0.000000 0.000000 0.000000 1.000000
0.759597 0.000080 -0.650394 0.629755 -0.120425 0.982726 -0.140523 -0.031753 0.639148 0.185064 0.746486 1.154637 0.000000 0.000000 0.000000 1.000000
0.759597 0.000080 -0.650394 0.629755 -0.120425 0.982726 -0.140523 -0.031753 0.639148 0.185064 0.746486 1.154637 0.000000 0.000000 0.000000 1.000000
0.759597 0.000080 -0.650394 0.629755 -0.120425 0.982726 -0.140523 -0.031753 0.639148 0.185064 0.746486 1.154637 0.000000 0.000000 0.000000 1.000000
0.759597 0.000080 -0.650394 0.629755 -0.120425 0.982726 -0.140523 -0.031753 0.639148 0.185064 0.746486 1.154637 0.000000 0.000000 0.000000 1.000000
0.759597 0.000080 -0.650394 0.629755 -0.120425 0.982726 -0.140523 -0.031753 0.639148 0.185064 0.746486 1.154637 0.000000 0.000000 0.000000 1.000000
0.759597 0.000080 -0.650394 0.629755 -0.120425 0.982726 -0.140523 -0.031753 0.639148 0.185064 0.746486 1.154637 0.000000 0.000000 0.000000 1.000000</float_array><technique_common><accessor source="#jnt_l_lowerlid-Matrix-animation-output-transform-array" count="12" stride="16"><param type="float4x4"/></accessor></technique_common></source><source id="jnt_l_lowerlid-Interpolations"><Name_array id="jnt_l_lowerlid-Interpolations-array" count="12">
 LINEAR LINEAR LINEAR LINEAR LINEAR LINEAR LINEAR LINEAR LINEAR LINEAR LINEAR
