<?xml version="1.0" encoding="utf-8"?>
<COLLADA xmlns="http://www.collada.org/2005/11/COLLADASchema" version="1.4.1">
  <asset><contributor><author></author><authoring_tool>FBX COLLADA exporter</authoring_tool><comments></comments></contributor><created>2020-02-03T12:26:36Z</created><keywords></keywords><modified>2020-02-03T12:26:36Z</modified><revision></revision><subject></subject><title></title><unit meter="0.010000" name="centimeter"></unit><up_axis>Y_UP</up_axis></asset>
  <library_animations>
    <animation id="root_jnt-anim" name="root_jnt"><animation><source id="root_jnt-Matrix-animation-input"><float_array id="root_jnt-Matrix-animation-input-array" count="61">

0.000000 0.033333 0.066667 0.100000 0.133333 0.166667 0.200000 0.233333 0.266667 0.300000 0.333333 0.366667 0.400000 0.433333 0.466667 0.500000
0.533333 0.566667 0.600000 0.633333 0.666667 0.700000 0.733333 0.766667 0.800000 0.833333 0.866667 0.900000 0.933333 0.966667 1.000000 1.033333
1.066667 1.100000 1.133333 1.166667 1.200000 1.233333 1.266667 1.300000 1.333333 1.366667 1.400000 1.433333 1.466667 1.500000 1.533333 1.566667
1.600000 1.633333 1.666667 1.700000 1.733333 1.766667 1.800000 1.833333 1.866667 1.900000 1.933333 1.966667 2.000000</float_array><technique_common><accessor source="#root_jnt-Matrix-animation-input-array" count="61"><param name="TIME" type="float"/></accessor></technique_common></source><source id="root_jnt-Matrix-animation-output-transform"><float_array id="root_jnt-Matrix-animation-output-transform-array" count="976">

-0.053523 -0.019998 -0.998366 -0.053369 -0.278596 0.960399 -0.004302 5.429039 0.958916 0.277911 -0.056975 -0.991439 0.000000 0.000000 0.000000 1.000000
-0.053516 -0.020015 -0.998366 -0.053369 -0.276817 0.960912 -0.004425 5.429039 0.959431 0.276128 -0.056965 -0.991439 0.000000 0.000000 0.000000 1.000000
-0.053496 -0.020063 -0.998366 -0.053369 -0.275751 0.961218 -0.004540 5.429039 0.959739 0.275058 -0.056954 -0.991439 0.000000 0.000000 0.000000 1.000000
-0.053464 -0.020139 -0.998367 -0.053369 -0.275356 0.961331 -0.004646 5.429039 0.959855 0.274658 -0.056942 -0.991439 0.000000 0.000000 0.000000 1.000000
-0.053420 -0.020242 -0.998367 -0.053369 -0.275590 0.961264 -0.004744 5.429039 0.959790 0.274886 -0.056930 -0.991439 0.000000 0.000000 0.000000 1.000000
-0.053367 -0.020369 -0.998367 -0.053369 -0.276409 0.961028 -0.004832 5.429039 0.959557 0.275700 -0.056917 -0.991439 0.000000 0.000000 0.000000 1.000000
-0.053304 -0.020518 -0.998368 -0.053369 -0.277772 0.960634 -0.004912 5.429039 0.959167 0.277057 -0.056905 -0.991439 0.000000 0.000000 0.000000 1.000000
-0.053233 -0.020686 -0.998368 -0.053369 -0.279634 0.960094 -0.004983 5.429039 0.958630 0.278913 -0.056893 -0.991439 0.000000 0.000000 0.000000 1.000000
-0.053155 -0.020871 -0.998368 -0.053369 -0.281953 0.959415 -0.005045 5.429039 0.957955 0.281225 -0.056882 -0.991439 0.000000 0.000000 0.000000 1.000000
-0.053071 -0.021071 -0.998368 -0.053369 -0.284685 0.958608 -0.005098 5.429039 0.957151 0.283950 -0.056873 -0.991439 0.000000 0.000000 0.000000 1.000000
-0.052981 -0.021282 -0.998369 -0.053369 -0.287786 0.957681 -0.005143 5.429039 0.956228 0.287044 -0.056864 -0.991439 0.000000 0.000000 0.000000 1.000000
-0.052888 -0.021503 -0.998369 -0.053369 -0.291214 0.956644 -0.005178 5.429039 0.955195 0.290465 -0.056857 -0.991439 0.000000 0.000000 0.000000 1.000000
-0.052792 -0.021731 -0.998369 -0.053369 -0.294923 0.955507 -0.005204 5.429039 0.954062 0.294167 -0.056852 -0.991439 0.000000 0.000000 0.000000 1.000000
-0.052693 -0.021965 -0.998369 -0.053369 -0.298872 0.954279 -0.005220 5.429039 0.952837 0.298109 -0.056849 -0.991439 0.000000 0.000000 0.000000 1.000000
-0.052594 -0.022200 -0.998369 -0.053369 -0.303016 0.952971 -0.005228 5.429039 0.951533 0.302247 -0.056848 -0.991439 0.000000 0.000000 0.000000 1.000000
-0.052495 -0.022436 -0.998369 -0.053369 -0.307314 0.951594 -0.005226 5.429039 0.950159 0.306538 -0.056848 -0.991439 0.000000 0.000000 0.000000 1.000000
-0.052396 -0.022669 -0.998369 -0.053369 -0.311721 0.950159 -0.005215 5.429039 0.948728 0.310939 -0.056851 -0.991439 0.000000 0.000000 0.000000 1.000000
-0.052300 -0.022897 -0.998369 -0.053369 -0.316195 0.948680 -0.005194 5.429039 0.947252 0.315408 -0.056856 -0.991439 0.000000 0.000000 0.000000 1.000000
-0.052206 -0.023118 -0.998369 -0.053369 -0.320694 0.947169 -0.005163 5.429039 0.945743 0.319901 -0.056862 -0.991439 0.000000 0.000000 0.000000 1.000000
-0.052117 -0.023330 -0.998368 -0.053369 -0.325176 0.945640 -0.005122 5.429039 0.944216 0.324378 -0.056870 -0.991439 0.000000 0.000000 0.000000 1.000000
-0.052033 -0.023529 -0.998368 -0.053369 -0.329598 0.944108 -0.005072 5.429039 0.942687 0.328796 -0.056880 -0.991439 0.000000 0.000000 0.000000 1.000000
-0.051955 -0.023714 -0.998368 -0.053369 -0.333919 0.942588 -0.005012 5.429039 0.941169 0.333114 -0.056891 -0.991439 0.000000 0.000000 0.000000 1.000000
-0.051884 -0.023882 -0.998368 -0.053369 -0.338098 0.941098 -0.004942 5.429039 0.939680 0.337290 -0.056902 -0.991439 0.000000 0.000000 0.000000 1.000000
-0.051821 -0.024031 -0.998367 -0.053369 -0.342093 0.939653 -0.004861 5.429039 0.938236 0.341283 -0.056915 -0.991439 0.000000 0.000000 0.000000 1.000000
-0.051767 -0.024158 -0.998367 -0.053369 -0.345865 0.938272 -0.004770 5.429039 0.936855 0.345053 -0.056927 -0.991439 0.000000 0.000000 0.000000 1.000000
-0.051724 -0.024261 -0.998367 -0.053369 -0.349371 0.936973 -0.004669 5.429039 0.935556 0.348559 -0.056940 -0.991439 0.000000 0.000000 0.000000 1.000000
-0.051692 -0.024338 -0.998366 -0.053369 -0.352572 0.935774 -0.004557 5.429039 0.934356 0.351760 -0.056952 -0.991439 0.000000 0.000000 0.000000 1.000000
-0.051671 -0.024386 -0.998366 -0.053369 -0.355427 0.934694 -0.004435 5.429039 0.933275 0.354617 -0.056964 -0.991439 0.000000 0.000000 0.000000 1.000000
-0.051665 -0.024402 -0.998366 -0.053369 -0.357896 0.933751 -0.004302 5.429039 0.932331 0.357089 -0.056975 -0.991439 0.000000 0.000000 0.000000 1.000000
-0.051670 -0.024389 -0.998366 -0.053369 -0.359858 0.932998 -0.004168 5.429039 0.931575 0.359055 -0.056985 -0.991439 0.000000 0.000000 0.000000 1.000000
-0.051685 -0.024353 -0.998366 -0.053369 -0.361239 0.932464 -0.004044 5.429039 0.931040 0.360440 -0.056992 -0.991439 0.000000 0.000000 0.000000 1.000000
-0.051710 -0.024293 -0.998367 -0.053369 -0.362070 0.932143 -0.003928 5.429039 0.930716 0.361275 -0.056997 -0.991439 0.000000 0.000000 0.000000 1.000000
-0.051744 -0.024213 -0.998367 -0.053369 -0.362380 0.932023 -0.003822 5.429039 0.930593 0.361591 -0.057001 -0.991439 0.000000 0.000000 0.000000 1.000000
-0.051786 -0.024113 -0.998367 -0.053369 -0.362200 0.932093 -0.003725 5.429039 0.930661 0.361415 -0.057004 -0.991439 0.000000 0.000000 0.000000 1.000000
-0.051836 -0.023996 -0.998367 -0.053369 -0.361558 0.932343 -0.003636 5.429039 0.930908 0.360779 -0.057005 -0.991439 0.000000 0.000000 0.000000 1.000000
-0.051892 -0.023862 -0.998368 -0.053369 -0.360484 0.932758 -0.003557 5.429039 0.931321 0.359711 -0.057005 -0.991439 0.000000 0.000000 0.000000 1.000000
-0.051955 -0.023714 -0.998368 -0.053369 -0.359008 0.933328 -0.003486 5.429039 0.931887 0.358241 -0.057005 -0.991439 0.000000 0.000000 0.000000 1.000000
-0.052023 -0.023553 -0.998368 -0.053369 -0.357157 0.934038 -0.003425 5.429039 0.932594 0.356396 -0.057003 -0.991439 0.000000 0.000000 0.000000 1.000000
-0.052096 -0.023381 -0.998368 -0.053369 -0.354962 0.934875 -0.003372 5.429039 0.933428 0.354207 -0.057002 -0.991439 0.000000 0.000000 0.000000 1.000000
-0.052172 -0.023199 -0.998369 -0.053369 -0.352450 0.935825 -0.003327 5.429039 0.934375 0.351701 -0.057001 -0.991439 0.000000 0.000000 0.000000 1.000000
-0.052253 -0.023009 -0.998369 -0.053369 -0.349650 0.936875 -0.003291 5.429039 0.935422 0.348908 -0.056999 -0.991439 0.000000 0.000000 0.000000 1.000000
-0.052336 -0.022812 -0.998369 -0.053369 -0.346591 0.938011 -0.003264 5.429039 0.936555 0.345855 -0.056998 -0.991439 0.000000 0.000000 0.000000 1.000000
-0.052421 -0.022611 -0.998369 -0.053369 -0.343303 0.939219 -0.003246 5.429039 0.937761 0.342573 -0.056997 -0.991439 0.000000 0.000000 0.000000 1.000000
-0.052507 -0.022406 -0.998369 -0.053369 -0.339814 0.940487 -0.003236 5.429039 0.939026 0.339089 -0.056996 -0.991439 0.000000 0.000000 0.000000 1.000000
-0.052594 -0.022200 -0.998369 -0.053369 -0.336152 0.941802 -0.003234 5.429039 0.940338 0.335434 -0.056996 -0.991439 0.000000 0.000000 0.000000 1.000000
-0.052681 -0.021994 -0.998369 -0.053369 -0.332349 0.943151 -0.003241 5.429039 0.941684 0.331636 -0.056996 -0.991439 0.000000 0.000000 0.000000 1.000000
-0.052767 -0.021789 -0.998369 -0.053369 -0.328432 0.944522 -0.003255 5.429039 0.943053 0.327724 -0.056996 -0.991439 0.000000 0.000000 0.000000 1.000000
-0.052852 -0.021588 -0.998369 -0.053369 -0.324432 0.945903 -0.003279 5.429039 0.944431 0.323729 -0.056997 -0.991439 0.000000 0.000000 0.000000 1.000000
-0.052935 -0.021392 -0.998369 -0.053369 -0.320377 0.947284 -0.003310 5.429039 0.945810 0.319680 -0.056998 -0.991439 0.000000 0.000000 0.000000 1.000000
-0.053015 -0.021202 -0.998369 -0.053369 -0.316300 0.948653 -0.003350 5.429039 0.947177 0.315606 -0.056999 -0.991439 0.000000 0.000000 0.000000 1.000000
-0.053092 -0.021020 -0.998368 -0.053369 -0.312228 0.950001 -0.003397 5.429039 0.948522 0.311538 -0.057001 -0.991439 0.000000 0.000000 0.000000 1.000000
-0.053165 -0.020847 -0.998368 -0.053369 -0.308193 0.951317 -0.003453 5.429039 0.949837 0.307507 -0.057002 -0.991439 0.000000 0.000000 0.000000 1.000000
-0.053233 -0.020686 -0.998368 -0.053369 -0.304225 0.952594 -0.003517 5.429039 0.951112 0.303542 -0.057003 -0.991439 0.000000 0.000000 0.000000 1.000000
-0.053295 -0.020538 -0.998368 -0.053369 -0.300356 0.953821 -0.003588 5.429039 0.952337 0.299674 -0.057003 -0.991439 0.000000 0.000000 0.000000 1.000000
-0.053352 -0.020405 -0.998367 -0.053369 -0.296614 0.954990 -0.003667 5.429039 0.953506 0.295934 -0.057003 -0.991439 0.000000 0.000000 0.000000 1.000000
-0.053401 -0.020287 -0.998367 -0.053369 -0.293031 0.956095 -0.003754 5.429039 0.954610 0.292352 -0.057002 -0.991439 0.000000 0.000000 0.000000 1.000000
-0.053444 -0.020188 -0.998367 -0.053369 -0.289639 0.957128 -0.003849 5.429039 0.955643 0.288961 -0.056999 -0.991439 0.000000 0.000000 0.000000 1.000000
-0.053477 -0.020107 -0.998367 -0.053369 -0.286469 0.958081 -0.003951 5.429039 0.956596 0.285790 -0.056996 -0.991439 0.000000 0.000000 0.000000 1.000000
-0.053502 -0.020048 -0.998366 -0.053369 -0.283551 0.958949 -0.004061 5.429039 0.957464 0.282870 -0.056991 -0.991439 0.000000 0.000000 0.000000 1.000000
-0.053518 -0.020011 -0.998366 -0.053369 -0.280916 0.959723 -0.004178 5.429039 0.958239 0.280233 -0.056984 -0.991439 0.000000 0.000000 0.000000 1.000000
-0.053523 -0.019998 -0.998366 -0.053369 -0.278596 0.960399 -0.004302 5.429039 0.958916 0.277911 -0.056975 -0.991439 0.000000 0.000000 0.000000 1.000000</float_array><technique_common><accessor source="#root_jnt-Matrix-animation-output-transform-array" count="61" stride="16"><param type="float4x4"/></accessor></technique_common></source><source id="root_jnt-Interpolations"><Name_array id="root_jnt-Interpolations-array" count="61">
 LINEAR LINEAR LINEAR LINEAR LINEAR LINEAR LINEAR LINEAR LINEAR LINEAR LINEAR
LINEAR LINEAR LINEAR LINEAR LINEAR LINEAR LINEAR LINEAR LINEAR LINEAR LINEAR LINEAR
LINEAR LINEAR LINEAR LINEAR LINEAR LINEAR LINEAR LINEAR LINEAR LINEAR LINEAR LINEAR
LINEAR LINEAR LINEAR LINEAR LINEAR LINEAR LINEAR LINEAR LINEAR LINEAR LINEAR LINEAR
LINEAR LINEAR LINEAR LINEAR LINEAR LINEAR LINEAR LINEAR LINEAR LINEAR LINEAR LINEAR
LINEAR LINEAR</Name_array><technique_common><accessor source="#root_jnt-Interpolations-array" count="61"><param type="name"/></accessor></technique_common></source><sampler id="root_jnt-Matrix-animation-transform"><input semantic="INPUT" source="#root_jnt-Matrix-animation-input"/><input semantic="OUTPUT" source="#root_jnt-Matrix-animation-output-transform"/><input semantic="INTERPOLATION" source="#root_jnt-Interpolations"/></sampler><channel source="#root_jnt-Matrix-animation-transform" target="root_jnt/matrix"/></animation></animation>
    <animation id="jnt_spine1-anim" name="jnt_spine1"><animation><source id="jnt_spine1-Matrix-animation-input"><float_array id="jnt_spine1-Matrix-animation-input-array" count="61">

0.000000 0.033333 0.066667 0.100000 0.133333 0.166667 0.200000 0.233333 0.266667 0.300000 0.333333 0.366667 0.400000 0.433333 0.466667 0.500000
0.533333 0.566667 0.600000 0.633333 0.666667 0.700000 0.733333 0.766667 0.800000 0.833333 0.866667 0.900000 0.933333 0.966667 1.000000 1.033333
1.066667 1.100000 1.133333 1.166667 1.200000 1.233333 1.266667 1.300000 1.333333 1.366667 1.400000 1.433333 1.466667 1.500000 1.533333 1.566667
1.600000 1.633333 1.666667 1.700000 1.733333 1.766667 1.800000 1.833333 1.866667 1.900000 1.933333 1.966667 2.000000</float_array><technique_common><accessor source="#jnt_spine1-Matrix-animation-input-array" count="61"><param name="TIME" type="float"/></accessor></technique_common></source><source id="jnt_spine1-Matrix-animation-output-transform"><float_array id="jnt_spine1-Matrix-animation-output-transform-array" count="976">

0.997249 0.031244 0.067213 0.529585 -0.032920 0.999171 0.023965 -0.274430 -0.066409 -0.026112 0.997451 -0.022894 0.000000 0.000000 0.000000 1.000000
0.997190 0.033096 0.067214 0.529077 -0.034774 0.999108 0.023956 -0.275413 -0.066361 -0.026226 0.997451 -0.022839 0.000000 0.000000 0.000000 1.000000
0.997153 0.034205 0.067198 0.528772 -0.035887 0.999068 0.023989 -0.276002 -0.066315 -0.026332 0.997451 -0.022787 0.000000 0.000000 0.000000 1.000000
0.997141 0.034616 0.067167 0.528660 -0.036303 0.999051 0.024060 -0.276222 -0.066271 -0.026429 0.997452 -0.022738 0.000000 0.000000 0.000000 1.000000
0.997152 0.034374 0.067123 0.528728 -0.036067 0.999057 0.024166 -0.276095 -0.066229 -0.026518 0.997452 -0.022693 0.000000 0.000000 0.000000 1.000000
0.997185 0.033523 0.067066 0.528964 -0.035221 0.999084 0.024305 -0.275646 -0.066190 -0.026599 0.997452 -0.022651 0.000000 0.000000 0.000000 1.000000
0.997236 0.032107 0.066997 0.529355 -0.033812 0.999129 0.024473 -0.274897 -0.066153 -0.026671 0.997453 -0.022613 0.000000 0.000000 0.000000 1.000000
0.997302 0.030170 0.066919 0.529888 -0.031882 0.999187 0.024668 -0.273871 -0.066120 -0.026735 0.997453 -0.022579 0.000000 0.000000 0.000000 1.000000
0.997378 0.027756 0.066831 0.530549 -0.029476 0.999256 0.024886 -0.272591 -0.066091 -0.026790 0.997454 -0.022549 0.000000 0.000000 0.000000 1.000000
0.997460 0.024910 0.066735 0.531324 -0.026638 0.999329 0.025124 -0.271080 -0.066065 -0.026838 0.997454 -0.022523 0.000000 0.000000 0.000000 1.000000
0.997542 0.021676 0.066633 0.532199 -0.023411 0.999404 0.025380 -0.269359 -0.066043 -0.026877 0.997455 -0.022501 0.000000 0.000000 0.000000 1.000000
0.997621 0.018098 0.066525 0.533160 -0.019842 0.999474 0.025650 -0.267453 -0.066026 -0.026908 0.997455 -0.022483 0.000000 0.000000 0.000000 1.000000
0.997691 0.014220 0.066412 0.534194 -0.015972 0.999536 0.025931 -0.265383 -0.066013 -0.026932 0.997455 -0.022471 0.000000 0.000000 0.000000 1.000000
0.997749 0.010086 0.066297 0.535287 -0.011847 0.999586 0.026220 -0.263172 -0.066005 -0.026946 0.997455 -0.022462 0.000000 0.000000 0.000000 1.000000
0.997791 0.005742 0.066179 0.536426 -0.007511 0.999620 0.026515 -0.260843 -0.066001 -0.026953 0.997455 -0.022459 0.000000 0.000000 0.000000 1.000000
0.997815 0.001231 0.066060 0.537598 -0.003009 0.999636 0.026811 -0.258420 -0.066002 -0.026952 0.997455 -0.022460 0.000000 0.000000 0.000000 1.000000
0.997818 -0.003402 0.065941 0.538789 0.001617 0.999631 0.027107 -0.255925 -0.066009 -0.026942 0.997455 -0.022466 0.000000 0.000000 0.000000 1.000000
0.997798 -0.008113 0.065823 0.539989 0.006320 0.999605 0.027399 -0.253383 -0.066020 -0.026923 0.997455 -0.022476 0.000000 0.000000 0.000000 1.000000
0.997756 -0.012857 0.065708 0.541185 0.011057 0.999556 0.027685 -0.250816 -0.066035 -0.026896 0.997455 -0.022492 0.000000 0.000000 0.000000 1.000000
0.997691 -0.017591 0.065597 0.542366 0.015784 0.999484 0.027960 -0.248250 -0.066055 -0.026860 0.997454 -0.022512 0.000000 0.000000 0.000000 1.000000
0.997605 -0.022269 0.065491 0.543522 0.020456 0.999392 0.028223 -0.245708 -0.066080 -0.026815 0.997454 -0.022537 0.000000 0.000000 0.000000 1.000000
0.997498 -0.026848 0.065392 0.544641 0.025029 0.999281 0.028469 -0.243215 -0.066109 -0.026761 0.997453 -0.022566 0.000000 0.000000 0.000000 1.000000
0.997375 -0.031282 0.065299 0.545714 0.029459 0.999154 0.028697 -0.240795 -0.066142 -0.026698 0.997453 -0.022600 0.000000 0.000000 0.000000 1.000000
0.997239 -0.035528 0.065216 0.546731 0.033701 0.999014 0.028903 -0.238472 -0.066178 -0.026625 0.997453 -0.022638 0.000000 0.000000 0.000000 1.000000
0.997092 -0.039541 0.065143 0.547683 0.037711 0.998865 0.029084 -0.236273 -0.066219 -0.026543 0.997452 -0.022681 0.000000 0.000000 0.000000 1.000000
0.996941 -0.043277 0.065080 0.548562 0.041445 0.998713 0.029237 -0.234221 -0.066262 -0.026450 0.997452 -0.022728 0.000000 0.000000 0.000000 1.000000
0.996790 -0.046691 0.065031 0.549358 0.044859 0.998562 0.029359 -0.232342 -0.066308 -0.026348 0.997451 -0.022780 0.000000 0.000000 0.000000 1.000000
0.996645 -0.049741 0.064995 0.550064 0.047909 0.998418 0.029448 -0.230662 -0.066357 -0.026235 0.997451 -0.022835 0.000000 0.000000 0.000000 1.000000
0.996511 -0.052381 0.064975 0.550670 0.050551 0.998286 0.029500 -0.229204 -0.066409 -0.026112 0.997451 -0.022894 0.000000 0.000000 0.000000 1.000000
0.996399 -0.054481 0.064969 0.551149 0.052653 0.998177 0.029515 -0.228044 -0.066459 -0.025988 0.997451 -0.022953 0.000000 0.000000 0.000000 1.000000
0.996316 -0.055960 0.064977 0.551485 0.054136 0.998098 0.029498 -0.227225 -0.066504 -0.025872 0.997451 -0.023008 0.000000 0.000000 0.000000 1.000000
0.996265 -0.056850 0.064998 0.551686 0.055030 0.998050 0.029451 -0.226731 -0.066545 -0.025764 0.997451 -0.023058 0.000000 0.000000 0.000000 1.000000
0.996244 -0.057183 0.065030 0.551761 0.055368 0.998034 0.029375 -0.226546 -0.066582 -0.025664 0.997451 -0.023103 0.000000 0.000000 0.000000 1.000000
0.996252 -0.056990 0.065073 0.551716 0.055181 0.998047 0.029272 -0.226650 -0.066614 -0.025572 0.997451 -0.023144 0.000000 0.000000 0.000000 1.000000
0.996287 -0.056304 0.065126 0.551559 0.054501 0.998088 0.029146 -0.227028 -0.066643 -0.025488 0.997451 -0.023181 0.000000 0.000000 0.000000 1.000000
0.996347 -0.055156 0.065188 0.551296 0.053358 0.998154 0.028997 -0.227661 -0.066667 -0.025413 0.997452 -0.023214 0.000000 0.000000 0.000000 1.000000
0.996429 -0.053577 0.065259 0.550935 0.051786 0.998242 0.028828 -0.228532 -0.066689 -0.025346 0.997452 -0.023242 0.000000 0.000000 0.000000 1.000000
0.996528 -0.051598 0.065337 0.550480 0.049815 0.998348 0.028641 -0.229622 -0.066707 -0.025287 0.997452 -0.023267 0.000000 0.000000 0.000000 1.000000
0.996641 -0.049253 0.065422 0.549939 0.047476 0.998467 0.028437 -0.230914 -0.066722 -0.025236 0.997452 -0.023288 0.000000 0.000000 0.000000 1.000000
0.996764 -0.046571 0.065512 0.549316 0.044802 0.998597 0.028219 -0.232389 -0.066734 -0.025193 0.997453 -0.023306 0.000000 0.000000 0.000000 1.000000
0.996893 -0.043586 0.065607 0.548619 0.041824 0.998733 0.027990 -0.234030 -0.066744 -0.025159 0.997453 -0.023320 0.000000 0.000000 0.000000 1.000000
0.997024 -0.040327 0.065706 0.547852 0.038573 0.998870 0.027749 -0.235818 -0.066751 -0.025132 0.997453 -0.023331 0.000000 0.000000 0.000000 1.000000
0.997152 -0.036827 0.065809 0.547023 0.035081 0.999006 0.027501 -0.237735 -0.066756 -0.025114 0.997453 -0.023338 0.000000 0.000000 0.000000 1.000000
0.997276 -0.033118 0.065913 0.546136 0.031379 0.999136 0.027247 -0.239764 -0.066758 -0.025104 0.997453 -0.023342 0.000000 0.000000 0.000000 1.000000
0.997390 -0.029231 0.066019 0.545199 0.027500 0.999257 0.026989 -0.241887 -0.066759 -0.025103 0.997453 -0.023342 0.000000 0.000000 0.000000 1.000000
0.997493 -0.025198 0.066125 0.544219 0.023474 0.999367 0.026728 -0.244086 -0.066757 -0.025109 0.997453 -0.023340 0.000000 0.000000 0.000000 1.000000
0.997582 -0.021051 0.066231 0.543201 0.019333 0.999463 0.026468 -0.246342 -0.066752 -0.025123 0.997453 -0.023334 0.000000 0.000000 0.000000 1.000000
0.997656 -0.016820 0.066335 0.542154 0.015109 0.999542 0.026210 -0.248639 -0.066746 -0.025146 0.997453 -0.023324 0.000000 0.000000 0.000000 1.000000
0.997712 -0.012539 0.066438 0.541084 0.010835 0.999604 0.025955 -0.250960 -0.066737 -0.025176 0.997453 -0.023312 0.000000 0.000000 0.000000 1.000000
0.997750 -0.008239 0.066538 0.540000 0.006540 0.999648 0.025707 -0.253286 -0.066726 -0.025214 0.997453 -0.023296 0.000000 0.000000 0.000000 1.000000
0.997770 -0.003951 0.066634 0.538909 0.002258 0.999673 0.025467 -0.255601 -0.066713 -0.025260 0.997452 -0.023277 0.000000 0.000000 0.000000 1.000000
0.997771 0.000292 0.066725 0.537820 -0.001980 0.999680 0.025237 -0.257887 -0.066697 -0.025313 0.997452 -0.023255 0.000000 0.000000 0.000000 1.000000
0.997756 0.004459 0.066811 0.536741 -0.006143 0.999668 0.025020 -0.260128 -0.066678 -0.025374 0.997452 -0.023229 0.000000 0.000000 0.000000 1.000000
0.997724 0.008518 0.066891 0.535681 -0.010198 0.999640 0.024816 -0.262306 -0.066656 -0.025442 0.997452 -0.023200 0.000000 0.000000 0.000000 1.000000
0.997678 0.012438 0.066965 0.534649 -0.014115 0.999597 0.024629 -0.264406 -0.066631 -0.025517 0.997451 -0.023167 0.000000 0.000000 0.000000 1.000000
0.997620 0.016186 0.067030 0.533654 -0.017860 0.999541 0.024461 -0.266410 -0.066603 -0.025600 0.997451 -0.023131 0.000000 0.000000 0.000000 1.000000
0.997552 0.019730 0.067087 0.532707 -0.021403 0.999475 0.024312 -0.268303 -0.066572 -0.025689 0.997451 -0.023091 0.000000 0.000000 0.000000 1.000000
0.997478 0.023040 0.067134 0.531817 -0.024713 0.999402 0.024187 -0.270067 -0.066537 -0.025785 0.997451 -0.023048 0.000000 0.000000 0.000000 1.000000
0.997400 0.026084 0.067172 0.530993 -0.027756 0.999325 0.024086 -0.271688 -0.066498 -0.025888 0.997451 -0.023000 0.000000 0.000000 0.000000 1.000000
0.997323 0.028829 0.067198 0.530245 -0.030502 0.999246 0.024011 -0.273147 -0.066455 -0.025997 0.997451 -0.022949 0.000000 0.000000 0.000000 1.000000
0.997249 0.031244 0.067213 0.529585 -0.032920 0.999171 0.023965 -0.274430 -0.066409 -0.026112 0.997451 -0.022894 0.000000 0.000000 0.000000 1.000000</float_array><technique_common><accessor source="#jnt_spine1-Matrix-animation-output-transform-array" count="61" stride="16"><param type="float4x4"/></accessor></technique_common></source><source id="jnt_spine1-Interpolations"><Name_array id="jnt_spine1-Interpolations-array" count="61">
 LINEAR LINEAR LINEAR LINEAR LINEAR LINEAR LINEAR LINEAR LINEAR LINEAR LINEAR
LINEAR LINEAR LINEAR LINEAR LINEAR LINEAR LINEAR LINEAR LINEAR LINEAR LINEAR LINEAR
LINEAR LINEAR LINEAR LINEAR LINEAR LINEAR LINEAR LINEAR LINEAR LINEAR LINEAR LINEAR
LINEAR LINEAR LINEAR LINEAR LINEAR LINEAR LINEAR LINEAR LINEAR LINEAR LINEAR LINEAR
LINEAR LINEAR LINEAR LINEAR LINEAR LINEAR LINEAR LINEAR LINEAR LINEAR LINEAR LINEAR
LINEAR LINEAR</Name_array><technique_common><accessor source="#jnt_spine1-Interpolations-array" count="61"><param type="name"/></accessor></technique_common></source><sampler id="jnt_spine1-Matrix-animation-transform"><input semantic="INPUT" source="#jnt_spine1-Matrix-animation-input"/><input semantic="OUTPUT" source="#jnt_spine1-Matrix-animation-output-transform"/><input semantic="INTERPOLATION" source="#jnt_spine1-Interpolations"/></sampler><channel source="#jnt_spine1-Matrix-animation-transform" target="jnt_spine1/matrix"/></animation></animation>
    <animation id="jnt_spine2-anim" name="jnt_spine2"><animation><source id="jnt_spine2-Matrix-animation-input"><float_array id="jnt_spine2-Matrix-animation-input-array" count="61">

0.000000 0.033333 0.066667 0.100000 0.133333 0.166667 0.200000 0.233333 0.266667 0.300000 0.333333 0.366667 0.400000 0.433333 0.466667 0.500000
0.533333 0.566667 0.600000 0.633333 0.666667 0.700000 0.733333 0.766667 0.800000 0.833333 0.866667 0.900000 0.933333 0.966667 1.000000 1.033333
1.066667 1.100000 1.133333 1.166667 1.200000 1.233333 1.266667 1.300000 1.333333 1.366667 1.400000 1.433333 1.466667 1.500000 1.533333 1.566667
1.600000 1.633333 1.666667 1.700000 1.733333 1.766667 1.800000 1.833333 1.866667 1.900000 1.933333 1.966667 2.000000</float_array><technique_common><accessor source="#jnt_spine2-Matrix-animation-input-array" count="61"><param name="TIME" type="float"/></accessor></technique_common></source><source id="jnt_spine2-Matrix-animation-output-transform"><float_array id="jnt_spine2-Matrix-animation-output-transform-array" count="976">

0.995808 0.090353 0.014269 0.873404 -0.090353 0.995910 -0.000624 -0.000000 -0.014267 -0.000668 0.999898 0.000000 0.000000 0.000000 0.000000 1.000000
0.995808 0.090353 0.014269 0.873404 -0.090353 0.995910 -0.000624 0.000000 -0.014267 -0.000668 0.999898 0.000000 0.000000 0.000000 0.000000 1.000000
0.995808 0.090353 0.014269 0.873404 -0.090353 0.995910 -0.000624 0.000000 -0.014267 -0.000668 0.999898 0.000000 0.000000 0.000000 0.000000 1.000000
0.995808 0.090353 0.014269 0.873404 -0.090353 0.995910 -0.000624 0.000000 -0.014267 -0.000668 0.999898 0.000000 0.000000 0.000000 0.000000 1.000000
0.995808 0.090353 0.014269 0.873404 -0.090353 0.995910 -0.000624 0.000000 -0.014267 -0.000668 0.999898 0.000000 0.000000 0.000000 0.000000 1.000000
0.995808 0.090353 0.014269 0.873404 -0.090353 0.995910 -0.000624 -0.000000 -0.014267 -0.000668 0.999898 0.000000 0.000000 0.000000 0.000000 1.000000
0.995808 0.090353 0.014269 0.873404 -0.090353 0.995910 -0.000624 0.000000 -0.014267 -0.000668 0.999898 0.000000 0.000000 0.000000 0.000000 1.000000
0.995808 0.090353 0.014269 0.873404 -0.090353 0.995910 -0.000624 -0.000000 -0.014267 -0.000668 0.999898 0.000000 0.000000 0.000000 0.000000 1.000000
0.995808 0.090353 0.014269 0.873404 -0.090353 0.995910 -0.000624 0.000000 -0.014267 -0.000668 0.999898 0.000000 0.000000 0.000000 0.000000 1.000000
0.995808 0.090353 0.014269 0.873404 -0.090353 0.995910 -0.000624 0.000000 -0.014267 -0.000668 0.999898 0.000000 0.000000 0.000000 0.000000 1.000000
0.995808 0.090353 0.014269 0.873404 -0.090353 0.995910 -0.000624 0.000000 -0.014267 -0.000668 0.999898 0.000000 0.000000 0.000000 0.000000 1.000000
0.995808 0.090353 0.014269 0.873404 -0.090353 0.995910 -0.000624 0.000000 -0.014267 -0.000668 0.999898 0.000000 0.000000 0.000000 0.000000 1.000000
0.995808 0.090353 0.014269 0.873404 -0.090353 0.995910 -0.000624 -0.000000 -0.014267 -0.000668 0.999898 0.000000 0.000000 0.000000 0.000000 1.000000
0.995808 0.090353 0.014269 0.873404 -0.090353 0.995910 -0.000624 0.000000 -0.014267 -0.000668 0.999898 0.000000 0.000000 0.000000 0.000000 1.000000
0.995808 0.090353 0.014269 0.873404 -0.090353 0.995910 -0.000624 0.000000 -0.014267 -0.000668 0.999898 0.000000 0.000000 0.000000 0.000000 1.000000
0.995808 0.090353 0.014269 0.873404 -0.090353 0.995910 -0.000624 0.000000 -0.014267 -0.000668 0.999898 0.000000 0.000000 0.000000 0.000000 1.000000
0.995808 0.090353 0.014269 0.873404 -0.090353 0.995910 -0.000624 0.000000 -0.014267 -0.000668 0.999898 0.000000 0.000000 0.000000 0.000000 1.000000
0.995808 0.090353 0.014269 0.873404 -0.090353 0.995910 -0.000624 0.000000 -0.014267 -0.000668 0.999898 0.000000 0.000000 0.000000 0.000000 1.000000
0.995808 0.090353 0.014269 0.873404 -0.090353 0.995910 -0.000624 -0.000000 -0.014267 -0.000668 0.999898 0.000000 0.000000 0.000000 0.000000 1.000000
0.995808 0.090353 0.014269 0.873404 -0.090353 0.995910 -0.000624 -0.000000 -0.014267 -0.000668 0.999898 0.000000 0.000000 0.000000 0.000000 1.000000
0.995808 0.090353 0.014269 0.873404 -0.090353 0.995910 -0.000624 -0.000000 -0.014267 -0.000668 0.999898 0.000000 0.000000 0.000000 0.000000 1.000000
0.995808 0.090353 0.014269 0.873404 -0.090353 0.995910 -0.000624 0.000000 -0.014267 -0.000668 0.999898 0.000000 0.000000 0.000000 0.000000 1.000000
0.995808 0.090353 0.014269 0.873404 -0.090353 0.995910 -0.000624 0.000000 -0.014267 -0.000668 0.999898 0.000000 0.000000 0.000000 0.000000 1.000000
0.995808 0.090353 0.014269 0.873404 -0.090353 0.995910 -0.000624 0.000000 -0.014267 -0.000668 0.999898 0.000000 0.000000 0.000000 0.000000 1.000000
0.995808 0.090353 0.014269 0.873404 -0.090353 0.995910 -0.000624 0.000000 -0.014267 -0.000668 0.999898 0.000000 0.000000 0.000000 0.000000 1.000000
0.995808 0.090353 0.014269 0.873404 -0.090353 0.995910 -0.000624 -0.000000 -0.014267 -0.000668 0.999898 0.000000 0.000000 0.000000 0.000000 1.000000
0.995808 0.090353 0.014269 0.873404 -0.090353 0.995910 -0.000624 0.000000 -0.014267 -0.000668 0.999898 0.000000 0.000000 0.000000 0.000000 1.000000
0.995808 0.090353 0.014269 0.873404 -0.090353 0.995910 -0.000624 -0.000000 -0.014267 -0.000668 0.999898 0.000000 0.000000 0.000000 0.000000 1.000000
0.995808 0.090353 0.014269 0.873404 -0.090353 0.995910 -0.000624 -0.000000 -0.014267 -0.000668 0.999898 0.000000 0.000000 0.000000 0.000000 1.000000
0.995808 0.090353 0.014269 0.873404 -0.090353 0.995910 -0.000624 -0.000000 -0.014267 -0.000668 0.999898 0.000000 0.000000 0.000000 0.000000 1.000000
0.995808 0.090353 0.014269 0.873404 -0.090353 0.995910 -0.000624 0.000000 -0.014267 -0.000668 0.999898 0.000000 0.000000 0.000000 0.000000 1.000000
0.995808 0.090353 0.014269 0.873404 -0.090353 0.995910 -0.000624 0.000000 -0.014267 -0.000668 0.999898 0.000000 0.000000 0.000000 0.000000 1.000000
0.995808 0.090353 0.014269 0.873404 -0.090353 0.995910 -0.000624 0.000000 -0.014267 -0.000668 0.999898 0.000000 0.000000 0.000000 0.000000 1.000000
0.995808 0.090353 0.014269 0.873404 -0.090353 0.995910 -0.000624 0.000000 -0.014267 -0.000668 0.999898 0.000000 0.000000 0.000000 0.000000 1.000000
0.995808 0.090353 0.014269 0.873404 -0.090353 0.995910 -0.000624 -0.000000 -0.014267 -0.000668 0.999898 0.000000 0.000000 0.000000 0.000000 1.000000
0.995808 0.090353 0.014269 0.873404 -0.090353 0.995910 -0.000624 0.000000 -0.014267 -0.000668 0.999898 0.000000 0.000000 0.000000 0.000000 1.000000
0.995808 0.090353 0.014269 0.873404 -0.090353 0.995910 -0.000624 0.000000 -0.014267 -0.000668 0.999898 0.000000 0.000000 0.000000 0.000000 1.000000
0.995808 0.090353 0.014269 0.873404 -0.090353 0.995910 -0.000624 0.000000 -0.014267 -0.000668 0.999898 0.000000 0.000000 0.000000 0.000000 1.000000
0.995808 0.090353 0.014269 0.873404 -0.090353 0.995910 -0.000624 0.000000 -0.014267 -0.000668 0.999898 0.000000 0.000000 0.000000 0.000000 1.000000
0.995808 0.090353 0.014269 0.873404 -0.090353 0.995910 -0.000624 0.000000 -0.014267 -0.000668 0.999898 0.000000 0.000000 0.000000 0.000000 1.000000
0.995808 0.090353 0.014269 0.873404 -0.090353 0.995910 -0.000624 0.000000 -0.014267 -0.000668 0.999898 0.000000 0.000000 0.000000 0.000000 1.000000
0.995808 0.090353 0.014269 0.873404 -0.090353 0.995910 -0.000624 -0.000000 -0.014267 -0.000668 0.999898 0.000000 0.000000 0.000000 0.000000 1.000000
0.995808 0.090353 0.014269 0.873404 -0.090353 0.995910 -0.000624 0.000000 -0.014267 -0.000668 0.999898 0.000000 0.000000 0.000000 0.000000 1.000000
0.995808 0.090353 0.014269 0.873404 -0.090353 0.995910 -0.000624 0.000000 -0.014267 -0.000668 0.999898 0.000000 0.000000 0.000000 0.000000 1.000000
0.995808 0.090353 0.014269 0.873404 -0.090353 0.995910 -0.000624 0.000000 -0.014267 -0.000668 0.999898 0.000000 0.000000 0.000000 0.000000 1.000000
0.995808 0.090353 0.014269 0.873404 -0.090353 0.995910 -0.000624 0.000000 -0.014267 -0.000668 0.999898 0.000000 0.000000 0.000000 0.000000 1.000000
0.995808 0.090353 0.014269 0.873404 -0.090353 0.995910 -0.000624 0.000000 -0.014267 -0.000668 0.999898 0.000000 0.000000 0.000000 0.000000 1.000000
0.995808 0.090353 0.014269 0.873404 -0.090353 0.995910 -0.000624 0.000000 -0.014267 -0.000668 0.999898 0.000000 0.000000 0.000000 0.000000 1.000000
0.995808 0.090353 0.014269 0.873404 -0.090353 0.995910 -0.000624 -0.000000 -0.014267 -0.000668 0.999898 0.000000 0.000000 0.000000 0.000000 1.000000
0.995808 0.090353 0.014269 0.873404 -0.090353 0.995910 -0.000624 -0.000000 -0.014267 -0.000668 0.999898 0.000000 0.000000 0.000000 0.000000 1.000000
0.995808 0.090353 0.014269 0.873404 -0.090353 0.995910 -0.000624 -0.000000 -0.014267 -0.000668 0.999898 0.000000 0.000000 0.000000 0.000000 1.000000
0.995808 0.090353 0.014269 0.873404 -0.090353 0.995910 -0.000624 0.000000 -0.014267 -0.000668 0.999898 0.000000 0.000000 0.000000 0.000000 1.000000
0.995808 0.090353 0.014269 0.873404 -0.090353 0.995910 -0.000624 0.000000 -0.014267 -0.000668 0.999898 0.000000 0.000000 0.000000 0.000000 1.000000
0.995808 0.090353 0.014269 0.873404 -0.090353 0.995910 -0.000624 0.000000 -0.014267 -0.000668 0.999898 0.000000 0.000000 0.000000 0.000000 1.000000
0.995808 0.090353 0.014269 0.873404 -0.090353 0.995910 -0.000624 0.000000 -0.014267 -0.000668 0.999898 0.000000 0.000000 0.000000 0.000000 1.000000
0.995808 0.090353 0.014269 0.873404 -0.090353 0.995910 -0.000624 0.000000 -0.014267 -0.000668 0.999898 0.000000 0.000000 0.000000 0.000000 1.000000
0.995808 0.090353 0.014269 0.873404 -0.090353 0.995910 -0.000624 0.000000 -0.014267 -0.000668 0.999898 0.000000 0.000000 0.000000 0.000000 1.000000
0.995808 0.090353 0.014269 0.873404 -0.090353 0.995910 -0.000624 0.000000 -0.014267 -0.000668 0.999898 0.000000 0.000000 0.000000 0.000000 1.000000
0.995808 0.090353 0.014269 0.873404 -0.090353 0.995910 -0.000624 0.000000 -0.014267 -0.000668 0.999898 0.000000 0.000000 0.000000 0.000000 1.000000
0.995808 0.090353 0.014269 0.873404 -0.090353 0.995910 -0.000624 0.000000 -0.014267 -0.000668 0.999898 0.000000 0.000000 0.000000 0.000000 1.000000
0.995808 0.090353 0.014269 0.873404 -0.090353 0.995910 -0.000624 -0.000000 -0.014267 -0.000668 0.999898 0.000000 0.000000 0.000000 0.000000 1.000000</float_array><technique_common><accessor source="#jnt_spine2-Matrix-animation-output-transform-array" count="61" stride="16"><param type="float4x4"/></accessor></technique_common></source><source id="jnt_spine2-Interpolations"><Name_array id="jnt_spine2-Interpolations-array" count="61">
 LINEAR LINEAR LINEAR LINEAR LINEAR LINEAR LINEAR LINEAR LINEAR LINEAR LINEAR
LINEAR LINEAR LINEAR LINEAR LINEAR LINEAR LINEAR LINEAR LINEAR LINEAR LINEAR LINEAR
LINEAR LINEAR LINEAR LINEAR LINEAR LINEAR LINEAR LINEAR LINEAR LINEAR LINEAR LINEAR
LINEAR LINEAR LINEAR LINEAR LINEAR LINEAR LINEAR LINEAR LINEAR LINEAR LINEAR LINEAR
LINEAR LINEAR LINEAR LINEAR LINEAR LINEAR LINEAR LINEAR LINEAR LINEAR LINEAR LINEAR
LINEAR LINEAR</Name_array><technique_common><accessor source="#jnt_spine2-Interpolations-array" count="61"><param type="name"/></accessor></technique_common></source><sampler id="jnt_spine2-Matrix-animation-transform"><input semantic="INPUT" source="#jnt_spine2-Matrix-animation-input"/><input semantic="OUTPUT" source="#jnt_spine2-Matrix-animation-output-transform"/><input semantic="INTERPOLATION" source="#jnt_spine2-Interpolations"/></sampler><channel source="#jnt_spine2-Matrix-animation-transform" target="jnt_spine2/matrix"/></animation></animation>
    <animation id="jnt_spine3-anim" name="jnt_spine3"><animation><source id="jnt_spine3-Matrix-animation-input"><float_array id="jnt_spine3-Matrix-animation-input-array" count="61">

0.000000 0.033333 0.066667 0.100000 0.133333 0.166667 0.200000 0.233333 0.266667 0.300000 0.333333 0.366667 0.400000 0.433333 0.466667 0.500000
0.533333 0.566667 0.600000 0.633333 0.666667 0.700000 0.733333 0.766667 0.800000 0.833333 0.866667 0.900000 0.933333 0.966667 1.000000 1.033333
1.066667 1.100000 1.133333 1.166667 1.200000 1.233333 1.266667 1.300000 1.333333 1.366667 1.400000 1.433333 1.466667 1.500000 1.533333 1.566667
1.600000 1.633333 1.666667 1.700000 1.733333 1.766667 1.800000 1.833333 1.866667 1.900000 1.933333 1.966667 2.000000</float_array><technique_common><accessor source="#jnt_spine3-Matrix-animation-input-array" count="61"><param name="TIME" type="float"/></accessor></technique_common></source><source id="jnt_spine3-Matrix-animation-output-transform"><float_array id="jnt_spine3-Matrix-animation-output-transform-array" count="976">

0.991826 -0.126842 0.013900 0.979908 0.126808 0.991922 0.003281 0.000000 -0.014204 -0.001492 0.999898 0.000000 0.000000 0.000000 0.000000 1.000000
0.991826 -0.126842 0.013900 0.979908 0.126808 0.991922 0.003281 -0.000000 -0.014204 -0.001492 0.999898 0.000000 0.000000 0.000000 0.000000 1.000000
0.991826 -0.126842 0.013900 0.979908 0.126808 0.991922 0.003281 -0.000000 -0.014204 -0.001492 0.999898 0.000000 0.000000 0.000000 0.000000 1.000000
0.991826 -0.126842 0.013900 0.979908 0.126808 0.991922 0.003281 -0.000000 -0.014204 -0.001492 0.999898 0.000000 0.000000 0.000000 0.000000 1.000000
0.991826 -0.126842 0.013900 0.979908 0.126808 0.991922 0.003281 -0.000000 -0.014204 -0.001492 0.999898 0.000000 0.000000 0.000000 0.000000 1.000000
0.991826 -0.126842 0.013900 0.979908 0.126808 0.991922 0.003281 -0.000000 -0.014204 -0.001492 0.999898 0.000000 0.000000 0.000000 0.000000 1.000000
0.991826 -0.126842 0.013900 0.979908 0.126808 0.991922 0.003281 -0.000000 -0.014204 -0.001492 0.999898 0.000000 0.000000 0.000000 0.000000 1.000000
0.991826 -0.126842 0.013900 0.979908 0.126808 0.991922 0.003281 -0.000000 -0.014204 -0.001492 0.999898 0.000000 0.000000 0.000000 0.000000 1.000000
0.991826 -0.126842 0.013900 0.979908 0.126808 0.991922 0.003281 -0.000000 -0.014204 -0.001492 0.999898 0.000000 0.000000 0.000000 0.000000 1.000000
0.991826 -0.126842 0.013900 0.979908 0.126808 0.991922 0.003281 -0.000000 -0.014204 -0.001492 0.999898 0.000000 0.000000 0.000000 0.000000 1.000000
0.991826 -0.126842 0.013900 0.979908 0.126808 0.991922 0.003281 -0.000000 -0.014204 -0.001492 0.999898 0.000000 0.000000 0.000000 0.000000 1.000000
0.991826 -0.126842 0.013900 0.979908 0.126808 0.991922 0.003281 -0.000000 -0.014204 -0.001492 0.999898 0.000000 0.000000 0.000000 0.000000 1.000000
0.991826 -0.126842 0.013900 0.979908 0.126808 0.991922 0.003281 -0.000000 -0.014204 -0.001492 0.999898 0.000000 0.000000 0.000000 0.000000 1.000000
0.991826 -0.126842 0.013900 0.979908 0.126808 0.991922 0.003281 -0.000000 -0.014204 -0.001492 0.999898 0.000000 0.000000 0.000000 0.000000 1.000000
0.991826 -0.126842 0.013900 0.979908 0.126808 0.991922 0.003281 -0.000000 -0.014204 -0.001492 0.999898 0.000000 0.000000 0.000000 0.000000 1.000000
0.991826 -0.126842 0.013900 0.979908 0.126808 0.991922 0.003281 -0.000000 -0.014204 -0.001492 0.999898 0.000000 0.000000 0.000000 0.000000 1.000000
0.991826 -0.126842 0.013900 0.979908 0.126808 0.991922 0.003281 0.000000 -0.014204 -0.001492 0.999898 0.000000 0.000000 0.000000 0.000000 1.000000
0.991826 -0.126842 0.013900 0.979908 0.126808 0.991922 0.003281 -0.000000 -0.014204 -0.001492 0.999898 0.000000 0.000000 0.000000 0.000000 1.000000
0.991826 -0.126842 0.013900 0.979908 0.126808 0.991922 0.003281 0.000000 -0.014204 -0.001492 0.999898 0.000000 0.000000 0.000000 0.000000 1.000000
0.991826 -0.126842 0.013900 0.979908 0.126808 0.991922 0.003281 -0.000000 -0.014204 -0.001492 0.999898 0.000000 0.000000 0.000000 0.000000 1.000000
0.991826 -0.126842 0.013900 0.979908 0.126808 0.991922 0.003281 -0.000000 -0.014204 -0.001492 0.999898 0.000000 0.000000 0.000000 0.000000 1.000000
0.991826 -0.126842 0.013900 0.979908 0.126808 0.991922 0.003281 -0.000000 -0.014204 -0.001492 0.999898 0.000000 0.000000 0.000000 0.000000 1.000000
0.991826 -0.126842 0.013900 0.979908 0.126808 0.991922 0.003281 -0.000000 -0.014204 -0.001492 0.999898 0.000000 0.000000 0.000000 0.000000 1.000000
0.991826 -0.126842 0.013900 0.979908 0.126808 0.991922 0.003281 -0.000000 -0.014204 -0.001492 0.999898 0.000000 0.000000 0.000000 0.000000 1.000000
0.991826 -0.126842 0.013900 0.979908 0.126808 0.991922 0.003281 -0.000000 -0.014204 -0.001492 0.999898 0.000000 0.000000 0.000000 0.000000 1.000000
0.991826 -0.126842 0.013900 0.979908 0.126808 0.991922 0.003281 -0.000000 -0.014204 -0.001492 0.999898 0.000000 0.000000 0.000000 0.000000 1.000000
0.991826 -0.126842 0.013900 0.979908 0.126808 0.991922 0.003281 -0.000000 -0.014204 -0.001492 0.999898 0.000000 0.000000 0.000000 0.000000 1.000000
0.991826 -0.126842 0.013900 0.979908 0.126808 0.991922 0.003281 -0.000000 -0.014204 -0.001492 0.999898 0.000000 0.000000 0.000000 0.000000 1.000000
