<?xml version="1.0" encoding="utf-8"?>
<COLLADA xmlns="http://www.collada.org/2005/11/COLLADASchema" version="1.4.1">
  <asset><contributor><author></author><authoring_tool>FBX COLLADA exporter</authoring_tool><comments></comments></contributor><created>2020-02-03T12:27:42Z</created><keywords></keywords><modified>2020-02-03T12:27:42Z</modified><revision></revision><subject></subject><title></title><unit meter="0.010000" name="centimeter"></unit><up_axis>Y_UP</up_axis></asset>
  <library_animations>
    <animation id="root_jnt-anim" name="root_jnt"><animation><source id="root_jnt-Matrix-animation-input"><float_array id="root_jnt-Matrix-animation-input-array" count="301">

0.000000 0.033333 0.066667 0.100000 0.133333 0.166667 0.200000 0.233333 0.266667 0.300000 0.333333 0.366667 0.400000 0.433333 0.466667 0.500000
0.533333 0.566667 0.600000 0.633333 0.666667 0.700000 0.733333 0.766667 0.800000 0.833333 0.866667 0.900000 0.933333 0.966667 1.000000 1.033333
1.066667 1.100000 1.133333 1.166667 1.200000 1.233333 1.266667 1.300000 1.333333 1.366667 1.400000 1.433333 1.466667 1.500000 1.533333 1.566667
1.600000 1.633333 1.666667 1.700000 1.733333 1.766667 1.800000 1.833333 1.866667 1.900000 1.933333 1.966667 2.000000 2.033333 2.066667 2.100000
2.133333 2.166667 2.200000 2.233333 2.266667 2.300000 2.333333 2.366667 2.400000 2.433333 2.466667 2.500000 2.533333 2.566667 2.600000 2.633333
2.666667 2.700000 2.733333 2.766667 2.800000 2.833333 2.866667 2.900000 2.933333 2.966667 3.000000 3.033333 3.066667 3.100000 3.133333 3.166667
3.200000 3.233333 3.266667 3.300000 3.333333 3.366667 3.400000 3.433333 3.466667 3.500000 3.533333 3.566667 3.600000 3.633333 3.666667 3.700000
3.733333 3.766667 3.800000 3.833333 3.866667 3.900000 3.933333 3.966667 4.000000 4.033333 4.066667 4.100000 4.133333 4.166667 4.200000 4.233333
4.266667 4.300000 4.333333 4.366667 4.400000 4.433333 4.466667 4.500000 4.533333 4.566667 4.600000 4.633333 4.666667 4.700000 4.733333 4.766667
4.800000 4.833333 4.866667 4.900000 4.933333 4.966667 5.000000 5.033333 5.066667 5.100000 5.133333 5.166667 5.200000 5.233333 5.266667 5.300000
5.333333 5.366667 5.400000 5.433333 5.466667 5.500000 5.533333 5.566667 5.600000 5.633333 5.666667 5.700000 5.733333 5.766667 5.800000 5.833333
5.866667 5.900000 5.933333 5.966667 6.000000 6.033333 6.066667 6.100000 6.133333 6.166667 6.200000 6.233333 6.266667 6.300000 6.333333 6.366667
6.400000 6.433333 6.466667 6.500000 6.533333 6.566667 6.600000 6.633333 6.666667 6.700000 6.733333 6.766667 6.800000 6.833333 6.866667 6.900000
6.933333 6.966667 7.000000 7.033333 7.066667 7.100000 7.133333 7.166667 7.200000 7.233333 7.266667 7.300000 7.333333 7.366667 7.400000 7.433333
7.466667 7.500000 7.533333 7.566667 7.600000 7.633333 7.666667 7.700000 7.733333 7.766667 7.800000 7.833333 7.866667 7.900000 7.933333 7.966667
8.000000 8.033333 8.066667 8.100000 8.133333 8.166667 8.200000 8.233333 8.266667 8.300000 8.333333 8.366667 8.400000 8.433333 8.466667 8.500000
8.533333 8.566667 8.600000 8.633333 8.666667 8.700000 8.733333 8.766667 8.800000 8.833333 8.866667 8.900000 8.933333 8.966667 9.000000 9.033333
9.066667 9.100000 9.133333 9.166667 9.200000 9.233333 9.266667 9.300000 9.333333 9.366667 9.400000 9.433333 9.466667 9.500000 9.533333 9.566667
9.600000 9.633333 9.666667 9.700000 9.733333 9.766667 9.800000 9.833333 9.866667 9.900000 9.933333 9.966667 10.000000</float_array><technique_common><accessor source="#root_jnt-Matrix-animation-input-array" count="301"><param name="TIME" type="float"/></accessor></technique_common></source><source id="root_jnt-Matrix-animation-output-transform"><float_array id="root_jnt-Matrix-animation-output-transform-array" count="4816">

-0.232759 -0.070831 -0.969952 -0.053369 0.094522 0.990975 -0.095049 4.364392 0.967930 -0.113805 -0.223963 -0.991439 0.000000 0.000000 0.000000 1.000000
-0.232305 -0.070872 -0.970057 -0.053369 0.094553 0.990973 -0.095043 4.364392 0.968036 -0.113801 -0.223507 -0.991439 0.000000 0.000000 0.000000 1.000000
-0.230974 -0.070990 -0.970367 -0.053369 0.094643 0.990966 -0.095025 4.364392 0.968346 -0.113787 -0.222168 -0.991439 0.000000 0.000000 0.000000 1.000000
-0.228809 -0.071181 -0.970865 -0.053369 0.094790 0.990955 -0.094994 4.364392 0.968845 -0.113764 -0.219992 -0.991439 0.000000 0.000000 0.000000 1.000000
-0.225855 -0.071440 -0.971538 -0.053369 0.094989 0.990940 -0.094949 4.364392 0.969519 -0.113731 -0.217023 -0.991439 0.000000 0.000000 0.000000 1.000000
-0.222155 -0.071763 -0.972367 -0.053369 0.095238 0.990921 -0.094891 4.364392 0.970349 -0.113687 -0.213304 -0.991439 0.000000 0.000000 0.000000 1.000000
-0.217753 -0.072144 -0.973334 -0.053369 0.095533 0.990900 -0.094819 4.364392 0.971317 -0.113632 -0.208880 -0.991439 0.000000 0.000000 0.000000 1.000000
-0.212692 -0.072579 -0.974420 -0.053369 0.095869 0.990876 -0.094730 4.364392 0.972405 -0.113565 -0.203794 -0.991439 0.000000 0.000000 0.000000 1.000000
-0.207015 -0.073062 -0.975606 -0.053369 0.096243 0.990850 -0.094626 4.364392 0.973592 -0.113484 -0.198089 -0.991439 0.000000 0.000000 0.000000 1.000000
-0.200766 -0.073589 -0.976871 -0.053369 0.096652 0.990822 -0.094504 4.364392 0.974860 -0.113389 -0.191811 -0.991439 0.000000 0.000000 0.000000 1.000000
-0.193989 -0.074154 -0.978197 -0.053369 0.097091 0.990792 -0.094363 4.364392 0.976187 -0.113279 -0.185003 -0.991439 0.000000 0.000000 0.000000 1.000000
-0.186726 -0.074752 -0.979564 -0.053369 0.097556 0.990762 -0.094203 4.364392 0.977556 -0.113153 -0.177709 -0.991439 0.000000 0.000000 0.000000 1.000000
-0.179022 -0.075379 -0.980953 -0.053369 0.098045 0.990731 -0.094023 4.364392 0.978947 -0.113009 -0.169973 -0.991439 0.000000 0.000000 0.000000 1.000000
-0.170922 -0.076028 -0.982347 -0.053369 0.098552 0.990699 -0.093822 4.364392 0.980343 -0.112849 -0.161840 -0.991439 0.000000 0.000000 0.000000 1.000000
-0.162470 -0.076696 -0.983728 -0.053369 0.099075 0.990668 -0.093600 4.364392 0.981727 -0.112670 -0.153355 -0.991439 0.000000 0.000000 0.000000 1.000000
-0.153711 -0.077376 -0.985082 -0.053369 0.099610 0.990637 -0.093356 4.364392 0.983082 -0.112474 -0.144565 -0.991439 0.000000 0.000000 0.000000 1.000000
-0.144691 -0.078065 -0.986393 -0.053369 0.100153 0.990608 -0.093090 4.364392 0.984395 -0.112260 -0.135513 -0.991439 0.000000 0.000000 0.000000 1.000000
-0.135455 -0.078756 -0.987648 -0.053369 0.100701 0.990579 -0.092801 4.364392 0.985653 -0.112028 -0.126248 -0.991439 0.000000 0.000000 0.000000 1.000000
-0.126049 -0.079446 -0.988838 -0.053369 0.101251 0.990552 -0.092491 4.364392 0.986843 -0.111779 -0.116814 -0.991439 0.000000 0.000000 0.000000 1.000000
-0.116519 -0.080129 -0.989951 -0.053369 0.101800 0.990527 -0.092158 4.364392 0.987957 -0.111515 -0.107259 -0.991439 0.000000 0.000000 0.000000 1.000000
-0.106913 -0.080801 -0.990980 -0.053369 0.102344 0.990504 -0.091804 4.364392 0.988987 -0.111236 -0.097629 -0.991439 0.000000 0.000000 0.000000 1.000000
-0.097278 -0.081457 -0.991918 -0.053369 0.102881 0.990483 -0.091429 4.364392 0.989926 -0.110943 -0.087971 -0.991439 0.000000 0.000000 0.000000 1.000000
-0.087659 -0.082092 -0.992762 -0.053369 0.103408 0.990464 -0.091033 4.364392 0.990769 -0.110639 -0.078334 -0.991439 0.000000 0.000000 0.000000 1.000000
-0.078105 -0.082703 -0.993509 -0.053369 0.103922 0.990449 -0.090618 4.364392 0.991514 -0.110325 -0.068764 -0.991439 0.000000 0.000000 0.000000 1.000000
-0.068663 -0.083285 -0.994157 -0.053369 0.104422 0.990436 -0.090185 4.364392 0.992160 -0.110004 -0.059310 -0.991439 0.000000 0.000000 0.000000 1.000000
-0.059380 -0.083834 -0.994709 -0.053369 0.104905 0.990425 -0.089736 4.364392 0.992708 -0.109678 -0.050017 -0.991439 0.000000 0.000000 0.000000 1.000000
-0.050305 -0.084347 -0.995166 -0.053369 0.105369 0.990418 -0.089270 4.364392 0.993160 -0.109350 -0.040935 -0.991439 0.000000 0.000000 0.000000 1.000000
-0.041483 -0.084819 -0.995533 -0.053369 0.105813 0.990414 -0.088792 4.364392 0.993520 -0.109023 -0.032110 -0.991439 0.000000 0.000000 0.000000 1.000000
-0.032963 -0.085246 -0.995814 -0.053369 0.106234 0.990413 -0.088301 4.364392 0.993795 -0.108700 -0.023591 -0.991439 0.000000 0.000000 0.000000 1.000000
-0.024792 -0.085626 -0.996019 -0.053369 0.106632 0.990415 -0.087799 4.364392 0.993989 -0.108384 -0.015424 -0.991439 0.000000 0.000000 0.000000 1.000000
-0.017018 -0.085956 -0.996154 -0.053369 0.107005 0.990419 -0.087289 4.364392 0.994113 -0.108078 -0.007657 -0.991439 0.000000 0.000000 0.000000 1.000000
-0.009686 -0.086231 -0.996228 -0.053369 0.107351 0.990427 -0.086773 4.364392 0.994174 -0.107787 -0.000337 -0.991439 0.000000 0.000000 0.000000 1.000000
-0.002845 -0.086449 -0.996252 -0.053369 0.107670 0.990438 -0.086252 4.364392 0.994183 -0.107512 0.006490 -0.991439 0.000000 0.000000 0.000000 1.000000
0.003459 -0.086607 -0.996237 -0.053369 0.107961 0.990452 -0.085729 4.364392 0.994149 -0.107259 0.012776 -0.991439 0.000000 0.000000 0.000000 1.000000
0.009179 -0.086701 -0.996192 -0.053369 0.108223 0.990468 -0.085206 4.364392 0.994084 -0.107029 0.018474 -0.991439 0.000000 0.000000 0.000000 1.000000
0.014269 -0.086729 -0.996130 -0.053369 0.108455 0.990488 -0.084685 4.364392 0.993999 -0.106827 0.023539 -0.991439 0.000000 0.000000 0.000000 1.000000
0.018991 -0.086572 -0.996065 -0.053369 0.108669 0.990521 -0.084018 4.364392 0.993897 -0.106646 0.028219 -0.991439 0.000000 0.000000 0.000000 1.000000
0.023639 -0.086122 -0.996004 -0.053369 0.108879 0.990578 -0.083069 4.364392 0.993774 -0.106480 0.032794 -0.991439 0.000000 0.000000 0.000000 1.000000
0.028211 -0.085395 -0.995948 -0.053369 0.109085 0.990657 -0.081852 4.364392 0.993632 -0.106334 0.037262 -0.991439 0.000000 0.000000 0.000000 1.000000
0.032702 -0.084406 -0.995895 -0.053369 0.109286 0.990755 -0.080382 4.364392 0.993472 -0.106209 0.041625 -0.991439 0.000000 0.000000 0.000000 1.000000
0.037112 -0.083172 -0.995844 -0.053369 0.109483 0.990870 -0.078676 4.364392 0.993296 -0.106109 0.045879 -0.991439 0.000000 0.000000 0.000000 1.000000
0.041438 -0.081706 -0.995795 -0.053369 0.109676 0.991000 -0.076749 4.364392 0.993103 -0.106034 0.050026 -0.991439 0.000000 0.000000 0.000000 1.000000
0.045677 -0.080025 -0.995746 -0.053369 0.109864 0.991142 -0.074616 4.364392 0.992897 -0.105988 0.054065 -0.991439 0.000000 0.000000 0.000000 1.000000
0.049828 -0.078145 -0.995696 -0.053369 0.110047 0.991294 -0.072293 4.364392 0.992677 -0.105971 0.057993 -0.991439 0.000000 0.000000 0.000000 1.000000
0.053886 -0.076081 -0.995644 -0.053369 0.110226 0.991453 -0.069795 4.364392 0.992445 -0.105985 0.061812 -0.991439 0.000000 0.000000 0.000000 1.000000
0.057852 -0.073848 -0.995590 -0.053369 0.110400 0.991617 -0.067138 4.364392 0.992202 -0.106029 0.065519 -0.991439 0.000000 0.000000 0.000000 1.000000
0.061720 -0.071462 -0.995532 -0.053369 0.110569 0.991784 -0.064338 4.364392 0.991950 -0.106104 0.069115 -0.991439 0.000000 0.000000 0.000000 1.000000
0.065491 -0.068938 -0.995469 -0.053369 0.110733 0.991951 -0.061410 4.364392 0.991690 -0.106209 0.072598 -0.991439 0.000000 0.000000 0.000000 1.000000
0.069161 -0.066292 -0.995400 -0.053369 0.110892 0.992117 -0.058369 4.364392 0.991423 -0.106345 0.075967 -0.991439 0.000000 0.000000 0.000000 1.000000
0.072727 -0.063540 -0.995326 -0.053369 0.111046 0.992279 -0.055231 4.364392 0.991151 -0.106510 0.079222 -0.991439 0.000000 0.000000 0.000000 1.000000
0.076188 -0.060696 -0.995244 -0.053369 0.111195 0.992437 -0.052013 4.364392 0.990874 -0.106703 0.082361 -0.991439 0.000000 0.000000 0.000000 1.000000
0.079542 -0.057777 -0.995156 -0.053369 0.111339 0.992587 -0.048728 4.364392 0.990594 -0.106924 0.085385 -0.991439 0.000000 0.000000 0.000000 1.000000
0.082785 -0.054797 -0.995060 -0.053369 0.111478 0.992730 -0.045394 4.364392 0.990313 -0.107169 0.088292 -0.991439 0.000000 0.000000 0.000000 1.000000
0.085916 -0.051772 -0.994956 -0.053369 0.111612 0.992863 -0.042025 4.364392 0.990031 -0.107438 0.091081 -0.991439 0.000000 0.000000 0.000000 1.000000
0.088933 -0.048718 -0.994846 -0.053369 0.111740 0.992986 -0.038638 4.364392 0.989750 -0.107728 0.093752 -0.991439 0.000000 0.000000 0.000000 1.000000
0.091832 -0.045650 -0.994728 -0.053369 0.111863 0.993098 -0.035248 4.364392 0.989471 -0.108037 0.096305 -0.991439 0.000000 0.000000 0.000000 1.000000
0.094612 -0.042583 -0.994603 -0.053369 0.111981 0.993199 -0.031871 4.364392 0.989196 -0.108361 0.098737 -0.991439 0.000000 0.000000 0.000000 1.000000
0.097271 -0.039532 -0.994473 -0.053369 0.112094 0.993288 -0.028521 4.364392 0.988925 -0.108700 0.101049 -0.991439 0.000000 0.000000 0.000000 1.000000
0.099805 -0.036513 -0.994337 -0.053369 0.112201 0.993366 -0.025216 4.364392 0.988661 -0.109049 0.103240 -0.991439 0.000000 0.000000 0.000000 1.000000
0.102214 -0.033542 -0.994197 -0.053369 0.112302 0.993431 -0.021971 4.364392 0.988403 -0.109405 0.105310 -0.991439 0.000000 0.000000 0.000000 1.000000
0.104495 -0.030633 -0.994054 -0.053369 0.112398 0.993485 -0.018801 4.364392 0.988154 -0.109765 0.107257 -0.991439 0.000000 0.000000 0.000000 1.000000
0.106644 -0.027802 -0.993908 -0.053369 0.112489 0.993529 -0.015721 4.364392 0.987914 -0.110127 0.109082 -0.991439 0.000000 0.000000 0.000000 1.000000
0.108661 -0.025063 -0.993763 -0.053369 0.112574 0.993562 -0.012749 4.364392 0.987684 -0.110486 0.110783 -0.991439 0.000000 0.000000 0.000000 1.000000
0.110543 -0.022433 -0.993618 -0.053369 0.112653 0.993585 -0.009899 4.364392 0.987466 -0.110839 0.112361 -0.991439 0.000000 0.000000 0.000000 1.000000
0.112288 -0.019926 -0.993476 -0.053369 0.112726 0.993600 -0.007187 4.364392 0.987261 -0.111183 0.113815 -0.991439 0.000000 0.000000 0.000000 1.000000
0.113892 -0.017557 -0.993338 -0.053369 0.112793 0.993608 -0.004629 4.364392 0.987070 -0.111515 0.115145 -0.991439 0.000000 0.000000 0.000000 1.000000
0.115355 -0.015342 -0.993206 -0.053369 0.112855 0.993609 -0.002240 4.364392 0.986893 -0.111830 0.116349 -0.991439 0.000000 0.000000 0.000000 1.000000
0.116674 -0.013295 -0.993081 -0.053369 0.112910 0.993605 -0.000037 4.364392 0.986731 -0.112125 0.117429 -0.991439 0.000000 0.000000 0.000000 1.000000
0.117846 -0.011432 -0.992966 -0.053369 0.112960 0.993598 0.001967 4.364392 0.986586 -0.112397 0.118383 -0.991439 0.000000 0.000000 0.000000 1.000000
0.118869 -0.009768 -0.992862 -0.053369 0.113003 0.993588 0.003754 4.364392 0.986459 -0.112642 0.119210 -0.991439 0.000000 0.000000 0.000000 1.000000
0.119741 -0.008318 -0.992770 -0.053369 0.113040 0.993576 0.005309 4.364392 0.986349 -0.112858 0.119912 -0.991439 0.000000 0.000000 0.000000 1.000000
0.120460 -0.007097 -0.992693 -0.053369 0.113070 0.993565 0.006617 4.364392 0.986258 -0.113041 0.120487 -0.991439 0.000000 0.000000 0.000000 1.000000
0.121023 -0.006121 -0.992631 -0.053369 0.113094 0.993555 0.007662 4.364392 0.986186 -0.113188 0.120935 -0.991439 0.000000 0.000000 0.000000 1.000000
0.121428 -0.005404 -0.992586 -0.053369 0.113111 0.993547 0.008428 4.364392 0.986134 -0.113296 0.121256 -0.991439 0.000000 0.000000 0.000000 1.000000
0.121673 -0.004962 -0.992558 -0.053369 0.113122 0.993541 0.008901 4.364392 0.986103 -0.113363 0.121448 -0.991439 0.000000 0.000000 0.000000 1.000000
0.121755 -0.004809 -0.992549 -0.053369 0.113125 0.993539 0.009063 4.364392 0.986093 -0.113386 0.121512 -0.991439 0.000000 0.000000 0.000000 1.000000
0.121647 -0.004806 -0.992562 -0.053369 0.113127 0.993539 0.009054 4.364392 0.986106 -0.113386 0.121405 -0.991439 0.000000 0.000000 0.000000 1.000000
0.121328 -0.004804 -0.992601 -0.053369 0.113131 0.993539 0.009020 4.364392 0.986144 -0.113388 0.121087 -0.991439 0.000000 0.000000 0.000000 1.000000
0.120802 -0.004802 -0.992665 -0.053369 0.113138 0.993539 0.008962 4.364392 0.986208 -0.113391 0.120565 -0.991439 0.000000 0.000000 0.000000 1.000000
0.120076 -0.004800 -0.992753 -0.053369 0.113148 0.993538 0.008882 4.364392 0.986296 -0.113394 0.119843 -0.991439 0.000000 0.000000 0.000000 1.000000
0.119154 -0.004799 -0.992864 -0.053369 0.113160 0.993538 0.008778 4.364392 0.986406 -0.113398 0.118927 -0.991439 0.000000 0.000000 0.000000 1.000000
0.118042 -0.004797 -0.992997 -0.053369 0.113174 0.993537 0.008654 4.364392 0.986538 -0.113403 0.117822 -0.991439 0.000000 0.000000 0.000000 1.000000
0.116746 -0.004796 -0.993150 -0.053369 0.113191 0.993537 0.008508 4.364392 0.986691 -0.113409 0.116534 -0.991439 0.000000 0.000000 0.000000 1.000000
0.115270 -0.004795 -0.993323 -0.053369 0.113209 0.993536 0.008341 4.364392 0.986862 -0.113414 0.115068 -0.991439 0.000000 0.000000 0.000000 1.000000
0.113620 -0.004794 -0.993513 -0.053369 0.113229 0.993535 0.008155 4.364392 0.987051 -0.113421 0.113429 -0.991439 0.000000 0.000000 0.000000 1.000000
0.111802 -0.004794 -0.993719 -0.053369 0.113250 0.993535 0.007949 4.364392 0.987256 -0.113427 0.111622 -0.991439 0.000000 0.000000 0.000000 1.000000
0.109821 -0.004794 -0.993940 -0.053369 0.113272 0.993534 0.007724 4.364392 0.987476 -0.113434 0.109654 -0.991439 0.000000 0.000000 0.000000 1.000000
0.107682 -0.004793 -0.994174 -0.053369 0.113295 0.993533 0.007481 4.364392 0.987709 -0.113441 0.107528 -0.991439 0.000000 0.000000 0.000000 1.000000
0.105390 -0.004793 -0.994419 -0.053369 0.113319 0.993532 0.007221 4.364392 0.987953 -0.113448 0.105251 -0.991439 0.000000 0.000000 0.000000 1.000000
0.102951 -0.004793 -0.994675 -0.053369 0.113344 0.993532 0.006944 4.364392 0.988208 -0.113455 0.102829 -0.991439 0.000000 0.000000 0.000000 1.000000
0.100371 -0.004793 -0.994939 -0.053369 0.113368 0.993531 0.006650 4.364392 0.988470 -0.113462 0.100265 -0.991439 0.000000 0.000000 0.000000 1.000000
0.097654 -0.004794 -0.995209 -0.053369 0.113393 0.993530 0.006341 4.364392 0.988739 -0.113469 0.097566 -0.991439 0.000000 0.000000 0.000000 1.000000
0.094806 -0.004794 -0.995484 -0.053369 0.113417 0.993529 0.006017 4.364392 0.989014 -0.113475 0.094737 -0.991439 0.000000 0.000000 0.000000 1.000000
0.091833 -0.004795 -0.995763 -0.053369 0.113441 0.993529 0.005678 4.364392 0.989292 -0.113482 0.091783 -0.991439 0.000000 0.000000 0.000000 1.000000
0.088740 -0.004795 -0.996043 -0.053369 0.113464 0.993528 0.005326 4.364392 0.989571 -0.113487 0.088710 -0.991439 0.000000 0.000000 0.000000 1.000000
0.085532 -0.004796 -0.996324 -0.053369 0.113486 0.993527 0.004960 4.364392 0.989851 -0.113493 0.085522 -0.991439 0.000000 0.000000 0.000000 1.000000
0.082214 -0.004796 -0.996603 -0.053369 0.113507 0.993527 0.004582 4.364392 0.990130 -0.113498 0.082226 -0.991439 0.000000 0.000000 0.000000 1.000000
0.078793 -0.004797 -0.996879 -0.053369 0.113526 0.993526 0.004192 4.364392 0.990406 -0.113502 0.078827 -0.991439 0.000000 0.000000 0.000000 1.000000
0.075273 -0.004798 -0.997151 -0.053369 0.113544 0.993526 0.003791 4.364392 0.990677 -0.113506 0.075330 -0.991439 0.000000 0.000000 0.000000 1.000000
0.071660 -0.004799 -0.997418 -0.053369 0.113560 0.993525 0.003379 4.364392 0.990944 -0.113508 0.071741 -0.991439 0.000000 0.000000 0.000000 1.000000
0.067959 -0.004800 -0.997677 -0.053369 0.113573 0.993525 0.002956 4.364392 0.991203 -0.113510 0.068064 -0.991439 0.000000 0.000000 0.000000 1.000000
0.064176 -0.004801 -0.997927 -0.053369 0.113585 0.993525 0.002525 4.364392 0.991453 -0.113512 0.064306 -0.991439 0.000000 0.000000 0.000000 1.000000
0.060317 -0.004801 -0.998168 -0.053369 0.113594 0.993525 0.002085 4.364392 0.991695 -0.113512 0.060472 -0.991439 0.000000 0.000000 0.000000 1.000000
0.056386 -0.004802 -0.998397 -0.053369 0.113600 0.993525 0.001637 4.364392 0.991925 -0.113511 0.056567 -0.991439 0.000000 0.000000 0.000000 1.000000
0.052390 -0.004803 -0.998615 -0.053369 0.113604 0.993525 0.001182 4.364392 0.992144 -0.113508 0.052597 -0.991439 0.000000 0.000000 0.000000 1.000000
0.048334 -0.004804 -0.998820 -0.053369 0.113604 0.993526 0.000719 4.364392 0.992350 -0.113505 0.048567 -0.991439 0.000000 0.000000 0.000000 1.000000
0.044223 -0.004805 -0.999010 -0.053369 0.113602 0.993526 0.000251 4.364392 0.992542 -0.113500 0.044482 -0.991439 0.000000 0.000000 0.000000 1.000000
0.040063 -0.004805 -0.999186 -0.053369 0.113596 0.993527 -0.000223 4.364392 0.992719 -0.113494 0.040349 -0.991439 0.000000 0.000000 0.000000 1.000000
0.035859 -0.004806 -0.999345 -0.053369 0.113586 0.993528 -0.000702 4.364392 0.992881 -0.113487 0.036173 -0.991439 0.000000 0.000000 0.000000 1.000000
0.031618 -0.004807 -0.999488 -0.053369 0.113573 0.993529 -0.001185 4.364392 0.993026 -0.113477 0.031959 -0.991439 0.000000 0.000000 0.000000 1.000000
0.027344 -0.004807 -0.999615 -0.053369 0.113556 0.993530 -0.001672 4.364392 0.993155 -0.113467 0.027713 -0.991439 0.000000 0.000000 0.000000 1.000000
0.023043 -0.004808 -0.999723 -0.053369 0.113535 0.993532 -0.002161 4.364392 0.993267 -0.113454 0.023440 -0.991439 0.000000 0.000000 0.000000 1.000000
0.018721 -0.004808 -0.999813 -0.053369 0.113511 0.993533 -0.002652 4.364392 0.993360 -0.113440 0.019145 -0.991439 0.000000 0.000000 0.000000 1.000000
0.014383 -0.004808 -0.999885 -0.053369 0.113482 0.993535 -0.003146 4.364392 0.993436 -0.113424 0.014835 -0.991439 0.000000 0.000000 0.000000 1.000000
0.010034 -0.004809 -0.999938 -0.053369 0.113449 0.993537 -0.003639 4.364392 0.993493 -0.113406 0.010515 -0.991439 0.000000 0.000000 0.000000 1.000000
0.005682 -0.004809 -0.999972 -0.053369 0.113412 0.993539 -0.004133 4.364392 0.993532 -0.113386 0.006190 -0.991439 0.000000 0.000000 0.000000 1.000000
0.001130 -0.004887 -0.999987 -0.053369 0.113347 0.993544 -0.004727 4.364392 0.993555 -0.113340 0.001677 -0.991439 0.000000 0.000000 0.000000 1.000000
-0.003800 -0.005118 -0.999980 -0.053369 0.113230 0.993553 -0.005515 4.364392 0.993561 -0.113249 -0.003196 -0.991439 0.000000 0.000000 0.000000 1.000000
-0.009086 -0.005495 -0.999944 -0.053369 0.113065 0.993566 -0.006487 4.364392 0.993546 -0.113117 -0.008407 -0.991439 0.000000 0.000000 0.000000 1.000000
-0.014703 -0.006013 -0.999874 -0.053369 0.112852 0.993583 -0.007634 4.364392 0.993503 -0.112950 -0.013930 -0.991439 0.000000 0.000000 0.000000 1.000000
-0.020627 -0.006665 -0.999765 -0.053369 0.112593 0.993601 -0.008947 4.364392 0.993427 -0.112751 -0.019745 -0.991439 0.000000 0.000000 0.000000 1.000000
-0.026833 -0.007447 -0.999612 -0.053369 0.112291 0.993621 -0.010417 4.364392 0.993313 -0.112527 -0.025825 -0.991439 0.000000 0.000000 0.000000 1.000000
-0.033296 -0.008351 -0.999411 -0.053369 0.111947 0.993641 -0.012033 4.364392 0.993156 -0.112282 -0.032149 -0.991439 0.000000 0.000000 0.000000 1.000000
-0.039992 -0.009372 -0.999156 -0.053369 0.111565 0.993662 -0.013786 4.364392 0.992952 -0.112022 -0.038693 -0.991439 0.000000 0.000000 0.000000 1.000000
-0.046897 -0.010504 -0.998844 -0.053369 0.111145 0.993681 -0.015668 4.364392 0.992697 -0.111751 -0.045433 -0.991439 0.000000 0.000000 0.000000 1.000000
-0.053986 -0.011741 -0.998473 -0.053369 0.110690 0.993698 -0.017669 4.364392 0.992388 -0.111475 -0.052346 -0.991439 0.000000 0.000000 0.000000 1.000000
-0.061233 -0.013076 -0.998038 -0.053369 0.110202 0.993712 -0.019780 4.364392 0.992021 -0.111197 -0.059407 -0.991439 0.000000 0.000000 0.000000 1.000000
-0.068616 -0.014503 -0.997538 -0.053369 0.109684 0.993723 -0.021992 4.364392 0.991595 -0.110923 -0.066594 -0.991439 0.000000 0.000000 0.000000 1.000000
-0.076107 -0.016016 -0.996971 -0.053369 0.109139 0.993730 -0.024296 4.364392 0.991109 -0.110657 -0.073882 -0.991439 0.000000 0.000000 0.000000 1.000000
-0.083684 -0.017609 -0.996337 -0.053369 0.108568 0.993731 -0.026682 4.364392 0.990560 -0.110403 -0.081248 -0.991439 0.000000 0.000000 0.000000 1.000000
-0.091321 -0.019277 -0.995635 -0.053369 0.107974 0.993726 -0.029143 4.364392 0.989950 -0.110164 -0.088667 -0.991439 0.000000 0.000000 0.000000 1.000000
-0.098994 -0.021011 -0.994866 -0.053369 0.107361 0.993716 -0.031669 4.364392 0.989279 -0.109945 -0.096117 -0.991439 0.000000 0.000000 0.000000 1.000000
-0.106679 -0.022806 -0.994032 -0.053369 0.106730 0.993698 -0.034253 4.364392 0.988549 -0.109747 -0.103572 -0.991439 0.000000 0.000000 0.000000 1.000000
-0.114349 -0.024657 -0.993135 -0.053369 0.106085 0.993673 -0.036885 4.364392 0.987760 -0.109575 -0.111010 -0.991439 0.000000 0.000000 0.000000 1.000000
-0.121982 -0.026556 -0.992177 -0.053369 0.105429 0.993640 -0.039557 4.364392 0.986917 -0.109430 -0.118407 -0.991439 0.000000 0.000000 0.000000 1.000000
-0.129554 -0.028498 -0.991163 -0.053369 0.104765 0.993599 -0.042262 4.364392 0.986022 -0.109314 -0.125739 -0.991439 0.000000 0.000000 0.000000 1.000000
-0.137038 -0.030477 -0.990097 -0.053369 0.104095 0.993549 -0.044990 4.364392 0.985081 -0.109229 -0.132982 -0.991439 0.000000 0.000000 0.000000 1.000000
-0.144413 -0.032486 -0.988984 -0.053369 0.103422 0.993491 -0.047736 4.364392 0.984098 -0.109177 -0.140113 -0.991439 0.000000 0.000000 0.000000 1.000000
-0.151653 -0.034520 -0.987831 -0.053369 0.102751 0.993425 -0.050490 4.364392 0.983079 -0.109158 -0.147109 -0.991439 0.000000 0.000000 0.000000 1.000000
-0.158734 -0.036573 -0.986644 -0.053369 0.102084 0.993350 -0.053245 4.364392 0.982030 -0.109172 -0.153945 -0.991439 0.000000 0.000000 0.000000 1.000000
-0.165634 -0.038639 -0.985430 -0.053369 0.101424 0.993266 -0.055994 4.364392 0.980958 -0.109221 -0.160600 -0.991439 0.000000 0.000000 0.000000 1.000000
-0.172329 -0.040713 -0.984198 -0.053369 0.100775 0.993174 -0.058730 4.364392 0.979871 -0.109303 -0.167050 -0.991439 0.000000 0.000000 0.000000 1.000000
-0.178795 -0.042790 -0.982955 -0.053369 0.100139 0.993074 -0.061445 4.364392 0.978777 -0.109419 -0.173272 -0.991439 0.000000 0.000000 0.000000 1.000000
-0.185009 -0.044863 -0.981712 -0.053369 0.099521 0.992967 -0.064132 4.364392 0.977685 -0.109566 -0.179243 -0.991439 0.000000 0.000000 0.000000 1.000000
-0.190947 -0.046927 -0.980478 -0.053369 0.098923 0.992851 -0.066785 4.364392 0.976603 -0.109745 -0.184940 -0.991439 0.000000 0.000000 0.000000 1.000000
-0.196588 -0.048978 -0.979262 -0.053369 0.098350 0.992729 -0.069396 4.364392 0.975541 -0.109952 -0.190341 -0.991439 0.000000 0.000000 0.000000 1.000000
-0.201907 -0.051011 -0.978075 -0.053369 0.097803 0.992601 -0.071959 4.364392 0.974509 -0.110188 -0.195424 -0.991439 0.000000 0.000000 0.000000 1.000000
-0.206883 -0.053021 -0.976928 -0.053369 0.097287 0.992467 -0.074466 4.364392 0.973517 -0.110448 -0.200166 -0.991439 0.000000 0.000000 0.000000 1.000000
-0.211492 -0.055002 -0.975831 -0.053369 0.096804 0.992327 -0.076912 4.364392 0.972574 -0.110731 -0.204545 -0.991439 0.000000 0.000000 0.000000 1.000000
-0.215713 -0.056950 -0.974795 -0.053369 0.096359 0.992183 -0.079290 4.364392 0.971691 -0.111034 -0.208539 -0.991439 0.000000 0.000000 0.000000 1.000000
-0.219522 -0.058862 -0.973830 -0.053369 0.095954 0.992036 -0.081593 4.364392 0.970877 -0.111354 -0.212125 -0.991439 0.000000 0.000000 0.000000 1.000000
-0.222896 -0.060732 -0.972949 -0.053369 0.095593 0.991886 -0.083813 4.364392 0.970144 -0.111689 -0.215282 -0.991439 0.000000 0.000000 0.000000 1.000000
-0.225814 -0.062555 -0.972160 -0.053369 0.095279 0.991733 -0.085946 4.364392 0.969500 -0.112034 -0.217987 -0.991439 0.000000 0.000000 0.000000 1.000000
-0.228253 -0.064329 -0.971474 -0.053369 0.095014 0.991580 -0.087984 4.364392 0.968955 -0.112387 -0.220219 -0.991439 0.000000 0.000000 0.000000 1.000000
-0.230190 -0.066047 -0.970902 -0.053369 0.094804 0.991427 -0.089920 4.364392 0.968517 -0.112744 -0.221955 -0.991439 0.000000 0.000000 0.000000 1.000000
-0.231602 -0.067707 -0.970452 -0.053369 0.094649 0.991274 -0.091748 4.364392 0.968195 -0.113101 -0.223172 -0.991439 0.000000 0.000000 0.000000 1.000000
-0.232466 -0.069303 -0.970132 -0.053369 0.094554 0.991123 -0.093459 4.364392 0.967998 -0.113456 -0.223849 -0.991439 0.000000 0.000000 0.000000 1.000000
-0.232759 -0.070831 -0.969952 -0.053369 0.094522 0.990975 -0.095049 4.364392 0.967930 -0.113805 -0.223963 -0.991439 0.000000 0.000000 0.000000 1.000000
-0.232714 -0.072365 -0.969849 -0.053369 0.094561 0.990819 -0.096619 4.364392 0.967937 -0.114194 -0.223734 -0.991439 0.000000 0.000000 0.000000 1.000000
-0.232579 -0.073973 -0.969760 -0.053369 0.094674 0.990646 -0.098272 4.364392 0.967959 -0.114667 -0.223400 -0.991439 0.000000 0.000000 0.000000 1.000000
-0.232358 -0.075645 -0.969684 -0.053369 0.094857 0.990456 -0.099995 4.364392 0.967994 -0.115216 -0.222965 -0.991439 0.000000 0.000000 0.000000 1.000000
-0.232053 -0.077370 -0.969621 -0.053369 0.095105 0.990251 -0.101777 4.364392 0.968043 -0.115833 -0.222432 -0.991439 0.000000 0.000000 0.000000 1.000000
-0.231665 -0.079140 -0.969571 -0.053369 0.095412 0.990031 -0.103607 4.364392 0.968105 -0.116511 -0.221805 -0.991439 0.000000 0.000000 0.000000 1.000000
-0.231198 -0.080943 -0.969534 -0.053369 0.095774 0.989799 -0.105473 4.364392 0.968181 -0.117241 -0.221087 -0.991439 0.000000 0.000000 0.000000 1.000000
-0.230653 -0.082769 -0.969509 -0.053369 0.096186 0.989556 -0.107364 4.364392 0.968270 -0.118017 -0.220283 -0.991439 0.000000 0.000000 0.000000 1.000000
-0.230033 -0.084609 -0.969498 -0.053369 0.096642 0.989303 -0.109268 4.364392 0.968372 -0.118830 -0.219396 -0.991439 0.000000 0.000000 0.000000 1.000000
-0.229340 -0.086451 -0.969499 -0.053369 0.097139 0.989042 -0.111172 4.364392 0.968487 -0.119673 -0.218429 -0.991439 0.000000 0.000000 0.000000 1.000000
-0.228577 -0.088286 -0.969514 -0.053369 0.097671 0.988775 -0.113067 4.364392 0.968614 -0.120538 -0.217388 -0.991439 0.000000 0.000000 0.000000 1.000000
-0.227746 -0.090103 -0.969543 -0.053369 0.098234 0.988503 -0.114940 4.364392 0.968753 -0.121419 -0.216276 -0.991439 0.000000 0.000000 0.000000 1.000000
-0.226848 -0.091892 -0.969585 -0.053369 0.098821 0.988229 -0.116779 4.364392 0.968904 -0.122307 -0.215097 -0.991439 0.000000 0.000000 0.000000 1.000000
-0.225888 -0.093643 -0.969642 -0.053369 0.099429 0.987954 -0.118575 4.364392 0.969066 -0.123195 -0.213856 -0.991439 0.000000 0.000000 0.000000 1.000000
-0.224866 -0.095346 -0.969714 -0.053369 0.100053 0.987681 -0.120314 4.364392 0.969239 -0.124077 -0.212556 -0.991439 0.000000 0.000000 0.000000 1.000000
-0.223785 -0.096990 -0.969801 -0.053369 0.100687 0.987412 -0.121985 4.364392 0.969424 -0.124945 -0.211202 -0.991439 0.000000 0.000000 0.000000 1.000000
-0.222647 -0.098566 -0.969904 -0.053369 0.101326 0.987148 -0.123578 4.364392 0.969619 -0.125791 -0.209798 -0.991439 0.000000 0.000000 0.000000 1.000000
-0.221455 -0.100061 -0.970023 -0.053369 0.101967 0.986893 -0.125080 4.364392 0.969825 -0.126610 -0.208350 -0.991439 0.000000 0.000000 0.000000 1.000000
-0.220211 -0.101468 -0.970160 -0.053369 0.102603 0.986648 -0.126481 4.364392 0.970041 -0.127394 -0.206860 -0.991439 0.000000 0.000000 0.000000 1.000000
-0.218917 -0.102774 -0.970316 -0.053369 0.103229 0.986417 -0.127770 4.364392 0.970267 -0.128136 -0.205334 -0.991439 0.000000 0.000000 0.000000 1.000000
-0.217576 -0.103971 -0.970490 -0.053369 0.103842 0.986201 -0.128935 4.364392 0.970504 -0.128831 -0.203777 -0.991439 0.000000 0.000000 0.000000 1.000000
-0.216190 -0.105047 -0.970684 -0.053369 0.104435 0.986003 -0.129964 4.364392 0.970750 -0.129471 -0.202194 -0.991439 0.000000 0.000000 0.000000 1.000000
-0.214761 -0.105992 -0.970898 -0.053369 0.105005 0.985826 -0.130848 4.364392 0.971006 -0.130050 -0.200587 -0.991439 0.000000 0.000000 0.000000 1.000000
-0.213292 -0.106795 -0.971134 -0.053369 0.105545 0.985672 -0.131575 4.364392 0.971271 -0.130562 -0.198964 -0.991439 0.000000 0.000000 0.000000 1.000000
-0.211784 -0.107446 -0.971392 -0.053369 0.106051 0.985543 -0.132133 4.364392 0.971546 -0.131001 -0.197327 -0.991439 0.000000 0.000000 0.000000 1.000000
-0.210241 -0.107936 -0.971673 -0.053369 0.106518 0.985441 -0.132512 4.364392 0.971830 -0.131360 -0.195683 -0.991439 0.000000 0.000000 0.000000 1.000000
-0.208664 -0.108252 -0.971978 -0.053369 0.106941 0.985370 -0.132702 4.364392 0.972123 -0.131635 -0.194034 -0.991439 0.000000 0.000000 0.000000 1.000000
-0.207056 -0.108385 -0.972307 -0.053369 0.107315 0.985331 -0.132690 4.364392 0.972426 -0.131818 -0.192387 -0.991439 0.000000 0.000000 0.000000 1.000000
-0.205372 -0.108424 -0.972660 -0.053369 0.107662 0.985310 -0.132566 4.364392 0.972744 -0.131944 -0.190682 -0.991439 0.000000 0.000000 0.000000 1.000000
-0.203572 -0.108464 -0.973033 -0.053369 0.108005 0.985291 -0.132427 4.364392 0.973084 -0.132051 -0.188863 -0.991439 0.000000 0.000000 0.000000 1.000000
-0.201665 -0.108503 -0.973426 -0.053369 0.108346 0.985275 -0.132269 4.364392 0.973444 -0.132141 -0.186939 -0.991439 0.000000 0.000000 0.000000 1.000000
-0.199658 -0.108538 -0.973836 -0.053369 0.108682 0.985261 -0.132093 4.364392 0.973820 -0.132212 -0.184919 -0.991439 0.000000 0.000000 0.000000 1.000000
-0.197559 -0.108568 -0.974260 -0.053369 0.109014 0.985251 -0.131898 4.364392 0.974211 -0.132265 -0.182810 -0.991439 0.000000 0.000000 0.000000 1.000000
-0.195378 -0.108591 -0.974698 -0.053369 0.109340 0.985243 -0.131683 4.364392 0.974614 -0.132302 -0.180621 -0.991439 0.000000 0.000000 0.000000 1.000000
-0.193122 -0.108605 -0.975146 -0.053369 0.109661 0.985239 -0.131447 4.364392 0.975027 -0.132321 -0.178361 -0.991439 0.000000 0.000000 0.000000 1.000000
-0.190799 -0.108609 -0.975602 -0.053369 0.109975 0.985238 -0.131189 4.364392 0.975449 -0.132323 -0.176039 -0.991439 0.000000 0.000000 0.000000 1.000000
-0.188418 -0.108599 -0.976066 -0.053369 0.110282 0.985241 -0.130909 4.364392 0.975877 -0.132308 -0.173661 -0.991439 0.000000 0.000000 0.000000 1.000000
-0.185988 -0.108575 -0.976535 -0.053369 0.110582 0.985248 -0.130605 4.364392 0.976309 -0.132278 -0.171238 -0.991439 0.000000 0.000000 0.000000 1.000000
-0.183516 -0.108535 -0.977007 -0.053369 0.110873 0.985259 -0.130277 4.364392 0.976744 -0.132232 -0.168777 -0.991439 0.000000 0.000000 0.000000 1.000000
-0.181011 -0.108475 -0.977480 -0.053369 0.111156 0.985274 -0.129924 4.364392 0.977179 -0.132170 -0.166288 -0.991439 0.000000 0.000000 0.000000 1.000000
-0.178482 -0.108396 -0.977954 -0.053369 0.111429 0.985293 -0.129545 4.364392 0.977613 -0.132094 -0.163778 -0.991439 0.000000 0.000000 0.000000 1.000000
-0.175936 -0.108294 -0.978427 -0.053369 0.111692 0.985316 -0.129140 4.364392 0.978045 -0.132003 -0.161257 -0.991439 0.000000 0.000000 0.000000 1.000000
-0.173382 -0.108168 -0.978896 -0.053369 0.111945 0.985344 -0.128708 4.364392 0.978472 -0.131898 -0.158732 -0.991439 0.000000 0.000000 0.000000 1.000000
-0.170829 -0.108016 -0.979362 -0.053369 0.112187 0.985376 -0.128248 4.364392 0.978893 -0.131780 -0.156213 -0.991439 0.000000 0.000000 0.000000 1.000000
-0.168285 -0.107836 -0.979822 -0.053369 0.112417 0.985414 -0.127759 4.364392 0.979307 -0.131649 -0.153708 -0.991439 0.000000 0.000000 0.000000 1.000000
-0.165759 -0.107627 -0.980276 -0.053369 0.112635 0.985456 -0.127242 4.364392 0.979713 -0.131505 -0.151225 -0.991439 0.000000 0.000000 0.000000 1.000000
-0.163258 -0.107386 -0.980722 -0.053369 0.112841 0.985503 -0.126694 4.364392 0.980109 -0.131349 -0.148774 -0.991439 0.000000 0.000000 0.000000 1.000000
-0.160792 -0.107111 -0.981159 -0.053369 0.113033 0.985555 -0.126115 4.364392 0.980494 -0.131182 -0.146362 -0.991439 0.000000 0.000000 0.000000 1.000000
-0.158369 -0.106802 -0.981587 -0.053369 0.113212 0.985612 -0.125505 4.364392 0.980868 -0.131004 -0.143999 -0.991439 0.000000 0.000000 0.000000 1.000000
-0.155997 -0.106455 -0.982004 -0.053369 0.113377 0.985675 -0.124863 4.364392 0.981229 -0.130815 -0.141693 -0.991439 0.000000 0.000000 0.000000 1.000000
-0.153686 -0.106069 -0.982410 -0.053369 0.113527 0.985743 -0.124189 4.364392 0.981576 -0.130616 -0.139453 -0.991439 0.000000 0.000000 0.000000 1.000000
-0.151443 -0.105643 -0.982804 -0.053369 0.113662 0.985816 -0.123481 4.364392 0.981909 -0.130408 -0.137287 -0.991439 0.000000 0.000000 0.000000 1.000000
-0.149277 -0.105175 -0.983186 -0.053369 0.113782 0.985895 -0.122740 4.364392 0.982227 -0.130191 -0.135204 -0.991439 0.000000 0.000000 0.000000 1.000000
-0.147196 -0.104662 -0.983554 -0.053369 0.113885 0.985979 -0.121963 4.364392 0.982529 -0.129965 -0.133213 -0.991439 0.000000 0.000000 0.000000 1.000000
-0.145210 -0.104103 -0.983909 -0.053369 0.113972 0.986069 -0.121152 4.364392 0.982814 -0.129731 -0.131323 -0.991439 0.000000 0.000000 0.000000 1.000000
-0.143327 -0.103496 -0.984249 -0.053369 0.114042 0.986165 -0.120305 4.364392 0.983083 -0.129489 -0.129541 -0.991439 0.000000 0.000000 0.000000 1.000000
-0.141555 -0.102840 -0.984574 -0.053369 0.114095 0.986266 -0.119421 4.364392 0.983333 -0.129240 -0.127877 -0.991439 0.000000 0.000000 0.000000 1.000000
-0.139903 -0.102133 -0.984884 -0.053369 0.114130 0.986373 -0.118500 4.364392 0.983566 -0.128983 -0.126340 -0.991439 0.000000 0.000000 0.000000 1.000000
-0.138314 -0.101326 -0.985191 -0.053369 0.114156 0.986491 -0.117487 4.364392 0.983787 -0.128715 -0.124879 -0.991439 0.000000 0.000000 0.000000 1.000000
-0.136729 -0.100380 -0.985510 -0.053369 0.114181 0.986625 -0.116335 4.364392 0.984006 -0.128433 -0.123438 -0.991439 0.000000 0.000000 0.000000 1.000000
-0.135148 -0.099302 -0.985837 -0.053369 0.114206 0.986772 -0.115053 4.364392 0.984222 -0.128137 -0.122020 -0.991439 0.000000 0.000000 0.000000 1.000000
-0.133575 -0.098102 -0.986171 -0.053369 0.114230 0.986932 -0.113650 4.364392 0.984433 -0.127831 -0.120624 -0.991439 0.000000 0.000000 0.000000 1.000000
-0.132012 -0.096789 -0.986511 -0.053369 0.114254 0.987103 -0.112136 4.364392 0.984641 -0.127516 -0.119251 -0.991439 0.000000 0.000000 0.000000 1.000000
-0.130461 -0.095371 -0.986856 -0.053369 0.114277 0.987282 -0.110520 4.364392 0.984846 -0.127193 -0.117904 -0.991439 0.000000 0.000000 0.000000 1.000000
-0.128925 -0.093859 -0.987203 -0.053369 0.114299 0.987469 -0.108811 4.364392 0.985045 -0.126864 -0.116581 -0.991439 0.000000 0.000000 0.000000 1.000000
-0.127405 -0.092261 -0.987550 -0.053369 0.114320 0.987663 -0.107020 4.364392 0.985241 -0.126531 -0.115286 -0.991439 0.000000 0.000000 0.000000 1.000000
-0.125904 -0.090586 -0.987898 -0.053369 0.114340 0.987861 -0.105155 4.364392 0.985431 -0.126196 -0.114018 -0.991439 0.000000 0.000000 0.000000 1.000000
-0.124424 -0.088842 -0.988244 -0.053369 0.114359 0.988062 -0.103224 4.364392 0.985617 -0.125858 -0.112779 -0.991439 0.000000 0.000000 0.000000 1.000000
-0.122968 -0.087040 -0.988586 -0.053369 0.114377 0.988265 -0.101239 4.364392 0.985798 -0.125521 -0.111570 -0.991439 0.000000 0.000000 0.000000 1.000000
-0.121538 -0.085189 -0.988924 -0.053369 0.114394 0.988469 -0.099209 4.364392 0.985973 -0.125185 -0.110391 -0.991439 0.000000 0.000000 0.000000 1.000000
-0.120135 -0.083297 -0.989257 -0.053369 0.114410 0.988673 -0.097142 4.364392 0.986143 -0.124851 -0.109244 -0.991439 0.000000 0.000000 0.000000 1.000000
-0.118763 -0.081374 -0.989583 -0.053369 0.114424 0.988875 -0.095048 4.364392 0.986308 -0.124520 -0.108131 -0.991439 0.000000 0.000000 0.000000 1.000000
-0.117424 -0.079428 -0.989900 -0.053369 0.114437 0.989074 -0.092937 4.364392 0.986466 -0.124194 -0.107051 -0.991439 0.000000 0.000000 0.000000 1.000000
-0.116119 -0.077470 -0.990209 -0.053369 0.114448 0.989269 -0.090817 4.364392 0.986619 -0.123873 -0.106007 -0.991439 0.000000 0.000000 0.000000 1.000000
-0.114852 -0.075508 -0.990509 -0.053369 0.114458 0.989460 -0.088699 4.364392 0.986767 -0.123559 -0.104999 -0.991439 0.000000 0.000000 0.000000 1.000000
-0.113624 -0.073551 -0.990798 -0.053369 0.114466 0.989646 -0.086592 4.364392 0.986908 -0.123252 -0.104028 -0.991439 0.000000 0.000000 0.000000 1.000000
-0.112438 -0.071609 -0.991075 -0.053369 0.114473 0.989826 -0.084505 4.364392 0.987043 -0.122953 -0.103097 -0.991439 0.000000 0.000000 0.000000 1.000000
-0.111296 -0.069691 -0.991341 -0.053369 0.114478 0.989999 -0.082449 4.364392 0.987172 -0.122663 -0.102205 -0.991439 0.000000 0.000000 0.000000 1.000000
-0.110200 -0.067806 -0.991594 -0.053369 0.114481 0.990164 -0.080431 4.364392 0.987294 -0.122382 -0.101354 -0.991439 0.000000 0.000000 0.000000 1.000000
-0.109154 -0.065963 -0.991834 -0.053369 0.114482 0.990322 -0.078462 4.364392 0.987410 -0.122112 -0.100546 -0.991439 0.000000 0.000000 0.000000 1.000000
-0.108158 -0.064172 -0.992060 -0.053369 0.114481 0.990472 -0.076551 4.364392 0.987520 -0.121852 -0.099781 -0.991439 0.000000 0.000000 0.000000 1.000000
-0.107215 -0.062442 -0.992273 -0.053369 0.114479 0.990613 -0.074707 4.364392 0.987623 -0.121604 -0.099060 -0.991439 0.000000 0.000000 0.000000 1.000000
-0.106328 -0.060783 -0.992472 -0.053369 0.114474 0.990745 -0.072941 4.364392 0.987720 -0.121368 -0.098386 -0.991439 0.000000 0.000000 0.000000 1.000000
