<?xml version="1.0" encoding="utf-8"?>
<COLLADA xmlns="http://www.collada.org/2005/11/COLLADASchema" version="1.4.1">
  <asset><contributor><author></author><authoring_tool>FBX COLLADA exporter</authoring_tool><comments></comments></contributor><created>2020-02-03T12:29:33Z</created><keywords></keywords><modified>2020-02-03T12:29:33Z</modified><revision></revision><subject></subject><title></title><unit meter="0.010000" name="centimeter"></unit><up_axis>Y_UP</up_axis></asset>
  <library_animations>
    <animation id="root_jnt-anim" name="root_jnt"><animation><source id="root_jnt-Matrix-animation-input"><float_array id="root_jnt-Matrix-animation-input-array" count="121">

0.000000 0.033333 0.066667 0.100000 0.133333 0.166667 0.200000 0.233333 0.266667 0.300000 0.333333 0.366667 0.400000 0.433333 0.466667 0.500000
0.533333 0.566667 0.600000 0.633333 0.666667 0.700000 0.733333 0.766667 0.800000 0.833333 0.866667 0.900000 0.933333 0.966667 1.000000 1.033333
1.066667 1.100000 1.133333 1.166667 1.200000 1.233333 1.266667 1.300000 1.333333 1.366667 1.400000 1.433333 1.466667 1.500000 1.533333 1.566667
1.600000 1.633333 1.666667 1.700000 1.733333 1.766667 1.800000 1.833333 1.866667 1.900000 1.933333 1.966667 2.000000 2.033333 2.066667 2.100000
2.133333 2.166667 2.200000 2.233333 2.266667 2.300000 2.333333 2.366667 2.400000 2.433333 2.466667 2.500000 2.533333 2.566667 2.600000 2.633333
2.666667 2.700000 2.733333 2.766667 2.800000 2.833333 2.866667 2.900000 2.933333 2.966667 3.000000 3.033333 3.066667 3.100000 3.133333 3.166667
3.200000 3.233333 3.266667 3.300000 3.333333 3.366667 3.400000 3.433333 3.466667 3.500000 3.533333 3.566667 3.600000 3.633333 3.666667 3.700000
3.733333 3.766667 3.800000 3.833333 3.866667 3.900000 3.933333 3.966667 4.000000</float_array><technique_common><accessor source="#root_jnt-Matrix-animation-input-array" count="121"><param name="TIME" type="float"/></accessor></technique_common></source><source id="root_jnt-Matrix-animation-output-transform"><float_array id="root_jnt-Matrix-animation-output-transform-array" count="1936">

-0.232759 -0.070831 -0.969952 -0.053369 0.094522 0.990975 -0.095049 4.364392 0.967930 -0.113805 -0.223963 -0.991439 0.000000 0.000000 0.000000 1.000000
-0.232759 -0.070831 -0.969952 -0.055056 0.092419 0.991220 -0.094562 4.365714 0.968133 -0.111652 -0.224169 -0.983976 0.000000 0.000000 0.000000 1.000000
-0.232759 -0.070831 -0.969952 -0.059802 0.086500 0.991884 -0.093190 4.369434 0.968680 -0.105592 -0.224743 -0.962978 0.000000 0.000000 0.000000 1.000000
-0.232759 -0.070831 -0.969952 -0.067137 0.077346 0.992837 -0.091063 4.375184 0.969454 -0.096218 -0.225613 -0.930525 0.000000 0.000000 0.000000 1.000000
-0.232759 -0.070831 -0.969952 -0.076590 0.065539 0.993935 -0.088310 4.382594 0.970324 -0.084124 -0.226705 -0.888701 0.000000 0.000000 0.000000 1.000000
-0.232759 -0.070831 -0.969952 -0.087690 0.051661 0.995036 -0.085060 4.391294 0.971161 -0.069907 -0.227944 -0.839588 0.000000 0.000000 0.000000 1.000000
-0.232759 -0.070831 -0.969952 -0.099967 0.036300 0.996017 -0.081446 4.400918 0.971857 -0.054167 -0.229260 -0.785269 0.000000 0.000000 0.000000 1.000000
-0.232759 -0.070831 -0.969952 -0.112950 0.020046 0.996783 -0.077601 4.411095 0.972328 -0.037506 -0.230590 -0.727826 0.000000 0.000000 0.000000 1.000000
-0.232759 -0.070831 -0.969952 -0.126169 0.003492 0.997277 -0.073665 4.421456 0.972528 -0.020533 -0.231878 -0.669342 0.000000 0.000000 0.000000 1.000000
-0.232759 -0.070831 -0.969952 -0.139152 -0.012768 0.997481 -0.069778 4.431633 0.972451 -0.003857 -0.233077 -0.611900 0.000000 0.000000 0.000000 1.000000
-0.232759 -0.070831 -0.969952 -0.151429 -0.028142 0.997417 -0.066084 4.441257 0.972127 0.011914 -0.234151 -0.557580 0.000000 0.000000 0.000000 1.000000
-0.232759 -0.070831 -0.969952 -0.162529 -0.042035 0.997145 -0.062730 4.449958 0.971626 0.026171 -0.235072 -0.508468 0.000000 0.000000 0.000000 1.000000
-0.232759 -0.070831 -0.969952 -0.171982 -0.053860 0.996752 -0.059864 4.457368 0.971042 0.038308 -0.235818 -0.466644 0.000000 0.000000 0.000000 1.000000
-0.232759 -0.070831 -0.969952 -0.179317 -0.063030 0.996346 -0.057633 4.463118 0.970490 0.047722 -0.236373 -0.434191 0.000000 0.000000 0.000000 1.000000
-0.232759 -0.070831 -0.969952 -0.184063 -0.068961 0.996036 -0.056187 4.466838 0.970086 0.053811 -0.236721 -0.413192 0.000000 0.000000 0.000000 1.000000
-0.232759 -0.070831 -0.969952 -0.185750 -0.071068 0.995917 -0.055673 4.468160 0.969934 0.055974 -0.236842 -0.405730 0.000000 0.000000 0.000000 1.000000
-0.232558 -0.070832 -0.970000 -0.185750 -0.071057 0.995916 -0.055689 4.468160 0.969983 0.055974 -0.236641 -0.405730 0.000000 0.000000 0.000000 1.000000
-0.231966 -0.070836 -0.970141 -0.185750 -0.071024 0.995916 -0.055735 4.468160 0.970127 0.055975 -0.236050 -0.405730 0.000000 0.000000 0.000000 1.000000
-0.231002 -0.070841 -0.970371 -0.185750 -0.070970 0.995916 -0.055811 4.468160 0.970361 0.055975 -0.235086 -0.405730 0.000000 0.000000 0.000000 1.000000
-0.229683 -0.070848 -0.970683 -0.185750 -0.070897 0.995915 -0.055914 4.468160 0.970680 0.055976 -0.233768 -0.405730 0.000000 0.000000 0.000000 1.000000
-0.228028 -0.070856 -0.971073 -0.185750 -0.070805 0.995915 -0.056043 4.468160 0.971077 0.055977 -0.232113 -0.405730 0.000000 0.000000 0.000000 1.000000
-0.226054 -0.070866 -0.971534 -0.185750 -0.070694 0.995914 -0.056196 4.468160 0.971546 0.055979 -0.230140 -0.405730 0.000000 0.000000 0.000000 1.000000
-0.223779 -0.070877 -0.972059 -0.185750 -0.070566 0.995913 -0.056371 4.468160 0.972082 0.055980 -0.227866 -0.405730 0.000000 0.000000 0.000000 1.000000
-0.221220 -0.070889 -0.972644 -0.185750 -0.070422 0.995912 -0.056568 4.468160 0.972678 0.055982 -0.225308 -0.405730 0.000000 0.000000 0.000000 1.000000
-0.218396 -0.070902 -0.973281 -0.185750 -0.070262 0.995911 -0.056784 4.468160 0.973328 0.055983 -0.222484 -0.405730 0.000000 0.000000 0.000000 1.000000
-0.215323 -0.070915 -0.973965 -0.185750 -0.070087 0.995910 -0.057018 4.468160 0.974024 0.055985 -0.219413 -0.405730 0.000000 0.000000 0.000000 1.000000
-0.212021 -0.070928 -0.974688 -0.185750 -0.069898 0.995909 -0.057267 4.468160 0.974762 0.055987 -0.216111 -0.405730 0.000000 0.000000 0.000000 1.000000
-0.208506 -0.070941 -0.975445 -0.185750 -0.069696 0.995908 -0.057531 4.468160 0.975535 0.055989 -0.212597 -0.405730 0.000000 0.000000 0.000000 1.000000
-0.204797 -0.070953 -0.976230 -0.185750 -0.069481 0.995907 -0.057807 4.468160 0.976335 0.055991 -0.208888 -0.405730 0.000000 0.000000 0.000000 1.000000
-0.200911 -0.070965 -0.977036 -0.185750 -0.069255 0.995906 -0.058095 4.468160 0.977158 0.055993 -0.205003 -0.405730 0.000000 0.000000 0.000000 1.000000
-0.196866 -0.070976 -0.977858 -0.185750 -0.069018 0.995905 -0.058391 4.468160 0.977998 0.055995 -0.200958 -0.405730 0.000000 0.000000 0.000000 1.000000
-0.192680 -0.070986 -0.978691 -0.185750 -0.068771 0.995904 -0.058696 4.468160 0.978849 0.055996 -0.196773 -0.405730 0.000000 0.000000 0.000000 1.000000
-0.188372 -0.070996 -0.979528 -0.185750 -0.068515 0.995904 -0.059006 4.468160 0.979705 0.055998 -0.192464 -0.405730 0.000000 0.000000 0.000000 1.000000
-0.183959 -0.071003 -0.980366 -0.185750 -0.068252 0.995903 -0.059322 4.468160 0.980561 0.055999 -0.188051 -0.405730 0.000000 0.000000 0.000000 1.000000
-0.179460 -0.071010 -0.981199 -0.185750 -0.067981 0.995902 -0.059640 4.468160 0.981414 0.056000 -0.183552 -0.405730 0.000000 0.000000 0.000000 1.000000
-0.174893 -0.071015 -0.982023 -0.185750 -0.067705 0.995902 -0.059960 4.468160 0.982257 0.056001 -0.178984 -0.405730 0.000000 0.000000 0.000000 1.000000
-0.170276 -0.071018 -0.982834 -0.185750 -0.067424 0.995902 -0.060281 4.468160 0.983087 0.056002 -0.174366 -0.405730 0.000000 0.000000 0.000000 1.000000
-0.165627 -0.071019 -0.983628 -0.185750 -0.067139 0.995902 -0.060600 4.468160 0.983900 0.056003 -0.169717 -0.405730 0.000000 0.000000 0.000000 1.000000
-0.160966 -0.071019 -0.984401 -0.185750 -0.066851 0.995902 -0.060917 4.468160 0.984693 0.056003 -0.165054 -0.405730 0.000000 0.000000 0.000000 1.000000
-0.156310 -0.071017 -0.985152 -0.185750 -0.066562 0.995902 -0.061231 4.468160 0.985463 0.056003 -0.160397 -0.405730 0.000000 0.000000 0.000000 1.000000
-0.151679 -0.071014 -0.985876 -0.185750 -0.066273 0.995902 -0.061540 4.468160 0.986206 0.056003 -0.155764 -0.405730 0.000000 0.000000 0.000000 1.000000
-0.147090 -0.071009 -0.986571 -0.185750 -0.065985 0.995902 -0.061843 4.468160 0.986920 0.056002 -0.151173 -0.405730 0.000000 0.000000 0.000000 1.000000
-0.142563 -0.071003 -0.987236 -0.185750 -0.065699 0.995903 -0.062139 4.468160 0.987603 0.056002 -0.146644 -0.405730 0.000000 0.000000 0.000000 1.000000
-0.138116 -0.070995 -0.987868 -0.185750 -0.065416 0.995903 -0.062426 4.468160 0.988253 0.056001 -0.142195 -0.405730 0.000000 0.000000 0.000000 1.000000
-0.133768 -0.070986 -0.988467 -0.185750 -0.065138 0.995904 -0.062705 4.468160 0.988870 0.055999 -0.137844 -0.405730 0.000000 0.000000 0.000000 1.000000
-0.129538 -0.070975 -0.989031 -0.185750 -0.064867 0.995905 -0.062973 4.468160 0.989450 0.055998 -0.133612 -0.405730 0.000000 0.000000 0.000000 1.000000
-0.125445 -0.070964 -0.989559 -0.185750 -0.064603 0.995906 -0.063230 4.468160 0.989995 0.055996 -0.129516 -0.405730 0.000000 0.000000 0.000000 1.000000
-0.121506 -0.070952 -0.990052 -0.185750 -0.064347 0.995907 -0.063474 4.468160 0.990503 0.055994 -0.125575 -0.405730 0.000000 0.000000 0.000000 1.000000
-0.117742 -0.070940 -0.990507 -0.185750 -0.064102 0.995908 -0.063707 4.468160 0.990973 0.055992 -0.121808 -0.405730 0.000000 0.000000 0.000000 1.000000
-0.114171 -0.070927 -0.990926 -0.185750 -0.063868 0.995909 -0.063925 4.468160 0.991406 0.055990 -0.118234 -0.405730 0.000000 0.000000 0.000000 1.000000
-0.110812 -0.070914 -0.991308 -0.185750 -0.063648 0.995910 -0.064128 4.468160 0.991801 0.055988 -0.114873 -0.405730 0.000000 0.000000 0.000000 1.000000
-0.107684 -0.070901 -0.991654 -0.185750 -0.063441 0.995911 -0.064316 4.468160 0.992159 0.055986 -0.111742 -0.405730 0.000000 0.000000 0.000000 1.000000
-0.104805 -0.070888 -0.991963 -0.185750 -0.063251 0.995912 -0.064488 4.468160 0.992479 0.055984 -0.108860 -0.405730 0.000000 0.000000 0.000000 1.000000
-0.102195 -0.070877 -0.992236 -0.185750 -0.063078 0.995913 -0.064643 4.468160 0.992763 0.055982 -0.106248 -0.405730 0.000000 0.000000 0.000000 1.000000
-0.099872 -0.070866 -0.992474 -0.185750 -0.062923 0.995914 -0.064780 4.468160 0.993009 0.055980 -0.103923 -0.405730 0.000000 0.000000 0.000000 1.000000
-0.097854 -0.070856 -0.992675 -0.185750 -0.062789 0.995915 -0.064898 4.468160 0.993218 0.055978 -0.101904 -0.405730 0.000000 0.000000 0.000000 1.000000
-0.096162 -0.070848 -0.992841 -0.185750 -0.062676 0.995915 -0.064996 4.468160 0.993390 0.055977 -0.100210 -0.405730 0.000000 0.000000 0.000000 1.000000
-0.094813 -0.070841 -0.992971 -0.185750 -0.062586 0.995916 -0.065075 4.468160 0.993526 0.055976 -0.098860 -0.405730 0.000000 0.000000 0.000000 1.000000
-0.093827 -0.070835 -0.993065 -0.185750 -0.062519 0.995916 -0.065132 4.468160 0.993624 0.055975 -0.097872 -0.405730 0.000000 0.000000 0.000000 1.000000
-0.093221 -0.070832 -0.993123 -0.185750 -0.062479 0.995916 -0.065167 4.468160 0.993683 0.055974 -0.097266 -0.405730 0.000000 0.000000 0.000000 1.000000
-0.093015 -0.070831 -0.993142 -0.185750 -0.062465 0.995917 -0.065179 4.468160 0.993703 0.055974 -0.097060 -0.405730 0.000000 0.000000 0.000000 1.000000
-0.094600 -0.070840 -0.992992 -0.184263 -0.060669 0.996021 -0.065276 4.466995 0.993665 0.054069 -0.098521 -0.412308 0.000000 0.000000 0.000000 1.000000
-0.099078 -0.070862 -0.992553 -0.180062 -0.055594 0.996297 -0.065580 4.463701 0.993525 0.048682 -0.102651 -0.430897 0.000000 0.000000 0.000000 1.000000
-0.106033 -0.070894 -0.991832 -0.173533 -0.047712 0.996669 -0.066139 4.458584 0.993217 0.040310 -0.109062 -0.459782 0.000000 0.000000 0.000000 1.000000
-0.115045 -0.070930 -0.990825 -0.165065 -0.037499 0.997047 -0.067021 4.451946 0.992652 0.029445 -0.117365 -0.497247 0.000000 0.000000 0.000000 1.000000
-0.125696 -0.070965 -0.989527 -0.155046 -0.025434 0.997341 -0.068294 4.444093 0.991743 0.016583 -0.127167 -0.541576 0.000000 0.000000 0.000000 1.000000
-0.137567 -0.070993 -0.987945 -0.143864 -0.011999 0.997474 -0.070007 4.435327 0.990420 0.002223 -0.138071 -0.591052 0.000000 0.000000 0.000000 1.000000
-0.150239 -0.071013 -0.986096 -0.131906 0.002323 0.997389 -0.072180 4.425953 0.988647 -0.013135 -0.149682 -0.643960 0.000000 0.000000 0.000000 1.000000
-0.163297 -0.071019 -0.984017 -0.119559 0.017051 0.997054 -0.074790 4.416276 0.986430 -0.028991 -0.161605 -0.698584 0.000000 0.000000 0.000000 1.000000
-0.176326 -0.071013 -0.981767 -0.107213 0.031706 0.996467 -0.077771 4.406598 0.983821 -0.044841 -0.173451 -0.753209 0.000000 0.000000 0.000000 1.000000
-0.188916 -0.070994 -0.979423 -0.095255 0.045824 0.995659 -0.081010 4.397224 0.980923 -0.060185 -0.184843 -0.806117 0.000000 0.000000 0.000000 1.000000
-0.200662 -0.070966 -0.977087 -0.084073 0.058947 0.994691 -0.084350 4.388459 0.977885 -0.074522 -0.195414 -0.855593 0.000000 0.000000 0.000000 1.000000
-0.211161 -0.070931 -0.974874 -0.074053 0.070633 0.993649 -0.087596 4.380606 0.974896 -0.087356 -0.204810 -0.899922 0.000000 0.000000 0.000000 1.000000
-0.220016 -0.070894 -0.972917 -0.065586 0.080453 0.992639 -0.090525 4.373968 0.972173 -0.098191 -0.212693 -0.937387 0.000000 0.000000 0.000000 1.000000
-0.226831 -0.070862 -0.971353 -0.059057 0.087987 0.991780 -0.092899 4.368851 0.969952 -0.106538 -0.218731 -0.966272 0.000000 0.000000 0.000000 1.000000
-0.231210 -0.070840 -0.970321 -0.054856 0.092816 0.991191 -0.094480 4.365557 0.968466 -0.111906 -0.222598 -0.984861 0.000000 0.000000 0.000000 1.000000
-0.232759 -0.070831 -0.969952 -0.053369 0.094522 0.990975 -0.095049 4.364392 0.967930 -0.113805 -0.223963 -0.991439 0.000000 0.000000 0.000000 1.000000
-0.232759 -0.070831 -0.969952 -0.053369 0.094522 0.990975 -0.095049 4.364392 0.967930 -0.113805 -0.223963 -0.991439 0.000000 0.000000 0.000000 1.000000
-0.232759 -0.070831 -0.969952 -0.053369 0.094522 0.990975 -0.095049 4.364392 0.967930 -0.113805 -0.223963 -0.991439 0.000000 0.000000 0.000000 1.000000
-0.232759 -0.070831 -0.969952 -0.053369 0.094522 0.990975 -0.095049 4.364392 0.967930 -0.113805 -0.223963 -0.991439 0.000000 0.000000 0.000000 1.000000
-0.232759 -0.070831 -0.969952 -0.053369 0.094522 0.990975 -0.095049 4.364392 0.967930 -0.113805 -0.223963 -0.991439 0.000000 0.000000 0.000000 1.000000
-0.232759 -0.070831 -0.969952 -0.053369 0.094522 0.990975 -0.095049 4.364392 0.967930 -0.113805 -0.223963 -0.991439 0.000000 0.000000 0.000000 1.000000
-0.232759 -0.070831 -0.969952 -0.053369 0.094522 0.990975 -0.095049 4.364392 0.967930 -0.113805 -0.223963 -0.991439 0.000000 0.000000 0.000000 1.000000
-0.232759 -0.070831 -0.969952 -0.053369 0.094522 0.990975 -0.095049 4.364392 0.967930 -0.113805 -0.223963 -0.991439 0.000000 0.000000 0.000000 1.000000
-0.232759 -0.070831 -0.969952 -0.053369 0.094522 0.990975 -0.095049 4.364392 0.967930 -0.113805 -0.223963 -0.991439 0.000000 0.000000 0.000000 1.000000
-0.232759 -0.070831 -0.969952 -0.053369 0.094522 0.990975 -0.095049 4.364392 0.967930 -0.113805 -0.223963 -0.991439 0.000000 0.000000 0.000000 1.000000
-0.232759 -0.070831 -0.969952 -0.053369 0.094522 0.990975 -0.095049 4.364392 0.967930 -0.113805 -0.223963 -0.991439 0.000000 0.000000 0.000000 1.000000
-0.232759 -0.070831 -0.969952 -0.053369 0.094522 0.990975 -0.095049 4.364392 0.967930 -0.113805 -0.223963 -0.991439 0.000000 0.000000 0.000000 1.000000
-0.232759 -0.070831 -0.969952 -0.053369 0.094522 0.990975 -0.095049 4.364392 0.967930 -0.113805 -0.223963 -0.991439 0.000000 0.000000 0.000000 1.000000
-0.232759 -0.070831 -0.969952 -0.053369 0.094522 0.990975 -0.095049 4.364392 0.967930 -0.113805 -0.223963 -0.991439 0.000000 0.000000 0.000000 1.000000
-0.232759 -0.070831 -0.969952 -0.053369 0.094522 0.990975 -0.095049 4.364392 0.967930 -0.113805 -0.223963 -0.991439 0.000000 0.000000 0.000000 1.000000
-0.232759 -0.070831 -0.969952 -0.053369 0.094522 0.990975 -0.095049 4.364392 0.967930 -0.113805 -0.223963 -0.991439 0.000000 0.000000 0.000000 1.000000
-0.232759 -0.070831 -0.969952 -0.053369 0.094522 0.990975 -0.095049 4.364392 0.967930 -0.113805 -0.223963 -0.991439 0.000000 0.000000 0.000000 1.000000
-0.232759 -0.070831 -0.969952 -0.053369 0.094522 0.990975 -0.095049 4.364392 0.967930 -0.113805 -0.223963 -0.991439 0.000000 0.000000 0.000000 1.000000
-0.232759 -0.070831 -0.969952 -0.053369 0.094522 0.990975 -0.095049 4.364392 0.967930 -0.113805 -0.223963 -0.991439 0.000000 0.000000 0.000000 1.000000
-0.232759 -0.070831 -0.969952 -0.053369 0.094522 0.990975 -0.095049 4.364392 0.967930 -0.113805 -0.223963 -0.991439 0.000000 0.000000 0.000000 1.000000
-0.232759 -0.070831 -0.969952 -0.053369 0.094522 0.990975 -0.095049 4.364392 0.967930 -0.113805 -0.223963 -0.991439 0.000000 0.000000 0.000000 1.000000
-0.232759 -0.070831 -0.969952 -0.053369 0.094522 0.990975 -0.095049 4.364392 0.967930 -0.113805 -0.223963 -0.991439 0.000000 0.000000 0.000000 1.000000
-0.232759 -0.070831 -0.969952 -0.053369 0.094522 0.990975 -0.095049 4.364392 0.967930 -0.113805 -0.223963 -0.991439 0.000000 0.000000 0.000000 1.000000
-0.232759 -0.070831 -0.969952 -0.053369 0.094522 0.990975 -0.095049 4.364392 0.967930 -0.113805 -0.223963 -0.991439 0.000000 0.000000 0.000000 1.000000
-0.232759 -0.070831 -0.969952 -0.053369 0.094522 0.990975 -0.095049 4.364392 0.967930 -0.113805 -0.223963 -0.991439 0.000000 0.000000 0.000000 1.000000
-0.232759 -0.070831 -0.969952 -0.053369 0.094522 0.990975 -0.095049 4.364392 0.967930 -0.113805 -0.223963 -0.991439 0.000000 0.000000 0.000000 1.000000
-0.232759 -0.070831 -0.969952 -0.053369 0.094522 0.990975 -0.095049 4.364392 0.967930 -0.113805 -0.223963 -0.991439 0.000000 0.000000 0.000000 1.000000
-0.232759 -0.070831 -0.969952 -0.053369 0.094522 0.990975 -0.095049 4.364392 0.967930 -0.113805 -0.223963 -0.991439 0.000000 0.000000 0.000000 1.000000
-0.232759 -0.070831 -0.969952 -0.053369 0.094522 0.990975 -0.095049 4.364392 0.967930 -0.113805 -0.223963 -0.991439 0.000000 0.000000 0.000000 1.000000
-0.232759 -0.070831 -0.969952 -0.053369 0.094522 0.990975 -0.095049 4.364392 0.967930 -0.113805 -0.223963 -0.991439 0.000000 0.000000 0.000000 1.000000
-0.232759 -0.070831 -0.969952 -0.053369 0.094522 0.990975 -0.095049 4.364392 0.967930 -0.113805 -0.223963 -0.991439 0.000000 0.000000 0.000000 1.000000
-0.232759 -0.070831 -0.969952 -0.053369 0.094522 0.990975 -0.095049 4.364392 0.967930 -0.113805 -0.223963 -0.991439 0.000000 0.000000 0.000000 1.000000
-0.232759 -0.070831 -0.969952 -0.053369 0.094522 0.990975 -0.095049 4.364392 0.967930 -0.113805 -0.223963 -0.991439 0.000000 0.000000 0.000000 1.000000
-0.232759 -0.070831 -0.969952 -0.053369 0.094522 0.990975 -0.095049 4.364392 0.967930 -0.113805 -0.223963 -0.991439 0.000000 0.000000 0.000000 1.000000
-0.232759 -0.070831 -0.969952 -0.053369 0.094522 0.990975 -0.095049 4.364392 0.967930 -0.113805 -0.223963 -0.991439 0.000000 0.000000 0.000000 1.000000
-0.232759 -0.070831 -0.969952 -0.053369 0.094522 0.990975 -0.095049 4.364392 0.967930 -0.113805 -0.223963 -0.991439 0.000000 0.000000 0.000000 1.000000
-0.232759 -0.070831 -0.969952 -0.053369 0.094522 0.990975 -0.095049 4.364392 0.967930 -0.113805 -0.223963 -0.991439 0.000000 0.000000 0.000000 1.000000
-0.232759 -0.070831 -0.969952 -0.053369 0.094522 0.990975 -0.095049 4.364392 0.967930 -0.113805 -0.223963 -0.991439 0.000000 0.000000 0.000000 1.000000
-0.232759 -0.070831 -0.969952 -0.053369 0.094522 0.990975 -0.095049 4.364392 0.967930 -0.113805 -0.223963 -0.991439 0.000000 0.000000 0.000000 1.000000
-0.232759 -0.070831 -0.969952 -0.053369 0.094522 0.990975 -0.095049 4.364392 0.967930 -0.113805 -0.223963 -0.991439 0.000000 0.000000 0.000000 1.000000
-0.232759 -0.070831 -0.969952 -0.053369 0.094522 0.990975 -0.095049 4.364392 0.967930 -0.113805 -0.223963 -0.991439 0.000000 0.000000 0.000000 1.000000
-0.232759 -0.070831 -0.969952 -0.053369 0.094522 0.990975 -0.095049 4.364392 0.967930 -0.113805 -0.223963 -0.991439 0.000000 0.000000 0.000000 1.000000
-0.232759 -0.070831 -0.969952 -0.053369 0.094522 0.990975 -0.095049 4.364392 0.967930 -0.113805 -0.223963 -0.991439 0.000000 0.000000 0.000000 1.000000
-0.232759 -0.070831 -0.969952 -0.053369 0.094522 0.990975 -0.095049 4.364392 0.967930 -0.113805 -0.223963 -0.991439 0.000000 0.000000 0.000000 1.000000
-0.232759 -0.070831 -0.969952 -0.053369 0.094522 0.990975 -0.095049 4.364392 0.967930 -0.113805 -0.223963 -0.991439 0.000000 0.000000 0.000000 1.000000</float_array><technique_common><accessor source="#root_jnt-Matrix-animation-output-transform-array" count="121" stride="16"><param type="float4x4"/></accessor></technique_common></source><source id="root_jnt-Interpolations"><Name_array id="root_jnt-Interpolations-array" count="121">
 LINEAR LINEAR LINEAR LINEAR LINEAR LINEAR LINEAR LINEAR LINEAR LINEAR LINEAR
LINEAR LINEAR LINEAR LINEAR LINEAR LINEAR LINEAR LINEAR LINEAR LINEAR LINEAR LINEAR
LINEAR LINEAR LINEAR LINEAR LINEAR LINEAR LINEAR LINEAR LINEAR LINEAR LINEAR LINEAR
LINEAR LINEAR LINEAR LINEAR LINEAR LINEAR LINEAR LINEAR LINEAR LINEAR LINEAR LINEAR
LINEAR LINEAR LINEAR LINEAR LINEAR LINEAR LINEAR LINEAR LINEAR LINEAR LINEAR LINEAR
LINEAR LINEAR LINEAR LINEAR LINEAR LINEAR LINEAR LINEAR LINEAR LINEAR LINEAR LINEAR
LINEAR LINEAR LINEAR LINEAR LINEAR LINEAR LINEAR LINEAR LINEAR LINEAR LINEAR LINEAR
LINEAR LINEAR LINEAR LINEAR LINEAR LINEAR LINEAR LINEAR LINEAR LINEAR LINEAR LINEAR
LINEAR LINEAR LINEAR LINEAR LINEAR LINEAR LINEAR LINEAR LINEAR LINEAR LINEAR LINEAR
LINEAR LINEAR LINEAR LINEAR LINEAR LINEAR LINEAR LINEAR LINEAR LINEAR LINEAR LINEAR
LINEAR LINEAR</Name_array><technique_common><accessor source="#root_jnt-Interpolations-array" count="121"><param type="name"/></accessor></technique_common></source><sampler id="root_jnt-Matrix-animation-transform"><input semantic="INPUT" source="#root_jnt-Matrix-animation-input"/><input semantic="OUTPUT" source="#root_jnt-Matrix-animation-output-transform"/><input semantic="INTERPOLATION" source="#root_jnt-Interpolations"/></sampler><channel source="#root_jnt-Matrix-animation-transform" target="root_jnt/matrix"/></animation></animation>
    <animation id="jnt_spine1-anim" name="jnt_spine1"><animation><source id="jnt_spine1-Matrix-animation-input"><float_array id="jnt_spine1-Matrix-animation-input-array" count="121">

0.000000 0.033333 0.066667 0.100000 0.133333 0.166667 0.200000 0.233333 0.266667 0.300000 0.333333 0.366667 0.400000 0.433333 0.466667 0.500000
0.533333 0.566667 0.600000 0.633333 0.666667 0.700000 0.733333 0.766667 0.800000 0.833333 0.866667 0.900000 0.933333 0.966667 1.000000 1.033333
1.066667 1.100000 1.133333 1.166667 1.200000 1.233333 1.266667 1.300000 1.333333 1.366667 1.400000 1.433333 1.466667 1.500000 1.533333 1.566667
1.600000 1.633333 1.666667 1.700000 1.733333 1.766667 1.800000 1.833333 1.866667 1.900000 1.933333 1.966667 2.000000 2.033333 2.066667 2.100000
2.133333 2.166667 2.200000 2.233333 2.266667 2.300000 2.333333 2.366667 2.400000 2.433333 2.466667 2.500000 2.533333 2.566667 2.600000 2.633333
2.666667 2.700000 2.733333 2.766667 2.800000 2.833333 2.866667 2.900000 2.933333 2.966667 3.000000 3.033333 3.066667 3.100000 3.133333 3.166667
3.200000 3.233333 3.266667 3.300000 3.333333 3.366667 3.400000 3.433333 3.466667 3.500000 3.533333 3.566667 3.600000 3.633333 3.666667 3.700000
3.733333 3.766667 3.800000 3.833333 3.866667 3.900000 3.933333 3.966667 4.000000</float_array><technique_common><accessor source="#jnt_spine1-Matrix-animation-input-array" count="121"><param name="TIME" type="float"/></accessor></technique_common></source><source id="jnt_spine1-Matrix-animation-output-transform"><float_array id="jnt_spine1-Matrix-animation-output-transform-array" count="1936">

0.964507 0.094522 0.246559 0.380134 -0.114805 0.990975 0.069199 -0.456557 -0.237793 -0.095049 0.966654 -0.057880 0.000000 0.000000 0.000000 1.000000
0.964314 0.096475 0.246557 0.381086 -0.116805 0.990743 0.069170 -0.455726 -0.237601 -0.095501 0.966657 -0.058169 0.000000 0.000000 0.000000 1.000000
0.963751 0.101970 0.246549 0.383755 -0.122430 0.990070 0.069090 -0.453375 -0.237055 -0.096770 0.966665 -0.058982 0.000000 0.000000 0.000000 1.000000
0.962819 0.110456 0.246535 0.387853 -0.131114 0.988966 0.068966 -0.449709 -0.236197 -0.098726 0.966677 -0.060233 0.000000 0.000000 0.000000 1.000000
0.961508 0.121379 0.246517 0.393082 -0.142292 0.987430 0.068806 -0.444926 -0.235066 -0.101235 0.966693 -0.061837 0.000000 0.000000 0.000000 1.000000
0.959810 0.134186 0.246492 0.399148 -0.155395 0.985466 0.068619 -0.439224 -0.233702 -0.104165 0.966712 -0.063709 0.000000 0.000000 0.000000 1.000000
0.957735 0.148323 0.246463 0.405763 -0.169855 0.983092 0.068412 -0.432814 -0.232148 -0.107384 0.966735 -0.065764 0.000000 0.000000 0.000000 1.000000
0.955315 0.163237 0.246428 0.412647 -0.185106 0.980350 0.068194 -0.425917 -0.230454 -0.110763 0.966759 -0.067920 0.000000 0.000000 0.000000 1.000000
0.952613 0.178382 0.246389 0.419538 -0.200589 0.977315 0.067973 -0.418773 -0.228675 -0.114175 0.966784 -0.070095 0.000000 0.000000 0.000000 1.000000
0.949727 0.193214 0.246348 0.426187 -0.215747 0.974096 0.067757 -0.411638 -0.226875 -0.117499 0.966810 -0.072212 0.000000 0.000000 0.000000 1.000000
0.946786 0.207196 0.246306 0.432366 -0.230033 0.970835 0.067553 -0.404785 -0.225126 -0.120617 0.966835 -0.074195 0.000000 0.000000 0.000000 1.000000
0.943950 0.219800 0.246266 0.437859 -0.242908 0.967707 0.067369 -0.398502 -0.223505 -0.123413 0.966858 -0.075972 0.000000 0.000000 0.000000 1.000000
0.941403 0.230503 0.246229 0.442467 -0.253838 0.964909 0.067213 -0.393087 -0.222096 -0.125777 0.966878 -0.077473 0.000000 0.000000 0.000000 1.000000
0.939344 0.238787 0.246200 0.445997 -0.262297 0.962652 0.067092 -0.388845 -0.220984 -0.127600 0.966894 -0.078630 0.000000 0.000000 0.000000 1.000000
0.937972 0.244138 0.246180 0.448259 -0.267760 0.961152 0.067014 -0.386082 -0.220256 -0.128774 0.966905 -0.079375 0.000000 0.000000 0.000000 1.000000
0.937478 0.246037 0.246173 0.449060 -0.269699 0.960612 0.066986 -0.385097 -0.219996 -0.129191 0.966908 -0.079639 0.000000 0.000000 0.000000 1.000000
0.937523 0.246064 0.245973 0.449076 -0.269699 0.960612 0.066987 -0.385097 -0.219801 -0.129141 0.966959 -0.079545 0.000000 0.000000 0.000000 1.000000
0.937658 0.246141 0.245383 0.449125 -0.269698 0.960612 0.066990 -0.385096 -0.219229 -0.128993 0.967109 -0.079270 0.000000 0.000000 0.000000 1.000000
0.937875 0.246268 0.244422 0.449204 -0.269698 0.960612 0.066996 -0.385096 -0.218296 -0.128754 0.967352 -0.078822 0.000000 0.000000 0.000000 1.000000
0.938172 0.246440 0.243107 0.449312 -0.269697 0.960611 0.067003 -0.385095 -0.217020 -0.128425 0.967683 -0.078209 0.000000 0.000000 0.000000 1.000000
0.938541 0.246655 0.241457 0.449446 -0.269695 0.960611 0.067011 -0.385095 -0.215418 -0.128013 0.968095 -0.077440 0.000000 0.000000 0.000000 1.000000
0.938978 0.246912 0.239489 0.449604 -0.269694 0.960611 0.067021 -0.385094 -0.213507 -0.127520 0.968583 -0.076523 0.000000 0.000000 0.000000 1.000000
0.939476 0.247206 0.237221 0.449783 -0.269693 0.960611 0.067032 -0.385093 -0.211306 -0.126952 0.969140 -0.075466 0.000000 0.000000 0.000000 1.000000
0.940030 0.247535 0.234670 0.449982 -0.269691 0.960610 0.067044 -0.385092 -0.208830 -0.126312 0.969760 -0.074278 0.000000 0.000000 0.000000 1.000000
0.940634 0.247896 0.231854 0.450197 -0.269689 0.960610 0.067057 -0.385090 -0.206098 -0.125604 0.970437 -0.072967 0.000000 0.000000 0.000000 1.000000
0.941280 0.248287 0.228790 0.450427 -0.269687 0.960609 0.067070 -0.385089 -0.203126 -0.124833 0.971163 -0.071542 0.000000 0.000000 0.000000 1.000000
0.941965 0.248704 0.225497 0.450669 -0.269685 0.960609 0.067083 -0.385088 -0.199931 -0.124003 0.971932 -0.070010 0.000000 0.000000 0.000000 1.000000
0.942680 0.249145 0.221992 0.450920 -0.269683 0.960609 0.067096 -0.385087 -0.196531 -0.123117 0.972737 -0.068380 0.000000 0.000000 0.000000 1.000000
0.943422 0.249607 0.218293 0.451178 -0.269682 0.960608 0.067108 -0.385086 -0.192943 -0.122181 0.973573 -0.066661 0.000000 0.000000 0.000000 1.000000
0.944183 0.250087 0.214417 0.451441 -0.269680 0.960608 0.067120 -0.385084 -0.189185 -0.121198 0.974433 -0.064861 0.000000 0.000000 0.000000 1.000000
0.944959 0.250582 0.210383 0.451708 -0.269678 0.960608 0.067131 -0.385083 -0.185274 -0.120172 0.975311 -0.062989 0.000000 0.000000 0.000000 1.000000
0.945744 0.251091 0.206208 0.451974 -0.269676 0.960607 0.067142 -0.385082 -0.181227 -0.119108 0.976202 -0.061052 0.000000 0.000000 0.000000 1.000000
0.946533 0.251609 0.201911 0.452240 -0.269675 0.960607 0.067151 -0.385081 -0.177061 -0.118011 0.977099 -0.059059 0.000000 0.000000 0.000000 1.000000
0.947322 0.252135 0.197509 0.452502 -0.269673 0.960607 0.067159 -0.385080 -0.172796 -0.116884 0.977998 -0.057019 0.000000 0.000000 0.000000 1.000000
0.948105 0.252666 0.193021 0.452760 -0.269672 0.960607 0.067165 -0.385080 -0.168447 -0.115732 0.978893 -0.054941 0.000000 0.000000 0.000000 1.000000
0.948879 0.253200 0.188464 0.453011 -0.269671 0.960607 0.067170 -0.385079 -0.164032 -0.114559 0.979780 -0.052832 0.000000 0.000000 0.000000 1.000000
0.949640 0.253735 0.183857 0.453255 -0.269670 0.960607 0.067173 -0.385079 -0.159570 -0.113371 0.980655 -0.050701 0.000000 0.000000 0.000000 1.000000
0.950384 0.254267 0.179219 0.453490 -0.269670 0.960607 0.067175 -0.385078 -0.155079 -0.112172 0.981513 -0.048557 0.000000 0.000000 0.000000 1.000000
0.951108 0.254795 0.174568 0.453715 -0.269669 0.960607 0.067174 -0.385078 -0.150575 -0.110966 0.982351 -0.046409 0.000000 0.000000 0.000000 1.000000
0.951809 0.255317 0.169922 0.453929 -0.269669 0.960607 0.067173 -0.385078 -0.146078 -0.109758 0.983166 -0.044264 0.000000 0.000000 0.000000 1.000000
0.952485 0.255831 0.165299 0.454132 -0.269669 0.960607 0.067169 -0.385078 -0.141604 -0.108554 0.983953 -0.042131 0.000000 0.000000 0.000000 1.000000
0.953133 0.256334 0.160719 0.454323 -0.269670 0.960608 0.067164 -0.385079 -0.137172 -0.107358 0.984712 -0.040020 0.000000 0.000000 0.000000 1.000000
0.953751 0.256826 0.156201 0.454501 -0.269671 0.960608 0.067158 -0.385079 -0.132800 -0.106175 0.985440 -0.037938 0.000000 0.000000 0.000000 1.000000
0.954339 0.257303 0.151762 0.454666 -0.269672 0.960608 0.067150 -0.385080 -0.128506 -0.105010 0.986133 -0.035894 0.000000 0.000000 0.000000 1.000000
0.954895 0.257765 0.147421 0.454819 -0.269673 0.960608 0.067141 -0.385081 -0.124308 -0.103868 0.986792 -0.033896 0.000000 0.000000 0.000000 1.000000
0.955417 0.258210 0.143198 0.454959 -0.269675 0.960609 0.067130 -0.385082 -0.120224 -0.102755 0.987415 -0.031954 0.000000 0.000000 0.000000 1.000000
0.955906 0.258636 0.139111 0.455086 -0.269676 0.960609 0.067119 -0.385083 -0.116272 -0.101675 0.988000 -0.030075 0.000000 0.000000 0.000000 1.000000
0.956360 0.259042 0.135179 0.455201 -0.269678 0.960609 0.067107 -0.385084 -0.112471 -0.100634 0.988546 -0.028269 0.000000 0.000000 0.000000 1.000000
0.956779 0.259426 0.131421 0.455303 -0.269680 0.960610 0.067095 -0.385085 -0.108838 -0.099636 0.989054 -0.026543 0.000000 0.000000 0.000000 1.000000
0.957165 0.259787 0.127855 0.455395 -0.269682 0.960610 0.067082 -0.385087 -0.105392 -0.098689 0.989522 -0.024906 0.000000 0.000000 0.000000 1.000000
0.957515 0.260123 0.124500 0.455475 -0.269684 0.960610 0.067069 -0.385088 -0.102150 -0.097795 0.989950 -0.023367 0.000000 0.000000 0.000000 1.000000
0.957832 0.260434 0.121376 0.455545 -0.269687 0.960611 0.067056 -0.385089 -0.099132 -0.096962 0.990339 -0.021935 0.000000 0.000000 0.000000 1.000000
0.958115 0.260717 0.118501 0.455606 -0.269689 0.960611 0.067044 -0.385091 -0.096354 -0.096194 0.990688 -0.020617 0.000000 0.000000 0.000000 1.000000
0.958364 0.260973 0.115894 0.455657 -0.269691 0.960611 0.067032 -0.385092 -0.093836 -0.095496 0.990997 -0.019423 0.000000 0.000000 0.000000 1.000000
0.958580 0.261199 0.113574 0.455700 -0.269693 0.960611 0.067021 -0.385093 -0.091595 -0.094875 0.991266 -0.018360 0.000000 0.000000 0.000000 1.000000
0.958764 0.261393 0.111559 0.455736 -0.269694 0.960612 0.067011 -0.385094 -0.089649 -0.094335 0.991496 -0.017437 0.000000 0.000000 0.000000 1.000000
0.958915 0.261556 0.109869 0.455764 -0.269696 0.960612 0.067002 -0.385095 -0.088016 -0.093881 0.991685 -0.016663 0.000000 0.000000 0.000000 1.000000
0.959033 0.261685 0.108521 0.455785 -0.269697 0.960612 0.066996 -0.385096 -0.086715 -0.093519 0.991834 -0.016047 0.000000 0.000000 0.000000 1.000000
0.959118 0.261779 0.107536 0.455800 -0.269698 0.960612 0.066990 -0.385096 -0.085764 -0.093254 0.991942 -0.015596 0.000000 0.000000 0.000000 1.000000
0.959170 0.261837 0.106931 0.455809 -0.269699 0.960612 0.066987 -0.385097 -0.085179 -0.093091 0.992007 -0.015319 0.000000 0.000000 0.000000 1.000000
0.959188 0.261857 0.106725 0.455812 -0.269699 0.960612 0.066986 -0.385097 -0.084981 -0.093036 0.992030 -0.015225 0.000000 0.000000 0.000000 1.000000
0.959552 0.259867 0.108298 0.455058 -0.267853 0.961129 0.066978 -0.385965 -0.086683 -0.093277 0.991860 -0.015818 0.000000 0.000000 0.000000 1.000000
0.960538 0.254275 0.112742 0.452911 -0.262669 0.962560 0.066954 -0.388410 -0.091496 -0.093925 0.991366 -0.017480 0.000000 0.000000 0.000000 1.000000
0.961949 0.245642 0.119644 0.449539 -0.254670 0.964710 0.066912 -0.392187 -0.098986 -0.094836 0.990559 -0.020026 0.000000 0.000000 0.000000 1.000000
0.963566 0.234530 0.128592 0.445096 -0.244378 0.967373 0.066852 -0.397045 -0.108718 -0.095841 0.989442 -0.023257 0.000000 0.000000 0.000000 1.000000
0.965177 0.221505 0.139170 0.439744 -0.232318 0.970345 0.066770 -0.402733 -0.120253 -0.096777 0.988015 -0.026977 0.000000 0.000000 0.000000 1.000000
0.966593 0.207140 0.150964 0.433649 -0.219020 0.973440 0.066667 -0.409004 -0.133145 -0.097504 0.986289 -0.030993 0.000000 0.000000 0.000000 1.000000
0.967666 0.192019 0.163560 0.426995 -0.205018 0.976494 0.066543 -0.415617 -0.146938 -0.097924 0.984287 -0.035126 0.000000 0.000000 0.000000 1.000000
0.968297 0.176729 0.176544 0.419983 -0.190856 0.979370 0.066399 -0.422342 -0.161167 -0.097988 0.982051 -0.039214 0.000000 0.000000 0.000000 1.000000
0.968447 0.161862 0.189504 0.412830 -0.177083 0.981964 0.066240 -0.428962 -0.175364 -0.097708 0.979643 -0.043117 0.000000 0.000000 0.000000 1.000000
0.968131 0.148007 0.202032 0.405773 -0.164253 0.984203 0.066072 -0.435272 -0.189061 -0.097150 0.977148 -0.046717 0.000000 0.000000 0.000000 1.000000
0.967416 0.135751 0.213723 0.399065 -0.152923 0.986038 0.065903 -0.441080 -0.201793 -0.096439 0.974669 -0.049919 0.000000 0.000000 0.000000 1.000000
0.966412 0.125669 0.224175 0.392967 -0.143654 0.987442 0.065742 -0.446207 -0.213098 -0.095737 0.972329 -0.052653 0.000000 0.000000 0.000000 1.000000
0.965253 0.118333 0.232989 0.387753 -0.137004 0.988396 0.065600 -0.450483 -0.222523 -0.095241 0.970264 -0.054861 0.000000 0.000000 0.000000 1.000000
0.964077 0.114305 0.239771 0.383695 -0.133533 0.988878 0.065488 -0.453743 -0.229619 -0.095153 0.968618 -0.056499 0.000000 0.000000 0.000000 1.000000
0.963002 0.114147 0.244126 0.381067 -0.133794 0.988848 0.065417 -0.455824 -0.233936 -0.095659 0.967535 -0.057523 0.000000 0.000000 0.000000 1.000000
0.962566 0.114515 0.245669 0.380134 -0.134326 0.988776 0.065407 -0.456557 -0.235422 -0.095958 0.967145 -0.057880 0.000000 0.000000 0.000000 1.000000
0.962714 0.113239 0.245679 0.380134 -0.133025 0.988950 0.065439 -0.456557 -0.235554 -0.095680 0.967140 -0.057880 0.000000 0.000000 0.000000 1.000000
0.962854 0.112019 0.245691 0.380134 -0.131782 0.989114 0.065480 -0.456557 -0.235682 -0.095426 0.967134 -0.057880 0.000000 0.000000 0.000000 1.000000
0.962985 0.110852 0.245706 0.380134 -0.130597 0.989267 0.065530 -0.456557 -0.235804 -0.095193 0.967127 -0.057880 0.000000 0.000000 0.000000 1.000000
0.963109 0.109739 0.245721 0.380134 -0.129469 0.989412 0.065587 -0.456557 -0.235922 -0.094981 0.967119 -0.057880 0.000000 0.000000 0.000000 1.000000
0.963225 0.108677 0.245739 0.380134 -0.128396 0.989548 0.065652 -0.456557 -0.236035 -0.094789 0.967110 -0.057880 0.000000 0.000000 0.000000 1.000000
0.963334 0.107665 0.245758 0.380134 -0.127376 0.989675 0.065723 -0.456557 -0.236144 -0.094617 0.967101 -0.057880 0.000000 0.000000 0.000000 1.000000
0.963435 0.106703 0.245778 0.380134 -0.126408 0.989793 0.065802 -0.456557 -0.236248 -0.094464 0.967090 -0.057880 0.000000 0.000000 0.000000 1.000000
0.963531 0.105788 0.245799 0.380134 -0.125492 0.989904 0.065886 -0.456557 -0.236348 -0.094329 0.967079 -0.057880 0.000000 0.000000 0.000000 1.000000
0.963620 0.104921 0.245821 0.380134 -0.124624 0.990008 0.065976 -0.456557 -0.236443 -0.094211 0.967067 -0.057880 0.000000 0.000000 0.000000 1.000000
0.963703 0.104099 0.245845 0.380134 -0.123806 0.990104 0.066071 -0.456557 -0.236534 -0.094110 0.967055 -0.057880 0.000000 0.000000 0.000000 1.000000
0.963781 0.103321 0.245869 0.380134 -0.123033 0.990194 0.066171 -0.456557 -0.236621 -0.094025 0.967042 -0.057880 0.000000 0.000000 0.000000 1.000000
0.963853 0.102586 0.245894 0.380134 -0.122307 0.990277 0.066275 -0.456557 -0.236705 -0.093954 0.967028 -0.057880 0.000000 0.000000 0.000000 1.000000
0.963920 0.101894 0.245920 0.380134 -0.121624 0.990354 0.066384 -0.456557 -0.236784 -0.093898 0.967014 -0.057880 0.000000 0.000000 0.000000 1.000000
0.963982 0.101242 0.245947 0.380134 -0.120984 0.990425 0.066495 -0.456557 -0.236860 -0.093856 0.967000 -0.057880 0.000000 0.000000 0.000000 1.000000
0.964039 0.100629 0.245974 0.380134 -0.120385 0.990490 0.066609 -0.456557 -0.236932 -0.093826 0.966985 -0.057880 0.000000 0.000000 0.000000 1.000000
0.964092 0.100055 0.246001 0.380134 -0.119827 0.990550 0.066726 -0.456557 -0.237000 -0.093808 0.966970 -0.057880 0.000000 0.000000 0.000000 1.000000
0.964140 0.099517 0.246029 0.380134 -0.119306 0.990605 0.066845 -0.456557 -0.237065 -0.093801 0.966955 -0.057880 0.000000 0.000000 0.000000 1.000000
0.964185 0.099016 0.246056 0.380134 -0.118824 0.990655 0.066966 -0.456557 -0.237126 -0.093805 0.966939 -0.057880 0.000000 0.000000 0.000000 1.000000
0.964225 0.098549 0.246084 0.380134 -0.118376 0.990700 0.067088 -0.456557 -0.237184 -0.093818 0.966924 -0.057880 0.000000 0.000000 0.000000 1.000000
0.964262 0.098115 0.246113 0.380134 -0.117964 0.990741 0.067210 -0.456557 -0.237239 -0.093841 0.966908 -0.057880 0.000000 0.000000 0.000000 1.000000
0.964296 0.097714 0.246141 0.380134 -0.117584 0.990778 0.067333 -0.456557 -0.237291 -0.093871 0.966892 -0.057880 0.000000 0.000000 0.000000 1.000000
0.964326 0.097343 0.246168 0.380134 -0.117236 0.990810 0.067456 -0.456557 -0.237340 -0.093909 0.966877 -0.057880 0.000000 0.000000 0.000000 1.000000
0.964354 0.097002 0.246196 0.380134 -0.116919 0.990840 0.067578 -0.456557 -0.237386 -0.093954 0.966861 -0.057880 0.000000 0.000000 0.000000 1.000000
0.964378 0.096690 0.246223 0.380134 -0.116630 0.990865 0.067699 -0.456557 -0.237428 -0.094004 0.966846 -0.057880 0.000000 0.000000 0.000000 1.000000
0.964400 0.096404 0.246250 0.380134 -0.116369 0.990888 0.067818 -0.456557 -0.237468 -0.094060 0.966831 -0.057880 0.000000 0.000000 0.000000 1.000000
0.964419 0.096145 0.246277 0.380134 -0.116134 0.990908 0.067935 -0.456557 -0.237506 -0.094119 0.966816 -0.057880 0.000000 0.000000 0.000000 1.000000
0.964436 0.095911 0.246303 0.380134 -0.115924 0.990924 0.068050 -0.456557 -0.237540 -0.094182 0.966801 -0.057880 0.000000 0.000000 0.000000 1.000000
0.964450 0.095700 0.246328 0.380134 -0.115737 0.990938 0.068162 -0.456557 -0.237572 -0.094248 0.966787 -0.057880 0.000000 0.000000 0.000000 1.000000
0.964463 0.095511 0.246352 0.380134 -0.115572 0.990950 0.068271 -0.456557 -0.237602 -0.094316 0.966773 -0.057880 0.000000 0.000000 0.000000 1.000000
0.964473 0.095343 0.246376 0.380134 -0.115428 0.990960 0.068376 -0.456557 -0.237629 -0.094386 0.966759 -0.057880 0.000000 0.000000 0.000000 1.000000
0.964482 0.095196 0.246398 0.380134 -0.115304 0.990967 0.068477 -0.456557 -0.237654 -0.094455 0.966747 -0.057880 0.000000 0.000000 0.000000 1.000000
0.964489 0.095066 0.246420 0.380134 -0.115197 0.990973 0.068573 -0.456557 -0.237676 -0.094524 0.966734 -0.057880 0.000000 0.000000 0.000000 1.000000
