<?xml version="1.0" encoding="utf-8"?>
<COLLADA xmlns="http://www.collada.org/2005/11/COLLADASchema" version="1.4.1">
  <asset><contributor><author></author><authoring_tool>FBX COLLADA exporter</authoring_tool><comments></comments></contributor><created>2020-02-03T12:27:10Z</created><keywords></keywords><modified>2020-02-03T12:27:10Z</modified><revision></revision><subject></subject><title></title><unit meter="0.010000" name="centimeter"></unit><up_axis>Y_UP</up_axis></asset>
  <library_animations>
    <animation id="root_jnt-anim" name="root_jnt"><animation><source id="root_jnt-Matrix-animation-input"><float_array id="root_jnt-Matrix-animation-input-array" count="21">

0.000000 0.033333 0.066667 0.100000 0.133333 0.166667 0.200000 0.233333 0.266667 0.300000 0.333333 0.366667 0.400000 0.433333 0.466667 0.500000
0.533333 0.566667 0.600000 0.633333 0.666667</float_array><technique_common><accessor source="#root_jnt-Matrix-animation-input-array" count="21"><param name="TIME" type="float"/></accessor></technique_common></source><source id="root_jnt-Matrix-animation-output-transform"><float_array id="root_jnt-Matrix-animation-output-transform-array" count="336">

-0.232759 -0.070831 -0.969952 -0.053369 0.094522 0.990975 -0.095049 4.364392 0.967930 -0.113805 -0.223963 -0.991439 0.000000 0.000000 0.000000 1.000000
-0.219691 -0.064404 -0.973441 -0.053369 0.118025 0.988735 -0.092052 4.316529 0.968404 -0.135113 -0.209615 -0.991439 0.000000 0.000000 0.000000 1.000000
-0.186855 -0.048104 -0.981209 -0.053369 0.176947 0.980817 -0.081781 4.227640 0.966320 -0.188903 -0.174759 -0.991439 0.000000 0.000000 0.000000 1.000000
-0.143859 -0.026502 -0.989243 -0.053369 0.253342 0.965342 -0.062703 4.179777 0.956620 -0.259638 -0.132159 -0.991439 0.000000 0.000000 0.000000 1.000000
-0.100589 -0.004558 -0.994918 -0.053369 0.328668 0.943699 -0.037553 4.313866 0.939074 -0.330775 -0.093427 -0.991439 0.000000 0.000000 0.000000 1.000000
-0.067170 0.012468 -0.997664 -0.053369 0.385318 0.922671 -0.014411 4.562888 0.920336 -0.385386 -0.066780 -0.991439 0.000000 0.000000 0.000000 1.000000
-0.053779 0.019299 -0.998366 -0.053369 0.407562 0.913167 -0.004302 4.696977 0.911592 -0.407128 -0.056975 -0.991439 0.000000 0.000000 0.000000 1.000000
-0.053779 0.019299 -0.998366 -0.053369 0.407562 0.913167 -0.004302 4.696977 0.911592 -0.407128 -0.056975 -0.991439 0.000000 0.000000 0.000000 1.000000
-0.053779 0.019299 -0.998366 -0.053369 0.407562 0.913167 -0.004302 4.696977 0.911592 -0.407128 -0.056975 -0.991439 0.000000 0.000000 0.000000 1.000000
-0.053779 0.019299 -0.998366 -0.053369 0.407562 0.913167 -0.004302 4.696977 0.911592 -0.407128 -0.056975 -0.991439 0.000000 0.000000 0.000000 1.000000
-0.053779 0.019299 -0.998366 -0.053369 0.407562 0.913167 -0.004302 4.696977 0.911592 -0.407128 -0.056975 -0.991439 0.000000 0.000000 0.000000 1.000000
-0.053779 0.019299 -0.998366 -0.053369 0.407562 0.913167 -0.004302 4.696977 0.911592 -0.407128 -0.056975 -0.991439 0.000000 0.000000 0.000000 1.000000
-0.053779 0.019299 -0.998366 -0.053369 0.407562 0.913167 -0.004302 4.696977 0.911592 -0.407128 -0.056975 -0.991439 0.000000 0.000000 0.000000 1.000000
-0.053779 0.019299 -0.998366 -0.053369 0.407562 0.913167 -0.004302 4.696977 0.911592 -0.407128 -0.056975 -0.991439 0.000000 0.000000 0.000000 1.000000
-0.053779 0.019299 -0.998366 -0.053369 0.407562 0.913167 -0.004302 4.696977 0.911592 -0.407128 -0.056975 -0.991439 0.000000 0.000000 0.000000 1.000000
-0.053779 0.019299 -0.998366 -0.053369 0.407562 0.913167 -0.004302 4.696977 0.911592 -0.407128 -0.056975 -0.991439 0.000000 0.000000 0.000000 1.000000
-0.053779 0.019299 -0.998366 -0.053369 0.407562 0.913167 -0.004302 4.696977 0.911592 -0.407128 -0.056975 -0.991439 0.000000 0.000000 0.000000 1.000000
-0.053779 0.019299 -0.998366 -0.053369 0.407562 0.913167 -0.004302 4.696977 0.911592 -0.407128 -0.056975 -0.991439 0.000000 0.000000 0.000000 1.000000
-0.053779 0.019299 -0.998366 -0.053369 0.407562 0.913167 -0.004302 4.696977 0.911592 -0.407128 -0.056975 -0.991439 0.000000 0.000000 0.000000 1.000000
-0.053779 0.019299 -0.998366 -0.053369 0.407562 0.913167 -0.004302 4.696977 0.911592 -0.407128 -0.056975 -0.991439 0.000000 0.000000 0.000000 1.000000
-0.053779 0.019299 -0.998366 -0.053369 0.407562 0.913167 -0.004302 4.696977 0.911592 -0.407128 -0.056975 -0.991439 0.000000 0.000000 0.000000 1.000000</float_array><technique_common><accessor source="#root_jnt-Matrix-animation-output-transform-array" count="21" stride="16"><param type="float4x4"/></accessor></technique_common></source><source id="root_jnt-Interpolations"><Name_array id="root_jnt-Interpolations-array" count="21">
 LINEAR LINEAR LINEAR LINEAR LINEAR LINEAR LINEAR LINEAR LINEAR LINEAR LINEAR
LINEAR LINEAR LINEAR LINEAR LINEAR LINEAR LINEAR LINEAR LINEAR LINEAR</Name_array><technique_common><accessor source="#root_jnt-Interpolations-array" count="21"><param type="name"/></accessor></technique_common></source><sampler id="root_jnt-Matrix-animation-transform"><input semantic="INPUT" source="#root_jnt-Matrix-animation-input"/><input semantic="OUTPUT" source="#root_jnt-Matrix-animation-output-transform"/><input semantic="INTERPOLATION" source="#root_jnt-Interpolations"/></sampler><channel source="#root_jnt-Matrix-animation-transform" target="root_jnt/matrix"/></animation></animation>
    <animation id="jnt_spine1-anim" name="jnt_spine1"><animation><source id="jnt_spine1-Matrix-animation-input"><float_array id="jnt_spine1-Matrix-animation-input-array" count="21">

0.000000 0.033333 0.066667 0.100000 0.133333 0.166667 0.200000 0.233333 0.266667 0.300000 0.333333 0.366667 0.400000 0.433333 0.466667 0.500000
0.533333 0.566667 0.600000 0.633333 0.666667</float_array><technique_common><accessor source="#jnt_spine1-Matrix-animation-input-array" count="21"><param name="TIME" type="float"/></accessor></technique_common></source><source id="jnt_spine1-Matrix-animation-output-transform"><float_array id="jnt_spine1-Matrix-animation-output-transform-array" count="336">

0.964507 0.094522 0.246559 0.380134 -0.114805 0.990975 0.069199 -0.456557 -0.237793 -0.095049 0.966654 -0.057880 0.000000 0.000000 0.000000 1.000000
0.960404 0.152067 0.233453 0.370679 -0.170880 0.983309 0.062474 -0.464860 -0.220056 -0.099893 0.970359 -0.052901 0.000000 0.000000 0.000000 1.000000
0.948672 0.244581 0.200505 0.345560 -0.258387 0.964973 0.045434 -0.484889 -0.182369 -0.094910 0.978639 -0.042034 0.000000 0.000000 0.000000 1.000000
0.951963 0.262784 0.157199 0.309962 -0.269533 0.962719 0.022888 -0.509148 -0.145324 -0.064158 0.987302 -0.031435 0.000000 0.000000 0.000000 1.000000
0.971009 0.210319 0.113612 0.271408 -0.211684 0.977338 -0.000051 -0.531045 -0.111048 -0.024000 0.993525 -0.025007 0.000000 0.000000 0.000000 1.000000
0.987132 0.138379 0.080129 0.240014 -0.137376 0.990357 -0.017923 -0.546042 -0.081837 0.006684 0.996623 -0.022984 0.000000 0.000000 0.000000 1.000000
0.992545 0.101946 0.066793 0.227086 -0.100469 0.994623 -0.025112 -0.551547 -0.068994 0.018214 0.997451 -0.022894 0.000000 0.000000 0.000000 1.000000
0.992545 0.101946 0.066793 0.227086 -0.100469 0.994623 -0.025112 -0.551547 -0.068994 0.018214 0.997451 -0.022894 0.000000 0.000000 0.000000 1.000000
0.992545 0.101946 0.066793 0.227086 -0.100469 0.994623 -0.025112 -0.551547 -0.068994 0.018214 0.997451 -0.022894 0.000000 0.000000 0.000000 1.000000
0.992545 0.101946 0.066793 0.227086 -0.100469 0.994623 -0.025112 -0.551547 -0.068994 0.018214 0.997451 -0.022894 0.000000 0.000000 0.000000 1.000000
0.992545 0.101946 0.066793 0.227086 -0.100469 0.994623 -0.025112 -0.551547 -0.068994 0.018214 0.997451 -0.022894 0.000000 0.000000 0.000000 1.000000
0.992545 0.101946 0.066793 0.227086 -0.100469 0.994623 -0.025112 -0.551547 -0.068994 0.018214 0.997451 -0.022894 0.000000 0.000000 0.000000 1.000000
0.992545 0.101946 0.066793 0.227086 -0.100469 0.994623 -0.025112 -0.551547 -0.068994 0.018214 0.997451 -0.022894 0.000000 0.000000 0.000000 1.000000
0.992545 0.101946 0.066793 0.227086 -0.100469 0.994623 -0.025112 -0.551547 -0.068994 0.018214 0.997451 -0.022894 0.000000 0.000000 0.000000 1.000000
0.992545 0.101946 0.066793 0.227086 -0.100469 0.994623 -0.025112 -0.551547 -0.068994 0.018214 0.997451 -0.022894 0.000000 0.000000 0.000000 1.000000
0.992545 0.101946 0.066793 0.227086 -0.100469 0.994623 -0.025112 -0.551547 -0.068994 0.018214 0.997451 -0.022894 0.000000 0.000000 0.000000 1.000000
0.992545 0.101946 0.066793 0.227086 -0.100469 0.994623 -0.025112 -0.551547 -0.068994 0.018214 0.997451 -0.022894 0.000000 0.000000 0.000000 1.000000
0.992545 0.101946 0.066793 0.227086 -0.100469 0.994623 -0.025112 -0.551547 -0.068994 0.018214 0.997451 -0.022894 0.000000 0.000000 0.000000 1.000000
0.992545 0.101946 0.066793 0.227086 -0.100469 0.994623 -0.025112 -0.551547 -0.068994 0.018214 0.997451 -0.022894 0.000000 0.000000 0.000000 1.000000
0.992545 0.101946 0.066793 0.227086 -0.100469 0.994623 -0.025112 -0.551547 -0.068994 0.018214 0.997451 -0.022894 0.000000 0.000000 0.000000 1.000000
0.992545 0.101946 0.066793 0.227086 -0.100469 0.994623 -0.025112 -0.551547 -0.068994 0.018214 0.997451 -0.022894 0.000000 0.000000 0.000000 1.000000</float_array><technique_common><accessor source="#jnt_spine1-Matrix-animation-output-transform-array" count="21" stride="16"><param type="float4x4"/></accessor></technique_common></source><source id="jnt_spine1-Interpolations"><Name_array id="jnt_spine1-Interpolations-array" count="21">
 LINEAR LINEAR LINEAR LINEAR LINEAR LINEAR LINEAR LINEAR LINEAR LINEAR LINEAR
LINEAR LINEAR LINEAR LINEAR LINEAR LINEAR LINEAR LINEAR LINEAR LINEAR</Name_array><technique_common><accessor source="#jnt_spine1-Interpolations-array" count="21"><param type="name"/></accessor></technique_common></source><sampler id="jnt_spine1-Matrix-animation-transform"><input semantic="INPUT" source="#jnt_spine1-Matrix-animation-input"/><input semantic="OUTPUT" source="#jnt_spine1-Matrix-animation-output-transform"/><input semantic="INTERPOLATION" source="#jnt_spine1-Interpolations"/></sampler><channel source="#jnt_spine1-Matrix-animation-transform" target="jnt_spine1/matrix"/></animation></animation>
    <animation id="jnt_spine2-anim" name="jnt_spine2"><animation><source id="jnt_spine2-Matrix-animation-input"><float_array id="jnt_spine2-Matrix-animation-input-array" count="21">

0.000000 0.033333 0.066667 0.100000 0.133333 0.166667 0.200000 0.233333 0.266667 0.300000 0.333333 0.366667 0.400000 0.433333 0.466667 0.500000
0.533333 0.566667 0.600000 0.633333 0.666667</float_array><technique_common><accessor source="#jnt_spine2-Matrix-animation-input-array" count="21"><param name="TIME" type="float"/></accessor></technique_common></source><source id="jnt_spine2-Matrix-animation-output-transform"><float_array id="jnt_spine2-Matrix-animation-output-transform-array" count="336">

0.998944 0.043671 0.014269 0.873404 -0.043666 0.999046 -0.000624 0.000000 -0.014282 0.000000 0.999898 0.000000 0.000000 0.000000 0.000000 1.000000
0.999360 0.032809 0.014258 0.873404 -0.032803 0.999462 -0.000623 0.000000 -0.014271 0.000155 0.999898 0.000000 0.000000 0.000000 0.000000 1.000000
0.999883 0.005640 0.014239 0.873404 -0.005632 0.999984 -0.000622 0.000000 -0.014242 0.000541 0.999898 0.000000 0.000000 0.000000 0.000000 1.000000
0.999458 -0.029683 0.014230 0.873404 0.029695 0.999559 -0.000622 0.000000 -0.014205 0.001044 0.999899 0.000000 0.000000 0.000000 0.000000 1.000000
0.997786 -0.064969 0.014239 0.873404 0.064984 0.997886 -0.000623 0.000000 -0.014168 0.001547 0.999898 0.000000 0.000000 0.000000 0.000000 1.000000
0.995651 -0.092059 0.014258 0.873404 0.092077 0.995752 -0.000624 -0.000000 -0.014140 0.001934 0.999898 0.000000 0.000000 0.000000 0.000000 1.000000
0.994592 -0.102877 0.014269 0.873404 0.102896 0.994692 -0.000624 0.000000 -0.014129 0.002089 0.999898 0.000000 0.000000 0.000000 0.000000 1.000000
0.994592 -0.102877 0.014269 0.873404 0.102896 0.994692 -0.000624 0.000000 -0.014129 0.002089 0.999898 0.000000 0.000000 0.000000 0.000000 1.000000
0.994592 -0.102877 0.014269 0.873404 0.102896 0.994692 -0.000624 0.000000 -0.014129 0.002089 0.999898 0.000000 0.000000 0.000000 0.000000 1.000000
0.994592 -0.102877 0.014269 0.873404 0.102896 0.994692 -0.000624 0.000000 -0.014129 0.002089 0.999898 0.000000 0.000000 0.000000 0.000000 1.000000
0.994592 -0.102877 0.014269 0.873404 0.102896 0.994692 -0.000624 0.000000 -0.014129 0.002089 0.999898 0.000000 0.000000 0.000000 0.000000 1.000000
0.994592 -0.102877 0.014269 0.873404 0.102896 0.994692 -0.000624 0.000000 -0.014129 0.002089 0.999898 0.000000 0.000000 0.000000 0.000000 1.000000
0.994592 -0.102877 0.014269 0.873404 0.102896 0.994692 -0.000624 0.000000 -0.014129 0.002089 0.999898 0.000000 0.000000 0.000000 0.000000 1.000000
0.994592 -0.102877 0.014269 0.873404 0.102896 0.994692 -0.000624 0.000000 -0.014129 0.002089 0.999898 0.000000 0.000000 0.000000 0.000000 1.000000
0.994592 -0.102877 0.014269 0.873404 0.102896 0.994692 -0.000624 0.000000 -0.014129 0.002089 0.999898 0.000000 0.000000 0.000000 0.000000 1.000000
0.994592 -0.102877 0.014269 0.873404 0.102896 0.994692 -0.000624 0.000000 -0.014129 0.002089 0.999898 0.000000 0.000000 0.000000 0.000000 1.000000
0.994592 -0.102877 0.014269 0.873404 0.102896 0.994692 -0.000624 0.000000 -0.014129 0.002089 0.999898 0.000000 0.000000 0.000000 0.000000 1.000000
0.994592 -0.102877 0.014269 0.873404 0.102896 0.994692 -0.000624 0.000000 -0.014129 0.002089 0.999898 0.000000 0.000000 0.000000 0.000000 1.000000
0.994592 -0.102877 0.014269 0.873404 0.102896 0.994692 -0.000624 0.000000 -0.014129 0.002089 0.999898 0.000000 0.000000 0.000000 0.000000 1.000000
0.994592 -0.102877 0.014269 0.873404 0.102896 0.994692 -0.000624 0.000000 -0.014129 0.002089 0.999898 0.000000 0.000000 0.000000 0.000000 1.000000
0.994592 -0.102877 0.014269 0.873404 0.102896 0.994692 -0.000624 0.000000 -0.014129 0.002089 0.999898 0.000000 0.000000 0.000000 0.000000 1.000000</float_array><technique_common><accessor source="#jnt_spine2-Matrix-animation-output-transform-array" count="21" stride="16"><param type="float4x4"/></accessor></technique_common></source><source id="jnt_spine2-Interpolations"><Name_array id="jnt_spine2-Interpolations-array" count="21">
 LINEAR LINEAR LINEAR LINEAR LINEAR LINEAR LINEAR LINEAR LINEAR LINEAR LINEAR
LINEAR LINEAR LINEAR LINEAR LINEAR LINEAR LINEAR LINEAR LINEAR LINEAR</Name_array><technique_common><accessor source="#jnt_spine2-Interpolations-array" count="21"><param type="name"/></accessor></technique_common></source><sampler id="jnt_spine2-Matrix-animation-transform"><input semantic="INPUT" source="#jnt_spine2-Matrix-animation-input"/><input semantic="OUTPUT" source="#jnt_spine2-Matrix-animation-output-transform"/><input semantic="INTERPOLATION" source="#jnt_spine2-Interpolations"/></sampler><channel source="#jnt_spine2-Matrix-animation-transform" target="jnt_spine2/matrix"/></animation></animation>
    <animation id="jnt_spine3-anim" name="jnt_spine3"><animation><source id="jnt_spine3-Matrix-animation-input"><float_array id="jnt_spine3-Matrix-animation-input-array" count="21">

0.000000 0.033333 0.066667 0.100000 0.133333 0.166667 0.200000 0.233333 0.266667 0.300000 0.333333 0.366667 0.400000 0.433333 0.466667 0.500000
0.533333 0.566667 0.600000 0.633333 0.666667</float_array><technique_common><accessor source="#jnt_spine3-Matrix-animation-input-array" count="21"><param name="TIME" type="float"/></accessor></technique_common></source><source id="jnt_spine3-Matrix-animation-output-transform"><float_array id="jnt_spine3-Matrix-animation-output-transform-array" count="336">

0.973153 -0.229737 0.013900 0.979908 0.229714 0.973253 0.003281 -0.000000 -0.014282 -0.000000 0.999898 0.000000 0.000000 0.000000 0.000000 1.000000
0.973052 -0.230168 0.013900 0.979908 0.230145 0.973151 0.003281 -0.000000 -0.014282 0.000006 0.999898 0.000000 0.000000 0.000000 0.000000 1.000000
0.972796 -0.231245 0.013900 0.979908 0.231222 0.972895 0.003281 0.000000 -0.014282 0.000022 0.999898 0.000000 0.000000 0.000000 0.000000 1.000000
0.972462 -0.232645 0.013900 0.979908 0.232622 0.972562 0.003281 -0.000000 -0.014282 0.000043 0.999898 0.000000 0.000000 0.000000 0.000000 1.000000
0.972127 -0.234044 0.013900 0.979908 0.234021 0.972226 0.003281 -0.000000 -0.014282 0.000063 0.999898 0.000000 0.000000 0.000000 0.000000 1.000000
0.971867 -0.235120 0.013900 0.979908 0.235097 0.971966 0.003281 -0.000000 -0.014282 0.000079 0.999898 0.000000 0.000000 0.000000 0.000000 1.000000
0.971763 -0.235550 0.013900 0.979908 0.235527 0.971862 0.003281 -0.000000 -0.014282 0.000085 0.999898 0.000000 0.000000 0.000000 0.000000 1.000000
0.971763 -0.235550 0.013900 0.979908 0.235527 0.971862 0.003281 -0.000000 -0.014282 0.000085 0.999898 0.000000 0.000000 0.000000 0.000000 1.000000
0.971763 -0.235550 0.013900 0.979908 0.235527 0.971862 0.003281 -0.000000 -0.014282 0.000085 0.999898 0.000000 0.000000 0.000000 0.000000 1.000000
0.971763 -0.235550 0.013900 0.979908 0.235527 0.971862 0.003281 -0.000000 -0.014282 0.000085 0.999898 0.000000 0.000000 0.000000 0.000000 1.000000
0.971763 -0.235550 0.013900 0.979908 0.235527 0.971862 0.003281 -0.000000 -0.014282 0.000085 0.999898 0.000000 0.000000 0.000000 0.000000 1.000000
0.971763 -0.235550 0.013900 0.979908 0.235527 0.971862 0.003281 -0.000000 -0.014282 0.000085 0.999898 0.000000 0.000000 0.000000 0.000000 1.000000
0.971763 -0.235550 0.013900 0.979908 0.235527 0.971862 0.003281 -0.000000 -0.014282 0.000085 0.999898 0.000000 0.000000 0.000000 0.000000 1.000000
0.971763 -0.235550 0.013900 0.979908 0.235527 0.971862 0.003281 -0.000000 -0.014282 0.000085 0.999898 0.000000 0.000000 0.000000 0.000000 1.000000
0.971763 -0.235550 0.013900 0.979908 0.235527 0.971862 0.003281 -0.000000 -0.014282 0.000085 0.999898 0.000000 0.000000 0.000000 0.000000 1.000000
0.971763 -0.235550 0.013900 0.979908 0.235527 0.971862 0.003281 -0.000000 -0.014282 0.000085 0.999898 0.000000 0.000000 0.000000 0.000000 1.000000
0.971763 -0.235550 0.013900 0.979908 0.235527 0.971862 0.003281 -0.000000 -0.014282 0.000085 0.999898 0.000000 0.000000 0.000000 0.000000 1.000000
0.971763 -0.235550 0.013900 0.979908 0.235527 0.971862 0.003281 -0.000000 -0.014282 0.000085 0.999898 0.000000 0.000000 0.000000 0.000000 1.000000
0.971763 -0.235550 0.013900 0.979908 0.235527 0.971862 0.003281 -0.000000 -0.014282 0.000085 0.999898 0.000000 0.000000 0.000000 0.000000 1.000000
0.971763 -0.235550 0.013900 0.979908 0.235527 0.971862 0.003281 -0.000000 -0.014282 0.000085 0.999898 0.000000 0.000000 0.000000 0.000000 1.000000
0.971763 -0.235550 0.013900 0.979908 0.235527 0.971862 0.003281 -0.000000 -0.014282 0.000085 0.999898 0.000000 0.000000 0.000000 0.000000 1.000000</float_array><technique_common><accessor source="#jnt_spine3-Matrix-animation-output-transform-array" count="21" stride="16"><param type="float4x4"/></accessor></technique_common></source><source id="jnt_spine3-Interpolations"><Name_array id="jnt_spine3-Interpolations-array" count="21">
 LINEAR LINEAR LINEAR LINEAR LINEAR LINEAR LINEAR LINEAR LINEAR LINEAR LINEAR
LINEAR LINEAR LINEAR LINEAR LINEAR LINEAR LINEAR LINEAR LINEAR LINEAR</Name_array><technique_common><accessor source="#jnt_spine3-Interpolations-array" count="21"><param type="name"/></accessor></technique_common></source><sampler id="jnt_spine3-Matrix-animation-transform"><input semantic="INPUT" source="#jnt_spine3-Matrix-animation-input"/><input semantic="OUTPUT" source="#jnt_spine3-Matrix-animation-output-transform"/><input semantic="INTERPOLATION" source="#jnt_spine3-Interpolations"/></sampler><channel source="#jnt_spine3-Matrix-animation-transform" target="jnt_spine3/matrix"/></animation></animation>
    <animation id="jnt_neck1-anim" name="jnt_neck1"><animation><source id="jnt_neck1-Matrix-animation-input"><float_array id="jnt_neck1-Matrix-animation-input-array" count="21">

0.000000 0.033333 0.066667 0.100000 0.133333 0.166667 0.200000 0.233333 0.266667 0.300000 0.333333 0.366667 0.400000 0.433333 0.466667 0.500000
0.533333 0.566667 0.600000 0.633333 0.666667</float_array><technique_common><accessor source="#jnt_neck1-Matrix-animation-input-array" count="21"><param name="TIME" type="float"/></accessor></technique_common></source><source id="jnt_neck1-Matrix-animation-output-transform"><float_array id="jnt_neck1-Matrix-animation-output-transform-array" count="336">

0.983850 -0.178997 0.000000 0.837368 0.178997 0.983850 0.000000 0.000000 -0.000000 -0.000000 1.000000 0.000000 0.000000 0.000000 0.000000 1.000000
0.985773 -0.168081 -0.000000 0.837368 0.168081 0.985773 0.000000 0.000000 0.000000 0.000000 1.000000 0.000000 0.000000 0.000000 0.000000 1.000000
0.990052 -0.140704 -0.000000 0.837368 0.140704 0.990052 0.000000 0.000000 0.000000 -0.000000 1.000000 0.000000 0.000000 0.000000 0.000000 1.000000
0.994477 -0.104955 -0.000000 0.837368 0.104955 0.994477 -0.000000 0.000000 0.000000 0.000000 1.000000 0.000000 0.000000 0.000000 0.000000 1.000000
0.997612 -0.069071 0.000000 0.837368 0.069071 0.997612 -0.000000 0.000000 0.000000 0.000000 1.000000 0.000000 0.000000 0.000000 0.000000 1.000000
0.999143 -0.041404 -0.000000 0.837368 0.041404 0.999143 0.000000 0.000000 -0.000000 0.000000 1.000000 0.000000 0.000000 0.000000 0.000000 1.000000
0.999540 -0.030327 0.000000 0.837368 0.030327 0.999540 -0.000000 0.000000 -0.000000 0.000000 1.000000 0.000000 0.000000 0.000000 0.000000 1.000000
0.999540 -0.030327 0.000000 0.837368 0.030327 0.999540 -0.000000 0.000000 -0.000000 0.000000 1.000000 0.000000 0.000000 0.000000 0.000000 1.000000
0.999540 -0.030327 0.000000 0.837368 0.030327 0.999540 -0.000000 0.000000 -0.000000 0.000000 1.000000 0.000000 0.000000 0.000000 0.000000 1.000000
0.999540 -0.030327 0.000000 0.837368 0.030327 0.999540 -0.000000 0.000000 -0.000000 0.000000 1.000000 0.000000 0.000000 0.000000 0.000000 1.000000
0.999540 -0.030327 0.000000 0.837368 0.030327 0.999540 -0.000000 0.000000 -0.000000 0.000000 1.000000 0.000000 0.000000 0.000000 0.000000 1.000000
0.999540 -0.030327 0.000000 0.837368 0.030327 0.999540 -0.000000 0.000000 -0.000000 0.000000 1.000000 0.000000 0.000000 0.000000 0.000000 1.000000
0.999540 -0.030327 0.000000 0.837368 0.030327 0.999540 -0.000000 0.000000 -0.000000 0.000000 1.000000 0.000000 0.000000 0.000000 0.000000 1.000000
0.999540 -0.030327 0.000000 0.837368 0.030327 0.999540 -0.000000 0.000000 -0.000000 0.000000 1.000000 0.000000 0.000000 0.000000 0.000000 1.000000
0.999540 -0.030327 0.000000 0.837368 0.030327 0.999540 -0.000000 0.000000 -0.000000 0.000000 1.000000 0.000000 0.000000 0.000000 0.000000 1.000000
0.999540 -0.030327 0.000000 0.837368 0.030327 0.999540 -0.000000 0.000000 -0.000000 0.000000 1.000000 0.000000 0.000000 0.000000 0.000000 1.000000
0.999540 -0.030327 0.000000 0.837368 0.030327 0.999540 -0.000000 0.000000 -0.000000 0.000000 1.000000 0.000000 0.000000 0.000000 0.000000 1.000000
0.999540 -0.030327 0.000000 0.837368 0.030327 0.999540 -0.000000 0.000000 -0.000000 0.000000 1.000000 0.000000 0.000000 0.000000 0.000000 1.000000
0.999540 -0.030327 0.000000 0.837368 0.030327 0.999540 -0.000000 0.000000 -0.000000 0.000000 1.000000 0.000000 0.000000 0.000000 0.000000 1.000000
0.999540 -0.030327 0.000000 0.837368 0.030327 0.999540 -0.000000 0.000000 -0.000000 0.000000 1.000000 0.000000 0.000000 0.000000 0.000000 1.000000
0.999540 -0.030327 0.000000 0.837368 0.030327 0.999540 -0.000000 0.000000 -0.000000 0.000000 1.000000 0.000000 0.000000 0.000000 0.000000 1.000000</float_array><technique_common><accessor source="#jnt_neck1-Matrix-animation-output-transform-array" count="21" stride="16"><param type="float4x4"/></accessor></technique_common></source><source id="jnt_neck1-Interpolations"><Name_array id="jnt_neck1-Interpolations-array" count="21">
 LINEAR LINEAR LINEAR LINEAR LINEAR LINEAR LINEAR LINEAR LINEAR LINEAR LINEAR
LINEAR LINEAR LINEAR LINEAR LINEAR LINEAR LINEAR LINEAR LINEAR LINEAR</Name_array><technique_common><accessor source="#jnt_neck1-Interpolations-array" count="21"><param type="name"/></accessor></technique_common></source><sampler id="jnt_neck1-Matrix-animation-transform"><input semantic="INPUT" source="#jnt_neck1-Matrix-animation-input"/><input semantic="OUTPUT" source="#jnt_neck1-Matrix-animation-output-transform"/><input semantic="INTERPOLATION" source="#jnt_neck1-Interpolations"/></sampler><channel source="#jnt_neck1-Matrix-animation-transform" target="jnt_neck1/matrix"/></animation></animation>
    <animation id="jnt_neck2-anim" name="jnt_neck2"><animation><source id="jnt_neck2-Matrix-animation-input"><float_array id="jnt_neck2-Matrix-animation-input-array" count="21">

0.000000 0.033333 0.066667 0.100000 0.133333 0.166667 0.200000 0.233333 0.266667 0.300000 0.333333 0.366667 0.400000 0.433333 0.466667 0.500000
0.533333 0.566667 0.600000 0.633333 0.666667</float_array><technique_common><accessor source="#jnt_neck2-Matrix-animation-input-array" count="21"><param name="TIME" type="float"/></accessor></technique_common></source><source id="jnt_neck2-Matrix-animation-output-transform"><float_array id="jnt_neck2-Matrix-animation-output-transform-array" count="336">

1.000000 0.000000 -0.000000 0.681130 -0.000000 1.000000 -0.000000 -0.000000 0.000000 -0.000000 1.000000 0.000000 0.000000 0.000000 0.000000 1.000000
0.999939 0.011084 0.000000 0.681130 -0.011084 0.999939 0.000000 -0.000000 0.000000 -0.000000 1.000000 0.000000 0.000000 0.000000 0.000000 1.000000
0.999248 0.038785 0.000000 0.681130 -0.038785 0.999248 0.000000 -0.000000 0.000000 0.000000 1.000000 0.000000 0.000000 0.000000 0.000000 1.000000
0.997202 0.074748 0.000000 0.681130 -0.074748 0.997202 0.000000 -0.000000 0.000000 0.000000 1.000000 0.000000 0.000000 0.000000 0.000000 1.000000
0.993863 0.110614 0.000000 0.681130 -0.110614 0.993863 0.000000 0.000000 0.000000 0.000000 1.000000 0.000000 0.000000 0.000000 0.000000 1.000000
0.990417 0.138108 0.000000 0.681130 -0.138108 0.990417 0.000000 0.000000 0.000000 0.000000 1.000000 0.000000 0.000000 0.000000 0.000000 1.000000
0.988826 0.149077 -0.000000 0.681130 -0.149077 0.988826 -0.000000 -0.000000 -0.000000 0.000000 1.000000 0.000000 0.000000 0.000000 0.000000 1.000000
0.988826 0.149077 -0.000000 0.681130 -0.149077 0.988826 -0.000000 -0.000000 -0.000000 0.000000 1.000000 0.000000 0.000000 0.000000 0.000000 1.000000
0.988826 0.149077 -0.000000 0.681130 -0.149077 0.988826 -0.000000 -0.000000 -0.000000 0.000000 1.000000 0.000000 0.000000 0.000000 0.000000 1.000000
0.988826 0.149077 -0.000000 0.681130 -0.149077 0.988826 -0.000000 -0.000000 -0.000000 0.000000 1.000000 0.000000 0.000000 0.000000 0.000000 1.000000
0.988826 0.149077 -0.000000 0.681130 -0.149077 0.988826 -0.000000 -0.000000 -0.000000 0.000000 1.000000 0.000000 0.000000 0.000000 0.000000 1.000000
0.988826 0.149077 -0.000000 0.681130 -0.149077 0.988826 -0.000000 -0.000000 -0.000000 0.000000 1.000000 0.000000 0.000000 0.000000 0.000000 1.000000
0.988826 0.149077 -0.000000 0.681130 -0.149077 0.988826 -0.000000 -0.000000 -0.000000 0.000000 1.000000 0.000000 0.000000 0.000000 0.000000 1.000000
0.988826 0.149077 -0.000000 0.681130 -0.149077 0.988826 -0.000000 -0.000000 -0.000000 0.000000 1.000000 0.000000 0.000000 0.000000 0.000000 1.000000
0.988826 0.149077 -0.000000 0.681130 -0.149077 0.988826 -0.000000 -0.000000 -0.000000 0.000000 1.000000 0.000000 0.000000 0.000000 0.000000 1.000000
0.988826 0.149077 -0.000000 0.681130 -0.149077 0.988826 -0.000000 -0.000000 -0.000000 0.000000 1.000000 0.000000 0.000000 0.000000 0.000000 1.000000
0.988826 0.149077 -0.000000 0.681130 -0.149077 0.988826 -0.000000 -0.000000 -0.000000 0.000000 1.000000 0.000000 0.000000 0.000000 0.000000 1.000000
0.988826 0.149077 -0.000000 0.681130 -0.149077 0.988826 -0.000000 -0.000000 -0.000000 0.000000 1.000000 0.000000 0.000000 0.000000 0.000000 1.000000
0.988826 0.149077 -0.000000 0.681130 -0.149077 0.988826 -0.000000 -0.000000 -0.000000 0.000000 1.000000 0.000000 0.000000 0.000000 0.000000 1.000000
0.988826 0.149077 -0.000000 0.681130 -0.149077 0.988826 -0.000000 -0.000000 -0.000000 0.000000 1.000000 0.000000 0.000000 0.000000 0.000000 1.000000
0.988826 0.149077 -0.000000 0.681130 -0.149077 0.988826 -0.000000 -0.000000 -0.000000 0.000000 1.000000 0.000000 0.000000 0.000000 0.000000 1.000000</float_array><technique_common><accessor source="#jnt_neck2-Matrix-animation-output-transform-array" count="21" stride="16"><param type="float4x4"/></accessor></technique_common></source><source id="jnt_neck2-Interpolations"><Name_array id="jnt_neck2-Interpolations-array" count="21">
 LINEAR LINEAR LINEAR LINEAR LINEAR LINEAR LINEAR LINEAR LINEAR LINEAR LINEAR
LINEAR LINEAR LINEAR LINEAR LINEAR LINEAR LINEAR LINEAR LINEAR LINEAR</Name_array><technique_common><accessor source="#jnt_neck2-Interpolations-array" count="21"><param type="name"/></accessor></technique_common></source><sampler id="jnt_neck2-Matrix-animation-transform"><input semantic="INPUT" source="#jnt_neck2-Matrix-animation-input"/><input semantic="OUTPUT" source="#jnt_neck2-Matrix-animation-output-transform"/><input semantic="INTERPOLATION" source="#jnt_neck2-Interpolations"/></sampler><channel source="#jnt_neck2-Matrix-animation-transform" target="jnt_neck2/matrix"/></animation></animation>
    <animation id="jnt_head-anim" name="jnt_head"><animation><source id="jnt_head-Matrix-animation-input"><float_array id="jnt_head-Matrix-animation-input-array" count="21">

0.000000 0.033333 0.066667 0.100000 0.133333 0.166667 0.200000 0.233333 0.266667 0.300000 0.333333 0.366667 0.400000 0.433333 0.466667 0.500000
0.533333 0.566667 0.600000 0.633333 0.666667</float_array><technique_common><accessor source="#jnt_head-Matrix-animation-input-array" count="21"><param name="TIME" type="float"/></accessor></technique_common></source><source id="jnt_head-Matrix-animation-output-transform"><float_array id="jnt_head-Matrix-animation-output-transform-array" count="336">

-0.012882 0.196568 0.980406 0.537667 -0.047425 0.979263 -0.196962 0.047393 -0.998792 -0.049033 -0.003292 -0.000000 0.000000 0.000000 0.000000 1.000000
-0.012882 0.098592 0.995045 0.537667 -0.047425 0.993947 -0.099097 0.047393 -0.998792 -0.048467 -0.008128 -0.000000 0.000000 0.000000 0.000000 1.000000
-0.012882 -0.085194 0.996281 0.537667 -0.047425 0.995295 0.084496 0.047393 -0.998792 -0.046161 -0.016861 -0.000000 0.000000 0.000000 0.000000 1.000000
-0.012882 -0.183357 0.982962 0.537667 -0.047425 0.982049 0.182565 0.047393 -0.998792 -0.044266 -0.021346 -0.000000 0.000000 0.000000 0.000000 1.000000
-0.012882 -0.153085 0.988129 0.537667 -0.047425 0.987192 0.152322 0.047393 -0.998792 -0.044900 -0.019977 -0.000000 0.000000 0.000000 0.000000 1.000000
-0.012882 -0.096505 0.995249 0.537667 -0.047425 0.994271 0.095796 0.047393 -0.998792 -0.045966 -0.017385 -0.000000 0.000000 0.000000 0.000000 1.000000
-0.012882 -0.065897 0.997743 0.537667 -0.047425 0.996743 0.065219 0.047393 -0.998792 -0.046478 -0.015965 -0.000000 0.000000 0.000000 0.000000 1.000000
-0.012882 -0.065897 0.997743 0.537667 -0.047425 0.996743 0.065219 0.047393 -0.998792 -0.046478 -0.015965 -0.000000 0.000000 0.000000 0.000000 1.000000
-0.012882 -0.065897 0.997743 0.537667 -0.047425 0.996743 0.065219 0.047393 -0.998792 -0.046478 -0.015965 -0.000000 0.000000 0.000000 0.000000 1.000000
-0.012882 -0.065897 0.997743 0.537667 -0.047425 0.996743 0.065219 0.047393 -0.998792 -0.046478 -0.015965 -0.000000 0.000000 0.000000 0.000000 1.000000
-0.012882 -0.065897 0.997743 0.537667 -0.047425 0.996743 0.065219 0.047393 -0.998792 -0.046478 -0.015965 -0.000000 0.000000 0.000000 0.000000 1.000000
-0.012882 -0.065897 0.997743 0.537667 -0.047425 0.996743 0.065219 0.047393 -0.998792 -0.046478 -0.015965 -0.000000 0.000000 0.000000 0.000000 1.000000
-0.012882 -0.065897 0.997743 0.537667 -0.047425 0.996743 0.065219 0.047393 -0.998792 -0.046478 -0.015965 -0.000000 0.000000 0.000000 0.000000 1.000000
-0.012882 -0.065897 0.997743 0.537667 -0.047425 0.996743 0.065219 0.047393 -0.998792 -0.046478 -0.015965 -0.000000 0.000000 0.000000 0.000000 1.000000
-0.012882 -0.065897 0.997743 0.537667 -0.047425 0.996743 0.065219 0.047393 -0.998792 -0.046478 -0.015965 -0.000000 0.000000 0.000000 0.000000 1.000000
-0.012882 -0.065897 0.997743 0.537667 -0.047425 0.996743 0.065219 0.047393 -0.998792 -0.046478 -0.015965 -0.000000 0.000000 0.000000 0.000000 1.000000
-0.012882 -0.065897 0.997743 0.537667 -0.047425 0.996743 0.065219 0.047393 -0.998792 -0.046478 -0.015965 -0.000000 0.000000 0.000000 0.000000 1.000000
-0.012882 -0.065897 0.997743 0.537667 -0.047425 0.996743 0.065219 0.047393 -0.998792 -0.046478 -0.015965 -0.000000 0.000000 0.000000 0.000000 1.000000
-0.012882 -0.065897 0.997743 0.537667 -0.047425 0.996743 0.065219 0.047393 -0.998792 -0.046478 -0.015965 -0.000000 0.000000 0.000000 0.000000 1.000000
-0.012882 -0.065897 0.997743 0.537667 -0.047425 0.996743 0.065219 0.047393 -0.998792 -0.046478 -0.015965 -0.000000 0.000000 0.000000 0.000000 1.000000
-0.012882 -0.065897 0.997743 0.537667 -0.047425 0.996743 0.065219 0.047393 -0.998792 -0.046478 -0.015965 -0.000000 0.000000 0.000000 0.000000 1.000000</float_array><technique_common><accessor source="#jnt_head-Matrix-animation-output-transform-array" count="21" stride="16"><param type="float4x4"/></accessor></technique_common></source><source id="jnt_head-Interpolations"><Name_array id="jnt_head-Interpolations-array" count="21">
 LINEAR LINEAR LINEAR LINEAR LINEAR LINEAR LINEAR LINEAR LINEAR LINEAR LINEAR
LINEAR LINEAR LINEAR LINEAR LINEAR LINEAR LINEAR LINEAR LINEAR LINEAR</Name_array><technique_common><accessor source="#jnt_head-Interpolations-array" count="21"><param type="name"/></accessor></technique_common></source><sampler id="jnt_head-Matrix-animation-transform"><input semantic="INPUT" source="#jnt_head-Matrix-animation-input"/><input semantic="OUTPUT" source="#jnt_head-Matrix-animation-output-transform"/><input semantic="INTERPOLATION" source="#jnt_head-Interpolations"/></sampler><channel source="#jnt_head-Matrix-animation-transform" target="jnt_head/matrix"/></animation></animation>
    <animation id="jnt_l_ear_1-anim" name="jnt_l_ear_1"><animation><source id="jnt_l_ear_1-Matrix-animation-input"><float_array id="jnt_l_ear_1-Matrix-animation-input-array" count="21">

0.000000 0.033333 0.066667 0.100000 0.133333 0.166667 0.200000 0.233333 0.266667 0.300000 0.333333 0.366667 0.400000 0.433333 0.466667 0.500000
0.533333 0.566667 0.600000 0.633333 0.666667</float_array><technique_common><accessor source="#jnt_l_ear_1-Matrix-animation-input-array" count="21"><param name="TIME" type="float"/></accessor></technique_common></source><source id="jnt_l_ear_1-Matrix-animation-output-transform"><float_array id="jnt_l_ear_1-Matrix-animation-output-transform-array" count="336">

0.813185 0.541559 0.213176 0.951896 -0.404066 0.788949 -0.462914 0.389972 -0.418880 0.290298 0.860388 0.322605 0.000000 0.000000 0.000000 1.000000
0.813185 0.541559 0.213176 0.951896 -0.404066 0.788949 -0.462914 0.389972 -0.418880 0.290298 0.860388 0.322605 0.000000 0.000000 0.000000 1.000000
0.813185 0.541559 0.213176 0.951896 -0.404066 0.788949 -0.462914 0.389972 -0.418880 0.290298 0.860388 0.322605 0.000000 0.000000 0.000000 1.000000
0.813185 0.541559 0.213176 0.951896 -0.404066 0.788949 -0.462914 0.389972 -0.418880 0.290298 0.860388 0.322605 0.000000 0.000000 0.000000 1.000000
0.813185 0.541559 0.213176 0.951896 -0.404066 0.788949 -0.462914 0.389972 -0.418880 0.290298 0.860388 0.322605 0.000000 0.000000 0.000000 1.000000
0.813185 0.541559 0.213176 0.951896 -0.404066 0.788949 -0.462914 0.389972 -0.418880 0.290298 0.860388 0.322605 0.000000 0.000000 0.000000 1.000000
0.813185 0.541559 0.213176 0.951896 -0.404066 0.788949 -0.462914 0.389972 -0.418880 0.290298 0.860388 0.322605 0.000000 0.000000 0.000000 1.000000
0.813185 0.541559 0.213176 0.951896 -0.404066 0.788949 -0.462914 0.389972 -0.418880 0.290298 0.860388 0.322605 0.000000 0.000000 0.000000 1.000000
0.813185 0.541559 0.213176 0.951896 -0.404066 0.788949 -0.462914 0.389972 -0.418880 0.290298 0.860388 0.322605 0.000000 0.000000 0.000000 1.000000
0.813185 0.541559 0.213176 0.951896 -0.404066 0.788949 -0.462914 0.389972 -0.418880 0.290298 0.860388 0.322605 0.000000 0.000000 0.000000 1.000000
0.813185 0.541559 0.213176 0.951896 -0.404066 0.788949 -0.462914 0.389972 -0.418880 0.290298 0.860388 0.322605 0.000000 0.000000 0.000000 1.000000
0.813185 0.541559 0.213176 0.951896 -0.404066 0.788949 -0.462914 0.389972 -0.418880 0.290298 0.860388 0.322605 0.000000 0.000000 0.000000 1.000000
0.813185 0.541559 0.213176 0.951896 -0.404066 0.788949 -0.462914 0.389972 -0.418880 0.290298 0.860388 0.322605 0.000000 0.000000 0.000000 1.000000
0.813185 0.541559 0.213176 0.951896 -0.404066 0.788949 -0.462914 0.389972 -0.418880 0.290298 0.860388 0.322605 0.000000 0.000000 0.000000 1.000000
0.813185 0.541559 0.213176 0.951896 -0.404066 0.788949 -0.462914 0.389972 -0.418880 0.290298 0.860388 0.322605 0.000000 0.000000 0.000000 1.000000
0.813185 0.541559 0.213176 0.951896 -0.404066 0.788949 -0.462914 0.389972 -0.418880 0.290298 0.860388 0.322605 0.000000 0.000000 0.000000 1.000000
0.813185 0.541559 0.213176 0.951896 -0.404066 0.788949 -0.462914 0.389972 -0.418880 0.290298 0.860388 0.322605 0.000000 0.000000 0.000000 1.000000
0.813185 0.541559 0.213176 0.951896 -0.404066 0.788949 -0.462914 0.389972 -0.418880 0.290298 0.860388 0.322605 0.000000 0.000000 0.000000 1.000000
0.813185 0.541559 0.213176 0.951896 -0.404066 0.788949 -0.462914 0.389972 -0.418880 0.290298 0.860388 0.322605 0.000000 0.000000 0.000000 1.000000
0.813185 0.541559 0.213176 0.951896 -0.404066 0.788949 -0.462914 0.389972 -0.418880 0.290298 0.860388 0.322605 0.000000 0.000000 0.000000 1.000000
0.813185 0.541559 0.213176 0.951896 -0.404066 0.788949 -0.462914 0.389972 -0.418880 0.290298 0.860388 0.322605 0.000000 0.000000 0.000000 1.000000</float_array><technique_common><accessor source="#jnt_l_ear_1-Matrix-animation-output-transform-array" count="21" stride="16"><param type="float4x4"/></accessor></technique_common></source><source id="jnt_l_ear_1-Interpolations"><Name_array id="jnt_l_ear_1-Interpolations-array" count="21">
 LINEAR LINEAR LINEAR LINEAR LINEAR LINEAR LINEAR LINEAR LINEAR LINEAR LINEAR
LINEAR LINEAR LINEAR LINEAR LINEAR LINEAR LINEAR LINEAR LINEAR LINEAR</Name_array><technique_common><accessor source="#jnt_l_ear_1-Interpolations-array" count="21"><param type="name"/></accessor></technique_common></source><sampler id="jnt_l_ear_1-Matrix-animation-transform"><input semantic="INPUT" source="#jnt_l_ear_1-Matrix-animation-input"/><input semantic="OUTPUT" source="#jnt_l_ear_1-Matrix-animation-output-transform"/><input semantic="INTERPOLATION" source="#jnt_l_ear_1-Interpolations"/></sampler><channel source="#jnt_l_ear_1-Matrix-animation-transform" target="jnt_l_ear_1/matrix"/></animation></animation>
    <animation id="jnt_l_ear_2-anim" name="jnt_l_ear_2"><animation><source id="jnt_l_ear_2-Matrix-animation-input"><float_array id="jnt_l_ear_2-Matrix-animation-input-array" count="21">

0.000000 0.033333 0.066667 0.100000 0.133333 0.166667 0.200000 0.233333 0.266667 0.300000 0.333333 0.366667 0.400000 0.433333 0.466667 0.500000
0.533333 0.566667 0.600000 0.633333 0.666667</float_array><technique_common><accessor source="#jnt_l_ear_2-Matrix-animation-input-array" count="21"><param name="TIME" type="float"/></accessor></technique_common></source><source id="jnt_l_ear_2-Matrix-animation-output-transform"><float_array id="jnt_l_ear_2-Matrix-animation-output-transform-array" count="336">

0.953901 0.165954 0.250064 0.790298 -0.160530 0.986133 -0.042083 0.000000 -0.253580 0.000000 0.967314 0.000000 0.000000 0.000000 0.000000 1.000000
0.953901 0.165954 0.250064 0.790298 -0.160530 0.986133 -0.042083 0.000000 -0.253580 -0.000000 0.967314 0.000000 0.000000 0.000000 0.000000 1.000000
0.953901 0.165954 0.250064 0.790298 -0.160530 0.986133 -0.042083 0.000000 -0.253580 0.000000 0.967314 0.000000 0.000000 0.000000 0.000000 1.000000
0.953901 0.165954 0.250064 0.790298 -0.160530 0.986133 -0.042083 0.000000 -0.253580 0.000000 0.967314 0.000000 0.000000 0.000000 0.000000 1.000000
