<?xml version="1.0" encoding="utf-8"?>
<COLLADA xmlns="http://www.collada.org/2005/11/COLLADASchema" version="1.4.1">
  <asset><contributor><author></author><authoring_tool>FBX COLLADA exporter</authoring_tool><comments></comments></contributor><created>2019-12-03T18:21:17Z</created><keywords></keywords><modified>2019-12-03T18:21:17Z</modified><revision></revision><subject></subject><title></title><unit meter="0.010000" name="centimeter"></unit><up_axis>Y_UP</up_axis></asset>
  <library_animations>
    <animation id="root_jnt-anim" name="root_jnt"><animation><source id="root_jnt-Matrix-animation-input"><float_array id="root_jnt-Matrix-animation-input-array" count="29">

0.000000 0.033333 0.066667 0.100000 0.133333 0.166667 0.200000 0.233333 0.266667 0.300000 0.333333 0.366667 0.400000 0.433333 0.466667 0.500000
0.533333 0.566667 0.600000 0.633333 0.666667 0.700000 0.733333 0.766667 0.800000 0.833333 0.866667 0.900000 0.933333</float_array><technique_common><accessor source="#root_jnt-Matrix-animation-input-array" count="29"><param name="TIME" type="float"/></accessor></technique_common></source><source id="root_jnt-Matrix-animation-output-transform"><float_array id="root_jnt-Matrix-animation-output-transform-array" count="464">

1.000000 0.000000 0.000000 0.000000 0.000000 1.000000 0.000000 0.000000 0.000000 0.000000 1.000000 0.000000 0.000000 0.000000 0.000000 1.000000
1.000000 0.000000 0.000000 0.000000 0.000000 1.000000 0.000000 0.000000 0.000000 0.000000 1.000000 0.000000 0.000000 0.000000 0.000000 1.000000
1.000000 0.000000 0.000000 0.000000 0.000000 1.000000 0.000000 0.000000 0.000000 0.000000 1.000000 0.000000 0.000000 0.000000 0.000000 1.000000
1.000000 0.000000 0.000000 0.000000 0.000000 1.000000 0.000000 0.000000 0.000000 0.000000 1.000000 0.000000 0.000000 0.000000 0.000000 1.000000
1.000000 0.000000 0.000000 0.000000 0.000000 1.000000 0.000000 0.000000 0.000000 0.000000 1.000000 0.000000 0.000000 0.000000 0.000000 1.000000
1.000000 0.000000 0.000000 0.000000 0.000000 1.000000 0.000000 0.000000 0.000000 0.000000 1.000000 0.000000 0.000000 0.000000 0.000000 1.000000
1.000000 0.000000 0.000000 0.000000 0.000000 1.000000 0.000000 0.000000 0.000000 0.000000 1.000000 0.000000 0.000000 0.000000 0.000000 1.000000
1.000000 0.000000 0.000000 0.000000 0.000000 1.000000 0.000000 0.000000 0.000000 0.000000 1.000000 0.000000 0.000000 0.000000 0.000000 1.000000
1.000000 0.000000 0.000000 0.000000 0.000000 1.000000 0.000000 0.000000 0.000000 0.000000 1.000000 0.000000 0.000000 0.000000 0.000000 1.000000
1.000000 0.000000 0.000000 0.000000 0.000000 1.000000 0.000000 0.000000 0.000000 0.000000 1.000000 0.000000 0.000000 0.000000 0.000000 1.000000
1.000000 0.000000 0.000000 0.000000 0.000000 1.000000 0.000000 0.000000 0.000000 0.000000 1.000000 0.000000 0.000000 0.000000 0.000000 1.000000
1.000000 0.000000 0.000000 0.000000 0.000000 1.000000 0.000000 0.000000 0.000000 0.000000 1.000000 0.000000 0.000000 0.000000 0.000000 1.000000
1.000000 0.000000 0.000000 0.000000 0.000000 1.000000 0.000000 0.000000 0.000000 0.000000 1.000000 0.000000 0.000000 0.000000 0.000000 1.000000
1.000000 0.000000 0.000000 0.000000 0.000000 1.000000 0.000000 0.000000 0.000000 0.000000 1.000000 0.000000 0.000000 0.000000 0.000000 1.000000
1.000000 0.000000 0.000000 0.000000 0.000000 1.000000 0.000000 0.000000 0.000000 0.000000 1.000000 0.000000 0.000000 0.000000 0.000000 1.000000
1.000000 0.000000 0.000000 0.000000 0.000000 1.000000 0.000000 0.000000 0.000000 0.000000 1.000000 0.000000 0.000000 0.000000 0.000000 1.000000
1.000000 0.000000 0.000000 0.000000 0.000000 1.000000 0.000000 0.000000 0.000000 0.000000 1.000000 0.000000 0.000000 0.000000 0.000000 1.000000
1.000000 0.000000 0.000000 0.000000 0.000000 1.000000 0.000000 0.000000 0.000000 0.000000 1.000000 0.000000 0.000000 0.000000 0.000000 1.000000
1.000000 0.000000 0.000000 0.000000 0.000000 1.000000 0.000000 0.000000 0.000000 0.000000 1.000000 0.000000 0.000000 0.000000 0.000000 1.000000
1.000000 0.000000 0.000000 0.000000 0.000000 1.000000 0.000000 0.000000 0.000000 0.000000 1.000000 0.000000 0.000000 0.000000 0.000000 1.000000
1.000000 0.000000 0.000000 0.000000 0.000000 1.000000 0.000000 0.000000 0.000000 0.000000 1.000000 0.000000 0.000000 0.000000 0.000000 1.000000
1.000000 0.000000 0.000000 0.000000 0.000000 1.000000 0.000000 0.000000 0.000000 0.000000 1.000000 0.000000 0.000000 0.000000 0.000000 1.000000
1.000000 0.000000 0.000000 0.000000 0.000000 1.000000 0.000000 0.000000 0.000000 0.000000 1.000000 0.000000 0.000000 0.000000 0.000000 1.000000
1.000000 0.000000 0.000000 0.000000 0.000000 1.000000 0.000000 0.000000 0.000000 0.000000 1.000000 0.000000 0.000000 0.000000 0.000000 1.000000
1.000000 0.000000 0.000000 0.000000 0.000000 1.000000 0.000000 0.000000 0.000000 0.000000 1.000000 0.000000 0.000000 0.000000 0.000000 1.000000
1.000000 0.000000 0.000000 0.000000 0.000000 1.000000 0.000000 0.000000 0.000000 0.000000 1.000000 0.000000 0.000000 0.000000 0.000000 1.000000
1.000000 0.000000 0.000000 0.000000 0.000000 1.000000 0.000000 0.000000 0.000000 0.000000 1.000000 0.000000 0.000000 0.000000 0.000000 1.000000
1.000000 0.000000 0.000000 0.000000 0.000000 1.000000 0.000000 0.000000 0.000000 0.000000 1.000000 0.000000 0.000000 0.000000 0.000000 1.000000
1.000000 0.000000 0.000000 0.000000 0.000000 1.000000 0.000000 0.000000 0.000000 0.000000 1.000000 0.000000 0.000000 0.000000 0.000000 1.000000</float_array><technique_common><accessor source="#root_jnt-Matrix-animation-output-transform-array" count="29" stride="16"><param type="float4x4"/></accessor></technique_common></source><source id="root_jnt-Interpolations"><Name_array id="root_jnt-Interpolations-array" count="29">
 LINEAR LINEAR LINEAR LINEAR LINEAR LINEAR LINEAR LINEAR LINEAR LINEAR LINEAR
LINEAR LINEAR LINEAR LINEAR LINEAR LINEAR LINEAR LINEAR LINEAR LINEAR LINEAR LINEAR
LINEAR LINEAR LINEAR LINEAR LINEAR LINEAR</Name_array><technique_common><accessor source="#root_jnt-Interpolations-array" count="29"><param type="name"/></accessor></technique_common></source><sampler id="root_jnt-Matrix-animation-transform"><input semantic="INPUT" source="#root_jnt-Matrix-animation-input"/><input semantic="OUTPUT" source="#root_jnt-Matrix-animation-output-transform"/><input semantic="INTERPOLATION" source="#root_jnt-Interpolations"/></sampler><channel source="#root_jnt-Matrix-animation-transform" target="root_jnt/matrix"/></animation></animation>
    <animation id="pelvis_jnt-anim" name="pelvis_jnt"><animation><source id="pelvis_jnt-Matrix-animation-input"><float_array id="pelvis_jnt-Matrix-animation-input-array" count="29">

0.000000 0.033333 0.066667 0.100000 0.133333 0.166667 0.200000 0.233333 0.266667 0.300000 0.333333 0.366667 0.400000 0.433333 0.466667 0.500000
0.533333 0.566667 0.600000 0.633333 0.666667 0.700000 0.733333 0.766667 0.800000 0.833333 0.866667 0.900000 0.933333</float_array><technique_common><accessor source="#pelvis_jnt-Matrix-animation-input-array" count="29"><param name="TIME" type="float"/></accessor></technique_common></source><source id="pelvis_jnt-Matrix-animation-output-transform"><float_array id="pelvis_jnt-Matrix-animation-output-transform-array" count="464">

0.953981 0.297337 -0.038861 -0.509622 -0.255435 0.873663 0.414085 3.477060 0.157074 -0.385103 0.909408 -0.739043 0.000000 0.000000 0.000000 1.000000
0.642503 0.580973 -0.499660 -0.494735 -0.463091 0.813901 0.350874 3.448604 0.610522 0.005950 0.791977 -2.152015 0.000000 0.000000 0.000000 1.000000
0.222136 0.560057 -0.798117 -0.495833 -0.336572 0.812298 0.476332 3.379036 0.915082 0.162814 0.368940 -3.577277 0.000000 0.000000 0.000000 1.000000
0.277469 0.570667 -0.772884 -0.495276 -0.374909 0.805007 0.459791 3.274713 0.884565 0.162183 0.437312 -3.263792 0.000000 0.000000 0.000000 1.000000
0.428452 0.590537 -0.683882 -0.494233 -0.440493 0.797351 0.412549 3.145626 0.788920 0.124488 0.601754 -2.481975 0.000000 0.000000 0.000000 1.000000
0.632278 0.580876 -0.512648 -0.494740 -0.455721 0.813971 0.360235 3.002777 0.626532 0.005856 0.779374 -1.469267 0.000000 0.000000 0.000000 1.000000
0.814527 0.499186 -0.295565 -0.499027 -0.393253 0.849673 0.351295 2.855604 0.426495 -0.169907 0.888388 -0.459558 0.000000 0.000000 0.000000 1.000000
0.921001 0.371034 -0.118705 -0.505754 -0.300498 0.870568 0.389632 2.712037 0.247907 -0.323181 0.913289 0.316193 0.000000 0.000000 0.000000 1.000000
0.953981 0.297337 -0.038861 -0.509622 -0.255435 0.873663 0.414085 2.581630 0.157074 -0.385103 0.909408 0.626461 0.000000 0.000000 0.000000 1.000000
0.957232 0.288607 -0.020305 -0.510080 -0.256902 0.880160 0.399149 2.447512 0.133069 -0.376862 0.916661 0.542508 0.000000 0.000000 0.000000 1.000000
0.959087 0.282901 -0.010913 -0.510379 -0.259004 0.892333 0.369674 2.292020 0.114320 -0.351723 0.929097 0.313972 0.000000 0.000000 0.000000 1.000000
0.959970 0.279967 -0.008762 -0.510533 -0.261568 0.907194 0.329515 2.125007 0.100202 -0.314033 0.944110 -0.024420 0.000000 0.000000 0.000000 1.000000
0.960200 0.279052 -0.012115 -0.510581 -0.264392 0.922034 0.282756 1.956343 0.090074 -0.268299 0.959115 -0.437951 0.000000 0.000000 0.000000 1.000000
0.960021 0.279266 -0.019240 -0.510570 -0.267253 0.934833 0.233801 1.795931 0.083279 -0.219312 0.972094 -0.891920 0.000000 0.000000 0.000000 1.000000
0.959626 0.279852 -0.028301 -0.510539 -0.269912 0.944486 0.187336 1.653724 0.079156 -0.172133 0.981888 -1.351637 0.000000 0.000000 0.000000 1.000000
0.959174 0.280342 -0.037332 -0.510514 -0.272122 0.950783 0.148190 1.539723 0.077038 -0.131982 0.988254 -1.782424 0.000000 0.000000 0.000000 1.000000
0.958806 0.280589 -0.044277 -0.510501 -0.273633 0.954166 0.121211 1.463960 0.076258 -0.104102 0.991639 -2.149602 0.000000 0.000000 0.000000 1.000000
0.958655 0.280653 -0.047052 -0.510497 -0.274193 0.955227 0.111173 1.436478 0.076147 -0.093675 0.992687 -2.418488 0.000000 0.000000 0.000000 1.000000
0.958623 0.280789 -0.046905 -0.510490 -0.273774 0.954468 0.118488 1.525078 0.078039 -0.100744 0.991847 -2.588178 0.000000 0.000000 0.000000 1.000000
0.958515 0.281223 -0.046503 -0.510467 -0.272621 0.952099 0.138509 1.747766 0.083227 -0.120085 0.989269 -2.691895 0.000000 0.000000 0.000000 1.000000
0.958303 0.282043 -0.045901 -0.510424 -0.270885 0.947783 0.168311 2.039863 0.090975 -0.148859 0.984665 -2.746144 0.000000 0.000000 0.000000 1.000000
0.957957 0.283340 -0.045137 -0.510356 -0.268719 0.941167 0.204926 2.336687 0.100545 -0.184181 0.977736 -2.767428 0.000000 0.000000 0.000000 1.000000
0.957460 0.285155 -0.044231 -0.510261 -0.266278 0.932140 0.245381 2.573571 0.111201 -0.223165 0.968417 -2.772250 0.000000 0.000000 0.000000 1.000000
0.956825 0.287437 -0.043200 -0.510141 -0.263725 0.920990 0.286752 2.769233 0.122210 -0.262979 0.957030 -2.623102 0.000000 0.000000 0.000000 1.000000
0.956092 0.290029 -0.042076 -0.510005 -0.261230 0.908482 0.326220 2.972604 0.132839 -0.300905 0.944357 -2.246999 0.000000 0.000000 0.000000 1.000000
0.955336 0.292672 -0.040934 -0.509866 -0.258971 0.895837 0.361124 3.164367 0.142361 -0.334394 0.931619 -1.757235 0.000000 0.000000 0.000000 1.000000
0.954656 0.295025 -0.039901 -0.509743 -0.257129 0.884638 0.388973 3.325223 0.150055 -0.361076 0.920385 -1.267113 0.000000 0.000000 0.000000 1.000000
0.954167 0.296704 -0.039149 -0.509655 -0.255889 0.876665 0.407406 3.435884 0.155199 -0.378715 0.912408 -0.889946 0.000000 0.000000 0.000000 1.000000
0.953981 0.297337 -0.038861 -0.509622 -0.255435 0.873663 0.414085 3.477060 0.157074 -0.385103 0.909408 -0.739043 0.000000 0.000000 0.000000 1.000000</float_array><technique_common><accessor source="#pelvis_jnt-Matrix-animation-output-transform-array" count="29" stride="16"><param type="float4x4"/></accessor></technique_common></source><source id="pelvis_jnt-Interpolations"><Name_array id="pelvis_jnt-Interpolations-array" count="29">
 LINEAR LINEAR LINEAR LINEAR LINEAR LINEAR LINEAR LINEAR LINEAR LINEAR LINEAR
LINEAR LINEAR LINEAR LINEAR LINEAR LINEAR LINEAR LINEAR LINEAR LINEAR LINEAR LINEAR
LINEAR LINEAR LINEAR LINEAR LINEAR LINEAR</Name_array><technique_common><accessor source="#pelvis_jnt-Interpolations-array" count="29"><param type="name"/></accessor></technique_common></source><sampler id="pelvis_jnt-Matrix-animation-transform"><input semantic="INPUT" source="#pelvis_jnt-Matrix-animation-input"/><input semantic="OUTPUT" source="#pelvis_jnt-Matrix-animation-output-transform"/><input semantic="INTERPOLATION" source="#pelvis_jnt-Interpolations"/></sampler><channel source="#pelvis_jnt-Matrix-animation-transform" target="pelvis_jnt/matrix"/></animation></animation>
    <animation id="b_leg01_jnt-anim" name="b_leg01_jnt"><animation><source id="b_leg01_jnt-Matrix-animation-input"><float_array id="b_leg01_jnt-Matrix-animation-input-array" count="29">

0.000000 0.033333 0.066667 0.100000 0.133333 0.166667 0.200000 0.233333 0.266667 0.300000 0.333333 0.366667 0.400000 0.433333 0.466667 0.500000
0.533333 0.566667 0.600000 0.633333 0.666667 0.700000 0.733333 0.766667 0.800000 0.833333 0.866667 0.900000 0.933333</float_array><technique_common><accessor source="#b_leg01_jnt-Matrix-animation-input-array" count="29"><param name="TIME" type="float"/></accessor></technique_common></source><source id="b_leg01_jnt-Matrix-animation-output-transform"><float_array id="b_leg01_jnt-Matrix-animation-output-transform-array" count="464">

-0.925991 -0.301986 0.226594 -0.000000 -0.296828 0.953207 0.057349 -0.199018 -0.233310 -0.014155 -0.972299 -0.585694 0.000000 0.000000 0.000000 1.000000
-0.925991 -0.301986 0.226594 -0.000000 -0.296828 0.953207 0.057349 -0.199018 -0.233310 -0.014155 -0.972299 -0.585694 0.000000 0.000000 0.000000 1.000000
-0.925991 -0.301986 0.226594 -0.000000 -0.296828 0.953207 0.057349 -0.199018 -0.233310 -0.014155 -0.972299 -0.585694 0.000000 0.000000 0.000000 1.000000
-0.925991 -0.301986 0.226594 -0.000000 -0.296828 0.953207 0.057349 -0.199018 -0.233310 -0.014155 -0.972299 -0.585694 0.000000 0.000000 0.000000 1.000000
-0.925991 -0.301986 0.226594 -0.000000 -0.296828 0.953207 0.057349 -0.199018 -0.233310 -0.014155 -0.972299 -0.585694 0.000000 0.000000 0.000000 1.000000
-0.925991 -0.301986 0.226594 -0.000000 -0.296828 0.953207 0.057349 -0.199018 -0.233310 -0.014155 -0.972299 -0.585694 0.000000 0.000000 0.000000 1.000000
-0.925991 -0.301986 0.226594 -0.000000 -0.296828 0.953207 0.057349 -0.199018 -0.233310 -0.014155 -0.972299 -0.585694 0.000000 0.000000 0.000000 1.000000
-0.925991 -0.301986 0.226594 -0.000000 -0.296828 0.953207 0.057349 -0.199018 -0.233310 -0.014155 -0.972299 -0.585694 0.000000 0.000000 0.000000 1.000000
-0.925991 -0.301986 0.226594 -0.000000 -0.296828 0.953207 0.057349 -0.199018 -0.233310 -0.014155 -0.972299 -0.585694 0.000000 0.000000 0.000000 1.000000
-0.925991 -0.301986 0.226594 -0.000000 -0.296828 0.953207 0.057349 -0.199018 -0.233310 -0.014155 -0.972299 -0.585694 0.000000 0.000000 0.000000 1.000000
-0.925991 -0.301986 0.226594 -0.000000 -0.296828 0.953207 0.057349 -0.199018 -0.233310 -0.014155 -0.972299 -0.585694 0.000000 0.000000 0.000000 1.000000
-0.925991 -0.301986 0.226594 -0.000000 -0.296828 0.953207 0.057349 -0.199018 -0.233310 -0.014155 -0.972299 -0.585694 0.000000 0.000000 0.000000 1.000000
-0.925991 -0.301986 0.226594 -0.000000 -0.296828 0.953207 0.057349 -0.199018 -0.233310 -0.014155 -0.972299 -0.585694 0.000000 0.000000 0.000000 1.000000
-0.925991 -0.301986 0.226594 -0.000000 -0.296828 0.953207 0.057349 -0.199018 -0.233310 -0.014155 -0.972299 -0.585694 0.000000 0.000000 0.000000 1.000000
-0.925991 -0.301986 0.226594 -0.000000 -0.296828 0.953207 0.057349 -0.199018 -0.233310 -0.014155 -0.972299 -0.585694 0.000000 0.000000 0.000000 1.000000
-0.925991 -0.301986 0.226594 -0.000000 -0.296828 0.953207 0.057349 -0.199018 -0.233310 -0.014155 -0.972299 -0.585694 0.000000 0.000000 0.000000 1.000000
-0.925991 -0.301986 0.226594 -0.000000 -0.296828 0.953207 0.057349 -0.199018 -0.233310 -0.014155 -0.972299 -0.585694 0.000000 0.000000 0.000000 1.000000
-0.925991 -0.301986 0.226594 -0.000000 -0.296828 0.953207 0.057349 -0.199018 -0.233310 -0.014155 -0.972299 -0.585694 0.000000 0.000000 0.000000 1.000000
-0.925991 -0.301986 0.226594 -0.000000 -0.296828 0.953207 0.057349 -0.199018 -0.233310 -0.014155 -0.972299 -0.585694 0.000000 0.000000 0.000000 1.000000
-0.925991 -0.301986 0.226594 -0.000000 -0.296828 0.953207 0.057349 -0.199018 -0.233310 -0.014155 -0.972299 -0.585694 0.000000 0.000000 0.000000 1.000000
-0.925991 -0.301986 0.226594 -0.000000 -0.296828 0.953207 0.057349 -0.199018 -0.233310 -0.014155 -0.972299 -0.585694 0.000000 0.000000 0.000000 1.000000
-0.925991 -0.301986 0.226594 -0.000000 -0.296828 0.953207 0.057349 -0.199018 -0.233310 -0.014155 -0.972299 -0.585694 0.000000 0.000000 0.000000 1.000000
-0.925991 -0.301986 0.226594 -0.000000 -0.296828 0.953207 0.057349 -0.199018 -0.233310 -0.014155 -0.972299 -0.585694 0.000000 0.000000 0.000000 1.000000
-0.925991 -0.301986 0.226594 -0.000000 -0.296828 0.953207 0.057349 -0.199018 -0.233310 -0.014155 -0.972299 -0.585694 0.000000 0.000000 0.000000 1.000000
-0.925991 -0.301986 0.226594 -0.000000 -0.296828 0.953207 0.057349 -0.199018 -0.233310 -0.014155 -0.972299 -0.585694 0.000000 0.000000 0.000000 1.000000
-0.925991 -0.301986 0.226594 -0.000000 -0.296828 0.953207 0.057349 -0.199018 -0.233310 -0.014155 -0.972299 -0.585694 0.000000 0.000000 0.000000 1.000000
-0.925991 -0.301986 0.226594 -0.000000 -0.296828 0.953207 0.057349 -0.199018 -0.233310 -0.014155 -0.972299 -0.585694 0.000000 0.000000 0.000000 1.000000
-0.925991 -0.301986 0.226594 -0.000000 -0.296828 0.953207 0.057349 -0.199018 -0.233310 -0.014155 -0.972299 -0.585694 0.000000 0.000000 0.000000 1.000000
-0.925991 -0.301986 0.226594 -0.000000 -0.296828 0.953207 0.057349 -0.199018 -0.233310 -0.014155 -0.972299 -0.585694 0.000000 0.000000 0.000000 1.000000</float_array><technique_common><accessor source="#b_leg01_jnt-Matrix-animation-output-transform-array" count="29" stride="16"><param type="float4x4"/></accessor></technique_common></source><source id="b_leg01_jnt-Interpolations"><Name_array id="b_leg01_jnt-Interpolations-array" count="29">
 LINEAR LINEAR LINEAR LINEAR LINEAR LINEAR LINEAR LINEAR LINEAR LINEAR LINEAR
LINEAR LINEAR LINEAR LINEAR LINEAR LINEAR LINEAR LINEAR LINEAR LINEAR LINEAR LINEAR
LINEAR LINEAR LINEAR LINEAR LINEAR LINEAR</Name_array><technique_common><accessor source="#b_leg01_jnt-Interpolations-array" count="29"><param type="name"/></accessor></technique_common></source><sampler id="b_leg01_jnt-Matrix-animation-transform"><input semantic="INPUT" source="#b_leg01_jnt-Matrix-animation-input"/><input semantic="OUTPUT" source="#b_leg01_jnt-Matrix-animation-output-transform"/><input semantic="INTERPOLATION" source="#b_leg01_jnt-Interpolations"/></sampler><channel source="#b_leg01_jnt-Matrix-animation-transform" target="b_leg01_jnt/matrix"/></animation></animation>
    <animation id="b_leg02_jnt-anim" name="b_leg02_jnt"><animation><source id="b_leg02_jnt-Matrix-animation-input"><float_array id="b_leg02_jnt-Matrix-animation-input-array" count="29">

0.000000 0.033333 0.066667 0.100000 0.133333 0.166667 0.200000 0.233333 0.266667 0.300000 0.333333 0.366667 0.400000 0.433333 0.466667 0.500000
0.533333 0.566667 0.600000 0.633333 0.666667 0.700000 0.733333 0.766667 0.800000 0.833333 0.866667 0.900000 0.933333</float_array><technique_common><accessor source="#b_leg02_jnt-Matrix-animation-input-array" count="29"><param name="TIME" type="float"/></accessor></technique_common></source><source id="b_leg02_jnt-Matrix-animation-output-transform"><float_array id="b_leg02_jnt-Matrix-animation-output-transform-array" count="464">

0.518526 0.176893 -0.836564 0.651075 -0.284491 0.958318 0.026303 0.170186 0.806347 0.224357 0.547237 0.000000 0.000000 0.000000 0.000000 1.000000
0.449582 0.875743 0.175924 0.651075 -0.893057 0.436715 0.108302 0.170186 0.018016 -0.205801 0.978428 0.000000 0.000000 0.000000 0.000000 1.000000
-0.282002 0.088335 0.955338 0.651075 -0.957499 0.036972 -0.286059 0.170186 -0.060590 -0.995404 0.074154 0.000000 0.000000 0.000000 0.000000 1.000000
-0.152573 0.315845 0.936463 0.651075 -0.938581 0.250430 -0.237381 0.170186 -0.309494 -0.915165 0.258237 0.000000 0.000000 0.000000 0.000000 1.000000
0.337367 0.652727 0.678330 0.651075 -0.868875 0.493208 -0.042458 0.170186 -0.362271 -0.575060 0.733530 -0.000000 0.000000 0.000000 0.000000 1.000000
0.800002 0.599997 0.000732 0.651075 -0.589308 0.785521 0.188872 0.170186 0.112748 -0.151530 0.982001 0.000000 0.000000 0.000000 0.000000 1.000000
0.783270 0.265573 -0.562102 0.651075 -0.178755 0.962191 0.205512 0.170186 0.595428 -0.060493 0.801128 0.000000 0.000000 0.000000 0.000000 1.000000
0.578700 0.074464 -0.812134 0.651075 0.000884 0.995765 0.091931 0.170186 0.815540 -0.053919 0.576184 0.000000 0.000000 0.000000 0.000000 1.000000
0.475020 0.019145 -0.879767 0.651075 -0.006895 0.999814 0.018034 0.170186 0.879948 -0.002500 0.475063 0.000000 0.000000 0.000000 0.000000 1.000000
0.457825 -0.061529 -0.886911 0.651075 0.143381 0.989653 0.005357 0.170186 0.877404 -0.129619 0.461910 0.000000 0.000000 0.000000 0.000000 1.000000
0.446850 -0.141285 -0.883382 0.651075 0.289118 0.957269 -0.006854 0.170186 0.846603 -0.252339 0.468603 0.000000 0.000000 0.000000 0.000000 1.000000
0.447393 -0.211931 -0.868864 0.651075 0.396603 0.917780 -0.019645 0.170186 0.801590 -0.335805 0.494661 -0.000000 0.000000 0.000000 0.000000 1.000000
0.467577 -0.276202 -0.839693 0.651075 0.460462 0.886975 -0.035349 0.170186 0.754550 -0.370118 0.541910 0.000000 0.000000 0.000000 0.000000 1.000000
0.519007 -0.334068 -0.786784 0.651075 0.477287 0.876866 -0.057472 0.170186 0.709104 -0.345693 0.614546 0.000000 0.000000 0.000000 0.000000 1.000000
0.617137 -0.376910 -0.690710 0.651075 0.443410 0.891745 -0.090432 0.170186 0.650023 -0.250459 0.717455 0.000000 0.000000 0.000000 0.000000 1.000000
0.765021 -0.384052 -0.516960 0.651075 0.369060 0.919284 -0.136790 0.170186 0.527767 -0.086142 0.845010 0.000000 0.000000 0.000000 0.000000 1.000000
0.908413 -0.340157 -0.243060 0.651075 0.300379 0.935417 -0.186458 0.170186 0.290788 0.096371 0.951922 0.000000 0.000000 0.000000 0.000000 1.000000
0.961452 -0.271234 0.045189 0.651075 0.274558 0.937931 -0.211903 0.170186 0.015091 0.216142 0.976245 0.000000 0.000000 0.000000 0.000000 1.000000
0.963010 -0.172317 0.207170 0.651075 0.215233 0.954457 -0.206608 0.170186 -0.162132 0.243555 0.956240 0.000000 0.000000 0.000000 0.000000 1.000000
0.970339 -0.036224 0.239020 0.651075 0.082489 0.978984 -0.186510 0.170186 -0.227240 0.200695 0.952934 0.000000 0.000000 0.000000 0.000000 1.000000
0.976953 0.107356 0.184494 0.651075 -0.078464 0.984423 -0.157337 0.170186 -0.198511 0.139235 0.970158 0.000000 0.000000 0.000000 0.000000 1.000000
0.968120 0.234223 0.088788 0.651075 -0.222969 0.967332 -0.120639 0.170186 -0.114143 0.096996 0.988718 0.000000 0.000000 0.000000 0.000000 1.000000
0.947248 0.320501 -0.000688 0.651075 -0.319536 0.944224 -0.079614 0.170186 -0.024867 0.075634 0.996826 0.000000 0.000000 0.000000 0.000000 1.000000
0.914089 0.337826 -0.224310 0.651075 -0.354565 0.934266 -0.037825 0.170186 0.196787 0.114108 0.973783 0.000000 0.000000 0.000000 0.000000 1.000000
0.807744 0.264956 -0.526639 0.651075 -0.314356 0.949294 -0.004553 0.170186 0.498729 0.169229 0.850077 0.000000 0.000000 0.000000 0.000000 1.000000
0.684711 0.184411 -0.705099 0.651075 -0.247218 0.968868 0.013327 0.170186 0.685605 0.165188 0.708984 0.000000 0.000000 0.000000 0.000000 1.000000
0.595847 0.152835 -0.788421 0.651075 -0.221515 0.974918 0.021579 0.170186 0.771944 0.161789 0.614757 -0.000000 0.000000 0.000000 0.000000 1.000000
0.540547 0.162546 -0.825462 0.651075 -0.252323 0.967314 0.025247 0.170186 0.802584 0.194636 0.563893 -0.000000 0.000000 0.000000 0.000000 1.000000
0.518526 0.176893 -0.836564 0.651075 -0.284491 0.958318 0.026303 0.170186 0.806347 0.224357 0.547237 0.000000 0.000000 0.000000 0.000000 1.000000</float_array><technique_common><accessor source="#b_leg02_jnt-Matrix-animation-output-transform-array" count="29" stride="16"><param type="float4x4"/></accessor></technique_common></source><source id="b_leg02_jnt-Interpolations"><Name_array id="b_leg02_jnt-Interpolations-array" count="29">
 LINEAR LINEAR LINEAR LINEAR LINEAR LINEAR LINEAR LINEAR LINEAR LINEAR LINEAR
LINEAR LINEAR LINEAR LINEAR LINEAR LINEAR LINEAR LINEAR LINEAR LINEAR LINEAR LINEAR
LINEAR LINEAR LINEAR LINEAR LINEAR LINEAR</Name_array><technique_common><accessor source="#b_leg02_jnt-Interpolations-array" count="29"><param type="name"/></accessor></technique_common></source><sampler id="b_leg02_jnt-Matrix-animation-transform"><input semantic="INPUT" source="#b_leg02_jnt-Matrix-animation-input"/><input semantic="OUTPUT" source="#b_leg02_jnt-Matrix-animation-output-transform"/><input semantic="INTERPOLATION" source="#b_leg02_jnt-Interpolations"/></sampler><channel source="#b_leg02_jnt-Matrix-animation-transform" target="b_leg02_jnt/matrix"/></animation></animation>
    <animation id="b_leg03_jnt-anim" name="b_leg03_jnt"><animation><source id="b_leg03_jnt-Matrix-animation-input"><float_array id="b_leg03_jnt-Matrix-animation-input-array" count="29">

0.000000 0.033333 0.066667 0.100000 0.133333 0.166667 0.200000 0.233333 0.266667 0.300000 0.333333 0.366667 0.400000 0.433333 0.466667 0.500000
0.533333 0.566667 0.600000 0.633333 0.666667 0.700000 0.733333 0.766667 0.800000 0.833333 0.866667 0.900000 0.933333</float_array><technique_common><accessor source="#b_leg03_jnt-Matrix-animation-input-array" count="29"><param name="TIME" type="float"/></accessor></technique_common></source><source id="b_leg03_jnt-Matrix-animation-output-transform"><float_array id="b_leg03_jnt-Matrix-animation-output-transform-array" count="464">

0.768186 0.640227 -0.000000 1.734574 -0.640227 0.768186 0.000000 0.000000 0.000000 0.000000 1.000000 -0.000000 0.000000 0.000000 0.000000 1.000000
0.758331 0.651869 -0.000000 1.734574 -0.651869 0.758331 0.000000 0.000000 0.000000 0.000000 1.000000 -0.000000 0.000000 0.000000 0.000000 1.000000
1.000000 -0.000000 -0.000000 1.734574 0.000000 1.000000 -0.000000 0.000000 0.000000 0.000000 1.000000 0.000000 0.000000 0.000000 0.000000 1.000000
0.896255 0.443539 -0.000000 1.734574 -0.443539 0.896255 0.000000 0.000000 0.000000 0.000000 1.000000 -0.000000 0.000000 0.000000 0.000000 1.000000
0.587466 0.809249 -0.000000 1.734574 -0.809249 0.587466 0.000000 0.000000 0.000000 0.000000 1.000000 -0.000000 0.000000 0.000000 0.000000 1.000000
0.390046 0.920795 -0.000000 1.734574 -0.920795 0.390046 0.000000 0.000000 0.000000 0.000000 1.000000 0.000000 0.000000 0.000000 0.000000 1.000000
0.468884 0.883260 -0.000000 1.734574 -0.883260 0.468884 0.000000 0.000000 0.000000 0.000000 1.000000 -0.000000 0.000000 0.000000 0.000000 1.000000
0.767717 0.640789 -0.000000 1.734574 -0.640789 0.767717 0.000000 0.000000 0.000000 0.000000 1.000000 -0.000000 0.000000 0.000000 0.000000 1.000000
0.924805 0.380441 -0.000000 1.734574 -0.380441 0.924805 0.000000 0.000000 0.000000 0.000000 1.000000 0.000000 0.000000 0.000000 0.000000 1.000000
0.785966 0.618270 -0.000000 1.734574 -0.618270 0.785966 0.000000 -0.000000 0.000000 0.000000 1.000000 0.000000 0.000000 0.000000 0.000000 1.000000
0.533042 0.846089 -0.000000 1.734574 -0.846089 0.533042 0.000000 -0.000000 0.000000 0.000000 1.000000 -0.000000 0.000000 0.000000 0.000000 1.000000
0.224667 0.974436 -0.000000 1.734574 -0.974436 0.224667 0.000000 0.000000 0.000000 0.000000 1.000000 0.000000 0.000000 0.000000 0.000000 1.000000
-0.082006 0.996632 0.000000 1.734574 -0.996632 -0.082006 0.000000 -0.000000 0.000000 -0.000000 1.000000 -0.000000 0.000000 0.000000 0.000000 1.000000
-0.342118 0.939657 0.000000 1.734574 -0.939657 -0.342118 0.000000 0.000000 0.000000 -0.000000 1.000000 0.000000 0.000000 0.000000 0.000000 1.000000
-0.529259 0.848460 0.000000 1.734574 -0.848460 -0.529259 -0.000000 0.000000 0.000000 -0.000000 1.000000 0.000000 0.000000 0.000000 0.000000 1.000000
-0.637210 0.770691 0.000000 1.734574 -0.770691 -0.637210 -0.000000 0.000000 0.000000 -0.000000 1.000000 -0.000000 0.000000 0.000000 0.000000 1.000000
-0.677710 0.735329 0.000000 1.734574 -0.735329 -0.677710 -0.000000 0.000000 0.000000 -0.000000 1.000000 -0.000000 0.000000 0.000000 0.000000 1.000000
-0.674609 0.738175 0.000000 1.734574 -0.738175 -0.674609 -0.000000 -0.000000 0.000000 -0.000000 1.000000 0.000000 0.000000 0.000000 0.000000 1.000000
-0.626212 0.779653 0.000000 1.734574 -0.779653 -0.626212 -0.000000 0.000000 0.000000 -0.000000 1.000000 0.000000 0.000000 0.000000 0.000000 1.000000
-0.524704 0.851285 0.000000 1.734574 -0.851285 -0.524704 0.000000 0.000000 0.000000 -0.000000 1.000000 -0.000000 0.000000 0.000000 0.000000 1.000000
-0.384779 0.923009 0.000000 1.734574 -0.923009 -0.384779 0.000000 0.000000 0.000000 -0.000000 1.000000 0.000000 0.000000 0.000000 0.000000 1.000000
-0.229807 0.973236 0.000000 1.734574 -0.973236 -0.229807 0.000000 0.000000 0.000000 -0.000000 1.000000 0.000000 0.000000 0.000000 0.000000 1.000000
-0.099314 0.995056 0.000000 1.734574 -0.995056 -0.099314 0.000000 0.000000 0.000000 -0.000000 1.000000 0.000000 0.000000 0.000000 0.000000 1.000000
-0.008899 0.999960 0.000000 1.734574 -0.999960 -0.008899 0.000000 0.000000 -0.000000 0.000000 1.000000 0.000000 0.000000 0.000000 0.000000 1.000000
0.093118 0.995655 -0.000000 1.734574 -0.995655 0.093118 0.000000 0.000000 0.000000 0.000000 1.000000 0.000000 0.000000 0.000000 0.000000 1.000000
0.252141 0.967690 -0.000000 1.734574 -0.967690 0.252141 0.000000 0.000000 0.000000 0.000000 1.000000 0.000000 0.000000 0.000000 0.000000 1.000000
0.467506 0.883990 -0.000000 1.734574 -0.883990 0.467506 0.000000 -0.000000 0.000000 0.000000 1.000000 0.000000 0.000000 0.000000 0.000000 1.000000
0.675128 0.737701 -0.000000 1.734574 -0.737701 0.675128 0.000000 0.000000 0.000000 0.000000 1.000000 0.000000 0.000000 0.000000 0.000000 1.000000
0.768186 0.640227 -0.000000 1.734574 -0.640227 0.768186 0.000000 0.000000 0.000000 0.000000 1.000000 -0.000000 0.000000 0.000000 0.000000 1.000000</float_array><technique_common><accessor source="#b_leg03_jnt-Matrix-animation-output-transform-array" count="29" stride="16"><param type="float4x4"/></accessor></technique_common></source><source id="b_leg03_jnt-Interpolations"><Name_array id="b_leg03_jnt-Interpolations-array" count="29">
 LINEAR LINEAR LINEAR LINEAR LINEAR LINEAR LINEAR LINEAR LINEAR LINEAR LINEAR
LINEAR LINEAR LINEAR LINEAR LINEAR LINEAR LINEAR LINEAR LINEAR LINEAR LINEAR LINEAR
LINEAR LINEAR LINEAR LINEAR LINEAR LINEAR</Name_array><technique_common><accessor source="#b_leg03_jnt-Interpolations-array" count="29"><param type="name"/></accessor></technique_common></source><sampler id="b_leg03_jnt-Matrix-animation-transform"><input semantic="INPUT" source="#b_leg03_jnt-Matrix-animation-input"/><input semantic="OUTPUT" source="#b_leg03_jnt-Matrix-animation-output-transform"/><input semantic="INTERPOLATION" source="#b_leg03_jnt-Interpolations"/></sampler><channel source="#b_leg03_jnt-Matrix-animation-transform" target="b_leg03_jnt/matrix"/></animation></animation>
    <animation id="b_leg04_jnt-anim" name="b_leg04_jnt"><animation><source id="b_leg04_jnt-Matrix-animation-input"><float_array id="b_leg04_jnt-Matrix-animation-input-array" count="29">

0.000000 0.033333 0.066667 0.100000 0.133333 0.166667 0.200000 0.233333 0.266667 0.300000 0.333333 0.366667 0.400000 0.433333 0.466667 0.500000
0.533333 0.566667 0.600000 0.633333 0.666667 0.700000 0.733333 0.766667 0.800000 0.833333 0.866667 0.900000 0.933333</float_array><technique_common><accessor source="#b_leg04_jnt-Matrix-animation-input-array" count="29"><param name="TIME" type="float"/></accessor></technique_common></source><source id="b_leg04_jnt-Matrix-animation-output-transform"><float_array id="b_leg04_jnt-Matrix-animation-output-transform-array" count="464">

1.000000 0.000000 -0.000000 2.047000 -0.000000 1.000000 -0.000000 0.000000 0.000000 -0.000000 1.000000 -0.000000 0.000000 0.000000 0.000000 1.000000
1.000000 0.000000 0.000000 2.047000 -0.000000 1.000000 0.000000 0.000000 -0.000000 -0.000000 1.000000 -0.000000 0.000000 0.000000 0.000000 1.000000
1.000000 0.000000 0.000000 2.047000 0.000000 1.000000 -0.000000 0.000000 -0.000000 -0.000000 1.000000 -0.000000 0.000000 0.000000 0.000000 1.000000
1.000000 -0.000000 0.000000 2.047000 0.000000 1.000000 -0.000000 0.000000 0.000000 -0.000000 1.000000 -0.000000 0.000000 0.000000 0.000000 1.000000
1.000000 0.000000 0.000000 2.047000 0.000000 1.000000 0.000000 0.000000 0.000000 -0.000000 1.000000 -0.000000 0.000000 0.000000 0.000000 1.000000
1.000000 -0.000000 -0.000000 2.047000 -0.000000 1.000000 -0.000000 0.000000 -0.000000 -0.000000 1.000000 -0.000000 0.000000 0.000000 0.000000 1.000000
1.000000 0.000000 0.000000 2.047000 -0.000000 1.000000 -0.000000 0.000000 -0.000000 -0.000000 1.000000 -0.000000 0.000000 0.000000 0.000000 1.000000
1.000000 0.000000 0.000000 2.047000 -0.000000 1.000000 -0.000000 0.000000 0.000000 0.000000 1.000000 -0.000000 0.000000 0.000000 0.000000 1.000000
1.000000 -0.000000 0.000000 2.047000 0.000000 1.000000 0.000000 0.000000 0.000000 0.000000 1.000000 -0.000000 0.000000 0.000000 0.000000 1.000000
1.000000 -0.000000 -0.000000 2.047000 0.000000 1.000000 0.000000 0.000000 -0.000000 -0.000000 1.000000 -0.000000 0.000000 0.000000 0.000000 1.000000
1.000000 0.000000 0.000000 2.047000 -0.000000 1.000000 -0.000000 0.000000 -0.000000 0.000000 1.000000 -0.000000 0.000000 0.000000 0.000000 1.000000
1.000000 -0.000000 -0.000000 2.047000 -0.000000 1.000000 0.000000 0.000000 0.000000 0.000000 1.000000 -0.000000 0.000000 0.000000 0.000000 1.000000
1.000000 -0.000000 -0.000000 2.047000 -0.000000 1.000000 -0.000000 0.000000 0.000000 0.000000 1.000000 -0.000000 0.000000 0.000000 0.000000 1.000000
1.000000 0.000000 0.000000 2.047000 0.000000 1.000000 -0.000000 0.000000 -0.000000 0.000000 1.000000 -0.000000 0.000000 0.000000 0.000000 1.000000
1.000000 0.000000 0.000000 2.047000 0.000000 1.000000 0.000000 0.000000 0.000000 0.000000 1.000000 -0.000000 0.000000 0.000000 0.000000 1.000000
1.000000 0.000000 0.000000 2.047000 0.000000 1.000000 -0.000000 0.000000 -0.000000 -0.000000 1.000000 -0.000000 0.000000 0.000000 0.000000 1.000000
1.000000 -0.000000 -0.000000 2.047000 0.000000 1.000000 0.000000 0.000000 0.000000 -0.000000 1.000000 -0.000000 0.000000 0.000000 0.000000 1.000000
1.000000 -0.000000 0.000000 2.047000 -0.000000 1.000000 -0.000000 0.000000 -0.000000 -0.000000 1.000000 -0.000000 0.000000 0.000000 0.000000 1.000000
1.000000 0.000000 0.000000 2.047000 -0.000000 1.000000 -0.000000 0.000000 0.000000 0.000000 1.000000 -0.000000 0.000000 0.000000 0.000000 1.000000
1.000000 -0.000000 -0.000000 2.047000 0.000000 1.000000 -0.000000 0.000000 -0.000000 0.000000 1.000000 -0.000000 0.000000 0.000000 0.000000 1.000000
1.000000 0.000000 0.000000 2.047000 0.000000 1.000000 0.000000 0.000000 -0.000000 -0.000000 1.000000 -0.000000 0.000000 0.000000 0.000000 1.000000
1.000000 0.000000 0.000000 2.047000 0.000000 1.000000 0.000000 0.000000 0.000000 -0.000000 1.000000 -0.000000 0.000000 0.000000 0.000000 1.000000
1.000000 -0.000000 0.000000 2.047000 0.000000 1.000000 0.000000 0.000000 -0.000000 0.000000 1.000000 -0.000000 0.000000 0.000000 0.000000 1.000000
1.000000 -0.000000 0.000000 2.047000 -0.000000 1.000000 0.000000 0.000000 -0.000000 0.000000 1.000000 -0.000000 0.000000 0.000000 0.000000 1.000000
1.000000 0.000000 0.000000 2.047000 0.000000 1.000000 -0.000000 0.000000 -0.000000 0.000000 1.000000 -0.000000 0.000000 0.000000 0.000000 1.000000
1.000000 -0.000000 0.000000 2.047000 0.000000 1.000000 0.000000 0.000000 -0.000000 0.000000 1.000000 -0.000000 0.000000 0.000000 0.000000 1.000000
1.000000 0.000000 -0.000000 2.047000 -0.000000 1.000000 -0.000000 0.000000 0.000000 0.000000 1.000000 -0.000000 0.000000 0.000000 0.000000 1.000000
1.000000 -0.000000 0.000000 2.047000 -0.000000 1.000000 0.000000 0.000000 -0.000000 0.000000 1.000000 -0.000000 0.000000 0.000000 0.000000 1.000000
1.000000 0.000000 -0.000000 2.047000 -0.000000 1.000000 -0.000000 0.000000 0.000000 -0.000000 1.000000 -0.000000 0.000000 0.000000 0.000000 1.000000</float_array><technique_common><accessor source="#b_leg04_jnt-Matrix-animation-output-transform-array" count="29" stride="16"><param type="float4x4"/></accessor></technique_common></source><source id="b_leg04_jnt-Interpolations"><Name_array id="b_leg04_jnt-Interpolations-array" count="29">
 LINEAR LINEAR LINEAR LINEAR LINEAR LINEAR LINEAR LINEAR LINEAR LINEAR LINEAR
LINEAR LINEAR LINEAR LINEAR LINEAR LINEAR LINEAR LINEAR LINEAR LINEAR LINEAR LINEAR
LINEAR LINEAR LINEAR LINEAR LINEAR LINEAR</Name_array><technique_common><accessor source="#b_leg04_jnt-Interpolations-array" count="29"><param type="name"/></accessor></technique_common></source><sampler id="b_leg04_jnt-Matrix-animation-transform"><input semantic="INPUT" source="#b_leg04_jnt-Matrix-animation-input"/><input semantic="OUTPUT" source="#b_leg04_jnt-Matrix-animation-output-transform"/><input semantic="INTERPOLATION" source="#b_leg04_jnt-Interpolations"/></sampler><channel source="#b_leg04_jnt-Matrix-animation-transform" target="b_leg04_jnt/matrix"/></animation></animation>
    <animation id="b_cable_jnt-anim" name="b_cable_jnt"><animation><source id="b_cable_jnt-Matrix-animation-input"><float_array id="b_cable_jnt-Matrix-animation-input-array" count="29">

0.000000 0.033333 0.066667 0.100000 0.133333 0.166667 0.200000 0.233333 0.266667 0.300000 0.333333 0.366667 0.400000 0.433333 0.466667 0.500000
0.533333 0.566667 0.600000 0.633333 0.666667 0.700000 0.733333 0.766667 0.800000 0.833333 0.866667 0.900000 0.933333</float_array><technique_common><accessor source="#b_cable_jnt-Matrix-animation-input-array" count="29"><param name="TIME" type="float"/></accessor></technique_common></source><source id="b_cable_jnt-Matrix-animation-output-transform"><float_array id="b_cable_jnt-Matrix-animation-output-transform-array" count="464">

0.998578 -0.053312 0.000000 1.114162 0.053312 0.998578 0.000000 -0.648857 -0.000000 -0.000000 1.000000 0.048052 0.000000 0.000000 0.000000 1.000000
0.998578 -0.053312 0.000000 1.114162 0.053312 0.998578 0.000000 -0.648857 0.000000 -0.000000 1.000000 0.048052 0.000000 0.000000 0.000000 1.000000
0.998578 -0.053312 -0.000000 1.114162 0.053312 0.998578 0.000000 -0.648857 -0.000000 0.000000 1.000000 0.048052 0.000000 0.000000 0.000000 1.000000
0.998578 -0.053312 0.000000 1.114162 0.053312 0.998578 0.000000 -0.648857 0.000000 0.000000 1.000000 0.048052 0.000000 0.000000 0.000000 1.000000
0.998578 -0.053312 0.000000 1.114162 0.053312 0.998578 0.000000 -0.648857 0.000000 0.000000 1.000000 0.048052 0.000000 0.000000 0.000000 1.000000
0.998578 -0.053312 -0.000000 1.114162 0.053312 0.998578 0.000000 -0.648857 0.000000 0.000000 1.000000 0.048052 0.000000 0.000000 0.000000 1.000000
0.998578 -0.053312 -0.000000 1.114162 0.053312 0.998578 0.000000 -0.648857 0.000000 0.000000 1.000000 0.048052 0.000000 0.000000 0.000000 1.000000
0.998578 -0.053312 0.000000 1.114162 0.053312 0.998578 -0.000000 -0.648857 0.000000 0.000000 1.000000 0.048052 0.000000 0.000000 0.000000 1.000000
0.998578 -0.053312 -0.000000 1.114162 0.053312 0.998578 -0.000000 -0.648857 0.000000 0.000000 1.000000 0.048052 0.000000 0.000000 0.000000 1.000000
0.998578 -0.053312 0.000000 1.114162 0.053312 0.998578 0.000000 -0.648857 0.000000 0.000000 1.000000 0.048052 0.000000 0.000000 0.000000 1.000000
0.998578 -0.053312 0.000000 1.114162 0.053312 0.998578 -0.000000 -0.648857 0.000000 -0.000000 1.000000 0.048052 0.000000 0.000000 0.000000 1.000000
0.998578 -0.053312 0.000000 1.114162 0.053312 0.998578 0.000000 -0.648857 0.000000 0.000000 1.000000 0.048052 0.000000 0.000000 0.000000 1.000000
0.998578 -0.053312 0.000000 1.114162 0.053312 0.998578 -0.000000 -0.648857 0.000000 -0.000000 1.000000 0.048052 0.000000 0.000000 0.000000 1.000000
0.998578 -0.053312 -0.000000 1.114162 0.053312 0.998578 0.000000 -0.648857 0.000000 0.000000 1.000000 0.048052 0.000000 0.000000 0.000000 1.000000
