<?xml version="1.0" encoding="utf-8"?>
<COLLADA xmlns="http://www.collada.org/2005/11/COLLADASchema" version="1.4.1">
  <asset><contributor><author></author><authoring_tool>FBX COLLADA exporter</authoring_tool><comments></comments></contributor><created>2019-12-03T18:14:42Z</created><keywords></keywords><modified>2019-12-03T18:14:42Z</modified><revision></revision><subject></subject><title></title><unit meter="0.010000" name="centimeter"></unit><up_axis>Y_UP</up_axis></asset>
  <library_animations>
    <animation id="root_jnt-anim" name="root_jnt"><animation><source id="root_jnt-Matrix-animation-input"><float_array id="root_jnt-Matrix-animation-input-array" count="8">

0.000000 0.033333 0.066667 0.100000 0.133333 0.166667 0.200000 0.233333</float_array><technique_common><accessor source="#root_jnt-Matrix-animation-input-array" count="8"><param name="TIME" type="float"/></accessor></technique_common></source><source id="root_jnt-Matrix-animation-output-transform"><float_array id="root_jnt-Matrix-animation-output-transform-array" count="128">

1.000000 0.000000 0.000000 0.000000 0.000000 1.000000 0.000000 0.000000 0.000000 0.000000 1.000000 0.000000 0.000000 0.000000 0.000000 1.000000
1.000000 0.000000 0.000000 0.000000 0.000000 1.000000 0.000000 0.000000 0.000000 0.000000 1.000000 0.000000 0.000000 0.000000 0.000000 1.000000
1.000000 0.000000 0.000000 0.000000 0.000000 1.000000 0.000000 0.000000 0.000000 0.000000 1.000000 0.000000 0.000000 0.000000 0.000000 1.000000
1.000000 0.000000 0.000000 0.000000 0.000000 1.000000 0.000000 0.000000 0.000000 0.000000 1.000000 0.000000 0.000000 0.000000 0.000000 1.000000
1.000000 0.000000 0.000000 0.000000 0.000000 1.000000 0.000000 0.000000 0.000000 0.000000 1.000000 0.000000 0.000000 0.000000 0.000000 1.000000
1.000000 0.000000 0.000000 0.000000 0.000000 1.000000 0.000000 0.000000 0.000000 0.000000 1.000000 0.000000 0.000000 0.000000 0.000000 1.000000
1.000000 0.000000 0.000000 0.000000 0.000000 1.000000 0.000000 0.000000 0.000000 0.000000 1.000000 0.000000 0.000000 0.000000 0.000000 1.000000
1.000000 0.000000 0.000000 0.000000 0.000000 1.000000 0.000000 0.000000 0.000000 0.000000 1.000000 0.000000 0.000000 0.000000 0.000000 1.000000</float_array><technique_common><accessor source="#root_jnt-Matrix-animation-output-transform-array" count="8" stride="16"><param type="float4x4"/></accessor></technique_common></source><source id="root_jnt-Interpolations"><Name_array id="root_jnt-Interpolations-array" count="8">
 LINEAR LINEAR LINEAR LINEAR LINEAR LINEAR LINEAR LINEAR</Name_array><technique_common><accessor source="#root_jnt-Interpolations-array" count="8"><param type="name"/></accessor></technique_common></source><sampler id="root_jnt-Matrix-animation-transform"><input semantic="INPUT" source="#root_jnt-Matrix-animation-input"/><input semantic="OUTPUT" source="#root_jnt-Matrix-animation-output-transform"/><input semantic="INTERPOLATION" source="#root_jnt-Interpolations"/></sampler><channel source="#root_jnt-Matrix-animation-transform" target="root_jnt/matrix"/></animation></animation>
    <animation id="pelvis_jnt-anim" name="pelvis_jnt"><animation><source id="pelvis_jnt-Matrix-animation-input"><float_array id="pelvis_jnt-Matrix-animation-input-array" count="8">

0.000000 0.033333 0.066667 0.100000 0.133333 0.166667 0.200000 0.233333</float_array><technique_common><accessor source="#pelvis_jnt-Matrix-animation-input-array" count="8"><param name="TIME" type="float"/></accessor></technique_common></source><source id="pelvis_jnt-Matrix-animation-output-transform"><float_array id="pelvis_jnt-Matrix-animation-output-transform-array" count="128">

1.000000 0.000000 0.000000 0.000000 0.000000 1.000000 0.000000 2.166487 0.000000 0.000000 1.000000 0.000000 0.000000 0.000000 0.000000 1.000000
0.991576 0.129229 -0.008777 0.006138 -0.126042 0.978297 0.164465 2.157090 0.029840 -0.161973 0.986344 -0.032623 0.000000 0.000000 0.000000 1.000000
0.966474 0.255516 0.025287 0.012121 -0.249738 0.912578 0.323778 2.145383 0.059654 -0.319238 0.945795 -0.064998 0.000000 0.000000 0.000000 1.000000
0.973049 0.230129 0.014705 0.010923 -0.224317 0.929833 0.291706 2.148006 0.053456 -0.287143 0.956395 -0.058297 0.000000 0.000000 0.000000 1.000000
0.985867 0.167500 -0.003150 0.007955 -0.163005 0.963415 0.212744 2.153864 0.038669 -0.209224 0.977103 -0.042243 0.000000 0.000000 0.000000 1.000000
0.995821 0.090702 -0.010625 0.004307 -0.088873 0.989296 0.115737 2.160111 0.021009 -0.114310 0.993223 -0.022981 0.000000 0.000000 0.000000 1.000000
0.999635 0.026490 -0.005312 0.001256 -0.026295 0.999076 0.034000 2.164720 0.006208 -0.033848 0.999408 -0.006794 0.000000 0.000000 0.000000 1.000000
1.000000 0.000000 0.000000 0.000000 0.000000 1.000000 0.000000 2.166487 0.000000 0.000000 1.000000 0.000000 0.000000 0.000000 0.000000 1.000000</float_array><technique_common><accessor source="#pelvis_jnt-Matrix-animation-output-transform-array" count="8" stride="16"><param type="float4x4"/></accessor></technique_common></source><source id="pelvis_jnt-Interpolations"><Name_array id="pelvis_jnt-Interpolations-array" count="8">
 LINEAR LINEAR LINEAR LINEAR LINEAR LINEAR LINEAR LINEAR</Name_array><technique_common><accessor source="#pelvis_jnt-Interpolations-array" count="8"><param type="name"/></accessor></technique_common></source><sampler id="pelvis_jnt-Matrix-animation-transform"><input semantic="INPUT" source="#pelvis_jnt-Matrix-animation-input"/><input semantic="OUTPUT" source="#pelvis_jnt-Matrix-animation-output-transform"/><input semantic="INTERPOLATION" source="#pelvis_jnt-Interpolations"/></sampler><channel source="#pelvis_jnt-Matrix-animation-transform" target="pelvis_jnt/matrix"/></animation></animation>
    <animation id="b_leg01_jnt-anim" name="b_leg01_jnt"><animation><source id="b_leg01_jnt-Matrix-animation-input"><float_array id="b_leg01_jnt-Matrix-animation-input-array" count="8">

0.000000 0.033333 0.066667 0.100000 0.133333 0.166667 0.200000 0.233333</float_array><technique_common><accessor source="#b_leg01_jnt-Matrix-animation-input-array" count="8"><param name="TIME" type="float"/></accessor></technique_common></source><source id="b_leg01_jnt-Matrix-animation-output-transform"><float_array id="b_leg01_jnt-Matrix-animation-output-transform-array" count="128">

0.000000 0.000000 1.000000 -0.000000 0.000000 1.000000 0.000000 -0.199018 -1.000000 0.000000 0.000000 -0.585694 0.000000 0.000000 0.000000 1.000000
0.000000 -0.000000 1.000000 -0.000000 -0.000000 1.000000 0.000000 -0.199018 -1.000000 0.000000 0.000000 -0.585694 0.000000 0.000000 0.000000 1.000000
0.000000 0.000000 1.000000 -0.000000 0.000000 1.000000 0.000000 -0.199018 -1.000000 -0.000000 0.000000 -0.585694 0.000000 0.000000 0.000000 1.000000
0.000000 0.000000 1.000000 -0.000000 0.000000 1.000000 0.000000 -0.199018 -1.000000 0.000000 0.000000 -0.585694 0.000000 0.000000 0.000000 1.000000
0.000000 0.000000 1.000000 -0.000000 0.000000 1.000000 -0.000000 -0.199018 -1.000000 0.000000 0.000000 -0.585694 0.000000 0.000000 0.000000 1.000000
0.000000 0.000000 1.000000 -0.000000 0.000000 1.000000 0.000000 -0.199018 -1.000000 0.000000 0.000000 -0.585694 0.000000 0.000000 0.000000 1.000000
0.000000 0.000000 1.000000 -0.000000 0.000000 1.000000 -0.000000 -0.199018 -1.000000 0.000000 0.000000 -0.585694 0.000000 0.000000 0.000000 1.000000
0.000000 0.000000 1.000000 -0.000000 0.000000 1.000000 0.000000 -0.199018 -1.000000 0.000000 0.000000 -0.585694 0.000000 0.000000 0.000000 1.000000</float_array><technique_common><accessor source="#b_leg01_jnt-Matrix-animation-output-transform-array" count="8" stride="16"><param type="float4x4"/></accessor></technique_common></source><source id="b_leg01_jnt-Interpolations"><Name_array id="b_leg01_jnt-Interpolations-array" count="8">
 LINEAR LINEAR LINEAR LINEAR LINEAR LINEAR LINEAR LINEAR</Name_array><technique_common><accessor source="#b_leg01_jnt-Interpolations-array" count="8"><param type="name"/></accessor></technique_common></source><sampler id="b_leg01_jnt-Matrix-animation-transform"><input semantic="INPUT" source="#b_leg01_jnt-Matrix-animation-input"/><input semantic="OUTPUT" source="#b_leg01_jnt-Matrix-animation-output-transform"/><input semantic="INTERPOLATION" source="#b_leg01_jnt-Interpolations"/></sampler><channel source="#b_leg01_jnt-Matrix-animation-transform" target="b_leg01_jnt/matrix"/></animation></animation>
    <animation id="b_leg02_jnt-anim" name="b_leg02_jnt"><animation><source id="b_leg02_jnt-Matrix-animation-input"><float_array id="b_leg02_jnt-Matrix-animation-input-array" count="8">

0.000000 0.033333 0.066667 0.100000 0.133333 0.166667 0.200000 0.233333</float_array><technique_common><accessor source="#b_leg02_jnt-Matrix-animation-input-array" count="8"><param name="TIME" type="float"/></accessor></technique_common></source><source id="b_leg02_jnt-Matrix-animation-output-transform"><float_array id="b_leg02_jnt-Matrix-animation-output-transform-array" count="128">

0.998578 0.053312 0.000000 0.651075 -0.053312 0.998578 -0.000000 0.170186 -0.000000 0.000000 1.000000 0.000000 0.000000 0.000000 0.000000 1.000000
0.963633 -0.266837 0.014449 0.651075 0.262876 0.956272 0.128220 0.170186 -0.048031 -0.119759 0.991641 0.000000 0.000000 0.000000 0.000000 1.000000
0.811949 -0.582523 -0.037485 0.651075 0.571338 0.779914 0.255552 0.170186 -0.119629 -0.228912 0.966068 0.000000 0.000000 0.000000 0.000000 1.000000
0.824714 -0.565152 -0.021206 0.651075 0.554096 0.799937 0.230388 0.170186 -0.113241 -0.201754 0.972868 -0.000000 0.000000 0.000000 0.000000 1.000000
0.906234 -0.422729 0.006337 0.651075 0.415834 0.893958 0.167096 0.170186 -0.076301 -0.148793 0.985920 0.000000 0.000000 0.000000 0.000000 1.000000
0.976295 -0.215780 0.016958 0.651075 0.213471 0.972864 0.089249 0.170186 -0.035756 -0.083514 0.995865 0.000000 0.000000 0.000000 0.000000 1.000000
0.999586 -0.027595 0.008137 0.651075 0.027379 0.999297 0.025594 0.170186 -0.008838 -0.025360 0.999639 0.000000 0.000000 0.000000 0.000000 1.000000
0.998578 0.053312 0.000000 0.651075 -0.053312 0.998578 -0.000000 0.170186 -0.000000 0.000000 1.000000 0.000000 0.000000 0.000000 0.000000 1.000000</float_array><technique_common><accessor source="#b_leg02_jnt-Matrix-animation-output-transform-array" count="8" stride="16"><param type="float4x4"/></accessor></technique_common></source><source id="b_leg02_jnt-Interpolations"><Name_array id="b_leg02_jnt-Interpolations-array" count="8">
 LINEAR LINEAR LINEAR LINEAR LINEAR LINEAR LINEAR LINEAR</Name_array><technique_common><accessor source="#b_leg02_jnt-Interpolations-array" count="8"><param type="name"/></accessor></technique_common></source><sampler id="b_leg02_jnt-Matrix-animation-transform"><input semantic="INPUT" source="#b_leg02_jnt-Matrix-animation-input"/><input semantic="OUTPUT" source="#b_leg02_jnt-Matrix-animation-output-transform"/><input semantic="INTERPOLATION" source="#b_leg02_jnt-Interpolations"/></sampler><channel source="#b_leg02_jnt-Matrix-animation-transform" target="b_leg02_jnt/matrix"/></animation></animation>
    <animation id="b_leg03_jnt-anim" name="b_leg03_jnt"><animation><source id="b_leg03_jnt-Matrix-animation-input"><float_array id="b_leg03_jnt-Matrix-animation-input-array" count="8">

0.000000 0.033333 0.066667 0.100000 0.133333 0.166667 0.200000 0.233333</float_array><technique_common><accessor source="#b_leg03_jnt-Matrix-animation-input-array" count="8"><param name="TIME" type="float"/></accessor></technique_common></source><source id="b_leg03_jnt-Matrix-animation-output-transform"><float_array id="b_leg03_jnt-Matrix-animation-output-transform-array" count="128">

0.095167 0.995461 -0.000000 1.734574 -0.995461 0.095167 0.000000 -0.000000 0.000000 0.000000 1.000000 -0.000000 0.000000 0.000000 0.000000 1.000000
-0.077136 0.997021 0.000000 1.734574 -0.997021 -0.077136 0.000000 0.000000 0.000000 -0.000000 1.000000 0.000000 0.000000 0.000000 0.000000 1.000000
-0.242900 0.970051 0.000000 1.734574 -0.970051 -0.242900 0.000000 0.000000 0.000000 -0.000000 1.000000 0.000000 0.000000 0.000000 0.000000 1.000000
-0.267203 0.963640 0.000000 1.734574 -0.963640 -0.267203 0.000000 0.000000 0.000000 -0.000000 1.000000 0.000000 0.000000 0.000000 0.000000 1.000000
-0.203018 0.979175 0.000000 1.734574 -0.979175 -0.203018 0.000000 -0.000000 0.000000 -0.000000 1.000000 0.000000 0.000000 0.000000 0.000000 1.000000
-0.085562 0.996333 0.000000 1.734574 -0.996333 -0.085562 0.000000 0.000000 0.000000 -0.000000 1.000000 0.000000 0.000000 0.000000 0.000000 1.000000
0.037263 0.999306 0.000000 1.734574 -0.999306 0.037263 0.000000 -0.000000 0.000000 -0.000000 1.000000 0.000000 0.000000 0.000000 0.000000 1.000000
0.095167 0.995461 -0.000000 1.734574 -0.995461 0.095167 0.000000 -0.000000 0.000000 0.000000 1.000000 -0.000000 0.000000 0.000000 0.000000 1.000000</float_array><technique_common><accessor source="#b_leg03_jnt-Matrix-animation-output-transform-array" count="8" stride="16"><param type="float4x4"/></accessor></technique_common></source><source id="b_leg03_jnt-Interpolations"><Name_array id="b_leg03_jnt-Interpolations-array" count="8">
 LINEAR LINEAR LINEAR LINEAR LINEAR LINEAR LINEAR LINEAR</Name_array><technique_common><accessor source="#b_leg03_jnt-Interpolations-array" count="8"><param type="name"/></accessor></technique_common></source><sampler id="b_leg03_jnt-Matrix-animation-transform"><input semantic="INPUT" source="#b_leg03_jnt-Matrix-animation-input"/><input semantic="OUTPUT" source="#b_leg03_jnt-Matrix-animation-output-transform"/><input semantic="INTERPOLATION" source="#b_leg03_jnt-Interpolations"/></sampler><channel source="#b_leg03_jnt-Matrix-animation-transform" target="b_leg03_jnt/matrix"/></animation></animation>
    <animation id="b_leg04_jnt-anim" name="b_leg04_jnt"><animation><source id="b_leg04_jnt-Matrix-animation-input"><float_array id="b_leg04_jnt-Matrix-animation-input-array" count="8">

0.000000 0.033333 0.066667 0.100000 0.133333 0.166667 0.200000 0.233333</float_array><technique_common><accessor source="#b_leg04_jnt-Matrix-animation-input-array" count="8"><param name="TIME" type="float"/></accessor></technique_common></source><source id="b_leg04_jnt-Matrix-animation-output-transform"><float_array id="b_leg04_jnt-Matrix-animation-output-transform-array" count="128">

1.000000 0.000000 -0.000000 2.047000 0.000000 1.000000 0.000000 0.000000 0.000000 -0.000000 1.000000 -0.000000 0.000000 0.000000 0.000000 1.000000
1.000000 0.000000 0.000000 2.047000 -0.000000 1.000000 0.000000 0.000000 0.000000 0.000000 1.000000 -0.000000 0.000000 0.000000 0.000000 1.000000
1.000000 0.000000 -0.000000 2.047000 0.000000 1.000000 0.000000 0.000000 -0.000000 -0.000000 1.000000 -0.000000 0.000000 0.000000 0.000000 1.000000
1.000000 0.000000 0.000000 2.047000 -0.000000 1.000000 0.000000 0.000000 -0.000000 0.000000 1.000000 -0.000000 0.000000 0.000000 0.000000 1.000000
1.000000 0.000000 0.000000 2.047000 0.000000 1.000000 0.000000 0.000000 0.000000 -0.000000 1.000000 -0.000000 0.000000 0.000000 0.000000 1.000000
1.000000 0.000000 0.000000 2.047000 -0.000000 1.000000 0.000000 0.000000 -0.000000 -0.000000 1.000000 -0.000000 0.000000 0.000000 0.000000 1.000000
1.000000 0.000000 -0.000000 2.047000 0.000000 1.000000 -0.000000 0.000000 -0.000000 -0.000000 1.000000 -0.000000 0.000000 0.000000 0.000000 1.000000
1.000000 0.000000 -0.000000 2.047000 0.000000 1.000000 0.000000 0.000000 0.000000 -0.000000 1.000000 -0.000000 0.000000 0.000000 0.000000 1.000000</float_array><technique_common><accessor source="#b_leg04_jnt-Matrix-animation-output-transform-array" count="8" stride="16"><param type="float4x4"/></accessor></technique_common></source><source id="b_leg04_jnt-Interpolations"><Name_array id="b_leg04_jnt-Interpolations-array" count="8">
 LINEAR LINEAR LINEAR LINEAR LINEAR LINEAR LINEAR LINEAR</Name_array><technique_common><accessor source="#b_leg04_jnt-Interpolations-array" count="8"><param type="name"/></accessor></technique_common></source><sampler id="b_leg04_jnt-Matrix-animation-transform"><input semantic="INPUT" source="#b_leg04_jnt-Matrix-animation-input"/><input semantic="OUTPUT" source="#b_leg04_jnt-Matrix-animation-output-transform"/><input semantic="INTERPOLATION" source="#b_leg04_jnt-Interpolations"/></sampler><channel source="#b_leg04_jnt-Matrix-animation-transform" target="b_leg04_jnt/matrix"/></animation></animation>
    <animation id="b_cable_jnt-anim" name="b_cable_jnt"><animation><source id="b_cable_jnt-Matrix-animation-input"><float_array id="b_cable_jnt-Matrix-animation-input-array" count="8">

0.000000 0.033333 0.066667 0.100000 0.133333 0.166667 0.200000 0.233333</float_array><technique_common><accessor source="#b_cable_jnt-Matrix-animation-input-array" count="8"><param name="TIME" type="float"/></accessor></technique_common></source><source id="b_cable_jnt-Matrix-animation-output-transform"><float_array id="b_cable_jnt-Matrix-animation-output-transform-array" count="128">

0.998578 -0.053312 -0.000000 1.153191 0.053312 0.998578 0.000000 -0.346335 0.000000 -0.000000 1.000000 -0.000000 0.000000 0.000000 0.000000 1.000000
0.998578 -0.053312 0.000000 1.133983 0.053312 0.998578 -0.000000 -0.400412 0.000000 -0.000000 1.000000 0.021083 0.000000 0.000000 0.000000 1.000000
0.998578 -0.053312 -0.000000 1.098310 0.053312 0.998578 -0.000000 -0.500843 -0.000000 0.000000 1.000000 0.060236 0.000000 0.000000 0.000000 1.000000
0.998578 -0.053312 0.000000 1.079101 0.053312 0.998578 -0.000000 -0.554920 0.000000 -0.000000 1.000000 0.081319 0.000000 0.000000 0.000000 1.000000
0.998578 -0.053312 0.000000 1.090678 0.053312 0.998578 0.000000 -0.522329 -0.000000 0.000000 1.000000 0.068613 0.000000 0.000000 0.000000 1.000000
0.998578 -0.053312 -0.000000 1.116146 0.053312 0.998578 0.000000 -0.450627 0.000000 0.000000 1.000000 0.040659 0.000000 0.000000 0.000000 1.000000
0.998578 -0.053312 0.000000 1.141615 0.053312 0.998578 0.000000 -0.378926 0.000000 -0.000000 1.000000 0.012706 0.000000 0.000000 0.000000 1.000000
0.998578 -0.053312 -0.000000 1.153191 0.053312 0.998578 0.000000 -0.346335 0.000000 -0.000000 1.000000 -0.000000 0.000000 0.000000 0.000000 1.000000</float_array><technique_common><accessor source="#b_cable_jnt-Matrix-animation-output-transform-array" count="8" stride="16"><param type="float4x4"/></accessor></technique_common></source><source id="b_cable_jnt-Interpolations"><Name_array id="b_cable_jnt-Interpolations-array" count="8">
 LINEAR LINEAR LINEAR LINEAR LINEAR LINEAR LINEAR LINEAR</Name_array><technique_common><accessor source="#b_cable_jnt-Interpolations-array" count="8"><param type="name"/></accessor></technique_common></source><sampler id="b_cable_jnt-Matrix-animation-transform"><input semantic="INPUT" source="#b_cable_jnt-Matrix-animation-input"/><input semantic="OUTPUT" source="#b_cable_jnt-Matrix-animation-output-transform"/><input semantic="INTERPOLATION" source="#b_cable_jnt-Interpolations"/></sampler><channel source="#b_cable_jnt-Matrix-animation-transform" target="b_cable_jnt/matrix"/></animation></animation>
    <animation id="r_leg01_jnt-anim" name="r_leg01_jnt"><animation><source id="r_leg01_jnt-Matrix-animation-input"><float_array id="r_leg01_jnt-Matrix-animation-input-array" count="8">

0.000000 0.033333 0.066667 0.100000 0.133333 0.166667 0.200000 0.233333</float_array><technique_common><accessor source="#r_leg01_jnt-Matrix-animation-input-array" count="8"><param name="TIME" type="float"/></accessor></technique_common></source><source id="r_leg01_jnt-Matrix-animation-output-transform"><float_array id="r_leg01_jnt-Matrix-animation-output-transform-array" count="128">

-1.000000 0.000000 0.000000 -0.495836 0.000000 1.000000 0.000000 -0.066165 -0.000000 0.000000 -1.000000 0.000000 0.000000 0.000000 0.000000 1.000000
-1.000000 -0.000000 0.000000 -0.495836 -0.000000 1.000000 -0.000000 -0.066165 -0.000000 0.000000 -1.000000 0.000000 0.000000 0.000000 0.000000 1.000000
-1.000000 0.000000 0.000000 -0.495836 -0.000000 1.000000 0.000000 -0.066165 -0.000000 -0.000000 -1.000000 0.000000 0.000000 0.000000 0.000000 1.000000
-1.000000 0.000000 0.000000 -0.495836 0.000000 1.000000 0.000000 -0.066165 -0.000000 0.000000 -1.000000 0.000000 0.000000 0.000000 0.000000 1.000000
-1.000000 0.000000 0.000000 -0.495836 0.000000 1.000000 0.000000 -0.066165 -0.000000 0.000000 -1.000000 -0.000000 0.000000 0.000000 0.000000 1.000000
-1.000000 0.000000 0.000000 -0.495836 -0.000000 1.000000 0.000000 -0.066165 -0.000000 0.000000 -1.000000 0.000000 0.000000 0.000000 0.000000 1.000000
-1.000000 0.000000 0.000000 -0.495836 0.000000 1.000000 0.000000 -0.066165 -0.000000 0.000000 -1.000000 0.000000 0.000000 0.000000 0.000000 1.000000
-1.000000 0.000000 0.000000 -0.495836 0.000000 1.000000 0.000000 -0.066165 -0.000000 0.000000 -1.000000 0.000000 0.000000 0.000000 0.000000 1.000000</float_array><technique_common><accessor source="#r_leg01_jnt-Matrix-animation-output-transform-array" count="8" stride="16"><param type="float4x4"/></accessor></technique_common></source><source id="r_leg01_jnt-Interpolations"><Name_array id="r_leg01_jnt-Interpolations-array" count="8">
 LINEAR LINEAR LINEAR LINEAR LINEAR LINEAR LINEAR LINEAR</Name_array><technique_common><accessor source="#r_leg01_jnt-Interpolations-array" count="8"><param type="name"/></accessor></technique_common></source><sampler id="r_leg01_jnt-Matrix-animation-transform"><input semantic="INPUT" source="#r_leg01_jnt-Matrix-animation-input"/><input semantic="OUTPUT" source="#r_leg01_jnt-Matrix-animation-output-transform"/><input semantic="INTERPOLATION" source="#r_leg01_jnt-Interpolations"/></sampler><channel source="#r_leg01_jnt-Matrix-animation-transform" target="r_leg01_jnt/matrix"/></animation></animation>
    <animation id="r_leg02_jnt-anim" name="r_leg02_jnt"><animation><source id="r_leg02_jnt-Matrix-animation-input"><float_array id="r_leg02_jnt-Matrix-animation-input-array" count="8">

0.000000 0.033333 0.066667 0.100000 0.133333 0.166667 0.200000 0.233333</float_array><technique_common><accessor source="#r_leg02_jnt-Matrix-animation-input-array" count="8"><param name="TIME" type="float"/></accessor></technique_common></source><source id="r_leg02_jnt-Matrix-animation-output-transform"><float_array id="r_leg02_jnt-Matrix-animation-output-transform-array" count="128">

1.000000 0.000000 0.000000 0.872811 -0.000000 1.000000 0.000000 -0.000000 0.000000 -0.000000 1.000000 -0.000000 0.000000 0.000000 0.000000 1.000000
0.999901 0.012739 0.005958 0.872811 -0.012820 0.999823 0.013784 -0.000000 -0.005781 -0.013859 0.999887 -0.000000 0.000000 0.000000 0.000000 1.000000
0.998070 0.049364 0.037675 0.872811 -0.051286 0.997335 0.051899 0.000000 -0.035013 -0.053731 0.997941 -0.000000 0.000000 0.000000 0.000000 1.000000
0.996021 -0.024955 0.085553 0.872811 0.026002 0.999600 -0.011145 -0.000000 -0.085240 0.013325 0.996271 -0.000000 0.000000 0.000000 0.000000 1.000000
0.992923 -0.083376 0.084572 0.872811 0.087077 0.995355 -0.041054 -0.000000 -0.080756 0.048128 0.995571 -0.000000 0.000000 0.000000 0.000000 1.000000
0.997620 -0.060449 0.033175 0.872811 0.061244 0.997846 -0.023516 -0.000000 -0.031682 0.025492 0.999173 -0.000000 0.000000 0.000000 0.000000 1.000000
0.999957 -0.008751 0.003130 0.872811 0.008760 0.999958 -0.002819 -0.000000 -0.003105 0.002846 0.999991 -0.000000 0.000000 0.000000 0.000000 1.000000
1.000000 0.000000 0.000000 0.872811 -0.000000 1.000000 0.000000 -0.000000 0.000000 -0.000000 1.000000 -0.000000 0.000000 0.000000 0.000000 1.000000</float_array><technique_common><accessor source="#r_leg02_jnt-Matrix-animation-output-transform-array" count="8" stride="16"><param type="float4x4"/></accessor></technique_common></source><source id="r_leg02_jnt-Interpolations"><Name_array id="r_leg02_jnt-Interpolations-array" count="8">
 LINEAR LINEAR LINEAR LINEAR LINEAR LINEAR LINEAR LINEAR</Name_array><technique_common><accessor source="#r_leg02_jnt-Interpolations-array" count="8"><param type="name"/></accessor></technique_common></source><sampler id="r_leg02_jnt-Matrix-animation-transform"><input semantic="INPUT" source="#r_leg02_jnt-Matrix-animation-input"/><input semantic="OUTPUT" source="#r_leg02_jnt-Matrix-animation-output-transform"/><input semantic="INTERPOLATION" source="#r_leg02_jnt-Interpolations"/></sampler><channel source="#r_leg02_jnt-Matrix-animation-transform" target="r_leg02_jnt/matrix"/></animation></animation>
    <animation id="r_leg03_jnt-anim" name="r_leg03_jnt"><animation><source id="r_leg03_jnt-Matrix-animation-input"><float_array id="r_leg03_jnt-Matrix-animation-input-array" count="8">

0.000000 0.033333 0.066667 0.100000 0.133333 0.166667 0.200000 0.233333</float_array><technique_common><accessor source="#r_leg03_jnt-Matrix-animation-input-array" count="8"><param name="TIME" type="float"/></accessor></technique_common></source><source id="r_leg03_jnt-Matrix-animation-output-transform"><float_array id="r_leg03_jnt-Matrix-animation-output-transform-array" count="128">

1.000000 -0.000000 -0.000000 2.343215 0.000000 1.000000 -0.000000 0.000000 0.000000 0.000000 1.000000 -0.000000 0.000000 0.000000 0.000000 1.000000
1.000000 -0.000000 -0.000000 2.343181 0.000000 1.000000 0.000000 0.000000 0.000000 -0.000000 1.000000 -0.000000 0.000000 0.000000 0.000000 1.000000
1.000000 -0.000000 -0.000000 2.343107 -0.000000 1.000000 0.000000 0.000000 0.000000 0.000000 1.000000 -0.000000 0.000000 0.000000 0.000000 1.000000
1.000000 -0.000000 -0.000000 2.343034 -0.000000 1.000000 0.000000 0.000000 0.000000 -0.000000 1.000000 -0.000000 0.000000 0.000000 0.000000 1.000000
1.000000 0.000000 -0.000000 2.343000 -0.000000 1.000000 0.000000 0.000000 0.000000 0.000000 1.000000 -0.000000 0.000000 0.000000 0.000000 1.000000
1.000000 0.000000 -0.000000 2.343056 -0.000000 1.000000 0.000000 0.000000 0.000000 -0.000000 1.000000 -0.000000 0.000000 0.000000 0.000000 1.000000
1.000000 -0.000000 -0.000000 2.343159 -0.000000 1.000000 0.000000 0.000000 0.000000 -0.000000 1.000000 -0.000000 0.000000 0.000000 0.000000 1.000000
1.000000 -0.000000 -0.000000 2.343215 0.000000 1.000000 -0.000000 0.000000 0.000000 0.000000 1.000000 -0.000000 0.000000 0.000000 0.000000 1.000000</float_array><technique_common><accessor source="#r_leg03_jnt-Matrix-animation-output-transform-array" count="8" stride="16"><param type="float4x4"/></accessor></technique_common></source><source id="r_leg03_jnt-Interpolations"><Name_array id="r_leg03_jnt-Interpolations-array" count="8">
 LINEAR LINEAR LINEAR LINEAR LINEAR LINEAR LINEAR LINEAR</Name_array><technique_common><accessor source="#r_leg03_jnt-Interpolations-array" count="8"><param type="name"/></accessor></technique_common></source><sampler id="r_leg03_jnt-Matrix-animation-transform"><input semantic="INPUT" source="#r_leg03_jnt-Matrix-animation-input"/><input semantic="OUTPUT" source="#r_leg03_jnt-Matrix-animation-output-transform"/><input semantic="INTERPOLATION" source="#r_leg03_jnt-Interpolations"/></sampler><channel source="#r_leg03_jnt-Matrix-animation-transform" target="r_leg03_jnt/matrix"/></animation></animation>
    <animation id="r_leg04_jnt-anim" name="r_leg04_jnt"><animation><source id="r_leg04_jnt-Matrix-animation-input"><float_array id="r_leg04_jnt-Matrix-animation-input-array" count="8">

0.000000 0.033333 0.066667 0.100000 0.133333 0.166667 0.200000 0.233333</float_array><technique_common><accessor source="#r_leg04_jnt-Matrix-animation-input-array" count="8"><param name="TIME" type="float"/></accessor></technique_common></source><source id="r_leg04_jnt-Matrix-animation-output-transform"><float_array id="r_leg04_jnt-Matrix-animation-output-transform-array" count="128">

1.000000 0.000000 0.000000 0.000000 -0.000000 1.000000 0.000000 0.000000 0.000000 -0.000000 1.000000 -0.000000 0.000000 0.000000 0.000000 1.000000
0.999943 0.010672 -0.000000 0.000000 -0.010672 0.999943 0.000000 -0.000000 -0.000000 -0.000000 1.000000 -0.000000 0.000000 0.000000 0.000000 1.000000
0.994629 0.103505 -0.000000 -0.000000 -0.103505 0.994629 0.000000 0.000000 -0.000000 -0.000000 1.000000 -0.000000 0.000000 0.000000 0.000000 1.000000
0.965043 0.262092 0.000000 0.000000 -0.262092 0.965043 0.000000 0.000000 0.000000 0.000000 1.000000 -0.000000 0.000000 0.000000 0.000000 1.000000
0.955833 0.293912 0.000000 0.000000 -0.293912 0.955833 0.000000 0.000000 -0.000000 -0.000000 1.000000 -0.000000 0.000000 0.000000 0.000000 1.000000
0.988586 0.150660 0.000000 0.000000 -0.150660 0.988586 0.000000 0.000000 0.000000 0.000000 1.000000 -0.000000 0.000000 0.000000 0.000000 1.000000
0.999825 0.018704 -0.000000 0.000000 -0.018704 0.999825 0.000000 0.000000 -0.000000 -0.000000 1.000000 -0.000000 0.000000 0.000000 0.000000 1.000000
1.000000 0.000000 0.000000 0.000000 -0.000000 1.000000 0.000000 0.000000 0.000000 -0.000000 1.000000 -0.000000 0.000000 0.000000 0.000000 1.000000</float_array><technique_common><accessor source="#r_leg04_jnt-Matrix-animation-output-transform-array" count="8" stride="16"><param type="float4x4"/></accessor></technique_common></source><source id="r_leg04_jnt-Interpolations"><Name_array id="r_leg04_jnt-Interpolations-array" count="8">
 LINEAR LINEAR LINEAR LINEAR LINEAR LINEAR LINEAR LINEAR</Name_array><technique_common><accessor source="#r_leg04_jnt-Interpolations-array" count="8"><param type="name"/></accessor></technique_common></source><sampler id="r_leg04_jnt-Matrix-animation-transform"><input semantic="INPUT" source="#r_leg04_jnt-Matrix-animation-input"/><input semantic="OUTPUT" source="#r_leg04_jnt-Matrix-animation-output-transform"/><input semantic="INTERPOLATION" source="#r_leg04_jnt-Interpolations"/></sampler><channel source="#r_leg04_jnt-Matrix-animation-transform" target="r_leg04_jnt/matrix"/></animation></animation>
    <animation id="r_leg05_jnt-anim" name="r_leg05_jnt"><animation><source id="r_leg05_jnt-Matrix-animation-input"><float_array id="r_leg05_jnt-Matrix-animation-input-array" count="8">

0.000000 0.033333 0.066667 0.100000 0.133333 0.166667 0.200000 0.233333</float_array><technique_common><accessor source="#r_leg05_jnt-Matrix-animation-input-array" count="8"><param name="TIME" type="float"/></accessor></technique_common></source><source id="r_leg05_jnt-Matrix-animation-output-transform"><float_array id="r_leg05_jnt-Matrix-animation-output-transform-array" count="128">

1.000000 0.000000 0.000000 0.631645 0.000000 1.000000 0.000000 -0.000038 0.000000 0.000000 1.000000 -0.000000 0.000000 0.000000 0.000000 1.000000
1.000000 -0.000000 0.000000 0.631645 -0.000000 1.000000 0.000000 -0.000038 0.000000 0.000000 1.000000 0.000000 0.000000 0.000000 0.000000 1.000000
1.000000 -0.000000 -0.000000 0.631645 0.000000 1.000000 0.000000 -0.000038 0.000000 -0.000000 1.000000 -0.000000 0.000000 0.000000 0.000000 1.000000
1.000000 0.000000 -0.000000 0.631645 -0.000000 1.000000 0.000000 -0.000038 0.000000 0.000000 1.000000 0.000000 0.000000 0.000000 0.000000 1.000000
1.000000 -0.000000 0.000000 0.631645 0.000000 1.000000 -0.000000 -0.000038 -0.000000 -0.000000 1.000000 -0.000000 0.000000 0.000000 0.000000 1.000000
1.000000 0.000000 0.000000 0.631645 0.000000 1.000000 -0.000000 -0.000038 -0.000000 0.000000 1.000000 -0.000000 0.000000 0.000000 0.000000 1.000000
1.000000 0.000000 0.000000 0.631645 -0.000000 1.000000 -0.000000 -0.000038 -0.000000 -0.000000 1.000000 0.000000 0.000000 0.000000 0.000000 1.000000
1.000000 0.000000 0.000000 0.631645 0.000000 1.000000 0.000000 -0.000038 0.000000 0.000000 1.000000 -0.000000 0.000000 0.000000 0.000000 1.000000</float_array><technique_common><accessor source="#r_leg05_jnt-Matrix-animation-output-transform-array" count="8" stride="16"><param type="float4x4"/></accessor></technique_common></source><source id="r_leg05_jnt-Interpolations"><Name_array id="r_leg05_jnt-Interpolations-array" count="8">
 LINEAR LINEAR LINEAR LINEAR LINEAR LINEAR LINEAR LINEAR</Name_array><technique_common><accessor source="#r_leg05_jnt-Interpolations-array" count="8"><param type="name"/></accessor></technique_common></source><sampler id="r_leg05_jnt-Matrix-animation-transform"><input semantic="INPUT" source="#r_leg05_jnt-Matrix-animation-input"/><input semantic="OUTPUT" source="#r_leg05_jnt-Matrix-animation-output-transform"/><input semantic="INTERPOLATION" source="#r_leg05_jnt-Interpolations"/></sampler><channel source="#r_leg05_jnt-Matrix-animation-transform" target="r_leg05_jnt/matrix"/></animation></animation>
    <animation id="r_leg06_jnt-anim" name="r_leg06_jnt"><animation><source id="r_leg06_jnt-Matrix-animation-input"><float_array id="r_leg06_jnt-Matrix-animation-input-array" count="8">

0.000000 0.033333 0.066667 0.100000 0.133333 0.166667 0.200000 0.233333</float_array><technique_common><accessor source="#r_leg06_jnt-Matrix-animation-input-array" count="8"><param name="TIME" type="float"/></accessor></technique_common></source><source id="r_leg06_jnt-Matrix-animation-output-transform"><float_array id="r_leg06_jnt-Matrix-animation-output-transform-array" count="128">

1.000000 -0.000000 -0.000000 -0.000060 0.000000 1.000000 0.000000 -1.144770 0.000000 -0.000000 1.000000 0.000000 0.000000 0.000000 0.000000 1.000000
1.000000 0.000000 -0.000000 -0.000060 -0.000000 1.000000 0.000000 -1.144770 0.000000 -0.000000 1.000000 0.000000 0.000000 0.000000 0.000000 1.000000
1.000000 -0.000000 -0.000000 -0.000060 0.000000 1.000000 -0.000000 -1.144770 -0.000000 0.000000 1.000000 -0.000000 0.000000 0.000000 0.000000 1.000000
1.000000 0.000000 0.000000 -0.000060 0.000000 1.000000 0.000000 -1.144770 0.000000 -0.000000 1.000000 0.000000 0.000000 0.000000 0.000000 1.000000
1.000000 0.000000 0.000000 -0.000060 0.000000 1.000000 0.000000 -1.144770 0.000000 -0.000000 1.000000 0.000000 0.000000 0.000000 0.000000 1.000000
1.000000 0.000000 0.000000 -0.000060 0.000000 1.000000 0.000000 -1.144770 -0.000000 -0.000000 1.000000 0.000000 0.000000 0.000000 0.000000 1.000000
1.000000 0.000000 0.000000 -0.000060 -0.000000 1.000000 0.000000 -1.144770 -0.000000 -0.000000 1.000000 0.000000 0.000000 0.000000 0.000000 1.000000
1.000000 -0.000000 -0.000000 -0.000060 0.000000 1.000000 0.000000 -1.144770 0.000000 -0.000000 1.000000 0.000000 0.000000 0.000000 0.000000 1.000000</float_array><technique_common><accessor source="#r_leg06_jnt-Matrix-animation-output-transform-array" count="8" stride="16"><param type="float4x4"/></accessor></technique_common></source><source id="r_leg06_jnt-Interpolations"><Name_array id="r_leg06_jnt-Interpolations-array" count="8">
 LINEAR LINEAR LINEAR LINEAR LINEAR LINEAR LINEAR LINEAR</Name_array><technique_common><accessor source="#r_leg06_jnt-Interpolations-array" count="8"><param type="name"/></accessor></technique_common></source><sampler id="r_leg06_jnt-Matrix-animation-transform"><input semantic="INPUT" source="#r_leg06_jnt-Matrix-animation-input"/><input semantic="OUTPUT" source="#r_leg06_jnt-Matrix-animation-output-transform"/><input semantic="INTERPOLATION" source="#r_leg06_jnt-Interpolations"/></sampler><channel source="#r_leg06_jnt-Matrix-animation-transform" target="r_leg06_jnt/matrix"/></animation></animation>
    <animation id="spine_jnt-anim" name="spine_jnt"><animation><source id="spine_jnt-Matrix-animation-input"><float_array id="spine_jnt-Matrix-animation-input-array" count="8">

0.000000 0.033333 0.066667 0.100000 0.133333 0.166667 0.200000 0.233333</float_array><technique_common><accessor source="#spine_jnt-Matrix-animation-input-array" count="8"><param name="TIME" type="float"/></accessor></technique_common></source><source id="spine_jnt-Matrix-animation-output-transform"><float_array id="spine_jnt-Matrix-animation-output-transform-array" count="128">

1.000000 0.000000 0.000000 -0.000000 0.000000 1.000000 0.000000 0.319233 0.000000 0.000000 1.000000 -0.648868 0.000000 0.000000 0.000000 1.000000
0.988748 -0.140243 0.052041 -0.000000 0.143600 0.987322 -0.067626 0.319233 -0.041897 0.074338 0.996353 -0.648868 0.000000 0.000000 0.000000 1.000000
0.954788 -0.273488 0.116555 -0.000000 0.286975 0.950248 -0.121136 0.319233 -0.077627 0.149108 0.985769 -0.648868 0.000000 0.000000 0.000000 1.000000
0.963706 -0.246595 0.102286 -0.000000 0.257423 0.959873 -0.111256 0.319233 -0.070747 0.133548 0.988514 -0.648868 0.000000 0.000000 0.000000 1.000000
0.981055 -0.180640 0.069999 -0.000000 0.186293 0.978809 -0.085021 0.319233 -0.053158 0.096450 0.993917 -0.648868 0.000000 0.000000 0.000000 1.000000
0.994442 -0.099231 0.035177 -0.000000 0.100889 0.993691 -0.048988 0.319233 -0.030094 0.052265 0.998180 -0.648868 0.000000 0.000000 0.000000 1.000000
0.999519 -0.029494 0.009624 -0.000000 0.029637 0.999446 -0.015123 0.319233 -0.009172 0.015401 0.999839 -0.648868 0.000000 0.000000 0.000000 1.000000
1.000000 0.000000 0.000000 -0.000000 0.000000 1.000000 0.000000 0.319233 0.000000 0.000000 1.000000 -0.648868 0.000000 0.000000 0.000000 1.000000</float_array><technique_common><accessor source="#spine_jnt-Matrix-animation-output-transform-array" count="8" stride="16"><param type="float4x4"/></accessor></technique_common></source><source id="spine_jnt-Interpolations"><Name_array id="spine_jnt-Interpolations-array" count="8">
 LINEAR LINEAR LINEAR LINEAR LINEAR LINEAR LINEAR LINEAR</Name_array><technique_common><accessor source="#spine_jnt-Interpolations-array" count="8"><param type="name"/></accessor></technique_common></source><sampler id="spine_jnt-Matrix-animation-transform"><input semantic="INPUT" source="#spine_jnt-Matrix-animation-input"/><input semantic="OUTPUT" source="#spine_jnt-Matrix-animation-output-transform"/><input semantic="INTERPOLATION" source="#spine_jnt-Interpolations"/></sampler><channel source="#spine_jnt-Matrix-animation-transform" target="spine_jnt/matrix"/></animation></animation>
    <animation id="torso_jnt-anim" name="torso_jnt"><animation><source id="torso_jnt-Matrix-animation-input"><float_array id="torso_jnt-Matrix-animation-input-array" count="8">

0.000000 0.033333 0.066667 0.100000 0.133333 0.166667 0.200000 0.233333</float_array><technique_common><accessor source="#torso_jnt-Matrix-animation-input-array" count="8"><param name="TIME" type="float"/></accessor></technique_common></source><source id="torso_jnt-Matrix-animation-output-transform"><float_array id="torso_jnt-Matrix-animation-output-transform-array" count="128">

1.000000 0.000000 0.000000 0.000000 0.000000 1.000000 0.000000 2.183637 0.000000 0.000000 1.000000 -1.156408 0.000000 0.000000 0.000000 1.000000
0.999769 0.014213 -0.016112 0.097634 -0.015584 0.995958 -0.088457 2.182116 0.014790 0.088687 0.995950 -1.154963 0.000000 0.000000 0.000000 1.000000
0.999077 0.025454 -0.034605 0.390267 -0.031154 0.983950 -0.175702 2.171468 0.029577 0.176618 0.983835 -1.144854 0.000000 0.000000 0.000000 1.000000
0.999259 0.023376 -0.030583 0.313370 -0.027917 0.987094 -0.157691 2.174882 0.026502 0.158428 0.987015 -1.148097 0.000000 0.000000 0.000000 1.000000
0.999612 0.017864 -0.021357 0.163963 -0.020195 0.993225 -0.114441 2.180325 0.019167 0.114828 0.993200 -1.153264 0.000000 0.000000 0.000000 1.000000
0.999886 0.010301 -0.011077 0.048395 -0.010972 0.997993 -0.062366 2.183106 0.010412 0.062481 0.997992 -1.155904 0.000000 0.000000 0.000000 1.000000
0.999990 0.003185 -0.003136 0.004225 -0.003242 0.999824 -0.018462 2.183624 0.003076 0.018472 0.999825 -1.156395 0.000000 0.000000 0.000000 1.000000
1.000000 0.000000 0.000000 0.000000 0.000000 1.000000 0.000000 2.183637 0.000000 0.000000 1.000000 -1.156408 0.000000 0.000000 0.000000 1.000000</float_array><technique_common><accessor source="#torso_jnt-Matrix-animation-output-transform-array" count="8" stride="16"><param type="float4x4"/></accessor></technique_common></source><source id="torso_jnt-Interpolations"><Name_array id="torso_jnt-Interpolations-array" count="8">
