<?xml version="1.0" encoding="utf-8"?>
<COLLADA xmlns="http://www.collada.org/2005/11/COLLADASchema" version="1.4.1">
  <asset><contributor><author></author><authoring_tool>FBX COLLADA exporter</authoring_tool><comments></comments></contributor><created>2020-02-11T21:45:13Z</created><keywords></keywords><modified>2020-02-11T21:45:13Z</modified><revision></revision><subject></subject><title></title><unit meter="0.010000" name="centimeter"></unit><up_axis>Y_UP</up_axis></asset>
  <library_animations>
    <animation id="root_jnt-anim" name="root_jnt"><animation><source id="root_jnt-Matrix-animation-input"><float_array id="root_jnt-Matrix-animation-input-array" count="21">

0.000000 0.033333 0.066667 0.100000 0.133333 0.166667 0.200000 0.233333 0.266667 0.300000 0.333333 0.366667 0.400000 0.433333 0.466667 0.500000
0.533333 0.566667 0.600000 0.633333 0.666667</float_array><technique_common><accessor source="#root_jnt-Matrix-animation-input-array" count="21"><param name="TIME" type="float"/></accessor></technique_common></source><source id="root_jnt-Matrix-animation-output-transform"><float_array id="root_jnt-Matrix-animation-output-transform-array" count="336">

1.000000 0.000000 0.000000 0.000000 0.000000 1.000000 0.000000 0.000000 0.000000 0.000000 1.000000 0.000000 0.000000 0.000000 0.000000 1.000000
1.000000 0.000000 0.000000 0.000000 0.000000 1.000000 0.000000 0.000000 0.000000 0.000000 1.000000 0.000000 0.000000 0.000000 0.000000 1.000000
1.000000 0.000000 0.000000 0.000000 0.000000 1.000000 0.000000 0.000000 0.000000 0.000000 1.000000 0.000000 0.000000 0.000000 0.000000 1.000000
1.000000 0.000000 0.000000 0.000000 0.000000 1.000000 0.000000 0.000000 0.000000 0.000000 1.000000 0.000000 0.000000 0.000000 0.000000 1.000000
1.000000 0.000000 0.000000 0.000000 0.000000 1.000000 0.000000 0.000000 0.000000 0.000000 1.000000 0.000000 0.000000 0.000000 0.000000 1.000000
1.000000 0.000000 0.000000 0.000000 0.000000 1.000000 0.000000 0.000000 0.000000 0.000000 1.000000 0.000000 0.000000 0.000000 0.000000 1.000000
1.000000 0.000000 0.000000 0.000000 0.000000 1.000000 0.000000 0.000000 0.000000 0.000000 1.000000 0.000000 0.000000 0.000000 0.000000 1.000000
1.000000 0.000000 0.000000 0.000000 0.000000 1.000000 0.000000 0.000000 0.000000 0.000000 1.000000 0.000000 0.000000 0.000000 0.000000 1.000000
1.000000 0.000000 0.000000 0.000000 0.000000 1.000000 0.000000 0.000000 0.000000 0.000000 1.000000 0.000000 0.000000 0.000000 0.000000 1.000000
1.000000 0.000000 0.000000 0.000000 0.000000 1.000000 0.000000 0.000000 0.000000 0.000000 1.000000 0.000000 0.000000 0.000000 0.000000 1.000000
1.000000 0.000000 0.000000 0.000000 0.000000 1.000000 0.000000 0.000000 0.000000 0.000000 1.000000 0.000000 0.000000 0.000000 0.000000 1.000000
1.000000 0.000000 0.000000 0.000000 0.000000 1.000000 0.000000 0.000000 0.000000 0.000000 1.000000 0.000000 0.000000 0.000000 0.000000 1.000000
1.000000 0.000000 0.000000 0.000000 0.000000 1.000000 0.000000 0.000000 0.000000 0.000000 1.000000 0.000000 0.000000 0.000000 0.000000 1.000000
1.000000 0.000000 0.000000 0.000000 0.000000 1.000000 0.000000 0.000000 0.000000 0.000000 1.000000 0.000000 0.000000 0.000000 0.000000 1.000000
1.000000 0.000000 0.000000 0.000000 0.000000 1.000000 0.000000 0.000000 0.000000 0.000000 1.000000 0.000000 0.000000 0.000000 0.000000 1.000000
1.000000 0.000000 0.000000 0.000000 0.000000 1.000000 0.000000 0.000000 0.000000 0.000000 1.000000 0.000000 0.000000 0.000000 0.000000 1.000000
1.000000 0.000000 0.000000 0.000000 0.000000 1.000000 0.000000 0.000000 0.000000 0.000000 1.000000 0.000000 0.000000 0.000000 0.000000 1.000000
1.000000 0.000000 0.000000 0.000000 0.000000 1.000000 0.000000 0.000000 0.000000 0.000000 1.000000 0.000000 0.000000 0.000000 0.000000 1.000000
1.000000 0.000000 0.000000 0.000000 0.000000 1.000000 0.000000 0.000000 0.000000 0.000000 1.000000 0.000000 0.000000 0.000000 0.000000 1.000000
1.000000 0.000000 0.000000 0.000000 0.000000 1.000000 0.000000 0.000000 0.000000 0.000000 1.000000 0.000000 0.000000 0.000000 0.000000 1.000000
1.000000 0.000000 0.000000 0.000000 0.000000 1.000000 0.000000 0.000000 0.000000 0.000000 1.000000 0.000000 0.000000 0.000000 0.000000 1.000000</float_array><technique_common><accessor source="#root_jnt-Matrix-animation-output-transform-array" count="21" stride="16"><param type="float4x4"/></accessor></technique_common></source><source id="root_jnt-Interpolations"><Name_array id="root_jnt-Interpolations-array" count="21">
 LINEAR LINEAR LINEAR LINEAR LINEAR LINEAR LINEAR LINEAR LINEAR LINEAR LINEAR
LINEAR LINEAR LINEAR LINEAR LINEAR LINEAR LINEAR LINEAR LINEAR LINEAR</Name_array><technique_common><accessor source="#root_jnt-Interpolations-array" count="21"><param type="name"/></accessor></technique_common></source><sampler id="root_jnt-Matrix-animation-transform"><input semantic="INPUT" source="#root_jnt-Matrix-animation-input"/><input semantic="OUTPUT" source="#root_jnt-Matrix-animation-output-transform"/><input semantic="INTERPOLATION" source="#root_jnt-Interpolations"/></sampler><channel source="#root_jnt-Matrix-animation-transform" target="root_jnt/matrix"/></animation></animation>
    <animation id="pelvis_jnt-anim" name="pelvis_jnt"><animation><source id="pelvis_jnt-Matrix-animation-input"><float_array id="pelvis_jnt-Matrix-animation-input-array" count="21">

0.000000 0.033333 0.066667 0.100000 0.133333 0.166667 0.200000 0.233333 0.266667 0.300000 0.333333 0.366667 0.400000 0.433333 0.466667 0.500000
0.533333 0.566667 0.600000 0.633333 0.666667</float_array><technique_common><accessor source="#pelvis_jnt-Matrix-animation-input-array" count="21"><param name="TIME" type="float"/></accessor></technique_common></source><source id="pelvis_jnt-Matrix-animation-output-transform"><float_array id="pelvis_jnt-Matrix-animation-output-transform-array" count="336">

0.829906 0.291354 0.475783 0.015292 -0.332769 0.943004 0.002981 2.163495 -0.447797 -0.160799 0.879558 -0.008440 0.000000 0.000000 0.000000 1.000000
0.844154 0.258603 0.469605 0.013573 -0.292471 0.956274 -0.000861 2.157450 -0.449294 -0.136619 0.882876 -0.007170 0.000000 0.000000 0.000000 1.000000
0.862269 0.211220 0.460302 0.011086 -0.233391 0.972342 -0.008978 2.198674 -0.449467 -0.099689 0.887717 -0.005232 0.000000 0.000000 0.000000 1.000000
0.888612 0.155325 0.431558 0.008152 -0.163844 0.986329 -0.017630 2.270658 -0.428396 -0.055042 0.901913 -0.002889 0.000000 0.000000 0.000000 1.000000
0.922865 0.093637 0.373568 0.004915 -0.088930 0.995590 -0.029858 2.357012 -0.374716 -0.005667 0.927122 -0.000297 0.000000 0.000000 0.000000 1.000000
0.952885 0.028448 0.301995 0.001493 -0.013422 0.998572 -0.051715 2.441402 -0.303035 0.045225 0.951906 0.002374 0.000000 0.000000 0.000000 1.000000
0.971812 -0.033135 0.233419 -0.001739 0.053563 0.995214 -0.081727 2.507574 -0.229594 0.091926 0.968936 0.004825 0.000000 0.000000 0.000000 1.000000
0.979865 -0.079567 0.183123 -0.004176 0.101104 0.988614 -0.111443 2.539437 -0.172171 0.127714 0.976753 0.006703 0.000000 0.000000 0.000000 1.000000
0.981647 -0.097126 0.164123 -0.005098 0.119001 0.984455 -0.129177 2.543759 -0.149025 0.146337 0.977945 0.007681 0.000000 0.000000 0.000000 1.000000
0.981699 -0.085961 0.169935 -0.004512 0.108902 0.985431 -0.130638 2.538727 -0.156229 0.146753 0.976758 0.007702 0.000000 0.000000 0.000000 1.000000
0.981073 -0.057700 0.184841 -0.003028 0.080929 0.989385 -0.120700 2.525338 -0.175915 0.133374 0.975328 0.007000 0.000000 0.000000 0.000000 1.000000
0.977966 -0.016522 0.208111 -0.000867 0.038700 0.993933 -0.102950 2.504581 -0.205148 0.108736 0.972672 0.005707 0.000000 0.000000 0.000000 1.000000
0.970436 0.033034 0.239089 0.001734 -0.013913 0.996599 -0.081224 2.477437 -0.240959 0.075496 0.967595 0.003962 0.000000 0.000000 0.000000 1.000000
0.957123 0.086404 0.276495 0.004535 -0.072799 0.995593 -0.059117 2.444927 -0.280385 0.036454 0.959195 0.001913 0.000000 0.000000 0.000000 1.000000
0.937741 0.139409 0.318129 0.007317 -0.133813 0.990219 -0.039492 2.408123 -0.320523 -0.005537 0.947225 -0.000291 0.000000 0.000000 0.000000 1.000000
0.913303 0.188657 0.360952 0.009902 -0.193111 0.980882 -0.024051 2.368162 -0.358589 -0.047738 0.932274 -0.002506 0.000000 0.000000 0.000000 1.000000
0.886068 0.231793 0.401441 0.012166 -0.247488 0.968802 -0.013128 2.326219 -0.391960 -0.087720 0.915791 -0.004604 0.000000 0.000000 0.000000 1.000000
0.859267 0.267522 0.435996 0.014041 -0.294595 0.955605 -0.005755 2.283491 -0.418180 -0.123498 0.899930 -0.006482 0.000000 0.000000 0.000000 1.000000
0.836679 0.295380 0.461215 0.015503 -0.332902 0.942962 -0.000000 2.241180 -0.434908 -0.153539 0.887289 -0.008059 0.000000 0.000000 0.000000 1.000000
0.825842 0.305196 0.474173 0.016018 -0.348299 0.937378 0.003281 2.200737 -0.443478 -0.167863 0.880425 -0.008810 0.000000 0.000000 0.000000 1.000000
0.829984 0.291236 0.475718 0.015286 -0.332599 0.943064 0.002937 2.163498 -0.447777 -0.160661 0.879593 -0.008432 0.000000 0.000000 0.000000 1.000000</float_array><technique_common><accessor source="#pelvis_jnt-Matrix-animation-output-transform-array" count="21" stride="16"><param type="float4x4"/></accessor></technique_common></source><source id="pelvis_jnt-Interpolations"><Name_array id="pelvis_jnt-Interpolations-array" count="21">
 LINEAR LINEAR LINEAR LINEAR LINEAR LINEAR LINEAR LINEAR LINEAR LINEAR LINEAR
LINEAR LINEAR LINEAR LINEAR LINEAR LINEAR LINEAR LINEAR LINEAR LINEAR</Name_array><technique_common><accessor source="#pelvis_jnt-Interpolations-array" count="21"><param type="name"/></accessor></technique_common></source><sampler id="pelvis_jnt-Matrix-animation-transform"><input semantic="INPUT" source="#pelvis_jnt-Matrix-animation-input"/><input semantic="OUTPUT" source="#pelvis_jnt-Matrix-animation-output-transform"/><input semantic="INTERPOLATION" source="#pelvis_jnt-Interpolations"/></sampler><channel source="#pelvis_jnt-Matrix-animation-transform" target="pelvis_jnt/matrix"/></animation></animation>
    <animation id="b_leg01_jnt-anim" name="b_leg01_jnt"><animation><source id="b_leg01_jnt-Matrix-animation-input"><float_array id="b_leg01_jnt-Matrix-animation-input-array" count="21">

0.000000 0.033333 0.066667 0.100000 0.133333 0.166667 0.200000 0.233333 0.266667 0.300000 0.333333 0.366667 0.400000 0.433333 0.466667 0.500000
0.533333 0.566667 0.600000 0.633333 0.666667</float_array><technique_common><accessor source="#b_leg01_jnt-Matrix-animation-input-array" count="21"><param name="TIME" type="float"/></accessor></technique_common></source><source id="b_leg01_jnt-Matrix-animation-output-transform"><float_array id="b_leg01_jnt-Matrix-animation-output-transform-array" count="336">

0.000000 0.000000 1.000000 -0.000000 0.000000 1.000000 0.000000 -0.199018 -1.000000 0.000000 0.000000 -0.585694 0.000000 0.000000 0.000000 1.000000
0.000000 0.000000 1.000000 -0.000000 -0.000000 1.000000 0.000000 -0.199018 -1.000000 0.000000 0.000000 -0.585694 0.000000 0.000000 0.000000 1.000000
0.000000 0.000000 1.000000 -0.000000 -0.000000 1.000000 0.000000 -0.199018 -1.000000 0.000000 0.000000 -0.585694 0.000000 0.000000 0.000000 1.000000
0.000000 0.000000 1.000000 -0.000000 0.000000 1.000000 -0.000000 -0.199018 -1.000000 0.000000 0.000000 -0.585694 0.000000 0.000000 0.000000 1.000000
0.000000 -0.000000 1.000000 -0.000000 0.000000 1.000000 0.000000 -0.199018 -1.000000 0.000000 0.000000 -0.585694 0.000000 0.000000 0.000000 1.000000
0.000000 -0.000000 1.000000 -0.000000 -0.000000 1.000000 0.000000 -0.199018 -1.000000 0.000000 0.000000 -0.585694 0.000000 0.000000 0.000000 1.000000
0.000000 0.000000 1.000000 -0.000000 0.000000 1.000000 -0.000000 -0.199018 -1.000000 0.000000 0.000000 -0.585694 0.000000 0.000000 0.000000 1.000000
0.000000 -0.000000 1.000000 -0.000000 -0.000000 1.000000 -0.000000 -0.199018 -1.000000 -0.000000 0.000000 -0.585694 0.000000 0.000000 0.000000 1.000000
0.000000 0.000000 1.000000 -0.000000 0.000000 1.000000 -0.000000 -0.199018 -1.000000 -0.000000 0.000000 -0.585694 0.000000 0.000000 0.000000 1.000000
0.000000 0.000000 1.000000 -0.000000 0.000000 1.000000 0.000000 -0.199018 -1.000000 0.000000 -0.000000 -0.585694 0.000000 0.000000 0.000000 1.000000
0.000000 0.000000 1.000000 -0.000000 -0.000000 1.000000 0.000000 -0.199018 -1.000000 0.000000 0.000000 -0.585694 0.000000 0.000000 0.000000 1.000000
0.000000 0.000000 1.000000 -0.000000 0.000000 1.000000 0.000000 -0.199018 -1.000000 0.000000 0.000000 -0.585694 0.000000 0.000000 0.000000 1.000000
0.000000 -0.000000 1.000000 -0.000000 0.000000 1.000000 0.000000 -0.199018 -1.000000 0.000000 0.000000 -0.585694 0.000000 0.000000 0.000000 1.000000
0.000000 -0.000000 1.000000 -0.000000 0.000000 1.000000 -0.000000 -0.199018 -1.000000 -0.000000 0.000000 -0.585694 0.000000 0.000000 0.000000 1.000000
0.000000 -0.000000 1.000000 -0.000000 -0.000000 1.000000 -0.000000 -0.199018 -1.000000 0.000000 0.000000 -0.585694 0.000000 0.000000 0.000000 1.000000
0.000000 -0.000000 1.000000 -0.000000 0.000000 1.000000 -0.000000 -0.199018 -1.000000 0.000000 0.000000 -0.585694 0.000000 0.000000 0.000000 1.000000
0.000000 -0.000000 1.000000 -0.000000 0.000000 1.000000 -0.000000 -0.199018 -1.000000 0.000000 0.000000 -0.585694 0.000000 0.000000 0.000000 1.000000
0.000000 0.000000 1.000000 -0.000000 -0.000000 1.000000 0.000000 -0.199018 -1.000000 0.000000 0.000000 -0.585694 0.000000 0.000000 0.000000 1.000000
0.000000 -0.000000 1.000000 -0.000000 0.000000 1.000000 0.000000 -0.199018 -1.000000 -0.000000 0.000000 -0.585694 0.000000 0.000000 0.000000 1.000000
-0.000000 0.000000 1.000000 -0.000000 0.000000 1.000000 -0.000000 -0.199018 -1.000000 0.000000 0.000000 -0.585694 0.000000 0.000000 0.000000 1.000000
0.000000 -0.000000 1.000000 -0.000000 0.000000 1.000000 -0.000000 -0.199018 -1.000000 -0.000000 -0.000000 -0.585694 0.000000 0.000000 0.000000 1.000000</float_array><technique_common><accessor source="#b_leg01_jnt-Matrix-animation-output-transform-array" count="21" stride="16"><param type="float4x4"/></accessor></technique_common></source><source id="b_leg01_jnt-Interpolations"><Name_array id="b_leg01_jnt-Interpolations-array" count="21">
 LINEAR LINEAR LINEAR LINEAR LINEAR LINEAR LINEAR LINEAR LINEAR LINEAR LINEAR
LINEAR LINEAR LINEAR LINEAR LINEAR LINEAR LINEAR LINEAR LINEAR LINEAR</Name_array><technique_common><accessor source="#b_leg01_jnt-Interpolations-array" count="21"><param type="name"/></accessor></technique_common></source><sampler id="b_leg01_jnt-Matrix-animation-transform"><input semantic="INPUT" source="#b_leg01_jnt-Matrix-animation-input"/><input semantic="OUTPUT" source="#b_leg01_jnt-Matrix-animation-output-transform"/><input semantic="INTERPOLATION" source="#b_leg01_jnt-Interpolations"/></sampler><channel source="#b_leg01_jnt-Matrix-animation-transform" target="b_leg01_jnt/matrix"/></animation></animation>
    <animation id="b_leg02_jnt-anim" name="b_leg02_jnt"><animation><source id="b_leg02_jnt-Matrix-animation-input"><float_array id="b_leg02_jnt-Matrix-animation-input-array" count="21">

0.000000 0.033333 0.066667 0.100000 0.133333 0.166667 0.200000 0.233333 0.266667 0.300000 0.333333 0.366667 0.400000 0.433333 0.466667 0.500000
0.533333 0.566667 0.600000 0.633333 0.666667</float_array><technique_common><accessor source="#b_leg02_jnt-Matrix-animation-input-array" count="21"><param name="TIME" type="float"/></accessor></technique_common></source><source id="b_leg02_jnt-Matrix-animation-output-transform"><float_array id="b_leg02_jnt-Matrix-animation-output-transform-array" count="336">

0.960610 -0.116741 0.252189 0.651075 -0.138913 0.584256 0.799592 0.170186 -0.240688 -0.803129 0.545026 0.000000 0.000000 0.000000 0.000000 1.000000
0.895535 -0.232066 0.379686 0.651075 -0.095689 0.732858 0.673619 0.170186 -0.434580 -0.639581 0.634095 0.000000 0.000000 0.000000 0.000000 1.000000
0.806313 -0.275697 0.523307 0.651075 -0.038771 0.858191 0.511865 0.170186 -0.590217 -0.433013 0.681281 0.000000 0.000000 0.000000 0.000000 1.000000
0.698573 -0.225015 0.679238 0.651075 -0.021376 0.942281 0.334139 0.170186 -0.715219 -0.247940 0.653442 0.000000 0.000000 0.000000 0.000000 1.000000
0.536901 -0.074655 0.840336 0.651075 -0.074513 0.987988 0.135380 0.170186 -0.840348 -0.135302 0.524889 -0.000000 0.000000 0.000000 0.000000 1.000000
0.302991 0.084869 0.949207 0.651075 -0.170196 0.984833 -0.033727 0.170186 -0.937673 -0.151332 0.312840 -0.000000 0.000000 0.000000 0.000000 1.000000
0.032274 0.156688 0.987121 0.651075 -0.253079 0.956730 -0.143590 0.170186 -0.966907 -0.245185 0.070532 0.000000 0.000000 0.000000 0.000000 1.000000
-0.202652 0.139104 0.969321 0.651075 -0.294040 0.935537 -0.195730 0.170186 -0.934063 -0.324684 -0.148686 -0.000000 0.000000 0.000000 0.000000 1.000000
-0.367874 0.063147 0.927729 0.651075 -0.376838 0.901968 -0.210822 0.170186 -0.850095 -0.427160 -0.308014 0.000000 0.000000 0.000000 0.000000 1.000000
-0.460128 -0.070313 0.885064 0.651075 -0.547948 0.806855 -0.220767 0.170186 -0.698595 -0.586550 -0.409784 0.000000 0.000000 0.000000 0.000000 1.000000
-0.469118 -0.236116 0.850986 0.651075 -0.739341 0.632023 -0.232210 0.170186 -0.483015 -0.738103 -0.471064 0.000000 0.000000 0.000000 0.000000 1.000000
-0.386800 -0.388105 0.836517 0.651075 -0.890991 0.391152 -0.230512 0.170186 -0.237742 -0.834491 -0.497096 -0.000000 0.000000 0.000000 0.000000 1.000000
-0.225486 -0.479287 0.848198 0.651075 -0.973959 0.132053 -0.184300 0.170186 -0.023674 -0.867667 -0.496582 0.000000 0.000000 0.000000 0.000000 1.000000
0.002712 -0.470763 0.882256 0.651075 -0.994717 -0.091807 -0.045929 0.170186 0.102619 -0.877470 -0.468525 0.000000 0.000000 0.000000 0.000000 1.000000
0.281394 -0.343598 0.895967 0.651075 -0.947836 -0.245229 0.203641 0.170186 0.149747 -0.906534 -0.394681 -0.000000 0.000000 0.000000 0.000000 1.000000
0.546517 -0.139544 0.825740 0.651075 -0.821352 -0.281705 0.496007 0.170186 0.163400 -0.949300 -0.268571 -0.000000 0.000000 0.000000 0.000000 1.000000
0.768430 0.117770 0.629004 0.651075 -0.615780 -0.131418 0.776881 0.170186 0.174156 -0.984307 -0.028465 0.000000 0.000000 0.000000 0.000000 1.000000
0.883193 0.265494 0.386630 0.651075 -0.424625 0.102594 0.899538 0.170186 0.199156 -0.958638 0.203346 -0.000000 0.000000 0.000000 0.000000 1.000000
0.945883 0.216006 0.242169 0.651075 -0.298603 0.287197 0.910139 0.170186 0.127045 -0.933198 0.336155 0.000000 0.000000 0.000000 0.000000 1.000000
0.978396 0.048462 0.200982 0.651075 -0.201558 0.439913 0.875129 0.170186 -0.046004 -0.896732 0.440177 0.000000 0.000000 0.000000 0.000000 1.000000
0.960581 -0.116744 0.252299 0.651075 -0.138950 0.584434 0.799456 0.170186 -0.240784 -0.802999 0.545175 -0.000000 0.000000 0.000000 0.000000 1.000000</float_array><technique_common><accessor source="#b_leg02_jnt-Matrix-animation-output-transform-array" count="21" stride="16"><param type="float4x4"/></accessor></technique_common></source><source id="b_leg02_jnt-Interpolations"><Name_array id="b_leg02_jnt-Interpolations-array" count="21">
 LINEAR LINEAR LINEAR LINEAR LINEAR LINEAR LINEAR LINEAR LINEAR LINEAR LINEAR
LINEAR LINEAR LINEAR LINEAR LINEAR LINEAR LINEAR LINEAR LINEAR LINEAR</Name_array><technique_common><accessor source="#b_leg02_jnt-Interpolations-array" count="21"><param type="name"/></accessor></technique_common></source><sampler id="b_leg02_jnt-Matrix-animation-transform"><input semantic="INPUT" source="#b_leg02_jnt-Matrix-animation-input"/><input semantic="OUTPUT" source="#b_leg02_jnt-Matrix-animation-output-transform"/><input semantic="INTERPOLATION" source="#b_leg02_jnt-Interpolations"/></sampler><channel source="#b_leg02_jnt-Matrix-animation-transform" target="b_leg02_jnt/matrix"/></animation></animation>
    <animation id="b_leg03_jnt-anim" name="b_leg03_jnt"><animation><source id="b_leg03_jnt-Matrix-animation-input"><float_array id="b_leg03_jnt-Matrix-animation-input-array" count="21">

0.000000 0.033333 0.066667 0.100000 0.133333 0.166667 0.200000 0.233333 0.266667 0.300000 0.333333 0.366667 0.400000 0.433333 0.466667 0.500000
0.533333 0.566667 0.600000 0.633333 0.666667</float_array><technique_common><accessor source="#b_leg03_jnt-Matrix-animation-input-array" count="21"><param name="TIME" type="float"/></accessor></technique_common></source><source id="b_leg03_jnt-Matrix-animation-output-transform"><float_array id="b_leg03_jnt-Matrix-animation-output-transform-array" count="336">

-0.181936 0.983310 0.000000 1.734574 -0.983310 -0.181936 -0.000000 -0.000000 -0.000000 0.000000 1.000000 0.000000 0.000000 0.000000 0.000000 1.000000
-0.440465 0.897770 0.000000 1.734574 -0.897770 -0.440465 -0.000000 -0.000000 0.000000 -0.000000 1.000000 0.000000 0.000000 0.000000 0.000000 1.000000
-0.590507 0.807033 0.000000 1.734574 -0.807033 -0.590507 0.000000 -0.000000 0.000000 -0.000000 1.000000 0.000000 0.000000 0.000000 0.000000 1.000000
-0.646554 0.762869 0.000000 1.734574 -0.762869 -0.646554 -0.000000 -0.000000 0.000000 -0.000000 1.000000 0.000000 0.000000 0.000000 0.000000 1.000000
-0.627861 0.778326 0.000000 1.734574 -0.778326 -0.627861 -0.000000 -0.000000 0.000000 -0.000000 1.000000 -0.000000 0.000000 0.000000 0.000000 1.000000
-0.543024 0.839717 0.000000 1.734574 -0.839717 -0.543024 -0.000000 -0.000000 0.000000 -0.000000 1.000000 0.000000 0.000000 0.000000 0.000000 1.000000
-0.428449 0.903566 0.000000 1.734574 -0.903566 -0.428449 -0.000000 0.000000 0.000000 -0.000000 1.000000 -0.000000 0.000000 0.000000 0.000000 1.000000
-0.351690 0.936117 0.000000 1.734574 -0.936117 -0.351690 0.000000 0.000000 0.000000 -0.000000 1.000000 -0.000000 0.000000 0.000000 0.000000 1.000000
-0.311417 0.950273 0.000000 1.734574 -0.950273 -0.311417 -0.000000 0.000000 0.000000 -0.000000 1.000000 0.000000 0.000000 0.000000 0.000000 1.000000
-0.246806 0.969065 0.000000 1.734574 -0.969065 -0.246806 0.000000 -0.000000 0.000000 0.000000 1.000000 -0.000000 0.000000 0.000000 0.000000 1.000000
-0.139040 0.990287 0.000000 1.734574 -0.990287 -0.139040 -0.000000 0.000000 0.000000 -0.000000 1.000000 -0.000000 0.000000 0.000000 0.000000 1.000000
0.007661 0.999971 0.000000 1.734574 -0.999971 0.007661 0.000000 0.000000 0.000000 -0.000000 1.000000 0.000000 0.000000 0.000000 0.000000 1.000000
0.162386 0.986727 -0.000000 1.734574 -0.986727 0.162386 0.000000 -0.000000 0.000000 0.000000 1.000000 0.000000 0.000000 0.000000 0.000000 1.000000
0.288103 0.957599 -0.000000 1.734574 -0.957599 0.288103 0.000000 0.000000 0.000000 0.000000 1.000000 0.000000 0.000000 0.000000 0.000000 1.000000
0.394453 0.918916 -0.000000 1.734574 -0.918916 0.394453 0.000000 0.000000 0.000000 0.000000 1.000000 -0.000000 0.000000 0.000000 0.000000 1.000000
0.495365 0.868685 -0.000000 1.734574 -0.868685 0.495365 0.000000 0.000000 0.000000 0.000000 1.000000 -0.000000 0.000000 0.000000 0.000000 1.000000
0.579812 0.814750 -0.000000 1.734574 -0.814750 0.579812 0.000000 -0.000000 0.000000 0.000000 1.000000 -0.000000 0.000000 0.000000 0.000000 1.000000
0.609010 0.793163 -0.000000 1.734574 -0.793163 0.609010 0.000000 0.000000 0.000000 0.000000 1.000000 0.000000 0.000000 0.000000 0.000000 1.000000
0.461830 0.886969 -0.000000 1.734574 -0.886969 0.461830 0.000000 -0.000000 0.000000 0.000000 1.000000 0.000000 0.000000 0.000000 0.000000 1.000000
0.148478 0.988916 -0.000000 1.734574 -0.988916 0.148478 0.000000 0.000000 0.000000 0.000000 1.000000 0.000000 0.000000 0.000000 0.000000 1.000000
-0.181927 0.983312 0.000000 1.734574 -0.983312 -0.181927 0.000000 -0.000000 0.000000 -0.000000 1.000000 0.000000 0.000000 0.000000 0.000000 1.000000</float_array><technique_common><accessor source="#b_leg03_jnt-Matrix-animation-output-transform-array" count="21" stride="16"><param type="float4x4"/></accessor></technique_common></source><source id="b_leg03_jnt-Interpolations"><Name_array id="b_leg03_jnt-Interpolations-array" count="21">
 LINEAR LINEAR LINEAR LINEAR LINEAR LINEAR LINEAR LINEAR LINEAR LINEAR LINEAR
LINEAR LINEAR LINEAR LINEAR LINEAR LINEAR LINEAR LINEAR LINEAR LINEAR</Name_array><technique_common><accessor source="#b_leg03_jnt-Interpolations-array" count="21"><param type="name"/></accessor></technique_common></source><sampler id="b_leg03_jnt-Matrix-animation-transform"><input semantic="INPUT" source="#b_leg03_jnt-Matrix-animation-input"/><input semantic="OUTPUT" source="#b_leg03_jnt-Matrix-animation-output-transform"/><input semantic="INTERPOLATION" source="#b_leg03_jnt-Interpolations"/></sampler><channel source="#b_leg03_jnt-Matrix-animation-transform" target="b_leg03_jnt/matrix"/></animation></animation>
    <animation id="b_leg04_jnt-anim" name="b_leg04_jnt"><animation><source id="b_leg04_jnt-Matrix-animation-input"><float_array id="b_leg04_jnt-Matrix-animation-input-array" count="21">

0.000000 0.033333 0.066667 0.100000 0.133333 0.166667 0.200000 0.233333 0.266667 0.300000 0.333333 0.366667 0.400000 0.433333 0.466667 0.500000
0.533333 0.566667 0.600000 0.633333 0.666667</float_array><technique_common><accessor source="#b_leg04_jnt-Matrix-animation-input-array" count="21"><param name="TIME" type="float"/></accessor></technique_common></source><source id="b_leg04_jnt-Matrix-animation-output-transform"><float_array id="b_leg04_jnt-Matrix-animation-output-transform-array" count="336">

1.000000 -0.000000 0.000000 2.047000 -0.000000 1.000000 -0.000000 0.000000 0.000000 0.000000 1.000000 -0.000000 0.000000 0.000000 0.000000 1.000000
1.000000 -0.000000 -0.000000 2.093800 -0.000000 1.000000 -0.000000 0.000000 -0.000000 0.000000 1.000000 -0.000000 0.000000 0.000000 0.000000 1.000000
1.000000 -0.000000 -0.000000 2.205400 0.000000 1.000000 0.000000 0.000000 -0.000000 -0.000000 1.000000 0.000000 0.000000 0.000000 0.000000 1.000000
1.000000 -0.000000 -0.000000 2.338600 -0.000000 1.000000 -0.000000 0.000000 -0.000000 0.000000 1.000000 -0.000000 0.000000 0.000000 0.000000 1.000000
1.000000 -0.000000 0.000000 2.450200 0.000000 1.000000 0.000000 0.000000 0.000000 0.000000 1.000000 -0.000000 0.000000 0.000000 0.000000 1.000000
1.000000 0.000000 -0.000000 2.497000 -0.000000 1.000000 -0.000000 0.000000 0.000000 -0.000000 1.000000 -0.000000 0.000000 0.000000 0.000000 1.000000
1.000000 -0.000000 0.000000 2.490360 -0.000000 1.000000 0.000000 0.000000 -0.000000 0.000000 1.000000 -0.000000 0.000000 0.000000 0.000000 1.000000
1.000000 0.000000 0.000000 2.472680 0.000000 1.000000 0.000000 0.000000 0.000000 0.000000 1.000000 -0.000000 0.000000 0.000000 0.000000 1.000000
1.000000 -0.000000 0.000000 2.447320 0.000000 1.000000 0.000000 0.000000 0.000000 0.000000 1.000000 -0.000000 0.000000 0.000000 0.000000 1.000000
1.000000 0.000000 -0.000000 2.417640 -0.000000 1.000000 0.000000 0.000000 0.000000 0.000000 1.000000 -0.000000 0.000000 0.000000 0.000000 1.000000
1.000000 0.000000 0.000000 2.387000 0.000000 1.000000 0.000000 0.000000 0.000000 -0.000000 1.000000 -0.000000 0.000000 0.000000 0.000000 1.000000
1.000000 0.000000 -0.000000 2.353180 0.000000 1.000000 0.000000 0.000000 0.000000 0.000000 1.000000 -0.000000 0.000000 0.000000 0.000000 1.000000
1.000000 0.000000 -0.000000 2.313240 0.000000 1.000000 0.000000 0.000000 -0.000000 0.000000 1.000000 -0.000000 0.000000 0.000000 0.000000 1.000000
1.000000 -0.000000 -0.000000 2.269460 -0.000000 1.000000 0.000000 0.000000 -0.000000 -0.000000 1.000000 -0.000000 0.000000 0.000000 0.000000 1.000000
1.000000 0.000000 0.000000 2.224120 -0.000000 1.000000 0.000000 0.000000 0.000000 0.000000 1.000000 -0.000000 0.000000 0.000000 0.000000 1.000000
1.000000 0.000000 0.000000 2.179500 0.000000 1.000000 0.000000 0.000000 -0.000000 0.000000 1.000000 -0.000000 0.000000 0.000000 0.000000 1.000000
1.000000 0.000000 0.000000 2.137880 0.000000 1.000000 0.000000 0.000000 0.000000 0.000000 1.000000 -0.000000 0.000000 0.000000 0.000000 1.000000
1.000000 0.000000 0.000000 2.101540 -0.000000 1.000000 0.000000 0.000000 -0.000000 0.000000 1.000000 -0.000000 0.000000 0.000000 0.000000 1.000000
1.000000 0.000000 0.000000 2.072760 -0.000000 1.000000 -0.000000 0.000000 -0.000000 0.000000 1.000000 -0.000000 0.000000 0.000000 0.000000 1.000000
1.000000 -0.000000 0.000000 2.053820 0.000000 1.000000 0.000000 0.000000 0.000000 -0.000000 1.000000 -0.000000 0.000000 0.000000 0.000000 1.000000
1.000000 0.000000 0.000000 2.047000 -0.000000 1.000000 -0.000000 0.000000 0.000000 0.000000 1.000000 -0.000000 0.000000 0.000000 0.000000 1.000000</float_array><technique_common><accessor source="#b_leg04_jnt-Matrix-animation-output-transform-array" count="21" stride="16"><param type="float4x4"/></accessor></technique_common></source><source id="b_leg04_jnt-Interpolations"><Name_array id="b_leg04_jnt-Interpolations-array" count="21">
 LINEAR LINEAR LINEAR LINEAR LINEAR LINEAR LINEAR LINEAR LINEAR LINEAR LINEAR
LINEAR LINEAR LINEAR LINEAR LINEAR LINEAR LINEAR LINEAR LINEAR LINEAR</Name_array><technique_common><accessor source="#b_leg04_jnt-Interpolations-array" count="21"><param type="name"/></accessor></technique_common></source><sampler id="b_leg04_jnt-Matrix-animation-transform"><input semantic="INPUT" source="#b_leg04_jnt-Matrix-animation-input"/><input semantic="OUTPUT" source="#b_leg04_jnt-Matrix-animation-output-transform"/><input semantic="INTERPOLATION" source="#b_leg04_jnt-Interpolations"/></sampler><channel source="#b_leg04_jnt-Matrix-animation-transform" target="b_leg04_jnt/matrix"/></animation></animation>
    <animation id="b_cable_jnt-anim" name="b_cable_jnt"><animation><source id="b_cable_jnt-Matrix-animation-input"><float_array id="b_cable_jnt-Matrix-animation-input-array" count="21">

0.000000 0.033333 0.066667 0.100000 0.133333 0.166667 0.200000 0.233333 0.266667 0.300000 0.333333 0.366667 0.400000 0.433333 0.466667 0.500000
0.533333 0.566667 0.600000 0.633333 0.666667</float_array><technique_common><accessor source="#b_cable_jnt-Matrix-animation-input-array" count="21"><param name="TIME" type="float"/></accessor></technique_common></source><source id="b_cable_jnt-Matrix-animation-output-transform"><float_array id="b_cable_jnt-Matrix-animation-output-transform-array" count="336">

0.998578 -0.053312 0.000000 1.114162 0.053312 0.998578 -0.000000 -0.648857 0.000000 0.000000 1.000000 0.048052 0.000000 0.000000 0.000000 1.000000
0.998578 -0.053312 0.000000 1.114162 0.053312 0.998578 -0.000000 -0.648857 0.000000 0.000000 1.000000 0.048052 0.000000 0.000000 0.000000 1.000000
0.998578 -0.053312 0.000000 1.114162 0.053312 0.998578 -0.000000 -0.648857 0.000000 0.000000 1.000000 0.048052 0.000000 0.000000 0.000000 1.000000
0.998578 -0.053312 0.000000 1.114162 0.053312 0.998578 0.000000 -0.648857 0.000000 0.000000 1.000000 0.048052 0.000000 0.000000 0.000000 1.000000
0.998578 -0.053312 0.000000 1.114162 0.053312 0.998578 0.000000 -0.648857 -0.000000 0.000000 1.000000 0.048052 0.000000 0.000000 0.000000 1.000000
0.998578 -0.053312 0.000000 1.114162 0.053312 0.998578 0.000000 -0.648857 0.000000 0.000000 1.000000 0.048052 0.000000 0.000000 0.000000 1.000000
0.998578 -0.053312 -0.000000 1.114162 0.053312 0.998578 -0.000000 -0.648857 0.000000 0.000000 1.000000 0.048052 0.000000 0.000000 0.000000 1.000000
0.998578 -0.053312 0.000000 1.114162 0.053312 0.998578 -0.000000 -0.648857 0.000000 0.000000 1.000000 0.048052 0.000000 0.000000 0.000000 1.000000
0.998578 -0.053312 -0.000000 1.114162 0.053312 0.998578 -0.000000 -0.648857 0.000000 0.000000 1.000000 0.048052 0.000000 0.000000 0.000000 1.000000
0.998578 -0.053312 -0.000000 1.114162 0.053312 0.998578 -0.000000 -0.648857 -0.000000 0.000000 1.000000 0.048052 0.000000 0.000000 0.000000 1.000000
0.998578 -0.053312 0.000000 1.114162 0.053312 0.998578 0.000000 -0.648857 -0.000000 -0.000000 1.000000 0.048052 0.000000 0.000000 0.000000 1.000000
0.998578 -0.053312 0.000000 1.114162 0.053312 0.998578 0.000000 -0.648857 -0.000000 0.000000 1.000000 0.048052 0.000000 0.000000 0.000000 1.000000
0.998578 -0.053312 0.000000 1.114162 0.053312 0.998578 -0.000000 -0.648857 0.000000 0.000000 1.000000 0.048052 0.000000 0.000000 0.000000 1.000000
0.998578 -0.053312 0.000000 1.114162 0.053312 0.998578 0.000000 -0.648857 -0.000000 0.000000 1.000000 0.048052 0.000000 0.000000 0.000000 1.000000
0.998578 -0.053312 0.000000 1.114162 0.053312 0.998578 0.000000 -0.648857 -0.000000 -0.000000 1.000000 0.048052 0.000000 0.000000 0.000000 1.000000
0.998578 -0.053312 -0.000000 1.114162 0.053312 0.998578 -0.000000 -0.648857 0.000000 -0.000000 1.000000 0.048052 0.000000 0.000000 0.000000 1.000000
0.998578 -0.053312 -0.000000 1.114162 0.053312 0.998578 0.000000 -0.648857 0.000000 -0.000000 1.000000 0.048052 0.000000 0.000000 0.000000 1.000000
0.998578 -0.053312 -0.000000 1.114162 0.053312 0.998578 0.000000 -0.648857 0.000000 0.000000 1.000000 0.048052 0.000000 0.000000 0.000000 1.000000
0.998578 -0.053312 0.000000 1.114162 0.053312 0.998578 -0.000000 -0.648857 -0.000000 0.000000 1.000000 0.048052 0.000000 0.000000 0.000000 1.000000
0.998578 -0.053312 0.000000 1.114162 0.053312 0.998578 0.000000 -0.648857 -0.000000 0.000000 1.000000 0.048052 0.000000 0.000000 0.000000 1.000000
0.998578 -0.053312 -0.000000 1.114162 0.053312 0.998578 -0.000000 -0.648857 -0.000000 0.000000 1.000000 0.048052 0.000000 0.000000 0.000000 1.000000</float_array><technique_common><accessor source="#b_cable_jnt-Matrix-animation-output-transform-array" count="21" stride="16"><param type="float4x4"/></accessor></technique_common></source><source id="b_cable_jnt-Interpolations"><Name_array id="b_cable_jnt-Interpolations-array" count="21">
 LINEAR LINEAR LINEAR LINEAR LINEAR LINEAR LINEAR LINEAR LINEAR LINEAR LINEAR
LINEAR LINEAR LINEAR LINEAR LINEAR LINEAR LINEAR LINEAR LINEAR LINEAR</Name_array><technique_common><accessor source="#b_cable_jnt-Interpolations-array" count="21"><param type="name"/></accessor></technique_common></source><sampler id="b_cable_jnt-Matrix-animation-transform"><input semantic="INPUT" source="#b_cable_jnt-Matrix-animation-input"/><input semantic="OUTPUT" source="#b_cable_jnt-Matrix-animation-output-transform"/><input semantic="INTERPOLATION" source="#b_cable_jnt-Interpolations"/></sampler><channel source="#b_cable_jnt-Matrix-animation-transform" target="b_cable_jnt/matrix"/></animation></animation>
    <animation id="r_leg01_jnt-anim" name="r_leg01_jnt"><animation><source id="r_leg01_jnt-Matrix-animation-input"><float_array id="r_leg01_jnt-Matrix-animation-input-array" count="21">

0.000000 0.033333 0.066667 0.100000 0.133333 0.166667 0.200000 0.233333 0.266667 0.300000 0.333333 0.366667 0.400000 0.433333 0.466667 0.500000
0.533333 0.566667 0.600000 0.633333 0.666667</float_array><technique_common><accessor source="#r_leg01_jnt-Matrix-animation-input-array" count="21"><param name="TIME" type="float"/></accessor></technique_common></source><source id="r_leg01_jnt-Matrix-animation-output-transform"><float_array id="r_leg01_jnt-Matrix-animation-output-transform-array" count="336">

-0.837039 0.127667 -0.532041 -0.495836 0.262131 0.947107 -0.185136 -0.066165 0.480264 -0.294430 -0.826231 -0.000000 0.000000 0.000000 0.000000 1.000000
-0.858783 0.177487 -0.480614 -0.495836 0.278813 0.948908 -0.147771 -0.066165 0.429831 -0.260905 -0.864392 0.000000 0.000000 0.000000 0.000000 1.000000
-0.914163 0.250764 -0.318469 -0.495836 0.291059 0.952908 -0.085159 -0.066165 0.282117 -0.170542 -0.944100 -0.000000 0.000000 0.000000 0.000000 1.000000
-0.942648 0.318218 -0.100759 -0.495836 0.322965 0.945782 -0.034510 -0.066165 0.084314 -0.065072 -0.994312 0.000000 0.000000 0.000000 0.000000 1.000000
-0.922478 0.373909 0.096050 -0.495836 0.373658 0.927323 -0.021265 -0.066165 -0.097020 0.016273 -0.995149 -0.000000 0.000000 0.000000 0.000000 1.000000
-0.872551 0.416430 0.255425 -0.495836 0.419111 0.906739 -0.046580 -0.066165 -0.251001 0.066408 -0.965706 0.000000 0.000000 0.000000 0.000000 1.000000
-0.805917 0.429303 0.407672 -0.495836 0.429485 0.897903 -0.096507 -0.066165 -0.407480 0.097312 -0.908014 -0.000000 0.000000 0.000000 0.000000 1.000000
-0.708988 0.405095 0.577264 -0.495836 0.395929 0.906025 -0.149528 -0.066165 -0.583589 0.122542 -0.802750 0.000000 0.000000 0.000000 0.000000 1.000000
-0.568750 0.346988 0.745736 -0.495836 0.335877 0.925598 -0.174514 -0.066165 -0.750807 0.151220 -0.642979 0.000000 0.000000 0.000000 0.000000 1.000000
-0.423727 0.274371 0.863236 -0.495836 0.287778 0.944420 -0.158916 -0.066165 -0.858859 0.181083 -0.479134 0.000000 0.000000 0.000000 0.000000 1.000000
-0.354818 0.217562 0.909269 -0.495836 0.270554 0.954829 -0.122887 -0.066165 -0.894933 0.202404 -0.397653 0.000000 0.000000 0.000000 0.000000 1.000000
-0.397733 0.208848 0.893415 -0.495836 0.315510 0.945496 -0.080563 -0.066165 -0.861546 0.249839 -0.441949 0.000000 0.000000 0.000000 0.000000 1.000000
-0.506999 0.262731 0.820929 -0.495836 0.414571 0.909344 -0.034992 -0.066165 -0.755700 0.322593 -0.569957 -0.000000 0.000000 0.000000 0.000000 1.000000
-0.626348 0.356648 0.693174 -0.495836 0.501379 0.865192 0.007890 -0.066165 -0.596915 0.352485 -0.720727 -0.000000 0.000000 0.000000 0.000000 1.000000
-0.743698 0.416703 0.522755 -0.495836 0.507978 0.860589 0.036675 -0.066165 -0.434595 0.292823 -0.851694 -0.000000 0.000000 0.000000 0.000000 1.000000
-0.861776 0.405666 0.304594 -0.495836 0.436187 0.899110 0.036629 -0.066165 -0.259005 0.164426 -0.951778 -0.000000 0.000000 0.000000 0.000000 1.000000
-0.935568 0.350552 0.042725 -0.495836 0.350766 0.936459 -0.002624 -0.066165 -0.040930 0.012532 -0.999083 0.000000 0.000000 0.000000 0.000000 1.000000
-0.942196 0.264329 -0.205904 -0.495836 0.283488 0.956464 -0.069354 -0.066165 0.178607 -0.123717 -0.976112 -0.000000 0.000000 0.000000 0.000000 1.000000
-0.905332 0.177374 -0.385891 -0.495836 0.246080 0.959627 -0.136235 -0.066165 0.346147 -0.218298 -0.912430 0.000000 0.000000 0.000000 0.000000 1.000000
-0.862123 0.125641 -0.490876 -0.495836 0.241148 0.953761 -0.179409 -0.066165 0.445637 -0.273046 -0.852557 0.000000 0.000000 0.000000 0.000000 1.000000
-0.836962 0.127828 -0.532123 -0.495836 0.262324 0.947062 -0.185096 -0.066165 0.480293 -0.294507 -0.826187 -0.000000 0.000000 0.000000 0.000000 1.000000</float_array><technique_common><accessor source="#r_leg01_jnt-Matrix-animation-output-transform-array" count="21" stride="16"><param type="float4x4"/></accessor></technique_common></source><source id="r_leg01_jnt-Interpolations"><Name_array id="r_leg01_jnt-Interpolations-array" count="21">
 LINEAR LINEAR LINEAR LINEAR LINEAR LINEAR LINEAR LINEAR LINEAR LINEAR LINEAR
LINEAR LINEAR LINEAR LINEAR LINEAR LINEAR LINEAR LINEAR LINEAR LINEAR</Name_array><technique_common><accessor source="#r_leg01_jnt-Interpolations-array" count="21"><param type="name"/></accessor></technique_common></source><sampler id="r_leg01_jnt-Matrix-animation-transform"><input semantic="INPUT" source="#r_leg01_jnt-Matrix-animation-input"/><input semantic="OUTPUT" source="#r_leg01_jnt-Matrix-animation-output-transform"/><input semantic="INTERPOLATION" source="#r_leg01_jnt-Interpolations"/></sampler><channel source="#r_leg01_jnt-Matrix-animation-transform" target="r_leg01_jnt/matrix"/></animation></animation>
    <animation id="r_leg02_jnt-anim" name="r_leg02_jnt"><animation><source id="r_leg02_jnt-Matrix-animation-input"><float_array id="r_leg02_jnt-Matrix-animation-input-array" count="21">

0.000000 0.033333 0.066667 0.100000 0.133333 0.166667 0.200000 0.233333 0.266667 0.300000 0.333333 0.366667 0.400000 0.433333 0.466667 0.500000
0.533333 0.566667 0.600000 0.633333 0.666667</float_array><technique_common><accessor source="#r_leg02_jnt-Matrix-animation-input-array" count="21"><param name="TIME" type="float"/></accessor></technique_common></source><source id="r_leg02_jnt-Matrix-animation-output-transform"><float_array id="r_leg02_jnt-Matrix-animation-output-transform-array" count="336">

0.679109 -0.166947 -0.714800 0.872811 -0.402025 0.730161 -0.552486 -0.000000 0.614155 0.662566 0.428742 -0.000000 0.000000 0.000000 0.000000 1.000000
0.672736 -0.184477 -0.716516 0.872811 -0.386607 0.738050 -0.553007 -0.000000 0.630842 0.649038 0.425192 -0.000000 0.000000 0.000000 0.000000 1.000000
0.690705 -0.167524 -0.703465 0.872811 -0.369881 0.754065 -0.542746 -0.000000 0.621381 0.635076 0.458873 -0.000000 0.000000 0.000000 0.000000 1.000000
