<?xml version="1.0" encoding="utf-8"?>
<COLLADA xmlns="http://www.collada.org/2005/11/COLLADASchema" version="1.4.1">
  <asset><contributor><author></author><authoring_tool>FBX COLLADA exporter</authoring_tool><comments></comments></contributor><created>2019-12-03T18:19:55Z</created><keywords></keywords><modified>2019-12-03T18:19:55Z</modified><revision></revision><subject></subject><title></title><unit meter="0.010000" name="centimeter"></unit><up_axis>Y_UP</up_axis></asset>
  <library_animations>
    <animation id="root_jnt-anim" name="root_jnt"><animation><source id="root_jnt-Matrix-animation-input"><float_array id="root_jnt-Matrix-animation-input-array" count="26">

0.000000 0.033333 0.066667 0.100000 0.133333 0.166667 0.200000 0.233333 0.266667 0.300000 0.333333 0.366667 0.400000 0.433333 0.466667 0.500000
0.533333 0.566667 0.600000 0.633333 0.666667 0.700000 0.733333 0.766667 0.800000 0.833333</float_array><technique_common><accessor source="#root_jnt-Matrix-animation-input-array" count="26"><param name="TIME" type="float"/></accessor></technique_common></source><source id="root_jnt-Matrix-animation-output-transform"><float_array id="root_jnt-Matrix-animation-output-transform-array" count="416">

1.000000 0.000000 0.000000 0.000000 0.000000 1.000000 0.000000 0.000000 0.000000 0.000000 1.000000 0.000000 0.000000 0.000000 0.000000 1.000000
1.000000 0.000000 0.000000 0.000000 0.000000 1.000000 0.000000 0.000000 0.000000 0.000000 1.000000 0.000000 0.000000 0.000000 0.000000 1.000000
1.000000 0.000000 0.000000 0.000000 0.000000 1.000000 0.000000 0.000000 0.000000 0.000000 1.000000 0.000000 0.000000 0.000000 0.000000 1.000000
1.000000 0.000000 0.000000 0.000000 0.000000 1.000000 0.000000 0.000000 0.000000 0.000000 1.000000 0.000000 0.000000 0.000000 0.000000 1.000000
1.000000 0.000000 0.000000 0.000000 0.000000 1.000000 0.000000 0.000000 0.000000 0.000000 1.000000 0.000000 0.000000 0.000000 0.000000 1.000000
1.000000 0.000000 0.000000 0.000000 0.000000 1.000000 0.000000 0.000000 0.000000 0.000000 1.000000 0.000000 0.000000 0.000000 0.000000 1.000000
1.000000 0.000000 0.000000 0.000000 0.000000 1.000000 0.000000 0.000000 0.000000 0.000000 1.000000 0.000000 0.000000 0.000000 0.000000 1.000000
1.000000 0.000000 0.000000 0.000000 0.000000 1.000000 0.000000 0.000000 0.000000 0.000000 1.000000 0.000000 0.000000 0.000000 0.000000 1.000000
1.000000 0.000000 0.000000 0.000000 0.000000 1.000000 0.000000 0.000000 0.000000 0.000000 1.000000 0.000000 0.000000 0.000000 0.000000 1.000000
1.000000 0.000000 0.000000 0.000000 0.000000 1.000000 0.000000 0.000000 0.000000 0.000000 1.000000 0.000000 0.000000 0.000000 0.000000 1.000000
1.000000 0.000000 0.000000 0.000000 0.000000 1.000000 0.000000 0.000000 0.000000 0.000000 1.000000 0.000000 0.000000 0.000000 0.000000 1.000000
1.000000 0.000000 0.000000 0.000000 0.000000 1.000000 0.000000 0.000000 0.000000 0.000000 1.000000 0.000000 0.000000 0.000000 0.000000 1.000000
1.000000 0.000000 0.000000 0.000000 0.000000 1.000000 0.000000 0.000000 0.000000 0.000000 1.000000 0.000000 0.000000 0.000000 0.000000 1.000000
1.000000 0.000000 0.000000 0.000000 0.000000 1.000000 0.000000 0.000000 0.000000 0.000000 1.000000 0.000000 0.000000 0.000000 0.000000 1.000000
1.000000 0.000000 0.000000 0.000000 0.000000 1.000000 0.000000 0.000000 0.000000 0.000000 1.000000 0.000000 0.000000 0.000000 0.000000 1.000000
1.000000 0.000000 0.000000 0.000000 0.000000 1.000000 0.000000 0.000000 0.000000 0.000000 1.000000 0.000000 0.000000 0.000000 0.000000 1.000000
1.000000 0.000000 0.000000 0.000000 0.000000 1.000000 0.000000 0.000000 0.000000 0.000000 1.000000 0.000000 0.000000 0.000000 0.000000 1.000000
1.000000 0.000000 0.000000 0.000000 0.000000 1.000000 0.000000 0.000000 0.000000 0.000000 1.000000 0.000000 0.000000 0.000000 0.000000 1.000000
1.000000 0.000000 0.000000 0.000000 0.000000 1.000000 0.000000 0.000000 0.000000 0.000000 1.000000 0.000000 0.000000 0.000000 0.000000 1.000000
1.000000 0.000000 0.000000 0.000000 0.000000 1.000000 0.000000 0.000000 0.000000 0.000000 1.000000 0.000000 0.000000 0.000000 0.000000 1.000000
1.000000 0.000000 0.000000 0.000000 0.000000 1.000000 0.000000 0.000000 0.000000 0.000000 1.000000 0.000000 0.000000 0.000000 0.000000 1.000000
1.000000 0.000000 0.000000 0.000000 0.000000 1.000000 0.000000 0.000000 0.000000 0.000000 1.000000 0.000000 0.000000 0.000000 0.000000 1.000000
1.000000 0.000000 0.000000 0.000000 0.000000 1.000000 0.000000 0.000000 0.000000 0.000000 1.000000 0.000000 0.000000 0.000000 0.000000 1.000000
1.000000 0.000000 0.000000 0.000000 0.000000 1.000000 0.000000 0.000000 0.000000 0.000000 1.000000 0.000000 0.000000 0.000000 0.000000 1.000000
1.000000 0.000000 0.000000 0.000000 0.000000 1.000000 0.000000 0.000000 0.000000 0.000000 1.000000 0.000000 0.000000 0.000000 0.000000 1.000000
1.000000 0.000000 0.000000 0.000000 0.000000 1.000000 0.000000 0.000000 0.000000 0.000000 1.000000 0.000000 0.000000 0.000000 0.000000 1.000000</float_array><technique_common><accessor source="#root_jnt-Matrix-animation-output-transform-array" count="26" stride="16"><param type="float4x4"/></accessor></technique_common></source><source id="root_jnt-Interpolations"><Name_array id="root_jnt-Interpolations-array" count="26">
 LINEAR LINEAR LINEAR LINEAR LINEAR LINEAR LINEAR LINEAR LINEAR LINEAR LINEAR
LINEAR LINEAR LINEAR LINEAR LINEAR LINEAR LINEAR LINEAR LINEAR LINEAR LINEAR LINEAR
LINEAR LINEAR LINEAR</Name_array><technique_common><accessor source="#root_jnt-Interpolations-array" count="26"><param type="name"/></accessor></technique_common></source><sampler id="root_jnt-Matrix-animation-transform"><input semantic="INPUT" source="#root_jnt-Matrix-animation-input"/><input semantic="OUTPUT" source="#root_jnt-Matrix-animation-output-transform"/><input semantic="INTERPOLATION" source="#root_jnt-Interpolations"/></sampler><channel source="#root_jnt-Matrix-animation-transform" target="root_jnt/matrix"/></animation></animation>
    <animation id="pelvis_jnt-anim" name="pelvis_jnt"><animation><source id="pelvis_jnt-Matrix-animation-input"><float_array id="pelvis_jnt-Matrix-animation-input-array" count="26">

0.000000 0.033333 0.066667 0.100000 0.133333 0.166667 0.200000 0.233333 0.266667 0.300000 0.333333 0.366667 0.400000 0.433333 0.466667 0.500000
0.533333 0.566667 0.600000 0.633333 0.666667 0.700000 0.733333 0.766667 0.800000 0.833333</float_array><technique_common><accessor source="#pelvis_jnt-Matrix-animation-input-array" count="26"><param name="TIME" type="float"/></accessor></technique_common></source><source id="pelvis_jnt-Matrix-animation-output-transform"><float_array id="pelvis_jnt-Matrix-animation-output-transform-array" count="416">

0.953981 0.297337 -0.038861 -0.509622 -0.255435 0.873663 0.414085 2.518679 0.157074 -0.385103 0.909408 -0.739043 0.000000 0.000000 0.000000 1.000000
0.953981 0.297337 -0.038861 -0.509622 -0.255435 0.873663 0.414085 2.454977 0.157074 -0.385103 0.909408 -0.987761 0.000000 0.000000 0.000000 1.000000
0.953981 0.297337 -0.038861 -0.509622 -0.255435 0.873663 0.414085 2.303074 0.157074 -0.385103 0.909408 -1.580858 0.000000 0.000000 0.000000 1.000000
0.953981 0.297337 -0.038861 -0.509622 -0.255435 0.873663 0.414085 2.121769 0.157074 -0.385103 0.909408 -2.288748 0.000000 0.000000 0.000000 1.000000
0.953981 0.297337 -0.038861 -0.509622 -0.255435 0.873663 0.414085 1.969866 0.157074 -0.385103 0.909408 -2.881845 0.000000 0.000000 0.000000 1.000000
0.953981 0.297337 -0.038861 -0.509622 -0.255435 0.873663 0.414085 1.906164 0.157074 -0.385103 0.909408 -3.130563 0.000000 0.000000 0.000000 1.000000
0.982346 0.187040 -0.003413 -0.515411 -0.174880 0.924653 0.338280 2.041655 0.066427 -0.331711 0.941039 -2.413697 0.000000 0.000000 0.000000 1.000000
0.990929 -0.038571 0.128729 -0.527252 0.011692 0.979037 0.203347 2.336700 -0.133873 -0.199997 0.970608 -0.807724 0.000000 0.000000 0.000000 1.000000
0.925618 -0.219738 0.308133 -0.536761 0.187413 0.973476 0.131231 2.628599 -0.328797 -0.063722 0.942248 0.868793 0.000000 0.000000 0.000000 1.000000
0.873726 -0.283681 0.395130 -0.540117 0.256186 0.958904 0.121952 2.760648 -0.413487 -0.005326 0.910494 1.796831 0.000000 0.000000 0.000000 1.000000
0.873726 -0.283681 0.395130 -0.540117 0.256186 0.958904 0.121952 2.461571 -0.413487 -0.005326 0.910494 2.013599 0.000000 0.000000 0.000000 1.000000
0.873726 -0.283681 0.395130 -0.540117 0.256186 0.958904 0.121952 1.803602 -0.413487 -0.005326 0.910494 2.124913 0.000000 0.000000 0.000000 1.000000
0.873726 -0.283681 0.395130 -0.540117 0.256186 0.958904 0.121952 1.145632 -0.413487 -0.005326 0.910494 2.165923 0.000000 0.000000 0.000000 1.000000
0.873726 -0.283681 0.395130 -0.540117 0.256186 0.958904 0.121952 0.846555 -0.413487 -0.005326 0.910494 2.171782 0.000000 0.000000 0.000000 1.000000
0.880947 -0.276280 0.384188 -0.539728 0.248042 0.960996 0.122318 0.879654 -0.402998 -0.012461 0.915116 2.114526 0.000000 0.000000 0.000000 1.000000
0.899906 -0.254846 0.353868 -0.538603 0.224720 0.966434 0.124524 0.971143 -0.373724 -0.032539 0.926969 1.956213 0.000000 0.000000 0.000000 1.000000
0.925618 -0.219738 0.308133 -0.536761 0.187413 0.973476 0.131231 1.109288 -0.328797 -0.063722 0.942248 1.717015 0.000000 0.000000 0.000000 1.000000
0.952575 -0.171122 0.251630 -0.534209 0.137586 0.979754 0.145438 1.282323 -0.271423 -0.103920 0.956833 1.417116 0.000000 0.000000 0.000000 1.000000
0.975641 -0.109924 0.189846 -0.530997 0.077747 0.982488 0.169330 1.478458 -0.205135 -0.150446 0.967102 1.076735 0.000000 0.000000 0.000000 1.000000
0.990929 -0.038571 0.128729 -0.527252 0.011692 0.979037 0.203347 1.685911 -0.133873 -0.199997 0.970608 0.716118 0.000000 0.000000 0.000000 1.000000
0.996521 0.038709 0.073803 -0.523196 -0.055787 0.967742 0.245690 1.892952 -0.061912 -0.248953 0.966535 0.355533 0.000000 0.000000 0.000000 1.000000
0.992807 0.116126 0.029135 -0.519133 -0.119559 0.948778 0.292448 2.087948 0.006318 -0.293828 0.955837 0.015238 0.000000 0.000000 0.000000 1.000000
0.982346 0.187040 -0.003413 -0.515411 -0.174880 0.924653 0.338280 2.259387 0.066427 -0.331711 0.941039 -0.284539 0.000000 0.000000 0.000000 1.000000
0.969269 0.244804 -0.024262 -0.512379 -0.217881 0.900069 0.377365 2.395872 0.114218 -0.360482 0.925747 -0.523611 0.000000 0.000000 0.000000 1.000000
0.958360 0.283363 -0.035384 -0.510355 -0.245588 0.881076 0.404216 2.486079 0.145716 -0.378695 0.913979 -0.681826 0.000000 0.000000 0.000000 1.000000
0.953981 0.297337 -0.038861 -0.509622 -0.255435 0.873663 0.414085 2.518679 0.157074 -0.385103 0.909408 -0.739043 0.000000 0.000000 0.000000 1.000000</float_array><technique_common><accessor source="#pelvis_jnt-Matrix-animation-output-transform-array" count="26" stride="16"><param type="float4x4"/></accessor></technique_common></source><source id="pelvis_jnt-Interpolations"><Name_array id="pelvis_jnt-Interpolations-array" count="26">
 LINEAR LINEAR LINEAR LINEAR LINEAR LINEAR LINEAR LINEAR LINEAR LINEAR LINEAR
LINEAR LINEAR LINEAR LINEAR LINEAR LINEAR LINEAR LINEAR LINEAR LINEAR LINEAR LINEAR
LINEAR LINEAR LINEAR</Name_array><technique_common><accessor source="#pelvis_jnt-Interpolations-array" count="26"><param type="name"/></accessor></technique_common></source><sampler id="pelvis_jnt-Matrix-animation-transform"><input semantic="INPUT" source="#pelvis_jnt-Matrix-animation-input"/><input semantic="OUTPUT" source="#pelvis_jnt-Matrix-animation-output-transform"/><input semantic="INTERPOLATION" source="#pelvis_jnt-Interpolations"/></sampler><channel source="#pelvis_jnt-Matrix-animation-transform" target="pelvis_jnt/matrix"/></animation></animation>
    <animation id="b_leg01_jnt-anim" name="b_leg01_jnt"><animation><source id="b_leg01_jnt-Matrix-animation-input"><float_array id="b_leg01_jnt-Matrix-animation-input-array" count="26">

0.000000 0.033333 0.066667 0.100000 0.133333 0.166667 0.200000 0.233333 0.266667 0.300000 0.333333 0.366667 0.400000 0.433333 0.466667 0.500000
0.533333 0.566667 0.600000 0.633333 0.666667 0.700000 0.733333 0.766667 0.800000 0.833333</float_array><technique_common><accessor source="#b_leg01_jnt-Matrix-animation-input-array" count="26"><param name="TIME" type="float"/></accessor></technique_common></source><source id="b_leg01_jnt-Matrix-animation-output-transform"><float_array id="b_leg01_jnt-Matrix-animation-output-transform-array" count="416">

-0.925991 -0.301986 0.226594 -0.000000 -0.296828 0.953207 0.057349 -0.199018 -0.233310 -0.014155 -0.972299 -0.585694 0.000000 0.000000 0.000000 1.000000
-0.925991 -0.301986 0.226594 -0.000000 -0.296828 0.953207 0.057349 -0.199018 -0.233310 -0.014155 -0.972299 -0.585694 0.000000 0.000000 0.000000 1.000000
-0.925991 -0.301986 0.226594 -0.000000 -0.296828 0.953207 0.057349 -0.199018 -0.233310 -0.014155 -0.972299 -0.585694 0.000000 0.000000 0.000000 1.000000
-0.925991 -0.301986 0.226594 -0.000000 -0.296828 0.953207 0.057349 -0.199018 -0.233310 -0.014155 -0.972299 -0.585694 0.000000 0.000000 0.000000 1.000000
-0.925991 -0.301986 0.226594 -0.000000 -0.296828 0.953207 0.057349 -0.199018 -0.233310 -0.014155 -0.972299 -0.585694 0.000000 0.000000 0.000000 1.000000
-0.925991 -0.301986 0.226594 -0.000000 -0.296828 0.953207 0.057349 -0.199018 -0.233310 -0.014155 -0.972299 -0.585694 0.000000 0.000000 0.000000 1.000000
-0.925991 -0.301986 0.226594 -0.000000 -0.296828 0.953207 0.057349 -0.199018 -0.233310 -0.014155 -0.972299 -0.585694 0.000000 0.000000 0.000000 1.000000
-0.925991 -0.301986 0.226594 -0.000000 -0.296828 0.953207 0.057349 -0.199018 -0.233310 -0.014155 -0.972299 -0.585694 0.000000 0.000000 0.000000 1.000000
-0.925991 -0.301986 0.226594 -0.000000 -0.296828 0.953207 0.057349 -0.199018 -0.233310 -0.014155 -0.972299 -0.585694 0.000000 0.000000 0.000000 1.000000
-0.925991 -0.301986 0.226594 -0.000000 -0.296828 0.953207 0.057349 -0.199018 -0.233310 -0.014155 -0.972299 -0.585694 0.000000 0.000000 0.000000 1.000000
-0.925991 -0.301986 0.226594 -0.000000 -0.296828 0.953207 0.057349 -0.199018 -0.233310 -0.014155 -0.972299 -0.585694 0.000000 0.000000 0.000000 1.000000
-0.925991 -0.301986 0.226594 -0.000000 -0.296828 0.953207 0.057349 -0.199018 -0.233310 -0.014155 -0.972299 -0.585694 0.000000 0.000000 0.000000 1.000000
-0.925991 -0.301986 0.226594 -0.000000 -0.296828 0.953207 0.057349 -0.199018 -0.233310 -0.014155 -0.972299 -0.585694 0.000000 0.000000 0.000000 1.000000
-0.925991 -0.301986 0.226594 -0.000000 -0.296828 0.953207 0.057349 -0.199018 -0.233310 -0.014155 -0.972299 -0.585694 0.000000 0.000000 0.000000 1.000000
-0.925991 -0.301986 0.226594 -0.000000 -0.296828 0.953207 0.057349 -0.199018 -0.233310 -0.014155 -0.972299 -0.585694 0.000000 0.000000 0.000000 1.000000
-0.925991 -0.301986 0.226594 -0.000000 -0.296828 0.953207 0.057349 -0.199018 -0.233310 -0.014155 -0.972299 -0.585694 0.000000 0.000000 0.000000 1.000000
-0.925991 -0.301986 0.226594 -0.000000 -0.296828 0.953207 0.057349 -0.199018 -0.233310 -0.014155 -0.972299 -0.585694 0.000000 0.000000 0.000000 1.000000
-0.925991 -0.301986 0.226594 -0.000000 -0.296828 0.953207 0.057349 -0.199018 -0.233310 -0.014155 -0.972299 -0.585694 0.000000 0.000000 0.000000 1.000000
-0.925991 -0.301986 0.226594 -0.000000 -0.296828 0.953207 0.057349 -0.199018 -0.233310 -0.014155 -0.972299 -0.585694 0.000000 0.000000 0.000000 1.000000
-0.925991 -0.301986 0.226594 -0.000000 -0.296828 0.953207 0.057349 -0.199018 -0.233310 -0.014155 -0.972299 -0.585694 0.000000 0.000000 0.000000 1.000000
-0.925991 -0.301986 0.226594 -0.000000 -0.296828 0.953207 0.057349 -0.199018 -0.233310 -0.014155 -0.972299 -0.585694 0.000000 0.000000 0.000000 1.000000
-0.925991 -0.301986 0.226594 -0.000000 -0.296828 0.953207 0.057349 -0.199018 -0.233310 -0.014155 -0.972299 -0.585694 0.000000 0.000000 0.000000 1.000000
-0.925991 -0.301986 0.226594 -0.000000 -0.296828 0.953207 0.057349 -0.199018 -0.233310 -0.014155 -0.972299 -0.585694 0.000000 0.000000 0.000000 1.000000
-0.925991 -0.301986 0.226594 -0.000000 -0.296828 0.953207 0.057349 -0.199018 -0.233310 -0.014155 -0.972299 -0.585694 0.000000 0.000000 0.000000 1.000000
-0.925991 -0.301986 0.226594 -0.000000 -0.296828 0.953207 0.057349 -0.199018 -0.233310 -0.014155 -0.972299 -0.585694 0.000000 0.000000 0.000000 1.000000
-0.925991 -0.301986 0.226594 -0.000000 -0.296828 0.953207 0.057349 -0.199018 -0.233310 -0.014155 -0.972299 -0.585694 0.000000 0.000000 0.000000 1.000000</float_array><technique_common><accessor source="#b_leg01_jnt-Matrix-animation-output-transform-array" count="26" stride="16"><param type="float4x4"/></accessor></technique_common></source><source id="b_leg01_jnt-Interpolations"><Name_array id="b_leg01_jnt-Interpolations-array" count="26">
 LINEAR LINEAR LINEAR LINEAR LINEAR LINEAR LINEAR LINEAR LINEAR LINEAR LINEAR
LINEAR LINEAR LINEAR LINEAR LINEAR LINEAR LINEAR LINEAR LINEAR LINEAR LINEAR LINEAR
LINEAR LINEAR LINEAR</Name_array><technique_common><accessor source="#b_leg01_jnt-Interpolations-array" count="26"><param type="name"/></accessor></technique_common></source><sampler id="b_leg01_jnt-Matrix-animation-transform"><input semantic="INPUT" source="#b_leg01_jnt-Matrix-animation-input"/><input semantic="OUTPUT" source="#b_leg01_jnt-Matrix-animation-output-transform"/><input semantic="INTERPOLATION" source="#b_leg01_jnt-Interpolations"/></sampler><channel source="#b_leg01_jnt-Matrix-animation-transform" target="b_leg01_jnt/matrix"/></animation></animation>
    <animation id="b_leg02_jnt-anim" name="b_leg02_jnt"><animation><source id="b_leg02_jnt-Matrix-animation-input"><float_array id="b_leg02_jnt-Matrix-animation-input-array" count="26">

0.000000 0.033333 0.066667 0.100000 0.133333 0.166667 0.200000 0.233333 0.266667 0.300000 0.333333 0.366667 0.400000 0.433333 0.466667 0.500000
0.533333 0.566667 0.600000 0.633333 0.666667 0.700000 0.733333 0.766667 0.800000 0.833333</float_array><technique_common><accessor source="#b_leg02_jnt-Matrix-animation-input-array" count="26"><param name="TIME" type="float"/></accessor></technique_common></source><source id="b_leg02_jnt-Matrix-animation-output-transform"><float_array id="b_leg02_jnt-Matrix-animation-output-transform-array" count="416">

0.558548 -0.167056 -0.812475 0.651075 0.326758 0.944619 0.030407 0.170186 0.762400 -0.282466 0.582202 0.000000 0.000000 0.000000 0.000000 1.000000
0.591996 -0.175337 -0.786637 0.651075 0.325686 0.944849 0.034498 0.170186 0.737204 -0.276619 0.616451 0.000000 0.000000 0.000000 0.000000 1.000000
0.716528 -0.155151 -0.680085 0.651075 0.255453 0.965586 0.048858 0.170186 0.649101 -0.208738 0.731503 -0.000000 0.000000 0.000000 0.000000 1.000000
0.944741 -0.017971 -0.327325 0.651075 0.046664 0.995701 0.080017 0.170186 0.324480 -0.090870 0.941518 0.000000 0.000000 0.000000 0.000000 1.000000
0.928653 0.100768 0.357002 0.651075 -0.145320 0.984299 0.100183 0.170186 -0.341301 -0.144915 0.928716 0.000000 0.000000 0.000000 0.000000 1.000000
0.777489 0.088475 0.622641 0.651075 -0.186510 0.977952 0.093931 0.170186 -0.600603 -0.189159 0.776849 0.000000 0.000000 0.000000 0.000000 1.000000
0.965193 -0.043346 -0.257921 0.651075 0.033918 0.998588 -0.040895 0.170186 0.259330 0.030723 0.965300 0.000000 0.000000 0.000000 0.000000 1.000000
0.371182 -0.395581 -0.840083 0.651075 0.142223 0.918260 -0.369554 0.170186 0.917604 0.017693 0.397103 0.000000 0.000000 0.000000 0.000000 1.000000
0.317780 -0.436629 -0.841648 0.651075 -0.416159 0.733361 -0.537581 0.170186 0.851955 0.521092 0.051340 0.000000 0.000000 0.000000 0.000000 1.000000
0.206147 -0.552192 -0.807829 0.651075 -0.414504 0.698555 -0.583273 0.170186 0.886391 0.455089 -0.084880 0.000000 0.000000 0.000000 0.000000 1.000000
0.279306 -0.535206 -0.797209 0.651075 -0.396586 0.691827 -0.603404 0.170186 0.874476 0.484696 -0.019024 0.000000 0.000000 0.000000 0.000000 1.000000
0.156049 -0.746456 -0.646879 0.651075 0.375414 0.650577 -0.660162 0.170186 0.913626 -0.139830 0.381752 0.000000 0.000000 0.000000 0.000000 1.000000
0.391769 -0.814312 0.428268 0.651075 0.911284 0.407580 -0.058645 0.170186 -0.126798 0.413249 0.901747 0.000000 0.000000 0.000000 0.000000 1.000000
0.359545 -0.679116 0.639945 0.651075 0.796240 0.580875 0.169074 0.170186 -0.486549 0.448760 0.749590 0.000000 0.000000 0.000000 0.000000 1.000000
0.357827 -0.678878 0.641159 0.651075 0.802084 0.575036 0.161227 0.170186 -0.478143 0.456573 0.750281 -0.000000 0.000000 0.000000 0.000000 1.000000
0.364601 -0.675879 0.640511 0.651075 0.811664 0.567801 0.137127 0.170186 -0.456364 0.469883 0.755607 0.000000 0.000000 0.000000 0.000000 1.000000
0.404690 -0.667414 0.625128 0.651075 0.810171 0.578709 0.093372 0.170186 -0.424085 0.468674 0.774917 -0.000000 0.000000 0.000000 0.000000 1.000000
0.502555 -0.651210 0.568651 0.651075 0.780940 0.624122 0.024566 0.170186 -0.370906 0.431737 0.822212 0.000000 0.000000 0.000000 0.000000 1.000000
0.663562 -0.619027 0.420108 0.651075 0.704084 0.706559 -0.070994 0.170186 -0.252884 0.342901 0.904693 0.000000 0.000000 0.000000 0.000000 1.000000
0.819069 -0.560944 0.120286 0.651075 0.573693 0.801476 -0.168856 0.170186 -0.001688 0.207312 0.978273 -0.000000 0.000000 0.000000 0.000000 1.000000
0.833725 -0.485909 -0.262289 0.651075 0.444369 0.872386 -0.203664 0.170186 0.327779 0.053247 0.943253 -0.000000 0.000000 0.000000 0.000000 1.000000
0.736082 -0.402619 -0.544134 0.651075 0.379536 0.911108 -0.160732 0.170186 0.560478 -0.088207 0.823458 -0.000000 0.000000 0.000000 0.000000 1.000000
0.645631 -0.316527 -0.694961 0.651075 0.357851 0.929350 -0.090831 0.170186 0.674613 -0.190049 0.713287 0.000000 0.000000 0.000000 0.000000 1.000000
0.592581 -0.240549 -0.768755 0.651075 0.344818 0.938258 -0.027791 0.170186 0.727975 -0.248612 0.638940 0.000000 0.000000 0.000000 0.000000 1.000000
0.566557 -0.187059 -0.802510 0.651075 0.332487 0.942990 0.014926 0.170186 0.753966 -0.275281 0.596452 -0.000000 0.000000 0.000000 0.000000 1.000000
0.558548 -0.167056 -0.812475 0.651075 0.326757 0.944619 0.030407 0.170186 0.762400 -0.282466 0.582202 0.000000 0.000000 0.000000 0.000000 1.000000</float_array><technique_common><accessor source="#b_leg02_jnt-Matrix-animation-output-transform-array" count="26" stride="16"><param type="float4x4"/></accessor></technique_common></source><source id="b_leg02_jnt-Interpolations"><Name_array id="b_leg02_jnt-Interpolations-array" count="26">
 LINEAR LINEAR LINEAR LINEAR LINEAR LINEAR LINEAR LINEAR LINEAR LINEAR LINEAR
LINEAR LINEAR LINEAR LINEAR LINEAR LINEAR LINEAR LINEAR LINEAR LINEAR LINEAR LINEAR
LINEAR LINEAR LINEAR</Name_array><technique_common><accessor source="#b_leg02_jnt-Interpolations-array" count="26"><param type="name"/></accessor></technique_common></source><sampler id="b_leg02_jnt-Matrix-animation-transform"><input semantic="INPUT" source="#b_leg02_jnt-Matrix-animation-input"/><input semantic="OUTPUT" source="#b_leg02_jnt-Matrix-animation-output-transform"/><input semantic="INTERPOLATION" source="#b_leg02_jnt-Interpolations"/></sampler><channel source="#b_leg02_jnt-Matrix-animation-transform" target="b_leg02_jnt/matrix"/></animation></animation>
    <animation id="b_leg03_jnt-anim" name="b_leg03_jnt"><animation><source id="b_leg03_jnt-Matrix-animation-input"><float_array id="b_leg03_jnt-Matrix-animation-input-array" count="26">

0.000000 0.033333 0.066667 0.100000 0.133333 0.166667 0.200000 0.233333 0.266667 0.300000 0.333333 0.366667 0.400000 0.433333 0.466667 0.500000
0.533333 0.566667 0.600000 0.633333 0.666667 0.700000 0.733333 0.766667 0.800000 0.833333</float_array><technique_common><accessor source="#b_leg03_jnt-Matrix-animation-input-array" count="26"><param name="TIME" type="float"/></accessor></technique_common></source><source id="b_leg03_jnt-Matrix-animation-output-transform"><float_array id="b_leg03_jnt-Matrix-animation-output-transform-array" count="416">

0.050873 0.998705 0.000000 1.734574 -0.998705 0.050873 -0.000000 -0.000000 0.000000 0.000000 1.000000 0.000000 0.000000 0.000000 0.000000 1.000000
-0.066296 0.997800 0.000000 1.734574 -0.997800 -0.066296 0.000000 0.000000 0.000000 -0.000000 1.000000 0.000000 0.000000 0.000000 0.000000 1.000000
-0.283082 0.959096 0.000000 1.734574 -0.959096 -0.283082 0.000000 0.000000 0.000000 -0.000000 1.000000 0.000000 0.000000 0.000000 0.000000 1.000000
-0.414202 0.910185 0.000000 1.734574 -0.910185 -0.414202 0.000000 0.000000 0.000000 -0.000000 1.000000 0.000000 0.000000 0.000000 0.000000 1.000000
-0.402815 0.915282 0.000000 1.734574 -0.915282 -0.402815 0.000000 -0.000000 0.000000 -0.000000 1.000000 0.000000 0.000000 0.000000 0.000000 1.000000
-0.361481 0.932379 0.000000 1.734574 -0.932379 -0.361481 0.000000 0.000000 0.000000 -0.000000 1.000000 0.000000 0.000000 0.000000 0.000000 1.000000
-0.429812 0.902918 0.000000 1.734574 -0.902918 -0.429812 0.000000 0.000000 0.000000 -0.000000 1.000000 0.000000 0.000000 0.000000 0.000000 1.000000
0.089421 0.995994 0.000000 1.734574 -0.995994 0.089421 -0.000000 0.000000 -0.000000 -0.000000 1.000000 0.000000 0.000000 0.000000 0.000000 1.000000
1.000000 -0.000000 -0.000000 1.734574 0.000000 1.000000 -0.000000 0.000000 0.000000 0.000000 1.000000 -0.000000 0.000000 0.000000 0.000000 1.000000
1.000000 -0.000000 -0.000000 1.734574 0.000000 1.000000 -0.000000 -0.000000 0.000000 0.000000 1.000000 0.000000 0.000000 0.000000 0.000000 1.000000
1.000000 -0.000000 -0.000000 1.734574 0.000000 1.000000 -0.000000 -0.000000 0.000000 0.000000 1.000000 -0.000000 0.000000 0.000000 0.000000 1.000000
-0.267873 0.963454 0.000000 1.734574 -0.963454 -0.267873 -0.000000 0.000000 0.000000 -0.000000 1.000000 0.000000 0.000000 0.000000 0.000000 1.000000
-0.336387 0.941724 0.000000 1.734574 -0.941724 -0.336387 0.000000 0.000000 0.000000 -0.000000 1.000000 0.000000 0.000000 0.000000 0.000000 1.000000
0.298510 0.954407 -0.000000 1.734574 -0.954407 0.298510 0.000000 -0.000000 0.000000 0.000000 1.000000 0.000000 0.000000 0.000000 0.000000 1.000000
0.238135 0.971232 -0.000000 1.734574 -0.971232 0.238135 0.000000 -0.000000 0.000000 0.000000 1.000000 0.000000 0.000000 0.000000 0.000000 1.000000
0.084454 0.996427 -0.000000 1.734574 -0.996427 0.084454 0.000000 0.000000 0.000000 0.000000 1.000000 0.000000 0.000000 0.000000 0.000000 1.000000
-0.111751 0.993736 0.000000 1.734574 -0.993736 -0.111751 0.000000 0.000000 0.000000 0.000000 1.000000 -0.000000 0.000000 0.000000 0.000000 1.000000
-0.298882 0.954290 0.000000 1.734574 -0.954290 -0.298882 0.000000 0.000000 0.000000 -0.000000 1.000000 -0.000000 0.000000 0.000000 0.000000 1.000000
-0.435637 0.900122 0.000000 1.734574 -0.900122 -0.435637 0.000000 0.000000 0.000000 -0.000000 1.000000 -0.000000 0.000000 0.000000 0.000000 1.000000
-0.497067 0.867712 0.000000 1.734574 -0.867712 -0.497067 0.000000 0.000000 0.000000 -0.000000 1.000000 0.000000 0.000000 0.000000 0.000000 1.000000
-0.476789 0.879018 0.000000 1.734574 -0.879018 -0.476789 0.000000 0.000000 0.000000 -0.000000 1.000000 0.000000 0.000000 0.000000 0.000000 1.000000
-0.385983 0.922506 0.000000 1.734574 -0.922506 -0.385983 0.000000 0.000000 0.000000 -0.000000 1.000000 -0.000000 0.000000 0.000000 0.000000 1.000000
-0.250436 0.968133 0.000000 1.734574 -0.968133 -0.250436 0.000000 0.000000 0.000000 -0.000000 1.000000 0.000000 0.000000 0.000000 0.000000 1.000000
-0.106114 0.994354 0.000000 1.734574 -0.994354 -0.106114 0.000000 0.000000 0.000000 -0.000000 1.000000 0.000000 0.000000 0.000000 0.000000 1.000000
0.006721 0.999977 0.000000 1.734574 -0.999977 0.006721 0.000000 0.000000 0.000000 0.000000 1.000000 0.000000 0.000000 0.000000 0.000000 1.000000
0.050873 0.998705 -0.000000 1.734574 -0.998705 0.050873 -0.000000 0.000000 0.000000 -0.000000 1.000000 0.000000 0.000000 0.000000 0.000000 1.000000</float_array><technique_common><accessor source="#b_leg03_jnt-Matrix-animation-output-transform-array" count="26" stride="16"><param type="float4x4"/></accessor></technique_common></source><source id="b_leg03_jnt-Interpolations"><Name_array id="b_leg03_jnt-Interpolations-array" count="26">
 LINEAR LINEAR LINEAR LINEAR LINEAR LINEAR LINEAR LINEAR LINEAR LINEAR LINEAR
LINEAR LINEAR LINEAR LINEAR LINEAR LINEAR LINEAR LINEAR LINEAR LINEAR LINEAR LINEAR
LINEAR LINEAR LINEAR</Name_array><technique_common><accessor source="#b_leg03_jnt-Interpolations-array" count="26"><param type="name"/></accessor></technique_common></source><sampler id="b_leg03_jnt-Matrix-animation-transform"><input semantic="INPUT" source="#b_leg03_jnt-Matrix-animation-input"/><input semantic="OUTPUT" source="#b_leg03_jnt-Matrix-animation-output-transform"/><input semantic="INTERPOLATION" source="#b_leg03_jnt-Interpolations"/></sampler><channel source="#b_leg03_jnt-Matrix-animation-transform" target="b_leg03_jnt/matrix"/></animation></animation>
    <animation id="b_leg04_jnt-anim" name="b_leg04_jnt"><animation><source id="b_leg04_jnt-Matrix-animation-input"><float_array id="b_leg04_jnt-Matrix-animation-input-array" count="26">

0.000000 0.033333 0.066667 0.100000 0.133333 0.166667 0.200000 0.233333 0.266667 0.300000 0.333333 0.366667 0.400000 0.433333 0.466667 0.500000
0.533333 0.566667 0.600000 0.633333 0.666667 0.700000 0.733333 0.766667 0.800000 0.833333</float_array><technique_common><accessor source="#b_leg04_jnt-Matrix-animation-input-array" count="26"><param name="TIME" type="float"/></accessor></technique_common></source><source id="b_leg04_jnt-Matrix-animation-output-transform"><float_array id="b_leg04_jnt-Matrix-animation-output-transform-array" count="416">

1.000000 -0.000000 -0.000000 2.047000 0.000000 1.000000 0.000000 0.000000 0.000000 0.000000 1.000000 -0.000000 0.000000 0.000000 0.000000 1.000000
1.000000 0.000000 0.000000 2.015800 0.000000 1.000000 -0.000000 0.000000 0.000000 -0.000000 1.000000 -0.000000 0.000000 0.000000 0.000000 1.000000
1.000000 0.000000 0.000000 1.941400 -0.000000 1.000000 0.000000 0.000000 -0.000000 0.000000 1.000000 -0.000000 0.000000 0.000000 0.000000 1.000000
1.000000 0.000000 0.000000 1.852600 -0.000000 1.000000 0.000000 0.000000 -0.000000 0.000000 1.000000 -0.000000 0.000000 0.000000 0.000000 1.000000
1.000000 0.000000 0.000000 1.778200 -0.000000 1.000000 0.000000 0.000000 0.000000 0.000000 1.000000 -0.000000 0.000000 0.000000 0.000000 1.000000
1.000000 -0.000000 -0.000000 1.747000 0.000000 1.000000 -0.000000 0.000000 -0.000000 0.000000 1.000000 -0.000000 0.000000 0.000000 0.000000 1.000000
1.000000 -0.000000 0.000000 1.747000 0.000000 1.000000 -0.000000 0.000000 -0.000000 0.000000 1.000000 -0.000000 0.000000 0.000000 0.000000 1.000000
1.000000 -0.000000 -0.000000 1.747000 0.000000 1.000000 -0.000000 0.000000 -0.000000 0.000000 1.000000 -0.000000 0.000000 0.000000 0.000000 1.000000
1.000000 0.000000 -0.000000 1.747000 -0.000000 1.000000 -0.000000 0.000000 0.000000 -0.000000 1.000000 -0.000000 0.000000 0.000000 0.000000 1.000000
1.000000 0.000000 0.000000 1.747000 0.000000 1.000000 0.000000 0.000000 0.000000 0.000000 1.000000 -0.000000 0.000000 0.000000 0.000000 1.000000
1.000000 -0.000000 -0.000000 1.747000 0.000000 1.000000 0.000000 0.000000 0.000000 0.000000 1.000000 -0.000000 0.000000 0.000000 0.000000 1.000000
1.000000 -0.000000 0.000000 1.747000 0.000000 1.000000 -0.000000 0.000000 0.000000 -0.000000 1.000000 -0.000000 0.000000 0.000000 0.000000 1.000000
1.000000 0.000000 0.000000 1.747000 -0.000000 1.000000 0.000000 0.000000 0.000000 0.000000 1.000000 -0.000000 0.000000 0.000000 0.000000 1.000000
1.000000 -0.000000 0.000000 1.747000 0.000000 1.000000 -0.000000 0.000000 0.000000 0.000000 1.000000 -0.000000 0.000000 0.000000 0.000000 1.000000
1.000000 0.000000 0.000000 1.752903 0.000000 1.000000 0.000000 0.000000 -0.000000 0.000000 1.000000 -0.000000 0.000000 0.000000 0.000000 1.000000
1.000000 0.000000 0.000000 1.769222 -0.000000 1.000000 0.000000 0.000000 0.000000 0.000000 1.000000 -0.000000 0.000000 0.000000 0.000000 1.000000
1.000000 0.000000 -0.000000 1.793875 -0.000000 1.000000 0.000000 0.000000 0.000000 0.000000 1.000000 -0.000000 0.000000 0.000000 0.000000 1.000000
1.000000 -0.000000 0.000000 1.824778 -0.000000 1.000000 -0.000000 0.000000 -0.000000 -0.000000 1.000000 -0.000000 0.000000 0.000000 0.000000 1.000000
1.000000 0.000000 0.000000 1.859847 0.000000 1.000000 0.000000 0.000000 0.000000 -0.000000 1.000000 -0.000000 0.000000 0.000000 0.000000 1.000000
1.000000 0.000000 -0.000000 1.897000 0.000000 1.000000 0.000000 0.000000 -0.000000 -0.000000 1.000000 -0.000000 0.000000 0.000000 0.000000 1.000000
1.000000 -0.000000 0.000000 1.934153 0.000000 1.000000 0.000000 0.000000 0.000000 -0.000000 1.000000 -0.000000 0.000000 0.000000 0.000000 1.000000
1.000000 0.000000 0.000000 1.969222 0.000000 1.000000 0.000000 0.000000 0.000000 0.000000 1.000000 -0.000000 0.000000 0.000000 0.000000 1.000000
1.000000 0.000000 0.000000 2.000125 -0.000000 1.000000 0.000000 0.000000 -0.000000 0.000000 1.000000 -0.000000 0.000000 0.000000 0.000000 1.000000
1.000000 0.000000 0.000000 2.024778 -0.000000 1.000000 0.000000 0.000000 -0.000000 0.000000 1.000000 -0.000000 0.000000 0.000000 0.000000 1.000000
1.000000 0.000000 0.000000 2.041097 -0.000000 1.000000 0.000000 0.000000 0.000000 0.000000 1.000000 -0.000000 0.000000 0.000000 0.000000 1.000000
1.000000 0.000000 -0.000000 2.047000 0.000000 1.000000 0.000000 0.000000 -0.000000 0.000000 1.000000 -0.000000 0.000000 0.000000 0.000000 1.000000</float_array><technique_common><accessor source="#b_leg04_jnt-Matrix-animation-output-transform-array" count="26" stride="16"><param type="float4x4"/></accessor></technique_common></source><source id="b_leg04_jnt-Interpolations"><Name_array id="b_leg04_jnt-Interpolations-array" count="26">
 LINEAR LINEAR LINEAR LINEAR LINEAR LINEAR LINEAR LINEAR LINEAR LINEAR LINEAR
LINEAR LINEAR LINEAR LINEAR LINEAR LINEAR LINEAR LINEAR LINEAR LINEAR LINEAR LINEAR
LINEAR LINEAR LINEAR</Name_array><technique_common><accessor source="#b_leg04_jnt-Interpolations-array" count="26"><param type="name"/></accessor></technique_common></source><sampler id="b_leg04_jnt-Matrix-animation-transform"><input semantic="INPUT" source="#b_leg04_jnt-Matrix-animation-input"/><input semantic="OUTPUT" source="#b_leg04_jnt-Matrix-animation-output-transform"/><input semantic="INTERPOLATION" source="#b_leg04_jnt-Interpolations"/></sampler><channel source="#b_leg04_jnt-Matrix-animation-transform" target="b_leg04_jnt/matrix"/></animation></animation>
    <animation id="b_cable_jnt-anim" name="b_cable_jnt"><animation><source id="b_cable_jnt-Matrix-animation-input"><float_array id="b_cable_jnt-Matrix-animation-input-array" count="26">

0.000000 0.033333 0.066667 0.100000 0.133333 0.166667 0.200000 0.233333 0.266667 0.300000 0.333333 0.366667 0.400000 0.433333 0.466667 0.500000
0.533333 0.566667 0.600000 0.633333 0.666667 0.700000 0.733333 0.766667 0.800000 0.833333</float_array><technique_common><accessor source="#b_cable_jnt-Matrix-animation-input-array" count="26"><param name="TIME" type="float"/></accessor></technique_common></source><source id="b_cable_jnt-Matrix-animation-output-transform"><float_array id="b_cable_jnt-Matrix-animation-output-transform-array" count="416">

0.998578 -0.053312 0.000000 1.114162 0.053312 0.998578 -0.000000 -0.648857 0.000000 -0.000000 1.000000 0.048052 0.000000 0.000000 0.000000 1.000000
0.998578 -0.053312 0.000000 1.114162 0.053312 0.998578 -0.000000 -0.648857 -0.000000 -0.000000 1.000000 0.048052 0.000000 0.000000 0.000000 1.000000
0.998578 -0.053312 0.000000 1.114162 0.053312 0.998578 -0.000000 -0.648857 -0.000000 -0.000000 1.000000 0.048052 0.000000 0.000000 0.000000 1.000000
0.998578 -0.053312 -0.000000 1.114162 0.053312 0.998578 0.000000 -0.648857 0.000000 0.000000 1.000000 0.048052 0.000000 0.000000 0.000000 1.000000
0.998578 -0.053312 0.000000 1.114162 0.053312 0.998578 0.000000 -0.648857 0.000000 0.000000 1.000000 0.048052 0.000000 0.000000 0.000000 1.000000
0.998578 -0.053312 0.000000 1.114162 0.053312 0.998578 -0.000000 -0.648857 0.000000 -0.000000 1.000000 0.048052 0.000000 0.000000 0.000000 1.000000
0.998578 -0.053312 0.000000 1.114162 0.053312 0.998578 0.000000 -0.648857 -0.000000 0.000000 1.000000 0.048052 0.000000 0.000000 0.000000 1.000000
0.998578 -0.053312 0.000000 1.114162 0.053312 0.998578 -0.000000 -0.648857 0.000000 0.000000 1.000000 0.048052 0.000000 0.000000 0.000000 1.000000
0.998578 -0.053312 -0.000000 1.114162 0.053312 0.998578 0.000000 -0.648857 0.000000 0.000000 1.000000 0.048052 0.000000 0.000000 0.000000 1.000000
0.998578 -0.053312 -0.000000 1.114162 0.053312 0.998578 0.000000 -0.648857 -0.000000 0.000000 1.000000 0.048052 0.000000 0.000000 0.000000 1.000000
0.998578 -0.053312 -0.000000 1.114162 0.053312 0.998578 0.000000 -0.648857 0.000000 -0.000000 1.000000 0.048052 0.000000 0.000000 0.000000 1.000000
0.998578 -0.053312 0.000000 1.114162 0.053312 0.998578 -0.000000 -0.648857 -0.000000 -0.000000 1.000000 0.048052 0.000000 0.000000 0.000000 1.000000
0.998578 -0.053312 0.000000 1.114162 0.053312 0.998578 0.000000 -0.648857 -0.000000 -0.000000 1.000000 0.048052 0.000000 0.000000 0.000000 1.000000
0.998578 -0.053312 0.000000 1.114162 0.053312 0.998578 0.000000 -0.648857 -0.000000 0.000000 1.000000 0.048052 0.000000 0.000000 0.000000 1.000000
0.998578 -0.053312 -0.000000 1.114162 0.053312 0.998578 0.000000 -0.648857 0.000000 0.000000 1.000000 0.048052 0.000000 0.000000 0.000000 1.000000
0.998578 -0.053312 -0.000000 1.114162 0.053312 0.998578 0.000000 -0.648857 0.000000 -0.000000 1.000000 0.048052 0.000000 0.000000 0.000000 1.000000
0.998578 -0.053312 -0.000000 1.114162 0.053312 0.998578 0.000000 -0.648857 0.000000 -0.000000 1.000000 0.048052 0.000000 0.000000 0.000000 1.000000
0.998578 -0.053312 0.000000 1.114162 0.053312 0.998578 -0.000000 -0.648857 0.000000 0.000000 1.000000 0.048052 0.000000 0.000000 0.000000 1.000000
0.998578 -0.053312 0.000000 1.114162 0.053312 0.998578 0.000000 -0.648857 0.000000 0.000000 1.000000 0.048052 0.000000 0.000000 0.000000 1.000000
0.998578 -0.053312 0.000000 1.114162 0.053312 0.998578 0.000000 -0.648857 0.000000 -0.000000 1.000000 0.048052 0.000000 0.000000 0.000000 1.000000
0.998578 -0.053312 0.000000 1.114162 0.053312 0.998578 -0.000000 -0.648857 -0.000000 0.000000 1.000000 0.048052 0.000000 0.000000 0.000000 1.000000
0.998578 -0.053312 0.000000 1.114162 0.053312 0.998578 0.000000 -0.648857 -0.000000 0.000000 1.000000 0.048052 0.000000 0.000000 0.000000 1.000000
0.998578 -0.053312 -0.000000 1.114162 0.053312 0.998578 -0.000000 -0.648857 0.000000 -0.000000 1.000000 0.048052 0.000000 0.000000 0.000000 1.000000
0.998578 -0.053312 0.000000 1.114162 0.053312 0.998578 0.000000 -0.648857 0.000000 -0.000000 1.000000 0.048052 0.000000 0.000000 0.000000 1.000000
0.998578 -0.053312 0.000000 1.114162 0.053312 0.998578 0.000000 -0.648857 0.000000 -0.000000 1.000000 0.048052 0.000000 0.000000 0.000000 1.000000
0.998578 -0.053312 -0.000000 1.114162 0.053312 0.998578 -0.000000 -0.648857 0.000000 -0.000000 1.000000 0.048052 0.000000 0.000000 0.000000 1.000000</float_array><technique_common><accessor source="#b_cable_jnt-Matrix-animation-output-transform-array" count="26" stride="16"><param type="float4x4"/></accessor></technique_common></source><source id="b_cable_jnt-Interpolations"><Name_array id="b_cable_jnt-Interpolations-array" count="26">
 LINEAR LINEAR LINEAR LINEAR LINEAR LINEAR LINEAR LINEAR LINEAR LINEAR LINEAR
LINEAR LINEAR LINEAR LINEAR LINEAR LINEAR LINEAR LINEAR LINEAR LINEAR LINEAR LINEAR
LINEAR LINEAR LINEAR</Name_array><technique_common><accessor source="#b_cable_jnt-Interpolations-array" count="26"><param type="name"/></accessor></technique_common></source><sampler id="b_cable_jnt-Matrix-animation-transform"><input semantic="INPUT" source="#b_cable_jnt-Matrix-animation-input"/><input semantic="OUTPUT" source="#b_cable_jnt-Matrix-animation-output-transform"/><input semantic="INTERPOLATION" source="#b_cable_jnt-Interpolations"/></sampler><channel source="#b_cable_jnt-Matrix-animation-transform" target="b_cable_jnt/matrix"/></animation></animation>
    <animation id="r_leg01_jnt-anim" name="r_leg01_jnt"><animation><source id="r_leg01_jnt-Matrix-animation-input"><float_array id="r_leg01_jnt-Matrix-animation-input-array" count="26">

