<?xml version="1.0" encoding="utf-8"?>
<COLLADA xmlns="http://www.collada.org/2005/11/COLLADASchema" version="1.4.1">
  <asset><contributor><author></author><authoring_tool>FBX COLLADA exporter</authoring_tool><comments></comments></contributor><created>2020-02-11T21:45:33Z</created><keywords></keywords><modified>2020-02-11T21:45:33Z</modified><revision></revision><subject></subject><title></title><unit meter="0.010000" name="centimeter"></unit><up_axis>Y_UP</up_axis></asset>
  <library_animations>
    <animation id="root_jnt-anim" name="root_jnt"><animation><source id="root_jnt-Matrix-animation-input"><float_array id="root_jnt-Matrix-animation-input-array" count="61">

0.000000 0.033333 0.066667 0.100000 0.133333 0.166667 0.200000 0.233333 0.266667 0.300000 0.333333 0.366667 0.400000 0.433333 0.466667 0.500000
0.533333 0.566667 0.600000 0.633333 0.666667 0.700000 0.733333 0.766667 0.800000 0.833333 0.866667 0.900000 0.933333 0.966667 1.000000 1.033333
1.066667 1.100000 1.133333 1.166667 1.200000 1.233333 1.266667 1.300000 1.333333 1.366667 1.400000 1.433333 1.466667 1.500000 1.533333 1.566667
1.600000 1.633333 1.666667 1.700000 1.733333 1.766667 1.800000 1.833333 1.866667 1.900000 1.933333 1.966667 2.000000</float_array><technique_common><accessor source="#root_jnt-Matrix-animation-input-array" count="61"><param name="TIME" type="float"/></accessor></technique_common></source><source id="root_jnt-Matrix-animation-output-transform"><float_array id="root_jnt-Matrix-animation-output-transform-array" count="976">

1.000000 0.000000 0.000000 0.000000 0.000000 1.000000 0.000000 0.000000 0.000000 0.000000 1.000000 0.000000 0.000000 0.000000 0.000000 1.000000
1.000000 0.000000 0.000000 0.000000 0.000000 1.000000 0.000000 0.000000 0.000000 0.000000 1.000000 0.000000 0.000000 0.000000 0.000000 1.000000
1.000000 0.000000 0.000000 0.000000 0.000000 1.000000 0.000000 0.000000 0.000000 0.000000 1.000000 0.000000 0.000000 0.000000 0.000000 1.000000
1.000000 0.000000 0.000000 0.000000 0.000000 1.000000 0.000000 0.000000 0.000000 0.000000 1.000000 0.000000 0.000000 0.000000 0.000000 1.000000
1.000000 0.000000 0.000000 0.000000 0.000000 1.000000 0.000000 0.000000 0.000000 0.000000 1.000000 0.000000 0.000000 0.000000 0.000000 1.000000
1.000000 0.000000 0.000000 0.000000 0.000000 1.000000 0.000000 0.000000 0.000000 0.000000 1.000000 0.000000 0.000000 0.000000 0.000000 1.000000
1.000000 0.000000 0.000000 0.000000 0.000000 1.000000 0.000000 0.000000 0.000000 0.000000 1.000000 0.000000 0.000000 0.000000 0.000000 1.000000
1.000000 0.000000 0.000000 0.000000 0.000000 1.000000 0.000000 0.000000 0.000000 0.000000 1.000000 0.000000 0.000000 0.000000 0.000000 1.000000
1.000000 0.000000 0.000000 0.000000 0.000000 1.000000 0.000000 0.000000 0.000000 0.000000 1.000000 0.000000 0.000000 0.000000 0.000000 1.000000
1.000000 0.000000 0.000000 0.000000 0.000000 1.000000 0.000000 0.000000 0.000000 0.000000 1.000000 0.000000 0.000000 0.000000 0.000000 1.000000
1.000000 0.000000 0.000000 0.000000 0.000000 1.000000 0.000000 0.000000 0.000000 0.000000 1.000000 0.000000 0.000000 0.000000 0.000000 1.000000
1.000000 0.000000 0.000000 0.000000 0.000000 1.000000 0.000000 0.000000 0.000000 0.000000 1.000000 0.000000 0.000000 0.000000 0.000000 1.000000
1.000000 0.000000 0.000000 0.000000 0.000000 1.000000 0.000000 0.000000 0.000000 0.000000 1.000000 0.000000 0.000000 0.000000 0.000000 1.000000
1.000000 0.000000 0.000000 0.000000 0.000000 1.000000 0.000000 0.000000 0.000000 0.000000 1.000000 0.000000 0.000000 0.000000 0.000000 1.000000
1.000000 0.000000 0.000000 0.000000 0.000000 1.000000 0.000000 0.000000 0.000000 0.000000 1.000000 0.000000 0.000000 0.000000 0.000000 1.000000
1.000000 0.000000 0.000000 0.000000 0.000000 1.000000 0.000000 0.000000 0.000000 0.000000 1.000000 0.000000 0.000000 0.000000 0.000000 1.000000
1.000000 0.000000 0.000000 0.000000 0.000000 1.000000 0.000000 0.000000 0.000000 0.000000 1.000000 0.000000 0.000000 0.000000 0.000000 1.000000
1.000000 0.000000 0.000000 0.000000 0.000000 1.000000 0.000000 0.000000 0.000000 0.000000 1.000000 0.000000 0.000000 0.000000 0.000000 1.000000
1.000000 0.000000 0.000000 0.000000 0.000000 1.000000 0.000000 0.000000 0.000000 0.000000 1.000000 0.000000 0.000000 0.000000 0.000000 1.000000
1.000000 0.000000 0.000000 0.000000 0.000000 1.000000 0.000000 0.000000 0.000000 0.000000 1.000000 0.000000 0.000000 0.000000 0.000000 1.000000
1.000000 0.000000 0.000000 0.000000 0.000000 1.000000 0.000000 0.000000 0.000000 0.000000 1.000000 0.000000 0.000000 0.000000 0.000000 1.000000
1.000000 0.000000 0.000000 0.000000 0.000000 1.000000 0.000000 0.000000 0.000000 0.000000 1.000000 0.000000 0.000000 0.000000 0.000000 1.000000
1.000000 0.000000 0.000000 0.000000 0.000000 1.000000 0.000000 0.000000 0.000000 0.000000 1.000000 0.000000 0.000000 0.000000 0.000000 1.000000
1.000000 0.000000 0.000000 0.000000 0.000000 1.000000 0.000000 0.000000 0.000000 0.000000 1.000000 0.000000 0.000000 0.000000 0.000000 1.000000
1.000000 0.000000 0.000000 0.000000 0.000000 1.000000 0.000000 0.000000 0.000000 0.000000 1.000000 0.000000 0.000000 0.000000 0.000000 1.000000
1.000000 0.000000 0.000000 0.000000 0.000000 1.000000 0.000000 0.000000 0.000000 0.000000 1.000000 0.000000 0.000000 0.000000 0.000000 1.000000
1.000000 0.000000 0.000000 0.000000 0.000000 1.000000 0.000000 0.000000 0.000000 0.000000 1.000000 0.000000 0.000000 0.000000 0.000000 1.000000
1.000000 0.000000 0.000000 0.000000 0.000000 1.000000 0.000000 0.000000 0.000000 0.000000 1.000000 0.000000 0.000000 0.000000 0.000000 1.000000
1.000000 0.000000 0.000000 0.000000 0.000000 1.000000 0.000000 0.000000 0.000000 0.000000 1.000000 0.000000 0.000000 0.000000 0.000000 1.000000
1.000000 0.000000 0.000000 0.000000 0.000000 1.000000 0.000000 0.000000 0.000000 0.000000 1.000000 0.000000 0.000000 0.000000 0.000000 1.000000
1.000000 0.000000 0.000000 0.000000 0.000000 1.000000 0.000000 0.000000 0.000000 0.000000 1.000000 0.000000 0.000000 0.000000 0.000000 1.000000
1.000000 0.000000 0.000000 0.000000 0.000000 1.000000 0.000000 0.000000 0.000000 0.000000 1.000000 0.000000 0.000000 0.000000 0.000000 1.000000
1.000000 0.000000 0.000000 0.000000 0.000000 1.000000 0.000000 0.000000 0.000000 0.000000 1.000000 0.000000 0.000000 0.000000 0.000000 1.000000
1.000000 0.000000 0.000000 0.000000 0.000000 1.000000 0.000000 0.000000 0.000000 0.000000 1.000000 0.000000 0.000000 0.000000 0.000000 1.000000
1.000000 0.000000 0.000000 0.000000 0.000000 1.000000 0.000000 0.000000 0.000000 0.000000 1.000000 0.000000 0.000000 0.000000 0.000000 1.000000
1.000000 0.000000 0.000000 0.000000 0.000000 1.000000 0.000000 0.000000 0.000000 0.000000 1.000000 0.000000 0.000000 0.000000 0.000000 1.000000
1.000000 0.000000 0.000000 0.000000 0.000000 1.000000 0.000000 0.000000 0.000000 0.000000 1.000000 0.000000 0.000000 0.000000 0.000000 1.000000
1.000000 0.000000 0.000000 0.000000 0.000000 1.000000 0.000000 0.000000 0.000000 0.000000 1.000000 0.000000 0.000000 0.000000 0.000000 1.000000
1.000000 0.000000 0.000000 0.000000 0.000000 1.000000 0.000000 0.000000 0.000000 0.000000 1.000000 0.000000 0.000000 0.000000 0.000000 1.000000
1.000000 0.000000 0.000000 0.000000 0.000000 1.000000 0.000000 0.000000 0.000000 0.000000 1.000000 0.000000 0.000000 0.000000 0.000000 1.000000
1.000000 0.000000 0.000000 0.000000 0.000000 1.000000 0.000000 0.000000 0.000000 0.000000 1.000000 0.000000 0.000000 0.000000 0.000000 1.000000
1.000000 0.000000 0.000000 0.000000 0.000000 1.000000 0.000000 0.000000 0.000000 0.000000 1.000000 0.000000 0.000000 0.000000 0.000000 1.000000
1.000000 0.000000 0.000000 0.000000 0.000000 1.000000 0.000000 0.000000 0.000000 0.000000 1.000000 0.000000 0.000000 0.000000 0.000000 1.000000
1.000000 0.000000 0.000000 0.000000 0.000000 1.000000 0.000000 0.000000 0.000000 0.000000 1.000000 0.000000 0.000000 0.000000 0.000000 1.000000
1.000000 0.000000 0.000000 0.000000 0.000000 1.000000 0.000000 0.000000 0.000000 0.000000 1.000000 0.000000 0.000000 0.000000 0.000000 1.000000
1.000000 0.000000 0.000000 0.000000 0.000000 1.000000 0.000000 0.000000 0.000000 0.000000 1.000000 0.000000 0.000000 0.000000 0.000000 1.000000
1.000000 0.000000 0.000000 0.000000 0.000000 1.000000 0.000000 0.000000 0.000000 0.000000 1.000000 0.000000 0.000000 0.000000 0.000000 1.000000
1.000000 0.000000 0.000000 0.000000 0.000000 1.000000 0.000000 0.000000 0.000000 0.000000 1.000000 0.000000 0.000000 0.000000 0.000000 1.000000
1.000000 0.000000 0.000000 0.000000 0.000000 1.000000 0.000000 0.000000 0.000000 0.000000 1.000000 0.000000 0.000000 0.000000 0.000000 1.000000
1.000000 0.000000 0.000000 0.000000 0.000000 1.000000 0.000000 0.000000 0.000000 0.000000 1.000000 0.000000 0.000000 0.000000 0.000000 1.000000
1.000000 0.000000 0.000000 0.000000 0.000000 1.000000 0.000000 0.000000 0.000000 0.000000 1.000000 0.000000 0.000000 0.000000 0.000000 1.000000
1.000000 0.000000 0.000000 0.000000 0.000000 1.000000 0.000000 0.000000 0.000000 0.000000 1.000000 0.000000 0.000000 0.000000 0.000000 1.000000
1.000000 0.000000 0.000000 0.000000 0.000000 1.000000 0.000000 0.000000 0.000000 0.000000 1.000000 0.000000 0.000000 0.000000 0.000000 1.000000
1.000000 0.000000 0.000000 0.000000 0.000000 1.000000 0.000000 0.000000 0.000000 0.000000 1.000000 0.000000 0.000000 0.000000 0.000000 1.000000
1.000000 0.000000 0.000000 0.000000 0.000000 1.000000 0.000000 0.000000 0.000000 0.000000 1.000000 0.000000 0.000000 0.000000 0.000000 1.000000
1.000000 0.000000 0.000000 0.000000 0.000000 1.000000 0.000000 0.000000 0.000000 0.000000 1.000000 0.000000 0.000000 0.000000 0.000000 1.000000
1.000000 0.000000 0.000000 0.000000 0.000000 1.000000 0.000000 0.000000 0.000000 0.000000 1.000000 0.000000 0.000000 0.000000 0.000000 1.000000
1.000000 0.000000 0.000000 0.000000 0.000000 1.000000 0.000000 0.000000 0.000000 0.000000 1.000000 0.000000 0.000000 0.000000 0.000000 1.000000
1.000000 0.000000 0.000000 0.000000 0.000000 1.000000 0.000000 0.000000 0.000000 0.000000 1.000000 0.000000 0.000000 0.000000 0.000000 1.000000
1.000000 0.000000 0.000000 0.000000 0.000000 1.000000 0.000000 0.000000 0.000000 0.000000 1.000000 0.000000 0.000000 0.000000 0.000000 1.000000
1.000000 0.000000 0.000000 0.000000 0.000000 1.000000 0.000000 0.000000 0.000000 0.000000 1.000000 0.000000 0.000000 0.000000 0.000000 1.000000</float_array><technique_common><accessor source="#root_jnt-Matrix-animation-output-transform-array" count="61" stride="16"><param type="float4x4"/></accessor></technique_common></source><source id="root_jnt-Interpolations"><Name_array id="root_jnt-Interpolations-array" count="61">
 LINEAR LINEAR LINEAR LINEAR LINEAR LINEAR LINEAR LINEAR LINEAR LINEAR LINEAR
LINEAR LINEAR LINEAR LINEAR LINEAR LINEAR LINEAR LINEAR LINEAR LINEAR LINEAR LINEAR
LINEAR LINEAR LINEAR LINEAR LINEAR LINEAR LINEAR LINEAR LINEAR LINEAR LINEAR LINEAR
LINEAR LINEAR LINEAR LINEAR LINEAR LINEAR LINEAR LINEAR LINEAR LINEAR LINEAR LINEAR
LINEAR LINEAR LINEAR LINEAR LINEAR LINEAR LINEAR LINEAR LINEAR LINEAR LINEAR LINEAR
LINEAR LINEAR</Name_array><technique_common><accessor source="#root_jnt-Interpolations-array" count="61"><param type="name"/></accessor></technique_common></source><sampler id="root_jnt-Matrix-animation-transform"><input semantic="INPUT" source="#root_jnt-Matrix-animation-input"/><input semantic="OUTPUT" source="#root_jnt-Matrix-animation-output-transform"/><input semantic="INTERPOLATION" source="#root_jnt-Interpolations"/></sampler><channel source="#root_jnt-Matrix-animation-transform" target="root_jnt/matrix"/></animation></animation>
    <animation id="pelvis_jnt-anim" name="pelvis_jnt"><animation><source id="pelvis_jnt-Matrix-animation-input"><float_array id="pelvis_jnt-Matrix-animation-input-array" count="61">

0.000000 0.033333 0.066667 0.100000 0.133333 0.166667 0.200000 0.233333 0.266667 0.300000 0.333333 0.366667 0.400000 0.433333 0.466667 0.500000
0.533333 0.566667 0.600000 0.633333 0.666667 0.700000 0.733333 0.766667 0.800000 0.833333 0.866667 0.900000 0.933333 0.966667 1.000000 1.033333
1.066667 1.100000 1.133333 1.166667 1.200000 1.233333 1.266667 1.300000 1.333333 1.366667 1.400000 1.433333 1.466667 1.500000 1.533333 1.566667
1.600000 1.633333 1.666667 1.700000 1.733333 1.766667 1.800000 1.833333 1.866667 1.900000 1.933333 1.966667 2.000000</float_array><technique_common><accessor source="#pelvis_jnt-Matrix-animation-input-array" count="61"><param name="TIME" type="float"/></accessor></technique_common></source><source id="pelvis_jnt-Matrix-animation-output-transform"><float_array id="pelvis_jnt-Matrix-animation-output-transform-array" count="976">

0.968329 -0.131644 0.212151 -0.006909 0.129349 0.991291 0.024725 2.149227 -0.213558 0.003500 0.976924 0.000184 0.000000 0.000000 0.000000 1.000000
0.968175 -0.131005 0.213249 -0.006876 0.128780 0.991374 0.024357 2.145145 -0.214600 0.003880 0.976694 0.000204 0.000000 0.000000 0.000000 1.000000
0.972177 -0.117386 0.202715 -0.006161 0.114069 0.993078 0.028015 2.159220 -0.204600 -0.004112 0.978837 -0.000216 0.000000 0.000000 0.000000 1.000000
0.978643 -0.093033 0.183312 -0.004883 0.087949 0.995485 0.035692 2.187677 -0.185805 -0.018808 0.982407 -0.000987 0.000000 0.000000 0.000000 1.000000
0.985612 -0.060056 0.157996 -0.003152 0.053144 0.997451 0.047621 2.226732 -0.160453 -0.038539 0.986291 -0.002023 0.000000 0.000000 0.000000 1.000000
0.991328 -0.020765 0.129763 -0.001090 0.012558 0.997887 0.063750 2.272600 -0.130813 -0.061568 0.989494 -0.003231 0.000000 0.000000 0.000000 1.000000
0.994594 0.022131 0.101450 0.001162 -0.030672 0.996043 0.083410 2.321518 -0.099203 -0.086071 0.991338 -0.004517 0.000000 0.000000 0.000000 1.000000
0.994994 0.065469 0.075497 0.003436 -0.073236 0.991754 0.105167 2.369751 -0.067989 -0.110170 0.991585 -0.005782 0.000000 0.000000 0.000000 1.000000
0.992944 0.105708 0.053748 0.005548 -0.111794 0.985599 0.126876 2.413603 -0.039562 -0.131990 0.990461 -0.006928 0.000000 0.000000 0.000000 1.000000
0.989573 0.139090 0.037397 0.007300 -0.143103 0.978897 0.145881 2.449417 -0.016317 -0.149712 0.988595 -0.007858 0.000000 0.000000 0.000000 1.000000
0.986447 0.161819 0.027132 0.008493 -0.164076 0.973500 0.159300 2.473566 -0.000635 -0.161593 0.986857 -0.008481 0.000000 0.000000 0.000000 1.000000
0.985130 0.170190 0.023526 0.008933 -0.171732 0.971340 0.164337 2.482424 0.005116 -0.165933 0.986124 -0.008709 0.000000 0.000000 0.000000 1.000000
0.985827 0.166171 0.023061 0.008722 -0.167710 0.972676 0.160542 2.460151 0.004247 -0.162134 0.986760 -0.008510 0.000000 0.000000 0.000000 1.000000
0.987693 0.154852 0.021999 0.008127 -0.156398 0.976255 0.149888 2.402717 0.001734 -0.151484 0.988458 -0.007951 0.000000 0.000000 0.000000 1.000000
0.990302 0.137336 0.021004 0.007208 -0.138915 0.981269 0.133469 2.324192 -0.002280 -0.135093 0.990830 -0.007090 0.000000 0.000000 0.000000 1.000000
0.993175 0.114757 0.020827 0.006023 -0.116381 0.986823 0.112414 2.238638 -0.007652 -0.114070 0.993443 -0.005987 0.000000 0.000000 0.000000 1.000000
0.995846 0.088310 0.022178 0.004635 -0.089932 0.992060 0.087913 2.160124 -0.014239 -0.089542 0.995881 -0.004700 0.000000 0.000000 0.000000 1.000000
0.997914 0.059254 0.025620 0.003110 -0.060728 0.996275 0.061225 2.102724 -0.021896 -0.062653 0.997795 -0.003288 0.000000 0.000000 0.000000 1.000000
0.999086 0.028896 0.031486 0.001517 -0.029954 0.998985 0.033656 2.080523 -0.030481 -0.034568 0.998937 -0.001814 0.000000 0.000000 0.000000 1.000000
0.999205 -0.001447 0.039841 -0.000076 0.001189 0.999978 0.006521 2.085806 -0.039850 -0.006468 0.999185 -0.000339 0.000000 0.000000 0.000000 1.000000
0.998260 -0.030501 0.050468 -0.001601 0.031489 0.999325 -0.018906 2.100418 -0.049857 0.020462 0.998547 0.001074 0.000000 0.000000 0.000000 1.000000
0.996387 -0.057073 0.062890 -0.002996 0.059744 0.997353 -0.041435 2.122807 -0.060359 0.045043 0.997160 0.002364 0.000000 0.000000 0.000000 1.000000
0.993853 -0.080091 0.076429 -0.004204 0.084764 0.994593 -0.059998 2.151432 -0.071210 0.066108 0.995268 0.003470 0.000000 0.000000 0.000000 1.000000
0.991023 -0.098610 0.090280 -0.005176 0.105388 0.991699 -0.073659 2.184757 -0.082267 0.082512 0.993189 0.004331 0.000000 0.000000 0.000000 1.000000
0.988314 -0.111804 0.103610 -0.005868 0.120476 0.989357 -0.081598 2.221250 -0.093384 0.093127 0.991265 0.004888 0.000000 0.000000 0.000000 1.000000
0.986143 -0.118921 0.115667 -0.006242 0.128910 0.988170 -0.083078 2.259373 -0.104419 0.096837 0.989808 0.005083 0.000000 0.000000 0.000000 1.000000
0.984370 -0.123124 0.125922 -0.006462 0.133185 0.988261 -0.074844 2.297563 -0.115228 0.090445 0.989213 0.004747 0.000000 0.000000 0.000000 1.000000
0.982633 -0.128067 0.134279 -0.006722 0.136525 0.989066 -0.055761 2.334221 -0.125669 0.073125 0.989373 0.003838 0.000000 0.000000 0.000000 1.000000
0.980977 -0.133638 0.140804 -0.007014 0.138915 0.989900 -0.028296 2.367742 -0.135601 0.047317 0.989633 0.002483 0.000000 0.000000 0.000000 1.000000
0.979446 -0.139577 0.145618 -0.007326 0.140340 0.990090 0.005070 2.396522 -0.144882 0.015470 0.989328 0.000812 0.000000 0.000000 0.000000 1.000000
0.978088 -0.145507 0.148902 -0.007637 0.140786 0.989156 0.041831 2.418965 -0.153374 -0.019951 0.987967 -0.001047 0.000000 0.000000 0.000000 1.000000
0.976950 -0.150973 0.150914 -0.007924 0.140239 0.986924 0.079464 2.433495 -0.160938 -0.056468 0.985348 -0.002964 0.000000 0.000000 0.000000 1.000000
0.976080 -0.155469 0.151979 -0.008160 0.138686 0.983582 0.115465 2.438550 -0.167436 -0.091626 0.981616 -0.004809 0.000000 0.000000 0.000000 1.000000
0.975520 -0.158470 0.152475 -0.008317 0.136110 0.979671 0.147370 2.423310 -0.172729 -0.123009 0.977258 -0.006456 0.000000 0.000000 0.000000 1.000000
0.975310 -0.159449 0.152798 -0.008369 0.132495 0.976009 0.172778 2.383481 -0.176682 -0.148267 0.973037 -0.007782 0.000000 0.000000 0.000000 1.000000
0.975482 -0.157890 0.153314 -0.008287 0.127821 0.973556 0.189340 2.327314 -0.179155 -0.165101 0.969869 -0.008665 0.000000 0.000000 0.000000 1.000000
0.976062 -0.153288 0.154292 -0.008045 0.122063 0.973234 0.194720 2.263058 -0.180010 -0.171226 0.968648 -0.008987 0.000000 0.000000 0.000000 1.000000
0.977931 -0.142225 0.153045 -0.007465 0.111752 0.975011 0.192003 2.198912 -0.176528 -0.170663 0.969387 -0.008957 0.000000 0.000000 0.000000 1.000000
0.981449 -0.122769 0.147261 -0.006444 0.094370 0.977941 0.186350 2.143028 -0.166891 -0.168996 0.971385 -0.008870 0.000000 0.000000 0.000000 1.000000
0.985758 -0.096673 0.137605 -0.005074 0.071307 0.981334 0.178602 2.103569 -0.152302 -0.166246 0.974252 -0.008726 0.000000 0.000000 0.000000 1.000000
0.990009 -0.065727 0.124750 -0.003450 0.043991 0.984528 0.169614 2.088702 -0.133968 -0.162432 0.977583 -0.008525 0.000000 0.000000 0.000000 1.000000
0.993485 -0.031765 0.109443 -0.001667 0.013915 0.986995 0.160148 2.097152 -0.113107 -0.157582 0.981007 -0.008271 0.000000 0.000000 0.000000 1.000000
0.995704 0.003361 0.092531 0.000176 -0.017349 0.988414 0.150786 2.120105 -0.090952 -0.151743 0.984226 -0.007964 0.000000 0.000000 0.000000 1.000000
0.996470 0.037799 0.074961 0.001984 -0.048177 0.988711 0.141878 2.154435 -0.068752 -0.144988 0.987042 -0.007610 0.000000 0.000000 0.000000 1.000000
0.995892 0.069735 0.057766 0.003660 -0.076930 0.988056 0.133517 2.197027 -0.047765 -0.137412 0.989362 -0.007212 0.000000 0.000000 0.000000 1.000000
0.994356 0.097416 0.042038 0.005113 -0.101987 0.986831 0.125549 2.244777 -0.029254 -0.129127 0.991196 -0.006777 0.000000 0.000000 0.000000 1.000000
0.992453 0.119170 0.028914 0.006255 -0.121770 0.985564 0.117626 2.294591 -0.014479 -0.120259 0.992637 -0.006312 0.000000 0.000000 0.000000 1.000000
0.990869 0.133401 0.019574 0.007002 -0.134747 0.984834 0.109293 2.343376 -0.004697 -0.110932 0.993817 -0.005822 0.000000 0.000000 0.000000 1.000000
0.990234 0.138578 0.015259 0.007273 -0.139411 0.985160 0.100119 2.388035 -0.001159 -0.101268 0.994858 -0.005315 0.000000 0.000000 0.000000 1.000000
0.990876 0.133697 0.017036 0.007017 -0.134693 0.986801 0.089900 2.425459 -0.004792 -0.091375 0.995805 -0.004796 0.000000 0.000000 0.000000 1.000000
0.992473 0.119955 0.024642 0.006296 -0.121549 0.989441 0.078946 2.452508 -0.014912 -0.081347 0.996574 -0.004270 0.000000 0.000000 0.000000 1.000000
0.994374 0.099121 0.037350 0.005202 -0.101485 0.992519 0.067868 2.462204 -0.030343 -0.071277 0.996995 -0.003741 0.000000 0.000000 0.000000 1.000000
0.995856 0.072930 0.054338 0.003828 -0.076030 0.995454 0.057368 2.452327 -0.049907 -0.061262 0.996873 -0.003215 0.000000 0.000000 0.000000 1.000000
0.996278 0.043096 0.074657 0.002262 -0.046764 0.997747 0.048095 2.426864 -0.072417 -0.051407 0.996049 -0.002698 0.000000 0.000000 0.000000 1.000000
0.995197 0.011310 0.097233 0.000594 -0.015314 0.999061 0.040533 2.389812 -0.096683 -0.041828 0.994436 -0.002195 0.000000 0.000000 0.000000 1.000000
0.992449 -0.020775 0.120884 -0.001090 0.016664 0.999251 0.034920 2.345180 -0.121519 -0.032642 0.992052 -0.001713 0.000000 0.000000 0.000000 1.000000
0.988180 -0.051554 0.144369 -0.002706 0.047528 0.998383 0.031198 2.296984 -0.145743 -0.023968 0.989032 -0.001258 0.000000 0.000000 0.000000 1.000000
0.982844 -0.079482 0.166436 -0.004172 0.075689 0.996709 0.029015 2.249253 -0.168194 -0.015919 0.985625 -0.000836 0.000000 0.000000 0.000000 1.000000
0.977154 -0.103080 0.185863 -0.005410 0.099646 0.994636 0.027754 2.206022 -0.187727 -0.008599 0.982184 -0.000451 0.000000 0.000000 0.000000 1.000000
0.971999 -0.120929 0.201479 -0.006347 0.117982 0.992659 0.026616 2.171333 -0.203219 -0.002099 0.979131 -0.000110 0.000000 0.000000 0.000000 1.000000
0.968329 -0.131644 0.212151 -0.006909 0.129349 0.991291 0.024725 2.149227 -0.213558 0.003500 0.976924 0.000184 0.000000 0.000000 0.000000 1.000000</float_array><technique_common><accessor source="#pelvis_jnt-Matrix-animation-output-transform-array" count="61" stride="16"><param type="float4x4"/></accessor></technique_common></source><source id="pelvis_jnt-Interpolations"><Name_array id="pelvis_jnt-Interpolations-array" count="61">
 LINEAR LINEAR LINEAR LINEAR LINEAR LINEAR LINEAR LINEAR LINEAR LINEAR LINEAR
LINEAR LINEAR LINEAR LINEAR LINEAR LINEAR LINEAR LINEAR LINEAR LINEAR LINEAR LINEAR
LINEAR LINEAR LINEAR LINEAR LINEAR LINEAR LINEAR LINEAR LINEAR LINEAR LINEAR LINEAR
LINEAR LINEAR LINEAR LINEAR LINEAR LINEAR LINEAR LINEAR LINEAR LINEAR LINEAR LINEAR
LINEAR LINEAR LINEAR LINEAR LINEAR LINEAR LINEAR LINEAR LINEAR LINEAR LINEAR LINEAR
LINEAR LINEAR</Name_array><technique_common><accessor source="#pelvis_jnt-Interpolations-array" count="61"><param type="name"/></accessor></technique_common></source><sampler id="pelvis_jnt-Matrix-animation-transform"><input semantic="INPUT" source="#pelvis_jnt-Matrix-animation-input"/><input semantic="OUTPUT" source="#pelvis_jnt-Matrix-animation-output-transform"/><input semantic="INTERPOLATION" source="#pelvis_jnt-Interpolations"/></sampler><channel source="#pelvis_jnt-Matrix-animation-transform" target="pelvis_jnt/matrix"/></animation></animation>
    <animation id="b_leg01_jnt-anim" name="b_leg01_jnt"><animation><source id="b_leg01_jnt-Matrix-animation-input"><float_array id="b_leg01_jnt-Matrix-animation-input-array" count="61">

0.000000 0.033333 0.066667 0.100000 0.133333 0.166667 0.200000 0.233333 0.266667 0.300000 0.333333 0.366667 0.400000 0.433333 0.466667 0.500000
0.533333 0.566667 0.600000 0.633333 0.666667 0.700000 0.733333 0.766667 0.800000 0.833333 0.866667 0.900000 0.933333 0.966667 1.000000 1.033333
1.066667 1.100000 1.133333 1.166667 1.200000 1.233333 1.266667 1.300000 1.333333 1.366667 1.400000 1.433333 1.466667 1.500000 1.533333 1.566667
1.600000 1.633333 1.666667 1.700000 1.733333 1.766667 1.800000 1.833333 1.866667 1.900000 1.933333 1.966667 2.000000</float_array><technique_common><accessor source="#b_leg01_jnt-Matrix-animation-input-array" count="61"><param name="TIME" type="float"/></accessor></technique_common></source><source id="b_leg01_jnt-Matrix-animation-output-transform"><float_array id="b_leg01_jnt-Matrix-animation-output-transform-array" count="976">

0.000000 0.000000 1.000000 -0.000000 -0.000000 1.000000 0.000000 -0.199018 -1.000000 -0.000000 0.000000 -0.585694 0.000000 0.000000 0.000000 1.000000
0.000000 -0.000000 1.000000 -0.000000 -0.000000 1.000000 -0.000000 -0.199018 -1.000000 0.000000 0.000000 -0.585694 0.000000 0.000000 0.000000 1.000000
0.000000 -0.000000 1.000000 -0.000000 0.000000 1.000000 -0.000000 -0.199018 -1.000000 0.000000 0.000000 -0.585694 0.000000 0.000000 0.000000 1.000000
0.000000 -0.000000 1.000000 -0.000000 0.000000 1.000000 -0.000000 -0.199018 -1.000000 -0.000000 0.000000 -0.585694 0.000000 0.000000 0.000000 1.000000
0.000000 0.000000 1.000000 -0.000000 -0.000000 1.000000 -0.000000 -0.199018 -1.000000 0.000000 0.000000 -0.585694 0.000000 0.000000 0.000000 1.000000
0.000000 0.000000 1.000000 -0.000000 0.000000 1.000000 -0.000000 -0.199018 -1.000000 -0.000000 0.000000 -0.585694 0.000000 0.000000 0.000000 1.000000
0.000000 0.000000 1.000000 -0.000000 -0.000000 1.000000 -0.000000 -0.199018 -1.000000 -0.000000 0.000000 -0.585694 0.000000 0.000000 0.000000 1.000000
0.000000 0.000000 1.000000 -0.000000 0.000000 1.000000 -0.000000 -0.199018 -1.000000 -0.000000 0.000000 -0.585694 0.000000 0.000000 0.000000 1.000000
0.000000 0.000000 1.000000 -0.000000 0.000000 1.000000 -0.000000 -0.199018 -1.000000 0.000000 0.000000 -0.585694 0.000000 0.000000 0.000000 1.000000
0.000000 -0.000000 1.000000 -0.000000 0.000000 1.000000 0.000000 -0.199018 -1.000000 0.000000 0.000000 -0.585694 0.000000 0.000000 0.000000 1.000000
0.000000 -0.000000 1.000000 -0.000000 0.000000 1.000000 0.000000 -0.199018 -1.000000 0.000000 0.000000 -0.585694 0.000000 0.000000 0.000000 1.000000
0.000000 -0.000000 1.000000 -0.000000 0.000000 1.000000 0.000000 -0.199018 -1.000000 0.000000 0.000000 -0.585694 0.000000 0.000000 0.000000 1.000000
0.000000 0.000000 1.000000 -0.000000 0.000000 1.000000 -0.000000 -0.199018 -1.000000 0.000000 0.000000 -0.585694 0.000000 0.000000 0.000000 1.000000
0.000000 0.000000 1.000000 -0.000000 0.000000 1.000000 -0.000000 -0.199018 -1.000000 0.000000 0.000000 -0.585694 0.000000 0.000000 0.000000 1.000000
0.000000 -0.000000 1.000000 -0.000000 0.000000 1.000000 -0.000000 -0.199018 -1.000000 0.000000 0.000000 -0.585694 0.000000 0.000000 0.000000 1.000000
0.000000 0.000000 1.000000 -0.000000 -0.000000 1.000000 -0.000000 -0.199018 -1.000000 0.000000 0.000000 -0.585694 0.000000 0.000000 0.000000 1.000000
0.000000 -0.000000 1.000000 -0.000000 0.000000 1.000000 -0.000000 -0.199018 -1.000000 -0.000000 0.000000 -0.585694 0.000000 0.000000 0.000000 1.000000
0.000000 -0.000000 1.000000 -0.000000 -0.000000 1.000000 0.000000 -0.199018 -1.000000 0.000000 0.000000 -0.585694 0.000000 0.000000 0.000000 1.000000
0.000000 -0.000000 1.000000 -0.000000 0.000000 1.000000 0.000000 -0.199018 -1.000000 -0.000000 0.000000 -0.585694 0.000000 0.000000 0.000000 1.000000
0.000000 0.000000 1.000000 -0.000000 0.000000 1.000000 -0.000000 -0.199018 -1.000000 -0.000000 0.000000 -0.585694 0.000000 0.000000 0.000000 1.000000
0.000000 -0.000000 1.000000 -0.000000 0.000000 1.000000 0.000000 -0.199018 -1.000000 -0.000000 0.000000 -0.585694 0.000000 0.000000 0.000000 1.000000
0.000000 -0.000000 1.000000 -0.000000 -0.000000 1.000000 -0.000000 -0.199018 -1.000000 0.000000 0.000000 -0.585694 0.000000 0.000000 0.000000 1.000000
0.000000 -0.000000 1.000000 -0.000000 0.000000 1.000000 0.000000 -0.199018 -1.000000 0.000000 0.000000 -0.585694 0.000000 0.000000 0.000000 1.000000
0.000000 0.000000 1.000000 -0.000000 0.000000 1.000000 -0.000000 -0.199018 -1.000000 0.000000 0.000000 -0.585694 0.000000 0.000000 0.000000 1.000000
0.000000 0.000000 1.000000 -0.000000 0.000000 1.000000 0.000000 -0.199018 -1.000000 0.000000 0.000000 -0.585694 0.000000 0.000000 0.000000 1.000000
0.000000 0.000000 1.000000 -0.000000 0.000000 1.000000 -0.000000 -0.199018 -1.000000 0.000000 0.000000 -0.585694 0.000000 0.000000 0.000000 1.000000
0.000000 -0.000000 1.000000 -0.000000 0.000000 1.000000 0.000000 -0.199018 -1.000000 -0.000000 0.000000 -0.585694 0.000000 0.000000 0.000000 1.000000
0.000000 -0.000000 1.000000 -0.000000 0.000000 1.000000 0.000000 -0.199018 -1.000000 -0.000000 0.000000 -0.585694 0.000000 0.000000 0.000000 1.000000
0.000000 0.000000 1.000000 -0.000000 0.000000 1.000000 -0.000000 -0.199018 -1.000000 0.000000 0.000000 -0.585694 0.000000 0.000000 0.000000 1.000000
0.000000 0.000000 1.000000 -0.000000 0.000000 1.000000 -0.000000 -0.199018 -1.000000 0.000000 0.000000 -0.585694 0.000000 0.000000 0.000000 1.000000
0.000000 0.000000 1.000000 -0.000000 0.000000 1.000000 0.000000 -0.199018 -1.000000 -0.000000 0.000000 -0.585694 0.000000 0.000000 0.000000 1.000000
0.000000 0.000000 1.000000 -0.000000 0.000000 1.000000 -0.000000 -0.199018 -1.000000 -0.000000 0.000000 -0.585694 0.000000 0.000000 0.000000 1.000000
0.000000 0.000000 1.000000 -0.000000 0.000000 1.000000 0.000000 -0.199018 -1.000000 0.000000 0.000000 -0.585694 0.000000 0.000000 0.000000 1.000000
0.000000 -0.000000 1.000000 -0.000000 0.000000 1.000000 -0.000000 -0.199018 -1.000000 0.000000 0.000000 -0.585694 0.000000 0.000000 0.000000 1.000000
0.000000 0.000000 1.000000 -0.000000 -0.000000 1.000000 0.000000 -0.199018 -1.000000 0.000000 0.000000 -0.585694 0.000000 0.000000 0.000000 1.000000
0.000000 -0.000000 1.000000 -0.000000 0.000000 1.000000 0.000000 -0.199018 -1.000000 0.000000 0.000000 -0.585694 0.000000 0.000000 0.000000 1.000000
0.000000 -0.000000 1.000000 -0.000000 0.000000 1.000000 -0.000000 -0.199018 -1.000000 0.000000 0.000000 -0.585694 0.000000 0.000000 0.000000 1.000000
0.000000 0.000000 1.000000 -0.000000 0.000000 1.000000 -0.000000 -0.199018 -1.000000 0.000000 0.000000 -0.585694 0.000000 0.000000 0.000000 1.000000
0.000000 0.000000 1.000000 -0.000000 0.000000 1.000000 -0.000000 -0.199018 -1.000000 0.000000 0.000000 -0.585694 0.000000 0.000000 0.000000 1.000000
0.000000 -0.000000 1.000000 -0.000000 -0.000000 1.000000 0.000000 -0.199018 -1.000000 -0.000000 0.000000 -0.585694 0.000000 0.000000 0.000000 1.000000
0.000000 0.000000 1.000000 -0.000000 0.000000 1.000000 0.000000 -0.199018 -1.000000 0.000000 0.000000 -0.585694 0.000000 0.000000 0.000000 1.000000
0.000000 -0.000000 1.000000 -0.000000 0.000000 1.000000 0.000000 -0.199018 -1.000000 -0.000000 0.000000 -0.585694 0.000000 0.000000 0.000000 1.000000
0.000000 -0.000000 1.000000 -0.000000 0.000000 1.000000 0.000000 -0.199018 -1.000000 -0.000000 0.000000 -0.585694 0.000000 0.000000 0.000000 1.000000
0.000000 -0.000000 1.000000 -0.000000 0.000000 1.000000 0.000000 -0.199018 -1.000000 0.000000 0.000000 -0.585694 0.000000 0.000000 0.000000 1.000000
0.000000 -0.000000 1.000000 -0.000000 0.000000 1.000000 0.000000 -0.199018 -1.000000 -0.000000 0.000000 -0.585694 0.000000 0.000000 0.000000 1.000000
0.000000 0.000000 1.000000 -0.000000 0.000000 1.000000 -0.000000 -0.199018 -1.000000 0.000000 0.000000 -0.585694 0.000000 0.000000 0.000000 1.000000
0.000000 0.000000 1.000000 -0.000000 -0.000000 1.000000 0.000000 -0.199018 -1.000000 0.000000 0.000000 -0.585694 0.000000 0.000000 0.000000 1.000000
0.000000 -0.000000 1.000000 -0.000000 -0.000000 1.000000 -0.000000 -0.199018 -1.000000 0.000000 0.000000 -0.585694 0.000000 0.000000 0.000000 1.000000
0.000000 -0.000000 1.000000 -0.000000 -0.000000 1.000000 -0.000000 -0.199018 -1.000000 0.000000 0.000000 -0.585694 0.000000 0.000000 0.000000 1.000000
0.000000 -0.000000 1.000000 -0.000000 0.000000 1.000000 0.000000 -0.199018 -1.000000 -0.000000 0.000000 -0.585694 0.000000 0.000000 0.000000 1.000000
0.000000 0.000000 1.000000 -0.000000 0.000000 1.000000 0.000000 -0.199018 -1.000000 0.000000 0.000000 -0.585694 0.000000 0.000000 0.000000 1.000000
0.000000 0.000000 1.000000 -0.000000 0.000000 1.000000 -0.000000 -0.199018 -1.000000 0.000000 0.000000 -0.585694 0.000000 0.000000 0.000000 1.000000
0.000000 -0.000000 1.000000 -0.000000 -0.000000 1.000000 -0.000000 -0.199018 -1.000000 0.000000 0.000000 -0.585694 0.000000 0.000000 0.000000 1.000000
0.000000 -0.000000 1.000000 -0.000000 0.000000 1.000000 -0.000000 -0.199018 -1.000000 0.000000 0.000000 -0.585694 0.000000 0.000000 0.000000 1.000000
0.000000 0.000000 1.000000 -0.000000 0.000000 1.000000 -0.000000 -0.199018 -1.000000 0.000000 0.000000 -0.585694 0.000000 0.000000 0.000000 1.000000
0.000000 0.000000 1.000000 -0.000000 0.000000 1.000000 -0.000000 -0.199018 -1.000000 0.000000 0.000000 -0.585694 0.000000 0.000000 0.000000 1.000000
0.000000 -0.000000 1.000000 -0.000000 0.000000 1.000000 -0.000000 -0.199018 -1.000000 0.000000 0.000000 -0.585694 0.000000 0.000000 0.000000 1.000000
0.000000 0.000000 1.000000 -0.000000 -0.000000 1.000000 0.000000 -0.199018 -1.000000 0.000000 0.000000 -0.585694 0.000000 0.000000 0.000000 1.000000
0.000000 -0.000000 1.000000 -0.000000 0.000000 1.000000 -0.000000 -0.199018 -1.000000 0.000000 0.000000 -0.585694 0.000000 0.000000 0.000000 1.000000
0.000000 0.000000 1.000000 -0.000000 -0.000000 1.000000 0.000000 -0.199018 -1.000000 0.000000 0.000000 -0.585694 0.000000 0.000000 0.000000 1.000000
0.000000 0.000000 1.000000 -0.000000 -0.000000 1.000000 0.000000 -0.199018 -1.000000 -0.000000 0.000000 -0.585694 0.000000 0.000000 0.000000 1.000000</float_array><technique_common><accessor source="#b_leg01_jnt-Matrix-animation-output-transform-array" count="61" stride="16"><param type="float4x4"/></accessor></technique_common></source><source id="b_leg01_jnt-Interpolations"><Name_array id="b_leg01_jnt-Interpolations-array" count="61">
 LINEAR LINEAR LINEAR LINEAR LINEAR LINEAR LINEAR LINEAR LINEAR LINEAR LINEAR
LINEAR LINEAR LINEAR LINEAR LINEAR LINEAR LINEAR LINEAR LINEAR LINEAR LINEAR LINEAR
LINEAR LINEAR LINEAR LINEAR LINEAR LINEAR LINEAR LINEAR LINEAR LINEAR LINEAR LINEAR
LINEAR LINEAR LINEAR LINEAR LINEAR LINEAR LINEAR LINEAR LINEAR LINEAR LINEAR LINEAR
LINEAR LINEAR LINEAR LINEAR LINEAR LINEAR LINEAR LINEAR LINEAR LINEAR LINEAR LINEAR
LINEAR LINEAR</Name_array><technique_common><accessor source="#b_leg01_jnt-Interpolations-array" count="61"><param type="name"/></accessor></technique_common></source><sampler id="b_leg01_jnt-Matrix-animation-transform"><input semantic="INPUT" source="#b_leg01_jnt-Matrix-animation-input"/><input semantic="OUTPUT" source="#b_leg01_jnt-Matrix-animation-output-transform"/><input semantic="INTERPOLATION" source="#b_leg01_jnt-Interpolations"/></sampler><channel source="#b_leg01_jnt-Matrix-animation-transform" target="b_leg01_jnt/matrix"/></animation></animation>
    <animation id="b_leg02_jnt-anim" name="b_leg02_jnt"><animation><source id="b_leg02_jnt-Matrix-animation-input"><float_array id="b_leg02_jnt-Matrix-animation-input-array" count="61">

0.000000 0.033333 0.066667 0.100000 0.133333 0.166667 0.200000 0.233333 0.266667 0.300000 0.333333 0.366667 0.400000 0.433333 0.466667 0.500000
0.533333 0.566667 0.600000 0.633333 0.666667 0.700000 0.733333 0.766667 0.800000 0.833333 0.866667 0.900000 0.933333 0.966667 1.000000 1.033333
1.066667 1.100000 1.133333 1.166667 1.200000 1.233333 1.266667 1.300000 1.333333 1.366667 1.400000 1.433333 1.466667 1.500000 1.533333 1.566667
1.600000 1.633333 1.666667 1.700000 1.733333 1.766667 1.800000 1.833333 1.866667 1.900000 1.933333 1.966667 2.000000</float_array><technique_common><accessor source="#b_leg02_jnt-Matrix-animation-input-array" count="61"><param name="TIME" type="float"/></accessor></technique_common></source><source id="b_leg02_jnt-Matrix-animation-output-transform"><float_array id="b_leg02_jnt-Matrix-animation-output-transform-array" count="976">

0.814081 0.505409 -0.286067 0.651075 -0.550775 0.828110 -0.104313 0.170186 0.184174 0.242478 0.952515 0.000000 0.000000 0.000000 0.000000 1.000000
0.789105 0.534948 -0.301900 0.651075 -0.583849 0.805925 -0.098012 0.170186 0.190878 0.253606 0.948288 0.000000 0.000000 0.000000 0.000000 1.000000
0.709631 0.632535 -0.310360 0.651075 -0.682186 0.726991 -0.078146 0.170186 0.176198 0.267178 0.947402 0.000000 0.000000 0.000000 0.000000 1.000000
0.652864 0.695120 -0.300960 0.651075 -0.739102 0.671567 -0.052210 0.170186 0.165822 0.256526 0.952207 -0.000000 0.000000 0.000000 0.000000 1.000000
0.659514 0.701763 -0.269388 0.651075 -0.733112 0.679676 -0.024227 0.170186 0.166095 0.213470 0.962727 -0.000000 0.000000 0.000000 0.000000 1.000000
0.672394 0.703456 -0.230295 0.651075 -0.721445 0.692418 0.008645 0.170186 0.165542 0.160332 0.973082 0.000000 0.000000 0.000000 0.000000 1.000000
0.693317 0.695871 -0.187282 0.651075 -0.701666 0.711106 0.044648 0.170186 0.164247 0.100454 0.981291 0.000000 0.000000 0.000000 0.000000 1.000000
0.723016 0.675602 -0.144255 0.651075 -0.671740 0.736288 0.081520 0.170186 0.161288 0.037962 0.986177 0.000000 0.000000 0.000000 0.000000 1.000000
0.760900 0.640289 -0.105172 0.651075 -0.630015 0.767810 0.116402 0.170186 0.155283 -0.022310 0.987618 -0.000000 0.000000 0.000000 0.000000 1.000000
0.805227 0.588371 -0.073679 0.651075 -0.574924 0.805094 0.145901 0.170186 0.145163 -0.075123 0.986552 0.000000 0.000000 0.000000 0.000000 1.000000
0.917358 0.395099 -0.048488 0.651075 -0.382712 0.908914 0.165550 0.170186 0.109480 -0.133312 0.985009 0.000000 0.000000 0.000000 0.000000 1.000000
0.998800 0.032789 -0.036376 0.651075 -0.026048 0.984686 0.172378 0.170186 0.041471 -0.171223 0.984359 0.000000 0.000000 0.000000 0.000000 1.000000
0.972846 -0.229176 -0.032391 0.651075 0.231335 0.958294 0.167802 0.170186 -0.007416 -0.170739 0.985288 -0.000000 0.000000 0.000000 0.000000 1.000000
0.966459 -0.255143 -0.029311 0.651075 0.256546 0.953824 0.156218 0.170186 -0.011900 -0.158498 0.987288 0.000000 0.000000 0.000000 0.000000 1.000000
0.982311 -0.185223 -0.027538 0.651075 0.187255 0.972473 0.138676 0.170186 0.001094 -0.141380 0.989955 0.000000 0.000000 0.000000 0.000000 1.000000
0.991769 -0.125077 -0.027381 0.651075 0.127435 0.985010 0.116254 0.170186 0.012429 -0.118786 0.992842 0.000000 0.000000 0.000000 0.000000 1.000000
0.999493 -0.012572 -0.029260 0.651075 0.015164 0.995816 0.090119 0.170186 0.028005 -0.090517 0.995501 0.000000 0.000000 0.000000 0.000000 1.000000
0.989177 0.142749 -0.033926 0.651075 -0.140489 0.988163 0.061624 0.170186 0.042321 -0.056191 0.997523 -0.000000 0.000000 0.000000 0.000000 1.000000
0.942132 0.332621 -0.041826 0.651075 -0.331470 0.942917 0.032170 0.170186 0.050139 -0.016444 0.998607 0.000000 0.000000 0.000000 0.000000 1.000000
0.824062 0.564006 -0.053102 0.651075 -0.564661 0.825317 0.003170 0.170186 0.045614 0.027372 0.998584 -0.000000 0.000000 0.000000 0.000000 1.000000
0.765451 0.639866 -0.068234 0.651075 -0.642426 0.765979 -0.023769 0.170186 0.037057 0.062029 0.997386 0.000000 0.000000 0.000000 0.000000 1.000000
0.751322 0.654054 -0.087917 0.651075 -0.658989 0.750690 -0.046874 0.170186 0.035340 0.093153 0.995024 0.000000 0.000000 0.000000 0.000000 1.000000
0.676249 0.728047 -0.112404 0.651075 -0.736111 0.673779 -0.064517 0.170186 0.028764 0.126371 0.991566 -0.000000 0.000000 0.000000 0.000000 1.000000
0.568321 0.810658 -0.140873 0.651075 -0.822609 0.563552 -0.075654 0.170186 0.018060 0.158879 0.987133 0.000000 0.000000 0.000000 0.000000 1.000000
0.499356 0.849940 -0.168063 0.651075 -0.866293 0.492822 -0.081629 0.170186 0.013446 0.186353 0.982391 0.000000 0.000000 0.000000 0.000000 1.000000
0.514276 0.836231 -0.190363 0.651075 -0.857203 0.508165 -0.083499 0.170186 0.026911 0.206121 0.978156 0.000000 0.000000 0.000000 0.000000 1.000000
0.583694 0.784063 -0.211060 0.651075 -0.809954 0.580551 -0.083279 0.170186 0.057235 0.219558 0.973919 0.000000 0.000000 0.000000 0.000000 1.000000
0.679326 0.696758 -0.230317 0.651075 -0.727313 0.681024 -0.084984 0.170186 0.097638 0.225244 0.969398 0.000000 0.000000 0.000000 0.000000 1.000000
0.776442 0.579247 -0.248215 0.651075 -0.613648 0.784594 -0.088586 0.170186 0.143435 0.221099 0.964646 0.000000 0.000000 0.000000 0.000000 1.000000
0.858994 0.438172 -0.264830 0.651075 -0.475191 0.874867 -0.093813 0.170186 0.190584 0.206430 0.959721 0.000000 0.000000 0.000000 0.000000 1.000000
0.941200 0.216232 -0.259589 0.651075 -0.250697 0.962070 -0.107575 0.170186 0.226482 0.166328 0.959709 0.000000 0.000000 0.000000 0.000000 1.000000
