<?xml version="1.0" encoding="utf-8"?>
<COLLADA xmlns="http://www.collada.org/2005/11/COLLADASchema" version="1.4.1">
  <asset><contributor><author></author><authoring_tool>FBX COLLADA exporter</authoring_tool><comments></comments></contributor><created>2019-12-03T19:23:28Z</created><keywords></keywords><modified>2019-12-03T19:23:28Z</modified><revision></revision><subject></subject><title></title><unit meter="0.010000" name="centimeter"></unit><up_axis>Y_UP</up_axis></asset>
  <library_animations>
    <animation id="root_jnt-anim" name="root_jnt"><animation><source id="root_jnt-Matrix-animation-input"><float_array id="root_jnt-Matrix-animation-input-array" count="26">

0.000000 0.033333 0.066667 0.100000 0.133333 0.166667 0.200000 0.233333 0.266667 0.300000 0.333333 0.366667 0.400000 0.433333 0.466667 0.500000
0.533333 0.566667 0.600000 0.633333 0.666667 0.700000 0.733333 0.766667 0.800000 0.833333</float_array><technique_common><accessor source="#root_jnt-Matrix-animation-input-array" count="26"><param name="TIME" type="float"/></accessor></technique_common></source><source id="root_jnt-Matrix-animation-output-transform"><float_array id="root_jnt-Matrix-animation-output-transform-array" count="416">

1.000000 0.000000 0.000000 0.000000 0.000000 1.000000 0.000000 0.000000 0.000000 0.000000 1.000000 0.000000 0.000000 0.000000 0.000000 1.000000
1.000000 0.000000 0.000000 0.000000 0.000000 1.000000 0.000000 0.000000 0.000000 0.000000 1.000000 0.000000 0.000000 0.000000 0.000000 1.000000
1.000000 0.000000 0.000000 0.000000 0.000000 1.000000 0.000000 0.000000 0.000000 0.000000 1.000000 0.000000 0.000000 0.000000 0.000000 1.000000
1.000000 0.000000 0.000000 0.000000 0.000000 1.000000 0.000000 0.000000 0.000000 0.000000 1.000000 0.000000 0.000000 0.000000 0.000000 1.000000
1.000000 0.000000 0.000000 0.000000 0.000000 1.000000 0.000000 0.000000 0.000000 0.000000 1.000000 0.000000 0.000000 0.000000 0.000000 1.000000
1.000000 0.000000 0.000000 0.000000 0.000000 1.000000 0.000000 0.000000 0.000000 0.000000 1.000000 0.000000 0.000000 0.000000 0.000000 1.000000
1.000000 0.000000 0.000000 0.000000 0.000000 1.000000 0.000000 0.000000 0.000000 0.000000 1.000000 0.000000 0.000000 0.000000 0.000000 1.000000
1.000000 0.000000 0.000000 0.000000 0.000000 1.000000 0.000000 0.000000 0.000000 0.000000 1.000000 0.000000 0.000000 0.000000 0.000000 1.000000
1.000000 0.000000 0.000000 0.000000 0.000000 1.000000 0.000000 0.000000 0.000000 0.000000 1.000000 0.000000 0.000000 0.000000 0.000000 1.000000
1.000000 0.000000 0.000000 0.000000 0.000000 1.000000 0.000000 0.000000 0.000000 0.000000 1.000000 0.000000 0.000000 0.000000 0.000000 1.000000
1.000000 0.000000 0.000000 0.000000 0.000000 1.000000 0.000000 0.000000 0.000000 0.000000 1.000000 0.000000 0.000000 0.000000 0.000000 1.000000
1.000000 0.000000 0.000000 0.000000 0.000000 1.000000 0.000000 0.000000 0.000000 0.000000 1.000000 0.000000 0.000000 0.000000 0.000000 1.000000
1.000000 0.000000 0.000000 0.000000 0.000000 1.000000 0.000000 0.000000 0.000000 0.000000 1.000000 0.000000 0.000000 0.000000 0.000000 1.000000
1.000000 0.000000 0.000000 0.000000 0.000000 1.000000 0.000000 0.000000 0.000000 0.000000 1.000000 0.000000 0.000000 0.000000 0.000000 1.000000
1.000000 0.000000 0.000000 0.000000 0.000000 1.000000 0.000000 0.000000 0.000000 0.000000 1.000000 0.000000 0.000000 0.000000 0.000000 1.000000
1.000000 0.000000 0.000000 0.000000 0.000000 1.000000 0.000000 0.000000 0.000000 0.000000 1.000000 0.000000 0.000000 0.000000 0.000000 1.000000
1.000000 0.000000 0.000000 0.000000 0.000000 1.000000 0.000000 0.000000 0.000000 0.000000 1.000000 0.000000 0.000000 0.000000 0.000000 1.000000
1.000000 0.000000 0.000000 0.000000 0.000000 1.000000 0.000000 0.000000 0.000000 0.000000 1.000000 0.000000 0.000000 0.000000 0.000000 1.000000
1.000000 0.000000 0.000000 0.000000 0.000000 1.000000 0.000000 0.000000 0.000000 0.000000 1.000000 0.000000 0.000000 0.000000 0.000000 1.000000
1.000000 0.000000 0.000000 0.000000 0.000000 1.000000 0.000000 0.000000 0.000000 0.000000 1.000000 0.000000 0.000000 0.000000 0.000000 1.000000
1.000000 0.000000 0.000000 0.000000 0.000000 1.000000 0.000000 0.000000 0.000000 0.000000 1.000000 0.000000 0.000000 0.000000 0.000000 1.000000
1.000000 0.000000 0.000000 0.000000 0.000000 1.000000 0.000000 0.000000 0.000000 0.000000 1.000000 0.000000 0.000000 0.000000 0.000000 1.000000
1.000000 0.000000 0.000000 0.000000 0.000000 1.000000 0.000000 0.000000 0.000000 0.000000 1.000000 0.000000 0.000000 0.000000 0.000000 1.000000
1.000000 0.000000 0.000000 0.000000 0.000000 1.000000 0.000000 0.000000 0.000000 0.000000 1.000000 0.000000 0.000000 0.000000 0.000000 1.000000
1.000000 0.000000 0.000000 0.000000 0.000000 1.000000 0.000000 0.000000 0.000000 0.000000 1.000000 0.000000 0.000000 0.000000 0.000000 1.000000
1.000000 0.000000 0.000000 0.000000 0.000000 1.000000 0.000000 0.000000 0.000000 0.000000 1.000000 0.000000 0.000000 0.000000 0.000000 1.000000</float_array><technique_common><accessor source="#root_jnt-Matrix-animation-output-transform-array" count="26" stride="16"><param type="float4x4"/></accessor></technique_common></source><source id="root_jnt-Interpolations"><Name_array id="root_jnt-Interpolations-array" count="26">
 LINEAR LINEAR LINEAR LINEAR LINEAR LINEAR LINEAR LINEAR LINEAR LINEAR LINEAR
LINEAR LINEAR LINEAR LINEAR LINEAR LINEAR LINEAR LINEAR LINEAR LINEAR LINEAR LINEAR
LINEAR LINEAR LINEAR</Name_array><technique_common><accessor source="#root_jnt-Interpolations-array" count="26"><param type="name"/></accessor></technique_common></source><sampler id="root_jnt-Matrix-animation-transform"><input semantic="INPUT" source="#root_jnt-Matrix-animation-input"/><input semantic="OUTPUT" source="#root_jnt-Matrix-animation-output-transform"/><input semantic="INTERPOLATION" source="#root_jnt-Interpolations"/></sampler><channel source="#root_jnt-Matrix-animation-transform" target="root_jnt/matrix"/></animation></animation>
    <animation id="pelvis_jnt-anim" name="pelvis_jnt"><animation><source id="pelvis_jnt-Matrix-animation-input"><float_array id="pelvis_jnt-Matrix-animation-input-array" count="26">

0.000000 0.033333 0.066667 0.100000 0.133333 0.166667 0.200000 0.233333 0.266667 0.300000 0.333333 0.366667 0.400000 0.433333 0.466667 0.500000
0.533333 0.566667 0.600000 0.633333 0.666667 0.700000 0.733333 0.766667 0.800000 0.833333</float_array><technique_common><accessor source="#pelvis_jnt-Matrix-animation-input-array" count="26"><param name="TIME" type="float"/></accessor></technique_common></source><source id="pelvis_jnt-Matrix-animation-output-transform"><float_array id="pelvis_jnt-Matrix-animation-output-transform-array" count="416">

0.953981 0.297337 -0.038861 -0.509622 -0.255435 0.873663 0.414085 2.518679 0.157074 -0.385103 0.909408 -0.739043 0.000000 0.000000 0.000000 1.000000
0.945942 0.323245 -0.026591 -0.543381 -0.280608 0.856765 0.432681 2.555803 0.162644 -0.401829 0.901155 -0.424815 0.000000 0.000000 0.000000 1.000000
0.926729 0.374840 -0.025859 -0.594949 -0.317143 0.817273 0.481129 2.644373 0.201480 -0.437676 0.876268 0.135896 0.000000 0.000000 0.000000 1.000000
0.891929 0.428901 -0.143199 -0.454085 -0.281055 0.773939 0.567473 2.750284 0.354217 -0.465899 0.810844 0.426303 0.000000 0.000000 0.000000 1.000000
0.702927 0.497126 -0.508684 0.325757 -0.083957 0.768177 0.634708 2.840624 0.706290 -0.403446 0.581709 0.498736 0.000000 0.000000 0.000000 1.000000
0.507189 0.466823 -0.724455 0.826454 0.034762 0.828831 0.558418 2.881819 0.861134 -0.308407 0.404146 0.564513 0.000000 0.000000 0.000000 1.000000
0.631177 0.163547 -0.758200 0.762371 0.128756 0.941863 0.310348 2.843500 0.764877 -0.293507 0.573425 0.712134 0.000000 0.000000 0.000000 1.000000
0.839147 -0.312674 -0.445048 0.607423 0.296511 0.948947 -0.107617 2.729863 0.455976 -0.041655 0.889017 0.901907 0.000000 0.000000 0.000000 1.000000
0.894486 -0.399905 0.199928 0.412913 0.447095 0.800898 -0.398331 2.566447 -0.000827 0.445689 0.895188 1.097939 0.000000 0.000000 0.000000 1.000000
0.784549 -0.075032 0.615511 0.201863 0.483858 0.694851 -0.532037 2.391717 -0.387769 0.715229 0.581449 1.240623 0.000000 0.000000 0.000000 1.000000
0.703357 0.123021 0.700111 -0.032200 0.467709 0.661589 -0.586130 2.235410 -0.535292 0.739706 0.407795 1.292713 0.000000 0.000000 0.000000 1.000000
0.703357 0.123021 0.700111 -0.271206 0.467709 0.661589 -0.586130 2.081678 -0.535292 0.739706 0.407795 1.292713 0.000000 0.000000 0.000000 1.000000
0.703357 0.123021 0.700111 -0.482948 0.467709 0.661589 -0.586130 1.911443 -0.535292 0.739706 0.407795 1.292713 0.000000 0.000000 0.000000 1.000000
0.703357 0.123021 0.700111 -0.645617 0.467709 0.661589 -0.586130 1.747478 -0.535292 0.739706 0.407795 1.292713 0.000000 0.000000 0.000000 1.000000
0.703357 0.123021 0.700111 -0.737403 0.467709 0.661589 -0.586130 1.612560 -0.535292 0.739706 0.407795 1.292713 0.000000 0.000000 0.000000 1.000000
0.708081 0.117044 0.696364 -0.748690 0.465164 0.664639 -0.584703 1.523826 -0.531266 0.737941 0.416173 1.219500 0.000000 0.000000 0.000000 1.000000
0.742347 0.074431 0.665868 -0.739646 0.444810 0.688463 -0.572855 1.460772 -0.501064 0.721442 0.477971 0.711097 0.000000 0.000000 0.000000 1.000000
0.800151 0.006924 0.599758 -0.722924 0.401865 0.736122 -0.544636 1.416474 -0.445266 0.676813 0.586227 -0.108467 0.000000 0.000000 0.000000 1.000000
0.867727 -0.059343 0.493486 -0.699548 0.333426 0.805810 -0.489385 1.388505 -0.368614 0.589193 0.719010 -1.033516 0.000000 0.000000 0.000000 1.000000
0.930366 -0.094865 0.354147 -0.670366 0.240426 0.887114 -0.393985 1.373987 -0.276794 0.451696 0.848148 -1.857954 0.000000 0.000000 0.000000 1.000000
0.975635 -0.078187 0.204995 -0.636647 0.129858 0.958895 -0.252305 1.369479 -0.176841 0.272778 0.945684 -2.374882 0.000000 0.000000 0.000000 1.000000
0.996942 -0.008072 0.077724 -0.600722 0.013916 0.997091 -0.074937 1.410154 -0.076893 0.075789 0.994155 -2.398551 0.000000 0.000000 0.000000 1.000000
0.995536 0.094296 -0.004119 -0.566100 -0.093270 0.989515 0.110277 1.669501 0.014475 -0.109400 0.993892 -2.016046 0.000000 0.000000 0.000000 1.000000
0.979765 0.196498 -0.038056 -0.536876 -0.179299 0.946185 0.269417 2.041006 0.088948 -0.257142 0.962271 -1.459378 0.000000 0.000000 0.000000 1.000000
0.961927 0.270114 -0.041644 -0.516940 -0.235399 0.896256 0.375915 2.374154 0.138863 -0.351800 0.925718 -0.957324 0.000000 0.000000 0.000000 1.000000
0.953981 0.297337 -0.038861 -0.509622 -0.255435 0.873663 0.414085 2.518679 0.157074 -0.385103 0.909408 -0.739043 0.000000 0.000000 0.000000 1.000000</float_array><technique_common><accessor source="#pelvis_jnt-Matrix-animation-output-transform-array" count="26" stride="16"><param type="float4x4"/></accessor></technique_common></source><source id="pelvis_jnt-Interpolations"><Name_array id="pelvis_jnt-Interpolations-array" count="26">
 LINEAR LINEAR LINEAR LINEAR LINEAR LINEAR LINEAR LINEAR LINEAR LINEAR LINEAR
LINEAR LINEAR LINEAR LINEAR LINEAR LINEAR LINEAR LINEAR LINEAR LINEAR LINEAR LINEAR
LINEAR LINEAR LINEAR</Name_array><technique_common><accessor source="#pelvis_jnt-Interpolations-array" count="26"><param type="name"/></accessor></technique_common></source><sampler id="pelvis_jnt-Matrix-animation-transform"><input semantic="INPUT" source="#pelvis_jnt-Matrix-animation-input"/><input semantic="OUTPUT" source="#pelvis_jnt-Matrix-animation-output-transform"/><input semantic="INTERPOLATION" source="#pelvis_jnt-Interpolations"/></sampler><channel source="#pelvis_jnt-Matrix-animation-transform" target="pelvis_jnt/matrix"/></animation></animation>
    <animation id="b_leg01_jnt-anim" name="b_leg01_jnt"><animation><source id="b_leg01_jnt-Matrix-animation-input"><float_array id="b_leg01_jnt-Matrix-animation-input-array" count="26">

0.000000 0.033333 0.066667 0.100000 0.133333 0.166667 0.200000 0.233333 0.266667 0.300000 0.333333 0.366667 0.400000 0.433333 0.466667 0.500000
0.533333 0.566667 0.600000 0.633333 0.666667 0.700000 0.733333 0.766667 0.800000 0.833333</float_array><technique_common><accessor source="#b_leg01_jnt-Matrix-animation-input-array" count="26"><param name="TIME" type="float"/></accessor></technique_common></source><source id="b_leg01_jnt-Matrix-animation-output-transform"><float_array id="b_leg01_jnt-Matrix-animation-output-transform-array" count="416">

-0.925991 -0.301986 0.226594 -0.000000 -0.296828 0.953207 0.057349 -0.199018 -0.233310 -0.014155 -0.972299 -0.585694 0.000000 0.000000 0.000000 1.000000
-0.925991 -0.301986 0.226594 -0.000000 -0.296828 0.953207 0.057349 -0.199018 -0.233310 -0.014155 -0.972299 -0.585694 0.000000 0.000000 0.000000 1.000000
-0.925991 -0.301986 0.226594 -0.000000 -0.296828 0.953207 0.057349 -0.199018 -0.233310 -0.014155 -0.972299 -0.585694 0.000000 0.000000 0.000000 1.000000
-0.925991 -0.301986 0.226594 -0.000000 -0.296828 0.953207 0.057349 -0.199018 -0.233310 -0.014155 -0.972299 -0.585694 0.000000 0.000000 0.000000 1.000000
-0.925991 -0.301986 0.226594 -0.000000 -0.296828 0.953207 0.057349 -0.199018 -0.233310 -0.014155 -0.972299 -0.585694 0.000000 0.000000 0.000000 1.000000
-0.925991 -0.301986 0.226594 -0.000000 -0.296828 0.953207 0.057349 -0.199018 -0.233310 -0.014155 -0.972299 -0.585694 0.000000 0.000000 0.000000 1.000000
-0.925991 -0.301986 0.226594 -0.000000 -0.296828 0.953207 0.057349 -0.199018 -0.233310 -0.014155 -0.972299 -0.585694 0.000000 0.000000 0.000000 1.000000
-0.925991 -0.301986 0.226594 -0.000000 -0.296828 0.953207 0.057349 -0.199018 -0.233310 -0.014155 -0.972299 -0.585694 0.000000 0.000000 0.000000 1.000000
-0.925991 -0.301986 0.226594 -0.000000 -0.296828 0.953207 0.057349 -0.199018 -0.233310 -0.014155 -0.972299 -0.585694 0.000000 0.000000 0.000000 1.000000
-0.925991 -0.301986 0.226594 -0.000000 -0.296828 0.953207 0.057349 -0.199018 -0.233310 -0.014155 -0.972299 -0.585694 0.000000 0.000000 0.000000 1.000000
-0.925991 -0.301986 0.226594 -0.000000 -0.296828 0.953207 0.057349 -0.199018 -0.233310 -0.014155 -0.972299 -0.585694 0.000000 0.000000 0.000000 1.000000
-0.925991 -0.301986 0.226594 -0.000000 -0.296828 0.953207 0.057349 -0.199018 -0.233310 -0.014155 -0.972299 -0.585694 0.000000 0.000000 0.000000 1.000000
-0.925991 -0.301986 0.226594 -0.000000 -0.296828 0.953207 0.057349 -0.199018 -0.233310 -0.014155 -0.972299 -0.585694 0.000000 0.000000 0.000000 1.000000
-0.925991 -0.301986 0.226594 -0.000000 -0.296828 0.953207 0.057349 -0.199018 -0.233310 -0.014155 -0.972299 -0.585694 0.000000 0.000000 0.000000 1.000000
-0.925991 -0.301986 0.226594 -0.000000 -0.296828 0.953207 0.057349 -0.199018 -0.233310 -0.014155 -0.972299 -0.585694 0.000000 0.000000 0.000000 1.000000
-0.925991 -0.301986 0.226594 -0.000000 -0.296828 0.953207 0.057349 -0.199018 -0.233310 -0.014155 -0.972299 -0.585694 0.000000 0.000000 0.000000 1.000000
-0.925991 -0.301986 0.226594 -0.000000 -0.296828 0.953207 0.057349 -0.199018 -0.233310 -0.014155 -0.972299 -0.585694 0.000000 0.000000 0.000000 1.000000
-0.925991 -0.301986 0.226594 -0.000000 -0.296828 0.953207 0.057349 -0.199018 -0.233310 -0.014155 -0.972299 -0.585694 0.000000 0.000000 0.000000 1.000000
-0.925991 -0.301986 0.226594 -0.000000 -0.296828 0.953207 0.057349 -0.199018 -0.233310 -0.014155 -0.972299 -0.585694 0.000000 0.000000 0.000000 1.000000
-0.925991 -0.301986 0.226594 -0.000000 -0.296828 0.953207 0.057349 -0.199018 -0.233310 -0.014155 -0.972299 -0.585694 0.000000 0.000000 0.000000 1.000000
-0.925991 -0.301986 0.226594 -0.000000 -0.296828 0.953207 0.057349 -0.199018 -0.233310 -0.014155 -0.972299 -0.585694 0.000000 0.000000 0.000000 1.000000
-0.925991 -0.301986 0.226594 -0.000000 -0.296828 0.953207 0.057349 -0.199018 -0.233310 -0.014155 -0.972299 -0.585694 0.000000 0.000000 0.000000 1.000000
-0.925991 -0.301986 0.226594 -0.000000 -0.296828 0.953207 0.057349 -0.199018 -0.233310 -0.014155 -0.972299 -0.585694 0.000000 0.000000 0.000000 1.000000
-0.925991 -0.301986 0.226594 -0.000000 -0.296828 0.953207 0.057349 -0.199018 -0.233310 -0.014155 -0.972299 -0.585694 0.000000 0.000000 0.000000 1.000000
-0.925991 -0.301986 0.226594 -0.000000 -0.296828 0.953207 0.057349 -0.199018 -0.233310 -0.014155 -0.972299 -0.585694 0.000000 0.000000 0.000000 1.000000
-0.925991 -0.301986 0.226594 -0.000000 -0.296828 0.953207 0.057349 -0.199018 -0.233310 -0.014155 -0.972299 -0.585694 0.000000 0.000000 0.000000 1.000000</float_array><technique_common><accessor source="#b_leg01_jnt-Matrix-animation-output-transform-array" count="26" stride="16"><param type="float4x4"/></accessor></technique_common></source><source id="b_leg01_jnt-Interpolations"><Name_array id="b_leg01_jnt-Interpolations-array" count="26">
 LINEAR LINEAR LINEAR LINEAR LINEAR LINEAR LINEAR LINEAR LINEAR LINEAR LINEAR
LINEAR LINEAR LINEAR LINEAR LINEAR LINEAR LINEAR LINEAR LINEAR LINEAR LINEAR LINEAR
LINEAR LINEAR LINEAR</Name_array><technique_common><accessor source="#b_leg01_jnt-Interpolations-array" count="26"><param type="name"/></accessor></technique_common></source><sampler id="b_leg01_jnt-Matrix-animation-transform"><input semantic="INPUT" source="#b_leg01_jnt-Matrix-animation-input"/><input semantic="OUTPUT" source="#b_leg01_jnt-Matrix-animation-output-transform"/><input semantic="INTERPOLATION" source="#b_leg01_jnt-Interpolations"/></sampler><channel source="#b_leg01_jnt-Matrix-animation-transform" target="b_leg01_jnt/matrix"/></animation></animation>
    <animation id="b_leg02_jnt-anim" name="b_leg02_jnt"><animation><source id="b_leg02_jnt-Matrix-animation-input"><float_array id="b_leg02_jnt-Matrix-animation-input-array" count="26">

0.000000 0.033333 0.066667 0.100000 0.133333 0.166667 0.200000 0.233333 0.266667 0.300000 0.333333 0.366667 0.400000 0.433333 0.466667 0.500000
0.533333 0.566667 0.600000 0.633333 0.666667 0.700000 0.733333 0.766667 0.800000 0.833333</float_array><technique_common><accessor source="#b_leg02_jnt-Matrix-animation-input-array" count="26"><param name="TIME" type="float"/></accessor></technique_common></source><source id="b_leg02_jnt-Matrix-animation-output-transform"><float_array id="b_leg02_jnt-Matrix-animation-output-transform-array" count="416">

0.558548 -0.167056 -0.812475 0.651075 0.326758 0.944619 0.030407 0.170186 0.762400 -0.282466 0.582202 0.000000 0.000000 0.000000 0.000000 1.000000
0.676183 0.059202 -0.734351 0.651075 0.276754 0.903353 0.327658 0.170186 0.682777 -0.424792 0.594448 0.000000 0.000000 0.000000 0.000000 1.000000
0.672749 0.344161 -0.654952 0.651075 0.147250 0.805234 0.574382 0.170186 0.725070 -0.482857 0.491043 0.000000 0.000000 0.000000 0.000000 1.000000
0.810964 0.117789 -0.573116 0.651075 0.279488 0.782562 0.556312 0.170186 0.514027 -0.611329 0.601709 0.000000 0.000000 0.000000 0.000000 1.000000
0.836872 -0.542285 -0.074646 0.651075 0.528700 0.765397 0.366938 0.170186 -0.141851 -0.346545 0.927246 0.000000 0.000000 0.000000 0.000000 1.000000
0.761448 -0.638227 -0.113417 0.651075 0.635925 0.701549 0.321603 0.170186 -0.125689 -0.317008 0.940057 -0.000000 0.000000 0.000000 0.000000 1.000000
0.594338 -0.723066 0.352049 0.651075 0.800409 0.574379 -0.171564 0.170186 -0.078158 0.383750 0.920123 -0.000000 0.000000 0.000000 0.000000 1.000000
0.616688 -0.340357 0.709826 0.651075 0.768555 0.455442 -0.449329 0.170186 -0.170353 0.822636 0.542449 0.000000 0.000000 0.000000 0.000000 1.000000
0.389113 -0.805725 0.446541 0.651075 0.909420 0.258750 -0.325583 0.170186 0.146788 0.532781 0.833425 0.000000 0.000000 0.000000 0.000000 1.000000
0.504194 -0.745074 0.436639 0.651075 0.843829 0.532590 -0.065578 0.170186 -0.183689 0.401512 0.897244 0.000000 0.000000 0.000000 0.000000 1.000000
0.632651 -0.512049 0.580998 0.651075 0.642458 0.765927 -0.024544 0.170186 -0.432434 0.388795 0.813535 -0.000000 0.000000 0.000000 0.000000 1.000000
0.586484 -0.491456 0.643823 0.651075 0.630418 0.776044 0.018112 0.170186 -0.508537 0.395255 0.764960 0.000000 0.000000 0.000000 0.000000 1.000000
0.480572 -0.528472 0.699834 0.651075 0.723305 0.690096 0.024429 0.170186 -0.495862 0.494454 0.713888 -0.000000 0.000000 0.000000 0.000000 1.000000
0.381078 -0.546807 0.745507 0.651075 0.800515 0.598570 0.029837 0.170186 -0.462553 0.585419 0.665829 -0.000000 0.000000 0.000000 0.000000 1.000000
0.334041 -0.540911 0.771901 0.651075 0.829261 0.557938 0.032113 0.170186 -0.448043 0.629381 0.634931 0.000000 0.000000 0.000000 0.000000 1.000000
0.312885 -0.543110 0.779188 0.651075 0.841522 0.538905 0.037712 0.170186 -0.440391 0.643904 0.625654 0.000000 0.000000 0.000000 0.000000 1.000000
0.219316 -0.619966 0.753354 0.651075 0.904809 0.418106 0.080669 0.170186 -0.364994 0.663950 0.652648 0.000000 0.000000 0.000000 0.000000 1.000000
0.504924 -0.833967 0.222602 0.651075 0.846925 0.528454 0.058763 0.170186 -0.166642 0.158856 0.973137 0.000000 0.000000 0.000000 0.000000 1.000000
0.219449 -0.975470 0.017355 0.651075 0.972069 0.220132 0.081390 0.170186 -0.083214 -0.000991 0.996531 0.000000 0.000000 0.000000 0.000000 1.000000
0.380149 -0.753877 0.535870 0.651075 0.760087 0.584751 0.283433 0.170186 -0.527024 0.299561 0.795304 0.000000 0.000000 0.000000 0.000000 1.000000
0.286831 -0.665393 0.689188 0.651075 0.674891 0.650932 0.347577 0.170186 -0.679890 0.365432 0.635775 0.000000 0.000000 0.000000 0.000000 1.000000
0.271097 -0.704926 0.655428 0.651075 0.746753 0.583673 0.318882 0.170186 -0.607344 0.402995 0.684638 0.000000 0.000000 0.000000 0.000000 1.000000
0.701493 -0.708486 0.077172 0.651075 0.693650 0.703604 0.154241 0.170186 -0.163576 -0.054668 0.985015 0.000000 0.000000 0.000000 0.000000 1.000000
0.664490 -0.445420 -0.600044 0.651075 0.563498 0.826046 0.010835 0.170186 0.490838 -0.345324 0.799893 0.000000 0.000000 0.000000 0.000000 1.000000
0.580085 -0.249140 -0.775519 0.651075 0.413734 0.910238 0.017053 0.170186 0.701658 -0.330751 0.631094 0.000000 0.000000 0.000000 0.000000 1.000000
0.558548 -0.167056 -0.812475 0.651075 0.326758 0.944619 0.030407 0.170186 0.762400 -0.282466 0.582202 0.000000 0.000000 0.000000 0.000000 1.000000</float_array><technique_common><accessor source="#b_leg02_jnt-Matrix-animation-output-transform-array" count="26" stride="16"><param type="float4x4"/></accessor></technique_common></source><source id="b_leg02_jnt-Interpolations"><Name_array id="b_leg02_jnt-Interpolations-array" count="26">
 LINEAR LINEAR LINEAR LINEAR LINEAR LINEAR LINEAR LINEAR LINEAR LINEAR LINEAR
LINEAR LINEAR LINEAR LINEAR LINEAR LINEAR LINEAR LINEAR LINEAR LINEAR LINEAR LINEAR
LINEAR LINEAR LINEAR</Name_array><technique_common><accessor source="#b_leg02_jnt-Interpolations-array" count="26"><param type="name"/></accessor></technique_common></source><sampler id="b_leg02_jnt-Matrix-animation-transform"><input semantic="INPUT" source="#b_leg02_jnt-Matrix-animation-input"/><input semantic="OUTPUT" source="#b_leg02_jnt-Matrix-animation-output-transform"/><input semantic="INTERPOLATION" source="#b_leg02_jnt-Interpolations"/></sampler><channel source="#b_leg02_jnt-Matrix-animation-transform" target="b_leg02_jnt/matrix"/></animation></animation>
    <animation id="b_leg03_jnt-anim" name="b_leg03_jnt"><animation><source id="b_leg03_jnt-Matrix-animation-input"><float_array id="b_leg03_jnt-Matrix-animation-input-array" count="26">

0.000000 0.033333 0.066667 0.100000 0.133333 0.166667 0.200000 0.233333 0.266667 0.300000 0.333333 0.366667 0.400000 0.433333 0.466667 0.500000
0.533333 0.566667 0.600000 0.633333 0.666667 0.700000 0.733333 0.766667 0.800000 0.833333</float_array><technique_common><accessor source="#b_leg03_jnt-Matrix-animation-input-array" count="26"><param name="TIME" type="float"/></accessor></technique_common></source><source id="b_leg03_jnt-Matrix-animation-output-transform"><float_array id="b_leg03_jnt-Matrix-animation-output-transform-array" count="416">

0.050873 0.998705 0.000000 1.734574 -0.998705 0.050873 -0.000000 -0.000000 0.000000 0.000000 1.000000 0.000000 0.000000 0.000000 0.000000 1.000000
0.217515 0.976057 -0.000000 1.734574 -0.976057 0.217515 0.000000 0.000000 0.000000 0.000000 1.000000 -0.000000 0.000000 0.000000 0.000000 1.000000
0.592641 0.805467 -0.000000 1.734574 -0.805467 0.592641 0.000000 0.000000 0.000000 0.000000 1.000000 -0.000000 0.000000 0.000000 0.000000 1.000000
0.455918 0.890022 -0.000000 1.734574 -0.890022 0.455918 0.000000 -0.000000 0.000000 0.000000 1.000000 0.000000 0.000000 0.000000 0.000000 1.000000
-0.194442 0.980914 0.000000 1.734574 -0.980914 -0.194442 0.000000 0.000000 0.000000 -0.000000 1.000000 0.000000 0.000000 0.000000 0.000000 1.000000
-0.508397 0.861123 0.000000 1.734574 -0.861123 -0.508397 0.000000 0.000000 0.000000 -0.000000 1.000000 -0.000000 0.000000 0.000000 0.000000 1.000000
-0.516793 0.856110 0.000000 1.734574 -0.856110 -0.516793 -0.000000 -0.000000 0.000000 -0.000000 1.000000 -0.000000 0.000000 0.000000 0.000000 1.000000
0.161009 0.986953 -0.000000 1.734574 -0.986953 0.161009 0.000000 -0.000000 0.000000 0.000000 1.000000 0.000000 0.000000 0.000000 0.000000 1.000000
-0.088174 0.996105 0.000000 1.734574 -0.996105 -0.088174 0.000000 0.000000 0.000000 -0.000000 1.000000 0.000000 0.000000 0.000000 0.000000 1.000000
-0.300393 0.953816 0.000000 1.734574 -0.953816 -0.300393 0.000000 0.000000 -0.000000 0.000000 1.000000 0.000000 0.000000 0.000000 0.000000 1.000000
0.012460 0.999922 0.000000 1.734574 -0.999922 0.012460 -0.000000 -0.000000 -0.000000 0.000000 1.000000 0.000000 0.000000 0.000000 0.000000 1.000000
-0.048998 0.998799 0.000000 1.734574 -0.998799 -0.048998 0.000000 0.000000 -0.000000 -0.000000 1.000000 0.000000 0.000000 0.000000 0.000000 1.000000
-0.234339 0.972155 0.000000 1.734574 -0.972155 -0.234339 0.000000 0.000000 0.000000 -0.000000 1.000000 0.000000 0.000000 0.000000 0.000000 1.000000
-0.376750 0.926315 0.000000 1.734574 -0.926315 -0.376750 0.000000 0.000000 0.000000 -0.000000 1.000000 0.000000 0.000000 0.000000 0.000000 1.000000
-0.447892 0.894088 0.000000 1.734574 -0.894088 -0.447892 0.000000 0.000000 0.000000 -0.000000 1.000000 0.000000 0.000000 0.000000 0.000000 1.000000
-0.447879 0.894094 0.000000 1.734574 -0.894094 -0.447879 0.000000 0.000000 0.000000 -0.000000 1.000000 -0.000000 0.000000 0.000000 0.000000 1.000000
-0.731450 0.681895 0.000000 1.734574 -0.681895 -0.731450 -0.000000 0.000000 0.000000 -0.000000 1.000000 -0.000000 0.000000 0.000000 0.000000 1.000000
-0.978022 0.208502 0.000000 1.734574 -0.208502 -0.978022 -0.000000 0.000000 0.000000 -0.000000 1.000000 0.000000 0.000000 0.000000 0.000000 1.000000
-0.973319 0.229455 0.000000 1.734574 -0.229455 -0.973319 -0.000000 0.000000 0.000000 -0.000000 1.000000 0.000000 0.000000 0.000000 0.000000 1.000000
-0.870329 0.492471 0.000000 1.734574 -0.492471 -0.870329 -0.000000 0.000000 0.000000 -0.000000 1.000000 0.000000 0.000000 0.000000 0.000000 1.000000
-0.779323 0.626622 0.000000 1.734574 -0.626622 -0.779323 -0.000000 0.000000 0.000000 -0.000000 1.000000 0.000000 0.000000 0.000000 0.000000 1.000000
-0.811745 0.584013 0.000000 1.734574 -0.584013 -0.811745 -0.000000 -0.000000 0.000000 -0.000000 1.000000 -0.000000 0.000000 0.000000 0.000000 1.000000
-0.758243 0.651972 0.000000 1.734574 -0.651972 -0.758243 -0.000000 0.000000 0.000000 -0.000000 1.000000 0.000000 0.000000 0.000000 0.000000 1.000000
-0.534683 0.845053 0.000000 1.734574 -0.845053 -0.534683 0.000000 -0.000000 0.000000 -0.000000 1.000000 0.000000 0.000000 0.000000 0.000000 1.000000
-0.170267 0.985398 0.000000 1.734574 -0.985398 -0.170267 0.000000 -0.000000 0.000000 -0.000000 1.000000 -0.000000 0.000000 0.000000 0.000000 1.000000
0.050873 0.998705 0.000000 1.734574 -0.998705 0.050873 -0.000000 0.000000 0.000000 0.000000 1.000000 0.000000 0.000000 0.000000 0.000000 1.000000</float_array><technique_common><accessor source="#b_leg03_jnt-Matrix-animation-output-transform-array" count="26" stride="16"><param type="float4x4"/></accessor></technique_common></source><source id="b_leg03_jnt-Interpolations"><Name_array id="b_leg03_jnt-Interpolations-array" count="26">
 LINEAR LINEAR LINEAR LINEAR LINEAR LINEAR LINEAR LINEAR LINEAR LINEAR LINEAR
LINEAR LINEAR LINEAR LINEAR LINEAR LINEAR LINEAR LINEAR LINEAR LINEAR LINEAR LINEAR
LINEAR LINEAR LINEAR</Name_array><technique_common><accessor source="#b_leg03_jnt-Interpolations-array" count="26"><param type="name"/></accessor></technique_common></source><sampler id="b_leg03_jnt-Matrix-animation-transform"><input semantic="INPUT" source="#b_leg03_jnt-Matrix-animation-input"/><input semantic="OUTPUT" source="#b_leg03_jnt-Matrix-animation-output-transform"/><input semantic="INTERPOLATION" source="#b_leg03_jnt-Interpolations"/></sampler><channel source="#b_leg03_jnt-Matrix-animation-transform" target="b_leg03_jnt/matrix"/></animation></animation>
    <animation id="b_leg04_jnt-anim" name="b_leg04_jnt"><animation><source id="b_leg04_jnt-Matrix-animation-input"><float_array id="b_leg04_jnt-Matrix-animation-input-array" count="26">

0.000000 0.033333 0.066667 0.100000 0.133333 0.166667 0.200000 0.233333 0.266667 0.300000 0.333333 0.366667 0.400000 0.433333 0.466667 0.500000
0.533333 0.566667 0.600000 0.633333 0.666667 0.700000 0.733333 0.766667 0.800000 0.833333</float_array><technique_common><accessor source="#b_leg04_jnt-Matrix-animation-input-array" count="26"><param name="TIME" type="float"/></accessor></technique_common></source><source id="b_leg04_jnt-Matrix-animation-output-transform"><float_array id="b_leg04_jnt-Matrix-animation-output-transform-array" count="416">

1.000000 -0.000000 -0.000000 2.047000 0.000000 1.000000 0.000000 0.000000 0.000000 0.000000 1.000000 -0.000000 0.000000 0.000000 0.000000 1.000000
1.000000 -0.000000 0.000000 2.047000 -0.000000 1.000000 0.000000 0.000000 0.000000 0.000000 1.000000 -0.000000 0.000000 0.000000 0.000000 1.000000
1.000000 0.000000 -0.000000 2.047000 0.000000 1.000000 -0.000000 0.000000 -0.000000 -0.000000 1.000000 -0.000000 0.000000 0.000000 0.000000 1.000000
1.000000 0.000000 0.000000 2.047000 0.000000 1.000000 0.000000 0.000000 0.000000 0.000000 1.000000 -0.000000 0.000000 0.000000 0.000000 1.000000
1.000000 0.000000 0.000000 2.047000 0.000000 1.000000 -0.000000 0.000000 0.000000 0.000000 1.000000 -0.000000 0.000000 0.000000 0.000000 1.000000
1.000000 0.000000 0.000000 2.047000 0.000000 1.000000 0.000000 0.000000 -0.000000 0.000000 1.000000 -0.000000 0.000000 0.000000 0.000000 1.000000
1.000000 -0.000000 0.000000 2.047000 0.000000 1.000000 -0.000000 0.000000 -0.000000 0.000000 1.000000 -0.000000 0.000000 0.000000 0.000000 1.000000
1.000000 0.000000 -0.000000 2.047000 0.000000 1.000000 -0.000000 0.000000 -0.000000 0.000000 1.000000 -0.000000 0.000000 0.000000 0.000000 1.000000
1.000000 0.000000 -0.000000 2.047000 -0.000000 1.000000 0.000000 0.000000 0.000000 0.000000 1.000000 -0.000000 0.000000 0.000000 0.000000 1.000000
1.000000 0.000000 0.000000 2.047000 -0.000000 1.000000 -0.000000 0.000000 -0.000000 0.000000 1.000000 -0.000000 0.000000 0.000000 0.000000 1.000000
1.000000 0.000000 -0.000000 1.847000 0.000000 1.000000 -0.000000 0.000000 -0.000000 0.000000 1.000000 -0.000000 0.000000 0.000000 0.000000 1.000000
1.000000 0.000000 0.000000 1.647000 -0.000000 1.000000 -0.000000 0.000000 0.000000 -0.000000 1.000000 -0.000000 0.000000 0.000000 0.000000 1.000000
1.000000 0.000000 0.000000 1.697000 -0.000000 1.000000 -0.000000 0.000000 0.000000 0.000000 1.000000 -0.000000 0.000000 0.000000 0.000000 1.000000
1.000000 0.000000 -0.000000 1.747000 0.000000 1.000000 -0.000000 0.000000 0.000000 0.000000 1.000000 -0.000000 0.000000 0.000000 0.000000 1.000000
1.000000 0.000000 0.000000 1.709699 0.000000 1.000000 -0.000000 0.000000 0.000000 -0.000000 1.000000 -0.000000 0.000000 0.000000 0.000000 1.000000
1.000000 0.000000 -0.000000 1.632903 -0.000000 1.000000 0.000000 0.000000 0.000000 0.000000 1.000000 -0.000000 0.000000 0.000000 0.000000 1.000000
1.000000 0.000000 0.000000 1.569271 0.000000 1.000000 -0.000000 0.000000 0.000000 0.000000 1.000000 -0.000000 0.000000 0.000000 0.000000 1.000000
1.000000 -0.000000 0.000000 1.579535 -0.000000 1.000000 0.000000 0.000000 0.000000 0.000000 1.000000 -0.000000 0.000000 0.000000 0.000000 1.000000
1.000000 0.000000 0.000000 1.720998 -0.000000 1.000000 -0.000000 0.000000 0.000000 0.000000 1.000000 -0.000000 0.000000 0.000000 0.000000 1.000000
1.000000 0.000000 -0.000000 1.942536 0.000000 1.000000 -0.000000 0.000000 -0.000000 0.000000 1.000000 0.000000 0.000000 0.000000 0.000000 1.000000
1.000000 0.000000 0.000000 2.180088 0.000000 1.000000 0.000000 0.000000 0.000000 -0.000000 1.000000 -0.000000 0.000000 0.000000 0.000000 1.000000
1.000000 0.000000 0.000000 2.369595 -0.000000 1.000000 0.000000 0.000000 -0.000000 -0.000000 1.000000 -0.000000 0.000000 0.000000 0.000000 1.000000
1.000000 -0.000000 0.000000 2.447000 0.000000 1.000000 -0.000000 0.000000 -0.000000 0.000000 1.000000 -0.000000 0.000000 0.000000 0.000000 1.000000
1.000000 0.000000 -0.000000 2.343296 0.000000 1.000000 0.000000 0.000000 0.000000 -0.000000 1.000000 -0.000000 0.000000 0.000000 0.000000 1.000000
1.000000 0.000000 0.000000 2.150704 0.000000 1.000000 -0.000000 0.000000 0.000000 0.000000 1.000000 -0.000000 0.000000 0.000000 0.000000 1.000000
1.000000 -0.000000 -0.000000 2.047000 0.000000 1.000000 0.000000 0.000000 0.000000 0.000000 1.000000 -0.000000 0.000000 0.000000 0.000000 1.000000</float_array><technique_common><accessor source="#b_leg04_jnt-Matrix-animation-output-transform-array" count="26" stride="16"><param type="float4x4"/></accessor></technique_common></source><source id="b_leg04_jnt-Interpolations"><Name_array id="b_leg04_jnt-Interpolations-array" count="26">
 LINEAR LINEAR LINEAR LINEAR LINEAR LINEAR LINEAR LINEAR LINEAR LINEAR LINEAR
LINEAR LINEAR LINEAR LINEAR LINEAR LINEAR LINEAR LINEAR LINEAR LINEAR LINEAR LINEAR
LINEAR LINEAR LINEAR</Name_array><technique_common><accessor source="#b_leg04_jnt-Interpolations-array" count="26"><param type="name"/></accessor></technique_common></source><sampler id="b_leg04_jnt-Matrix-animation-transform"><input semantic="INPUT" source="#b_leg04_jnt-Matrix-animation-input"/><input semantic="OUTPUT" source="#b_leg04_jnt-Matrix-animation-output-transform"/><input semantic="INTERPOLATION" source="#b_leg04_jnt-Interpolations"/></sampler><channel source="#b_leg04_jnt-Matrix-animation-transform" target="b_leg04_jnt/matrix"/></animation></animation>
    <animation id="b_cable_jnt-anim" name="b_cable_jnt"><animation><source id="b_cable_jnt-Matrix-animation-input"><float_array id="b_cable_jnt-Matrix-animation-input-array" count="26">

0.000000 0.033333 0.066667 0.100000 0.133333 0.166667 0.200000 0.233333 0.266667 0.300000 0.333333 0.366667 0.400000 0.433333 0.466667 0.500000
0.533333 0.566667 0.600000 0.633333 0.666667 0.700000 0.733333 0.766667 0.800000 0.833333</float_array><technique_common><accessor source="#b_cable_jnt-Matrix-animation-input-array" count="26"><param name="TIME" type="float"/></accessor></technique_common></source><source id="b_cable_jnt-Matrix-animation-output-transform"><float_array id="b_cable_jnt-Matrix-animation-output-transform-array" count="416">

0.998578 -0.053312 0.000000 1.114162 0.053312 0.998578 -0.000000 -0.648857 0.000000 -0.000000 1.000000 0.048052 0.000000 0.000000 0.000000 1.000000
0.988289 -0.152591 0.000000 1.108093 0.152591 0.988289 -0.000000 -0.595592 -0.000000 0.000000 1.000000 0.035199 0.000000 0.000000 0.000000 1.000000
0.924415 -0.381389 -0.000000 1.093622 0.381389 0.924415 0.000000 -0.468574 -0.000000 -0.000000 1.000000 0.004550 0.000000 0.000000 0.000000 1.000000
0.780398 -0.625283 0.000000 1.076351 0.625283 0.780398 -0.000000 -0.316972 0.000000 0.000000 1.000000 -0.032032 0.000000 0.000000 0.000000 1.000000
0.610897 -0.791710 0.000000 1.061880 0.791710 0.610897 -0.000000 -0.189954 0.000000 -0.000000 1.000000 -0.062682 0.000000 0.000000 0.000000 1.000000
0.528931 -0.848665 -0.000000 1.055811 0.848665 0.528931 -0.000000 -0.136688 0.000000 -0.000000 1.000000 -0.075535 0.000000 0.000000 0.000000 1.000000
0.563483 -0.826128 -0.000000 1.059996 0.826128 0.563483 -0.000000 -0.145696 0.000000 0.000000 1.000000 -0.075387 0.000000 0.000000 0.000000 1.000000
0.649829 -0.760080 0.000000 1.071027 0.760080 0.649829 -0.000000 -0.169445 0.000000 0.000000 1.000000 -0.074354 0.000000 0.000000 0.000000 1.000000
0.758578 -0.651582 0.000000 1.086623 0.651582 0.758578 0.000000 -0.203022 -0.000000 0.000000 1.000000 -0.071551 0.000000 0.000000 0.000000 1.000000
0.861085 -0.508461 0.000000 1.104501 0.508461 0.861085 0.000000 -0.241511 0.000000 -0.000000 1.000000 -0.066093 0.000000 0.000000 0.000000 1.000000
0.936906 -0.349582 -0.000000 1.122379 0.349582 0.936906 -0.000000 -0.280001 0.000000 -0.000000 1.000000 -0.057094 0.000000 0.000000 0.000000 1.000000
0.979394 -0.201957 0.000000 1.137975 0.201957 0.979394 0.000000 -0.313577 -0.000000 0.000000 1.000000 -0.043668 0.000000 0.000000 0.000000 1.000000
0.995530 -0.094451 0.000000 1.149007 0.094451 0.995530 -0.000000 -0.337326 -0.000000 0.000000 1.000000 -0.024932 0.000000 0.000000 0.000000 1.000000
0.998578 -0.053312 -0.000000 1.153191 0.053312 0.998578 -0.000000 -0.346335 -0.000000 0.000000 1.000000 0.000000 0.000000 0.000000 0.000000 1.000000
0.981783 -0.190007 -0.000000 1.134121 0.190007 0.981783 0.000000 -0.320101 0.000000 -0.000000 1.000000 0.061438 0.000000 0.000000 0.000000 1.000000
0.880253 -0.474505 0.000000 1.092168 0.474505 0.880253 0.000000 -0.262388 0.000000 0.000000 1.000000 0.159779 0.000000 0.000000 0.000000 1.000000
0.698402 -0.715705 -0.000000 1.050215 0.715705 0.698402 -0.000000 -0.204675 0.000000 -0.000000 1.000000 0.251039 0.000000 0.000000 0.000000 1.000000
0.593443 -0.804876 0.000000 1.031146 0.804876 0.593443 -0.000000 -0.178442 -0.000000 -0.000000 1.000000 0.291233 0.000000 0.000000 0.000000 1.000000
0.623518 -0.781809 -0.000000 1.036390 0.781809 0.623518 0.000000 -0.185656 -0.000000 0.000000 1.000000 0.278719 0.000000 0.000000 0.000000 1.000000
0.698402 -0.715705 -0.000000 1.050215 0.715705 0.698402 0.000000 -0.204675 0.000000 0.000000 1.000000 0.245728 0.000000 0.000000 0.000000 1.000000
0.792222 -0.610233 0.000000 1.069762 0.610233 0.792222 0.000000 -0.231564 -0.000000 -0.000000 1.000000 0.199085 0.000000 0.000000 0.000000 1.000000
0.880253 -0.474505 -0.000000 1.092168 0.474505 0.880253 0.000000 -0.262388 -0.000000 0.000000 1.000000 0.145617 0.000000 0.000000 0.000000 1.000000
0.945246 -0.326358 0.000000 1.114575 0.326358 0.945246 0.000000 -0.293212 -0.000000 -0.000000 1.000000 0.092148 0.000000 0.000000 0.000000 1.000000
0.981783 -0.190007 0.000000 1.134121 0.190007 0.981783 0.000000 -0.320101 0.000000 -0.000000 1.000000 0.045505 0.000000 0.000000 0.000000 1.000000
0.995840 -0.091114 0.000000 1.147947 0.091114 0.995840 0.000000 -0.339121 0.000000 -0.000000 1.000000 0.012514 0.000000 0.000000 0.000000 1.000000
0.998578 -0.053312 0.000000 1.153191 0.053312 0.998578 -0.000000 -0.346335 0.000000 -0.000000 1.000000 -0.000000 0.000000 0.000000 0.000000 1.000000</float_array><technique_common><accessor source="#b_cable_jnt-Matrix-animation-output-transform-array" count="26" stride="16"><param type="float4x4"/></accessor></technique_common></source><source id="b_cable_jnt-Interpolations"><Name_array id="b_cable_jnt-Interpolations-array" count="26">
 LINEAR LINEAR LINEAR LINEAR LINEAR LINEAR LINEAR LINEAR LINEAR LINEAR LINEAR
LINEAR LINEAR LINEAR LINEAR LINEAR LINEAR LINEAR LINEAR LINEAR LINEAR LINEAR LINEAR
LINEAR LINEAR LINEAR</Name_array><technique_common><accessor source="#b_cable_jnt-Interpolations-array" count="26"><param type="name"/></accessor></technique_common></source><sampler id="b_cable_jnt-Matrix-animation-transform"><input semantic="INPUT" source="#b_cable_jnt-Matrix-animation-input"/><input semantic="OUTPUT" source="#b_cable_jnt-Matrix-animation-output-transform"/><input semantic="INTERPOLATION" source="#b_cable_jnt-Interpolations"/></sampler><channel source="#b_cable_jnt-Matrix-animation-transform" target="b_cable_jnt/matrix"/></animation></animation>
    <animation id="r_leg01_jnt-anim" name="r_leg01_jnt"><animation><source id="r_leg01_jnt-Matrix-animation-input"><float_array id="r_leg01_jnt-Matrix-animation-input-array" count="26">

