<?xml version="1.0" encoding="utf-8"?>
<COLLADA xmlns="http://www.collada.org/2005/11/COLLADASchema" version="1.4.1">
  <asset><contributor><author></author><authoring_tool>FBX COLLADA exporter</authoring_tool><comments></comments></contributor><created>2020-01-21T10:26:11Z</created><keywords></keywords><modified>2020-01-21T10:26:11Z</modified><revision></revision><subject></subject><title></title><unit meter="0.010000" name="centimeter"></unit><up_axis>Y_UP</up_axis></asset>
  <library_animations>
    <animation id="root_jnt-anim" name="root_jnt"><animation><source id="root_jnt-Matrix-animation-input"><float_array id="root_jnt-Matrix-animation-input-array" count="15">

0.000000 0.033333 0.066667 0.100000 0.133333 0.166667 0.200000 0.233333 0.266667 0.300000 0.333333 0.366667 0.400000 0.433333 0.466667</float_array><technique_common><accessor source="#root_jnt-Matrix-animation-input-array" count="15"><param name="TIME" type="float"/></accessor></technique_common></source><source id="root_jnt-Matrix-animation-output-transform"><float_array id="root_jnt-Matrix-animation-output-transform-array" count="240">

1.000000 0.000000 0.000000 0.000000 0.000000 1.000000 0.000000 0.000000 0.000000 0.000000 1.000000 0.000000 0.000000 0.000000 0.000000 1.000000
1.000000 0.000000 0.000000 0.000000 0.000000 1.000000 0.000000 0.000000 0.000000 0.000000 1.000000 0.000000 0.000000 0.000000 0.000000 1.000000
1.000000 0.000000 0.000000 0.000000 0.000000 1.000000 0.000000 0.000000 0.000000 0.000000 1.000000 0.000000 0.000000 0.000000 0.000000 1.000000
1.000000 0.000000 0.000000 0.000000 0.000000 1.000000 0.000000 0.000000 0.000000 0.000000 1.000000 0.000000 0.000000 0.000000 0.000000 1.000000
1.000000 0.000000 0.000000 0.000000 0.000000 1.000000 0.000000 0.000000 0.000000 0.000000 1.000000 0.000000 0.000000 0.000000 0.000000 1.000000
1.000000 0.000000 0.000000 0.000000 0.000000 1.000000 0.000000 0.000000 0.000000 0.000000 1.000000 0.000000 0.000000 0.000000 0.000000 1.000000
1.000000 0.000000 0.000000 0.000000 0.000000 1.000000 0.000000 0.000000 0.000000 0.000000 1.000000 0.000000 0.000000 0.000000 0.000000 1.000000
1.000000 0.000000 0.000000 0.000000 0.000000 1.000000 0.000000 0.000000 0.000000 0.000000 1.000000 0.000000 0.000000 0.000000 0.000000 1.000000
1.000000 0.000000 0.000000 0.000000 0.000000 1.000000 0.000000 0.000000 0.000000 0.000000 1.000000 0.000000 0.000000 0.000000 0.000000 1.000000
1.000000 0.000000 0.000000 0.000000 0.000000 1.000000 0.000000 0.000000 0.000000 0.000000 1.000000 0.000000 0.000000 0.000000 0.000000 1.000000
1.000000 0.000000 0.000000 0.000000 0.000000 1.000000 0.000000 0.000000 0.000000 0.000000 1.000000 0.000000 0.000000 0.000000 0.000000 1.000000
1.000000 0.000000 0.000000 0.000000 0.000000 1.000000 0.000000 0.000000 0.000000 0.000000 1.000000 0.000000 0.000000 0.000000 0.000000 1.000000
1.000000 0.000000 0.000000 0.000000 0.000000 1.000000 0.000000 0.000000 0.000000 0.000000 1.000000 0.000000 0.000000 0.000000 0.000000 1.000000
1.000000 0.000000 0.000000 0.000000 0.000000 1.000000 0.000000 0.000000 0.000000 0.000000 1.000000 0.000000 0.000000 0.000000 0.000000 1.000000
1.000000 0.000000 0.000000 0.000000 0.000000 1.000000 0.000000 0.000000 0.000000 0.000000 1.000000 0.000000 0.000000 0.000000 0.000000 1.000000</float_array><technique_common><accessor source="#root_jnt-Matrix-animation-output-transform-array" count="15" stride="16"><param type="float4x4"/></accessor></technique_common></source><source id="root_jnt-Interpolations"><Name_array id="root_jnt-Interpolations-array" count="15">
 LINEAR LINEAR LINEAR LINEAR LINEAR LINEAR LINEAR LINEAR LINEAR LINEAR LINEAR
LINEAR LINEAR LINEAR LINEAR</Name_array><technique_common><accessor source="#root_jnt-Interpolations-array" count="15"><param type="name"/></accessor></technique_common></source><sampler id="root_jnt-Matrix-animation-transform"><input semantic="INPUT" source="#root_jnt-Matrix-animation-input"/><input semantic="OUTPUT" source="#root_jnt-Matrix-animation-output-transform"/><input semantic="INTERPOLATION" source="#root_jnt-Interpolations"/></sampler><channel source="#root_jnt-Matrix-animation-transform" target="root_jnt/matrix"/></animation></animation>
    <animation id="jnt_spine2-anim" name="jnt_spine2"><animation><source id="jnt_spine2-Matrix-animation-input"><float_array id="jnt_spine2-Matrix-animation-input-array" count="15">

0.000000 0.033333 0.066667 0.100000 0.133333 0.166667 0.200000 0.233333 0.266667 0.300000 0.333333 0.366667 0.400000 0.433333 0.466667</float_array><technique_common><accessor source="#jnt_spine2-Matrix-animation-input-array" count="15"><param name="TIME" type="float"/></accessor></technique_common></source><source id="jnt_spine2-Matrix-animation-output-transform"><float_array id="jnt_spine2-Matrix-animation-output-transform-array" count="240">

0.987853 0.108911 0.110841 0.000000 -0.088514 0.980636 -0.174692 7.502996 -0.127721 0.162759 0.978364 -0.000000 0.000000 0.000000 0.000000 1.000000
0.987152 0.113314 0.112653 0.000000 -0.090553 0.977626 -0.189863 7.221478 -0.131646 0.177222 0.975326 -0.000000 0.000000 0.000000 0.000000 1.000000
0.985555 0.114661 0.124633 0.000000 -0.089082 0.976889 -0.194299 6.811920 -0.144031 0.180389 0.972993 -0.000000 0.000000 0.000000 0.000000 1.000000
0.983653 0.112334 0.140741 0.000000 -0.085020 0.978685 -0.186940 6.388430 -0.158741 0.171919 0.972237 -0.000000 0.000000 0.000000 0.000000 1.000000
0.982303 0.104849 0.155202 0.000000 -0.079302 0.983515 -0.162509 6.065116 -0.169682 0.147325 0.974425 -0.000000 0.000000 0.000000 0.000000 1.000000
0.982124 0.093114 0.163590 0.000000 -0.072819 0.989359 -0.125963 5.956088 -0.173579 0.111799 0.978454 -0.000000 0.000000 0.000000 0.000000 1.000000
0.982785 0.081049 0.166028 0.000000 -0.066371 0.993532 -0.092133 6.075147 -0.172421 0.079527 0.981808 -0.000000 0.000000 0.000000 0.000000 1.000000
0.983905 0.067003 0.165652 0.000000 -0.060760 0.997248 -0.042475 6.327428 -0.168042 0.031726 0.985269 -0.000000 0.000000 0.000000 0.000000 1.000000
0.985110 0.052888 0.163589 0.000000 -0.056802 0.998198 0.019340 6.664042 -0.162272 -0.028344 0.986339 -0.000000 0.000000 0.000000 0.000000 1.000000
0.986210 0.047596 0.158506 0.000000 -0.055333 0.997464 0.044759 7.036098 -0.155974 -0.052912 0.986343 -0.000000 0.000000 0.000000 0.000000 1.000000
0.987101 0.054594 0.150500 0.000000 -0.058160 0.998119 0.019388 7.394705 -0.149158 -0.027891 0.988420 -0.000000 0.000000 0.000000 0.000000 1.000000
0.987672 0.068596 0.140710 0.000000 -0.065075 0.997445 -0.029479 7.690975 -0.142373 0.019959 0.989612 -0.000000 0.000000 0.000000 0.000000 1.000000
0.987926 0.084907 0.129590 0.000000 -0.073898 0.993417 -0.087527 7.876017 -0.136169 0.076893 0.987697 -0.000000 0.000000 0.000000 0.000000 1.000000
0.987935 0.099457 0.118710 0.000000 -0.082441 0.986639 -0.140524 7.842161 -0.131100 0.129042 0.982935 -0.000000 0.000000 0.000000 0.000000 1.000000
0.987853 0.108911 0.110841 0.000000 -0.088514 0.980636 -0.174692 7.502996 -0.127721 0.162759 0.978364 -0.000000 0.000000 0.000000 0.000000 1.000000</float_array><technique_common><accessor source="#jnt_spine2-Matrix-animation-output-transform-array" count="15" stride="16"><param type="float4x4"/></accessor></technique_common></source><source id="jnt_spine2-Interpolations"><Name_array id="jnt_spine2-Interpolations-array" count="15">
 LINEAR LINEAR LINEAR LINEAR LINEAR LINEAR LINEAR LINEAR LINEAR LINEAR LINEAR
LINEAR LINEAR LINEAR LINEAR</Name_array><technique_common><accessor source="#jnt_spine2-Interpolations-array" count="15"><param type="name"/></accessor></technique_common></source><sampler id="jnt_spine2-Matrix-animation-transform"><input semantic="INPUT" source="#jnt_spine2-Matrix-animation-input"/><input semantic="OUTPUT" source="#jnt_spine2-Matrix-animation-output-transform"/><input semantic="INTERPOLATION" source="#jnt_spine2-Interpolations"/></sampler><channel source="#jnt_spine2-Matrix-animation-transform" target="jnt_spine2/matrix"/></animation></animation>
    <animation id="neck_jnt-anim" name="neck_jnt"><animation><source id="neck_jnt-Matrix-animation-input"><float_array id="neck_jnt-Matrix-animation-input-array" count="15">

0.000000 0.033333 0.066667 0.100000 0.133333 0.166667 0.200000 0.233333 0.266667 0.300000 0.333333 0.366667 0.400000 0.433333 0.466667</float_array><technique_common><accessor source="#neck_jnt-Matrix-animation-input-array" count="15"><param name="TIME" type="float"/></accessor></technique_common></source><source id="neck_jnt-Matrix-animation-output-transform"><float_array id="neck_jnt-Matrix-animation-output-transform-array" count="240">

1.000000 -0.000000 0.000000 -0.000000 0.000000 1.000000 0.000000 2.357033 -0.000000 -0.000000 1.000000 2.698746 0.000000 0.000000 0.000000 1.000000
1.000000 -0.000000 0.000000 0.000000 0.000000 1.000000 0.000000 2.357033 -0.000000 -0.000000 1.000000 2.698746 0.000000 0.000000 0.000000 1.000000
1.000000 -0.000000 0.000000 -0.000000 0.000000 1.000000 0.000000 2.357033 -0.000000 -0.000000 1.000000 2.698746 0.000000 0.000000 0.000000 1.000000
1.000000 -0.000000 0.000000 0.000000 0.000000 1.000000 0.000000 2.357033 -0.000000 -0.000000 1.000000 2.698746 0.000000 0.000000 0.000000 1.000000
1.000000 -0.000000 0.000000 -0.000000 0.000000 1.000000 0.000000 2.357033 -0.000000 -0.000000 1.000000 2.698746 0.000000 0.000000 0.000000 1.000000
1.000000 -0.000000 0.000000 0.000000 0.000000 1.000000 0.000000 2.357033 -0.000000 -0.000000 1.000000 2.698746 0.000000 0.000000 0.000000 1.000000
1.000000 -0.000000 0.000000 0.000000 0.000000 1.000000 0.000000 2.357033 -0.000000 -0.000000 1.000000 2.698746 0.000000 0.000000 0.000000 1.000000
1.000000 -0.000000 0.000000 -0.000000 0.000000 1.000000 0.000000 2.357033 -0.000000 -0.000000 1.000000 2.698746 0.000000 0.000000 0.000000 1.000000
1.000000 -0.000000 0.000000 0.000000 0.000000 1.000000 0.000000 2.357033 -0.000000 -0.000000 1.000000 2.698746 0.000000 0.000000 0.000000 1.000000
1.000000 -0.000000 0.000000 -0.000000 0.000000 1.000000 0.000000 2.357033 -0.000000 -0.000000 1.000000 2.698746 0.000000 0.000000 0.000000 1.000000
1.000000 -0.000000 0.000000 -0.000000 0.000000 1.000000 0.000000 2.357033 -0.000000 -0.000000 1.000000 2.698746 0.000000 0.000000 0.000000 1.000000
1.000000 -0.000000 0.000000 0.000000 0.000000 1.000000 0.000000 2.357033 -0.000000 -0.000000 1.000000 2.698746 0.000000 0.000000 0.000000 1.000000
1.000000 -0.000000 0.000000 -0.000000 0.000000 1.000000 0.000000 2.357033 -0.000000 -0.000000 1.000000 2.698746 0.000000 0.000000 0.000000 1.000000
1.000000 -0.000000 0.000000 0.000000 0.000000 1.000000 0.000000 2.357033 -0.000000 -0.000000 1.000000 2.698746 0.000000 0.000000 0.000000 1.000000
1.000000 -0.000000 0.000000 -0.000000 0.000000 1.000000 0.000000 2.357033 -0.000000 -0.000000 1.000000 2.698746 0.000000 0.000000 0.000000 1.000000</float_array><technique_common><accessor source="#neck_jnt-Matrix-animation-output-transform-array" count="15" stride="16"><param type="float4x4"/></accessor></technique_common></source><source id="neck_jnt-Interpolations"><Name_array id="neck_jnt-Interpolations-array" count="15">
 LINEAR LINEAR LINEAR LINEAR LINEAR LINEAR LINEAR LINEAR LINEAR LINEAR LINEAR
LINEAR LINEAR LINEAR LINEAR</Name_array><technique_common><accessor source="#neck_jnt-Interpolations-array" count="15"><param type="name"/></accessor></technique_common></source><sampler id="neck_jnt-Matrix-animation-transform"><input semantic="INPUT" source="#neck_jnt-Matrix-animation-input"/><input semantic="OUTPUT" source="#neck_jnt-Matrix-animation-output-transform"/><input semantic="INTERPOLATION" source="#neck_jnt-Interpolations"/></sampler><channel source="#neck_jnt-Matrix-animation-transform" target="neck_jnt/matrix"/></animation></animation>
    <animation id="head_jnt-anim" name="head_jnt"><animation><source id="head_jnt-Matrix-animation-input"><float_array id="head_jnt-Matrix-animation-input-array" count="15">

0.000000 0.033333 0.066667 0.100000 0.133333 0.166667 0.200000 0.233333 0.266667 0.300000 0.333333 0.366667 0.400000 0.433333 0.466667</float_array><technique_common><accessor source="#head_jnt-Matrix-animation-input-array" count="15"><param name="TIME" type="float"/></accessor></technique_common></source><source id="head_jnt-Matrix-animation-output-transform"><float_array id="head_jnt-Matrix-animation-output-transform-array" count="240">

0.986093 0.163650 -0.028984 0.722739 -0.166197 0.970981 -0.171972 -0.050900 0.000000 0.174398 0.984675 -0.103117 0.000000 0.000000 0.000000 1.000000
0.986093 0.163650 -0.028984 0.722739 -0.166197 0.970981 -0.171972 -0.050900 0.000000 0.174398 0.984675 -0.103117 0.000000 0.000000 0.000000 1.000000
0.986093 0.163650 -0.028984 0.722739 -0.166197 0.970981 -0.171972 -0.050900 0.000000 0.174398 0.984675 -0.103117 0.000000 0.000000 0.000000 1.000000
0.986093 0.163650 -0.028984 0.722739 -0.166197 0.970981 -0.171972 -0.050900 -0.000000 0.174398 0.984675 -0.103117 0.000000 0.000000 0.000000 1.000000
0.986093 0.163650 -0.028984 0.722739 -0.166197 0.970981 -0.171972 -0.050900 0.000000 0.174398 0.984675 -0.103117 0.000000 0.000000 0.000000 1.000000
0.986093 0.163650 -0.028984 0.722739 -0.166197 0.970981 -0.171972 -0.050900 0.000000 0.174398 0.984675 -0.103117 0.000000 0.000000 0.000000 1.000000
0.986093 0.163650 -0.028984 0.722739 -0.166197 0.970981 -0.171972 -0.050900 -0.000000 0.174398 0.984675 -0.103117 0.000000 0.000000 0.000000 1.000000
0.986093 0.163650 -0.028984 0.722739 -0.166197 0.970981 -0.171972 -0.050900 -0.000000 0.174398 0.984675 -0.103117 0.000000 0.000000 0.000000 1.000000
0.986093 0.163650 -0.028984 0.722739 -0.166197 0.970981 -0.171972 -0.050900 0.000000 0.174398 0.984675 -0.103117 0.000000 0.000000 0.000000 1.000000
0.986093 0.163650 -0.028984 0.722739 -0.166197 0.970981 -0.171972 -0.050900 -0.000000 0.174398 0.984675 -0.103117 0.000000 0.000000 0.000000 1.000000
0.986093 0.163650 -0.028984 0.722739 -0.166197 0.970981 -0.171972 -0.050900 0.000000 0.174398 0.984675 -0.103117 0.000000 0.000000 0.000000 1.000000
0.986093 0.163650 -0.028984 0.722739 -0.166197 0.970981 -0.171972 -0.050900 0.000000 0.174398 0.984675 -0.103117 0.000000 0.000000 0.000000 1.000000
0.986093 0.163650 -0.028984 0.722739 -0.166197 0.970981 -0.171972 -0.050900 0.000000 0.174398 0.984675 -0.103117 0.000000 0.000000 0.000000 1.000000
0.986093 0.163650 -0.028984 0.722739 -0.166197 0.970981 -0.171972 -0.050900 -0.000000 0.174398 0.984675 -0.103117 0.000000 0.000000 0.000000 1.000000
0.986093 0.163650 -0.028984 0.722739 -0.166197 0.970981 -0.171972 -0.050900 0.000000 0.174398 0.984675 -0.103117 0.000000 0.000000 0.000000 1.000000</float_array><technique_common><accessor source="#head_jnt-Matrix-animation-output-transform-array" count="15" stride="16"><param type="float4x4"/></accessor></technique_common></source><source id="head_jnt-Interpolations"><Name_array id="head_jnt-Interpolations-array" count="15">
 LINEAR LINEAR LINEAR LINEAR LINEAR LINEAR LINEAR LINEAR LINEAR LINEAR LINEAR
LINEAR LINEAR LINEAR LINEAR</Name_array><technique_common><accessor source="#head_jnt-Interpolations-array" count="15"><param type="name"/></accessor></technique_common></source><sampler id="head_jnt-Matrix-animation-transform"><input semantic="INPUT" source="#head_jnt-Matrix-animation-input"/><input semantic="OUTPUT" source="#head_jnt-Matrix-animation-output-transform"/><input semantic="INTERPOLATION" source="#head_jnt-Interpolations"/></sampler><channel source="#head_jnt-Matrix-animation-transform" target="head_jnt/matrix"/></animation></animation>
    <animation id="r_arm01_jnt-anim" name="r_arm01_jnt"><animation><source id="r_arm01_jnt-Matrix-animation-input"><float_array id="r_arm01_jnt-Matrix-animation-input-array" count="15">

0.000000 0.033333 0.066667 0.100000 0.133333 0.166667 0.200000 0.233333 0.266667 0.300000 0.333333 0.366667 0.400000 0.433333 0.466667</float_array><technique_common><accessor source="#r_arm01_jnt-Matrix-animation-input-array" count="15"><param name="TIME" type="float"/></accessor></technique_common></source><source id="r_arm01_jnt-Matrix-animation-output-transform"><float_array id="r_arm01_jnt-Matrix-animation-output-transform-array" count="240">

-0.966114 0.145537 0.213171 -2.858765 0.216779 0.905800 0.364051 2.350029 -0.140108 0.397926 -0.906656 -0.000000 0.000000 0.000000 0.000000 1.000000
-0.966114 0.145537 0.213171 -2.858765 0.216779 0.905800 0.364051 2.350029 -0.140108 0.397926 -0.906656 -0.000000 0.000000 0.000000 0.000000 1.000000
-0.966114 0.145537 0.213171 -2.858765 0.216779 0.905800 0.364051 2.350029 -0.140108 0.397926 -0.906656 -0.000000 0.000000 0.000000 0.000000 1.000000
-0.966114 0.145537 0.213171 -2.858765 0.216779 0.905800 0.364051 2.350029 -0.140108 0.397926 -0.906656 -0.000000 0.000000 0.000000 0.000000 1.000000
-0.966114 0.145537 0.213171 -2.858765 0.216779 0.905800 0.364051 2.350029 -0.140108 0.397926 -0.906656 -0.000000 0.000000 0.000000 0.000000 1.000000
-0.966114 0.145537 0.213171 -2.858765 0.216779 0.905800 0.364051 2.350029 -0.140108 0.397926 -0.906656 -0.000000 0.000000 0.000000 0.000000 1.000000
-0.966114 0.145537 0.213171 -2.858765 0.216779 0.905800 0.364051 2.350029 -0.140108 0.397926 -0.906656 -0.000000 0.000000 0.000000 0.000000 1.000000
-0.966114 0.145537 0.213171 -2.858765 0.216779 0.905800 0.364051 2.350029 -0.140108 0.397926 -0.906656 -0.000000 0.000000 0.000000 0.000000 1.000000
-0.966114 0.145537 0.213171 -2.858765 0.216779 0.905800 0.364051 2.350029 -0.140108 0.397926 -0.906656 -0.000000 0.000000 0.000000 0.000000 1.000000
-0.966114 0.145537 0.213171 -2.858765 0.216779 0.905800 0.364051 2.350029 -0.140108 0.397926 -0.906656 -0.000000 0.000000 0.000000 0.000000 1.000000
-0.966114 0.145537 0.213171 -2.858765 0.216779 0.905800 0.364051 2.350029 -0.140108 0.397926 -0.906656 -0.000000 0.000000 0.000000 0.000000 1.000000
-0.966114 0.145537 0.213171 -2.858765 0.216779 0.905800 0.364051 2.350029 -0.140108 0.397926 -0.906656 -0.000000 0.000000 0.000000 0.000000 1.000000
-0.966114 0.145537 0.213171 -2.858765 0.216779 0.905800 0.364051 2.350029 -0.140108 0.397926 -0.906656 -0.000000 0.000000 0.000000 0.000000 1.000000
-0.966114 0.145537 0.213171 -2.858765 0.216779 0.905800 0.364051 2.350029 -0.140108 0.397926 -0.906656 -0.000000 0.000000 0.000000 0.000000 1.000000
-0.966114 0.145537 0.213171 -2.858765 0.216779 0.905800 0.364051 2.350029 -0.140108 0.397926 -0.906656 -0.000000 0.000000 0.000000 0.000000 1.000000</float_array><technique_common><accessor source="#r_arm01_jnt-Matrix-animation-output-transform-array" count="15" stride="16"><param type="float4x4"/></accessor></technique_common></source><source id="r_arm01_jnt-Interpolations"><Name_array id="r_arm01_jnt-Interpolations-array" count="15">
 LINEAR LINEAR LINEAR LINEAR LINEAR LINEAR LINEAR LINEAR LINEAR LINEAR LINEAR
LINEAR LINEAR LINEAR LINEAR</Name_array><technique_common><accessor source="#r_arm01_jnt-Interpolations-array" count="15"><param type="name"/></accessor></technique_common></source><sampler id="r_arm01_jnt-Matrix-animation-transform"><input semantic="INPUT" source="#r_arm01_jnt-Matrix-animation-input"/><input semantic="OUTPUT" source="#r_arm01_jnt-Matrix-animation-output-transform"/><input semantic="INTERPOLATION" source="#r_arm01_jnt-Interpolations"/></sampler><channel source="#r_arm01_jnt-Matrix-animation-transform" target="r_arm01_jnt/matrix"/></animation></animation>
    <animation id="r_arm02_jnt-anim" name="r_arm02_jnt"><animation><source id="r_arm02_jnt-Matrix-animation-input"><float_array id="r_arm02_jnt-Matrix-animation-input-array" count="15">

0.000000 0.033333 0.066667 0.100000 0.133333 0.166667 0.200000 0.233333 0.266667 0.300000 0.333333 0.366667 0.400000 0.433333 0.466667</float_array><technique_common><accessor source="#r_arm02_jnt-Matrix-animation-input-array" count="15"><param name="TIME" type="float"/></accessor></technique_common></source><source id="r_arm02_jnt-Matrix-animation-output-transform"><float_array id="r_arm02_jnt-Matrix-animation-output-transform-array" count="240">

0.249900 0.825837 0.505513 1.138730 -0.594918 0.542867 -0.592763 0.000000 -0.763952 -0.152607 0.626968 0.000000 0.000000 0.000000 0.000000 1.000000
0.249900 0.825837 0.505513 1.138730 -0.594918 0.542867 -0.592763 -0.000000 -0.763952 -0.152607 0.626968 -0.000000 0.000000 0.000000 0.000000 1.000000
0.249900 0.825837 0.505513 1.138730 -0.594918 0.542867 -0.592763 -0.000000 -0.763952 -0.152607 0.626968 0.000000 0.000000 0.000000 0.000000 1.000000
0.249900 0.825837 0.505513 1.138730 -0.594918 0.542867 -0.592763 -0.000000 -0.763952 -0.152607 0.626968 -0.000000 0.000000 0.000000 0.000000 1.000000
0.249900 0.825837 0.505513 1.138730 -0.594918 0.542867 -0.592763 0.000000 -0.763952 -0.152607 0.626968 -0.000000 0.000000 0.000000 0.000000 1.000000
0.249900 0.825837 0.505513 1.138730 -0.594918 0.542867 -0.592763 0.000000 -0.763952 -0.152607 0.626968 -0.000000 0.000000 0.000000 0.000000 1.000000
0.249900 0.825837 0.505513 1.138730 -0.594918 0.542867 -0.592763 0.000000 -0.763952 -0.152607 0.626968 -0.000000 0.000000 0.000000 0.000000 1.000000
0.249900 0.825837 0.505513 1.138730 -0.594918 0.542867 -0.592763 0.000000 -0.763952 -0.152607 0.626968 -0.000000 0.000000 0.000000 0.000000 1.000000
0.249900 0.825837 0.505513 1.138730 -0.594918 0.542867 -0.592763 -0.000000 -0.763952 -0.152607 0.626968 -0.000000 0.000000 0.000000 0.000000 1.000000
0.249900 0.825837 0.505513 1.138730 -0.594918 0.542867 -0.592763 0.000000 -0.763952 -0.152607 0.626968 -0.000000 0.000000 0.000000 0.000000 1.000000
0.249900 0.825837 0.505513 1.138730 -0.594918 0.542867 -0.592763 -0.000000 -0.763952 -0.152607 0.626968 -0.000000 0.000000 0.000000 0.000000 1.000000
0.249900 0.825837 0.505513 1.138730 -0.594918 0.542867 -0.592763 -0.000000 -0.763952 -0.152607 0.626968 -0.000000 0.000000 0.000000 0.000000 1.000000
0.249900 0.825837 0.505513 1.138730 -0.594918 0.542867 -0.592763 -0.000000 -0.763952 -0.152607 0.626968 -0.000000 0.000000 0.000000 0.000000 1.000000
0.249900 0.825837 0.505513 1.138730 -0.594918 0.542867 -0.592763 -0.000000 -0.763952 -0.152607 0.626968 -0.000000 0.000000 0.000000 0.000000 1.000000
0.249900 0.825837 0.505513 1.138730 -0.594918 0.542867 -0.592763 0.000000 -0.763952 -0.152607 0.626968 0.000000 0.000000 0.000000 0.000000 1.000000</float_array><technique_common><accessor source="#r_arm02_jnt-Matrix-animation-output-transform-array" count="15" stride="16"><param type="float4x4"/></accessor></technique_common></source><source id="r_arm02_jnt-Interpolations"><Name_array id="r_arm02_jnt-Interpolations-array" count="15">
 LINEAR LINEAR LINEAR LINEAR LINEAR LINEAR LINEAR LINEAR LINEAR LINEAR LINEAR
LINEAR LINEAR LINEAR LINEAR</Name_array><technique_common><accessor source="#r_arm02_jnt-Interpolations-array" count="15"><param type="name"/></accessor></technique_common></source><sampler id="r_arm02_jnt-Matrix-animation-transform"><input semantic="INPUT" source="#r_arm02_jnt-Matrix-animation-input"/><input semantic="OUTPUT" source="#r_arm02_jnt-Matrix-animation-output-transform"/><input semantic="INTERPOLATION" source="#r_arm02_jnt-Interpolations"/></sampler><channel source="#r_arm02_jnt-Matrix-animation-transform" target="r_arm02_jnt/matrix"/></animation></animation>
    <animation id="r_arm03_jnt-anim" name="r_arm03_jnt"><animation><source id="r_arm03_jnt-Matrix-animation-input"><float_array id="r_arm03_jnt-Matrix-animation-input-array" count="15">

0.000000 0.033333 0.066667 0.100000 0.133333 0.166667 0.200000 0.233333 0.266667 0.300000 0.333333 0.366667 0.400000 0.433333 0.466667</float_array><technique_common><accessor source="#r_arm03_jnt-Matrix-animation-input-array" count="15"><param name="TIME" type="float"/></accessor></technique_common></source><source id="r_arm03_jnt-Matrix-animation-output-transform"><float_array id="r_arm03_jnt-Matrix-animation-output-transform-array" count="240">

0.352341 -0.802443 0.481602 1.221893 0.525767 0.595441 0.607469 -0.328918 -0.774225 0.039174 0.631697 -0.000000 0.000000 0.000000 0.000000 1.000000
0.347529 -0.807843 0.476039 1.224879 0.528960 0.588094 0.611839 -0.325415 -0.774225 0.039174 0.631697 -0.000000 0.000000 0.000000 0.000000 1.000000
0.340909 -0.815111 0.468376 1.228905 0.533251 0.577979 0.617724 -0.320588 -0.774225 0.039174 0.631697 -0.000000 0.000000 0.000000 0.000000 1.000000
0.334658 -0.821805 0.461130 1.232622 0.537196 0.568421 0.623152 -0.316019 -0.774225 0.039174 0.631697 -0.000000 0.000000 0.000000 0.000000 1.000000
0.330616 -0.826049 0.456439 1.234983 0.539693 0.562236 0.626596 -0.313060 -0.774225 0.039174 0.631697 -0.000000 0.000000 0.000000 0.000000 1.000000
0.329802 -0.826895 0.455494 1.235455 0.540190 0.560990 0.627283 -0.312463 -0.774225 0.039174 0.631697 -0.000000 0.000000 0.000000 0.000000 1.000000
0.331708 -0.824909 0.457707 1.234349 0.539022 0.563907 0.625671 -0.313860 -0.774225 0.039174 0.631697 -0.000000 0.000000 0.000000 0.000000 1.000000
0.336048 -0.820330 0.462743 1.231802 0.536327 0.570548 0.621956 -0.317036 -0.774225 0.039174 0.631697 -0.000000 0.000000 0.000000 0.000000 1.000000
0.342300 -0.813599 0.469987 1.228066 0.532359 0.580106 0.616499 -0.321603 -0.774225 0.039174 0.631697 -0.000000 0.000000 0.000000 0.000000 1.000000
0.348398 -0.806875 0.477044 1.224343 0.528388 0.589422 0.611055 -0.326048 -0.774225 0.039174 0.631697 -0.000000 0.000000 0.000000 0.000000 1.000000
0.353476 -0.801155 0.482913 1.221182 0.525005 0.597174 0.606427 -0.329743 -0.774225 0.039174 0.631697 -0.000000 0.000000 0.000000 0.000000 1.000000
0.357520 -0.796520 0.487581 1.218624 0.522260 0.603342 0.602680 -0.332679 -0.774225 0.039174 0.631697 -0.000000 0.000000 0.000000 0.000000 1.000000
0.359719 -0.793968 0.490119 1.217218 0.520747 0.606696 0.600619 -0.334275 -0.774225 0.039174 0.631697 -0.000000 0.000000 0.000000 0.000000 1.000000
0.358342 -0.795569 0.488530 1.218100 0.521696 0.604596 0.601912 -0.333276 -0.774225 0.039174 0.631697 -0.000000 0.000000 0.000000 0.000000 1.000000
0.352341 -0.802443 0.481602 1.221893 0.525767 0.595441 0.607469 -0.328918 -0.774225 0.039174 0.631697 -0.000000 0.000000 0.000000 0.000000 1.000000</float_array><technique_common><accessor source="#r_arm03_jnt-Matrix-animation-output-transform-array" count="15" stride="16"><param type="float4x4"/></accessor></technique_common></source><source id="r_arm03_jnt-Interpolations"><Name_array id="r_arm03_jnt-Interpolations-array" count="15">
 LINEAR LINEAR LINEAR LINEAR LINEAR LINEAR LINEAR LINEAR LINEAR LINEAR LINEAR
LINEAR LINEAR LINEAR LINEAR</Name_array><technique_common><accessor source="#r_arm03_jnt-Interpolations-array" count="15"><param type="name"/></accessor></technique_common></source><sampler id="r_arm03_jnt-Matrix-animation-transform"><input semantic="INPUT" source="#r_arm03_jnt-Matrix-animation-input"/><input semantic="OUTPUT" source="#r_arm03_jnt-Matrix-animation-output-transform"/><input semantic="INTERPOLATION" source="#r_arm03_jnt-Interpolations"/></sampler><channel source="#r_arm03_jnt-Matrix-animation-transform" target="r_arm03_jnt/matrix"/></animation></animation>
    <animation id="r_arm04_jnt-anim" name="r_arm04_jnt"><animation><source id="r_arm04_jnt-Matrix-animation-input"><float_array id="r_arm04_jnt-Matrix-animation-input-array" count="15">

0.000000 0.033333 0.066667 0.100000 0.133333 0.166667 0.200000 0.233333 0.266667 0.300000 0.333333 0.366667 0.400000 0.433333 0.466667</float_array><technique_common><accessor source="#r_arm04_jnt-Matrix-animation-input-array" count="15"><param name="TIME" type="float"/></accessor></technique_common></source><source id="r_arm04_jnt-Matrix-animation-output-transform"><float_array id="r_arm04_jnt-Matrix-animation-output-transform-array" count="240">

0.979963 -0.195802 -0.036522 3.327914 0.195407 0.980621 -0.014117 -0.000000 0.038578 0.006697 0.999233 -0.000000 0.000000 0.000000 0.000000 1.000000
0.983358 -0.177889 -0.036901 3.327914 0.177477 0.984023 -0.014189 -0.000000 0.038836 0.007404 0.999218 -0.000000 0.000000 0.000000 0.000000 1.000000
0.987466 -0.153329 -0.037422 3.327914 0.152892 0.988140 -0.014276 -0.000000 0.039167 0.008376 0.999198 0.000000 0.000000 0.000000 0.000000 1.000000
0.990759 -0.130230 -0.037911 3.327914 0.129770 0.991440 -0.014346 -0.000000 0.039455 0.009294 0.999178 -0.000000 0.000000 0.000000 0.000000 1.000000
0.992590 -0.115345 -0.038226 3.327914 0.114871 0.993276 -0.014385 -0.000000 0.039629 0.009887 0.999166 0.000000 0.000000 0.000000 0.000000 1.000000
0.992930 -0.112353 -0.038290 3.327914 0.111875 0.993618 -0.014392 -0.000000 0.039662 0.010007 0.999163 0.000000 0.000000 0.000000 0.000000 1.000000
0.992118 -0.119362 -0.038141 3.327914 0.118892 0.992803 -0.014375 -0.000000 0.039583 0.009727 0.999169 -0.000000 0.000000 0.000000 0.000000 1.000000
0.990075 -0.135360 -0.037802 3.327914 0.134906 0.990755 -0.014332 -0.000000 0.039393 0.009090 0.999182 0.000000 0.000000 0.000000 0.000000 1.000000
0.986657 -0.158482 -0.037313 3.327914 0.158051 0.987328 -0.014259 -0.000000 0.039100 0.008171 0.999202 0.000000 0.000000 0.000000 0.000000 1.000000
0.982771 -0.181122 -0.036833 3.327914 0.180713 0.983434 -0.014177 -0.000000 0.038790 0.007276 0.999221 -0.000000 0.000000 0.000000 0.000000 1.000000
0.979111 -0.200034 -0.036432 3.327914 0.199643 0.979767 -0.014099 -0.000000 0.038515 0.006531 0.999237 -0.000000 0.000000 0.000000 0.000000 1.000000
0.975918 -0.215126 -0.036113 3.327914 0.214750 0.976568 -0.014031 -0.000000 0.038285 0.005938 0.999249 0.000000 0.000000 0.000000 0.000000 1.000000
0.974076 -0.223349 -0.035938 3.327914 0.222981 0.974722 -0.013992 -0.000000 0.038155 0.005616 0.999256 -0.000000 0.000000 0.000000 0.000000 1.000000
0.975238 -0.218199 -0.036048 3.327914 0.217826 0.975887 -0.014017 -0.000000 0.038237 0.005818 0.999252 -0.000000 0.000000 0.000000 0.000000 1.000000
0.979963 -0.195802 -0.036522 3.327914 0.195407 0.980621 -0.014117 -0.000000 0.038578 0.006697 0.999233 -0.000000 0.000000 0.000000 0.000000 1.000000</float_array><technique_common><accessor source="#r_arm04_jnt-Matrix-animation-output-transform-array" count="15" stride="16"><param type="float4x4"/></accessor></technique_common></source><source id="r_arm04_jnt-Interpolations"><Name_array id="r_arm04_jnt-Interpolations-array" count="15">
 LINEAR LINEAR LINEAR LINEAR LINEAR LINEAR LINEAR LINEAR LINEAR LINEAR LINEAR
LINEAR LINEAR LINEAR LINEAR</Name_array><technique_common><accessor source="#r_arm04_jnt-Interpolations-array" count="15"><param type="name"/></accessor></technique_common></source><sampler id="r_arm04_jnt-Matrix-animation-transform"><input semantic="INPUT" source="#r_arm04_jnt-Matrix-animation-input"/><input semantic="OUTPUT" source="#r_arm04_jnt-Matrix-animation-output-transform"/><input semantic="INTERPOLATION" source="#r_arm04_jnt-Interpolations"/></sampler><channel source="#r_arm04_jnt-Matrix-animation-transform" target="r_arm04_jnt/matrix"/></animation></animation>
    <animation id="r_arm05_jnt-anim" name="r_arm05_jnt"><animation><source id="r_arm05_jnt-Matrix-animation-input"><float_array id="r_arm05_jnt-Matrix-animation-input-array" count="15">

0.000000 0.033333 0.066667 0.100000 0.133333 0.166667 0.200000 0.233333 0.266667 0.300000 0.333333 0.366667 0.400000 0.433333 0.466667</float_array><technique_common><accessor source="#r_arm05_jnt-Matrix-animation-input-array" count="15"><param name="TIME" type="float"/></accessor></technique_common></source><source id="r_arm05_jnt-Matrix-animation-output-transform"><float_array id="r_arm05_jnt-Matrix-animation-output-transform-array" count="240">

-0.112999 0.993593 0.002268 1.353106 -0.993593 -0.112993 -0.002540 -0.000000 -0.002268 -0.002540 0.999994 0.000000 0.000000 0.000000 0.000000 1.000000
-0.112999 0.993593 0.002268 1.353106 -0.993593 -0.112993 -0.002540 -0.000000 -0.002268 -0.002540 0.999994 -0.000000 0.000000 0.000000 0.000000 1.000000
-0.112999 0.993593 0.002268 1.353106 -0.993593 -0.112993 -0.002540 -0.000000 -0.002268 -0.002540 0.999994 0.000000 0.000000 0.000000 0.000000 1.000000
-0.112999 0.993593 0.002268 1.353106 -0.993593 -0.112993 -0.002540 -0.000000 -0.002268 -0.002540 0.999994 -0.000000 0.000000 0.000000 0.000000 1.000000
-0.112999 0.993593 0.002268 1.353106 -0.993593 -0.112993 -0.002540 -0.000000 -0.002268 -0.002540 0.999994 0.000000 0.000000 0.000000 0.000000 1.000000
-0.112999 0.993593 0.002268 1.353106 -0.993593 -0.112993 -0.002540 -0.000000 -0.002268 -0.002540 0.999994 -0.000000 0.000000 0.000000 0.000000 1.000000
-0.112999 0.993593 0.002268 1.353106 -0.993593 -0.112993 -0.002540 -0.000000 -0.002268 -0.002540 0.999994 0.000000 0.000000 0.000000 0.000000 1.000000
-0.112999 0.993593 0.002268 1.353106 -0.993593 -0.112993 -0.002540 -0.000000 -0.002268 -0.002540 0.999994 0.000000 0.000000 0.000000 0.000000 1.000000
-0.112999 0.993593 0.002268 1.353106 -0.993593 -0.112993 -0.002540 0.000000 -0.002268 -0.002540 0.999994 -0.000000 0.000000 0.000000 0.000000 1.000000
-0.112999 0.993593 0.002268 1.353106 -0.993593 -0.112993 -0.002540 -0.000000 -0.002268 -0.002540 0.999994 -0.000000 0.000000 0.000000 0.000000 1.000000
-0.112999 0.993593 0.002268 1.353106 -0.993593 -0.112993 -0.002540 -0.000000 -0.002268 -0.002540 0.999994 -0.000000 0.000000 0.000000 0.000000 1.000000
-0.112999 0.993593 0.002268 1.353106 -0.993593 -0.112993 -0.002540 -0.000000 -0.002268 -0.002540 0.999994 -0.000000 0.000000 0.000000 0.000000 1.000000
-0.112999 0.993593 0.002268 1.353106 -0.993593 -0.112993 -0.002540 -0.000000 -0.002268 -0.002540 0.999994 0.000000 0.000000 0.000000 0.000000 1.000000
-0.112999 0.993593 0.002268 1.353106 -0.993593 -0.112993 -0.002540 -0.000000 -0.002268 -0.002540 0.999994 0.000000 0.000000 0.000000 0.000000 1.000000
-0.112999 0.993593 0.002268 1.353106 -0.993593 -0.112993 -0.002540 -0.000000 -0.002268 -0.002540 0.999994 0.000000 0.000000 0.000000 0.000000 1.000000</float_array><technique_common><accessor source="#r_arm05_jnt-Matrix-animation-output-transform-array" count="15" stride="16"><param type="float4x4"/></accessor></technique_common></source><source id="r_arm05_jnt-Interpolations"><Name_array id="r_arm05_jnt-Interpolations-array" count="15">
 LINEAR LINEAR LINEAR LINEAR LINEAR LINEAR LINEAR LINEAR LINEAR LINEAR LINEAR
LINEAR LINEAR LINEAR LINEAR</Name_array><technique_common><accessor source="#r_arm05_jnt-Interpolations-array" count="15"><param type="name"/></accessor></technique_common></source><sampler id="r_arm05_jnt-Matrix-animation-transform"><input semantic="INPUT" source="#r_arm05_jnt-Matrix-animation-input"/><input semantic="OUTPUT" source="#r_arm05_jnt-Matrix-animation-output-transform"/><input semantic="INTERPOLATION" source="#r_arm05_jnt-Interpolations"/></sampler><channel source="#r_arm05_jnt-Matrix-animation-transform" target="r_arm05_jnt/matrix"/></animation></animation>
    <animation id="scythe01_jnt-anim" name="scythe01_jnt"><animation><source id="scythe01_jnt-Matrix-animation-input"><float_array id="scythe01_jnt-Matrix-animation-input-array" count="15">

0.000000 0.033333 0.066667 0.100000 0.133333 0.166667 0.200000 0.233333 0.266667 0.300000 0.333333 0.366667 0.400000 0.433333 0.466667</float_array><technique_common><accessor source="#scythe01_jnt-Matrix-animation-input-array" count="15"><param name="TIME" type="float"/></accessor></technique_common></source><source id="scythe01_jnt-Matrix-animation-output-transform"><float_array id="scythe01_jnt-Matrix-animation-output-transform-array" count="240">

-0.792902 -0.609266 -0.010108 4.703162 0.609153 -0.792958 0.012256 0.000000 -0.015482 0.003561 0.999874 0.000000 0.000000 0.000000 0.000000 1.000000
-0.803882 -0.594697 -0.010424 4.703162 0.594578 -0.803941 0.012494 0.000000 -0.015810 0.003846 0.999868 0.000000 0.000000 0.000000 0.000000 1.000000
-0.818447 -0.574480 -0.010862 4.703162 0.574353 -0.818508 0.012810 0.000000 -0.016250 0.004246 0.999859 0.000000 0.000000 0.000000 0.000000 1.000000
-0.831632 -0.555213 -0.011280 4.703162 0.555078 -0.831695 0.013096 0.000000 -0.016652 0.004630 0.999851 0.000000 0.000000 0.000000 0.000000 1.000000
-0.839868 -0.542668 -0.011551 4.703162 0.542528 -0.839933 0.013274 0.000000 -0.016906 0.004882 0.999845 0.000000 0.000000 0.000000 0.000000 1.000000
-0.841499 -0.540134 -0.011606 4.703162 0.539993 -0.841564 0.013310 0.000000 -0.016957 0.004933 0.999844 0.000000 0.000000 0.000000 0.000000 1.000000
-0.837665 -0.546063 -0.011478 4.703162 0.545924 -0.837730 0.013227 0.000000 -0.016838 0.004813 0.999847 0.000000 0.000000 0.000000 0.000000 1.000000
-0.828746 -0.559513 -0.011186 4.703162 0.559380 -0.828809 0.013033 0.000000 -0.016564 0.004544 0.999852 0.000000 0.000000 0.000000 0.000000 1.000000
-0.815437 -0.578745 -0.010769 4.703162 0.578620 -0.815498 0.012745 0.000000 -0.016158 0.004161 0.999861 0.000000 0.000000 0.000000 0.000000 1.000000
-0.801923 -0.597338 -0.010366 4.703162 0.597220 -0.801981 0.012452 0.000000 -0.015751 0.003794 0.999869 0.000000 0.000000 0.000000 0.000000 1.000000
-0.790263 -0.612685 -0.010034 4.703162 0.612574 -0.790319 0.012199 0.000000 -0.015404 0.003494 0.999875 0.000000 0.000000 0.000000 0.000000 1.000000
-0.780713 -0.624813 -0.009771 4.703162 0.624706 -0.780768 0.011992 0.000000 -0.015121 0.003258 0.999880 0.000000 0.000000 0.000000 0.000000 1.000000
-0.775418 -0.631374 -0.009628 4.703162 0.631270 -0.775472 0.011877 0.000000 -0.014965 0.003131 0.999883 0.000000 0.000000 0.000000 0.000000 1.000000
-0.778743 -0.627268 -0.009717 4.703162 0.627163 -0.778797 0.011949 0.000000 -0.015063 0.003211 0.999881 0.000000 0.000000 0.000000 0.000000 1.000000
-0.792902 -0.609266 -0.010108 4.703162 0.609153 -0.792958 0.012256 0.000000 -0.015482 0.003561 0.999874 0.000000 0.000000 0.000000 0.000000 1.000000</float_array><technique_common><accessor source="#scythe01_jnt-Matrix-animation-output-transform-array" count="15" stride="16"><param type="float4x4"/></accessor></technique_common></source><source id="scythe01_jnt-Interpolations"><Name_array id="scythe01_jnt-Interpolations-array" count="15">
 LINEAR LINEAR LINEAR LINEAR LINEAR LINEAR LINEAR LINEAR LINEAR LINEAR LINEAR
LINEAR LINEAR LINEAR LINEAR</Name_array><technique_common><accessor source="#scythe01_jnt-Interpolations-array" count="15"><param type="name"/></accessor></technique_common></source><sampler id="scythe01_jnt-Matrix-animation-transform"><input semantic="INPUT" source="#scythe01_jnt-Matrix-animation-input"/><input semantic="OUTPUT" source="#scythe01_jnt-Matrix-animation-output-transform"/><input semantic="INTERPOLATION" source="#scythe01_jnt-Interpolations"/></sampler><channel source="#scythe01_jnt-Matrix-animation-transform" target="scythe01_jnt/matrix"/></animation></animation>
    <animation id="scythe02_jnt-anim" name="scythe02_jnt"><animation><source id="scythe02_jnt-Matrix-animation-input"><float_array id="scythe02_jnt-Matrix-animation-input-array" count="15">

0.000000 0.033333 0.066667 0.100000 0.133333 0.166667 0.200000 0.233333 0.266667 0.300000 0.333333 0.366667 0.400000 0.433333 0.466667</float_array><technique_common><accessor source="#scythe02_jnt-Matrix-animation-input-array" count="15"><param name="TIME" type="float"/></accessor></technique_common></source><source id="scythe02_jnt-Matrix-animation-output-transform"><float_array id="scythe02_jnt-Matrix-animation-output-transform-array" count="240">

0.923010 -0.384685 0.008339 2.551548 0.384685 0.923047 0.001668 0.000000 -0.008339 0.001668 0.999964 -0.000000 0.000000 0.000000 0.000000 1.000000
0.923010 -0.384685 0.008339 2.551548 0.384685 0.923047 0.001668 0.000000 -0.008339 0.001668 0.999964 -0.000000 0.000000 0.000000 0.000000 1.000000
0.923010 -0.384685 0.008339 2.551548 0.384685 0.923047 0.001668 0.000000 -0.008339 0.001668 0.999964 -0.000000 0.000000 0.000000 0.000000 1.000000
0.923010 -0.384685 0.008339 2.551548 0.384685 0.923047 0.001668 0.000000 -0.008339 0.001668 0.999964 -0.000000 0.000000 0.000000 0.000000 1.000000
0.923010 -0.384685 0.008339 2.551548 0.384685 0.923047 0.001668 0.000000 -0.008339 0.001668 0.999964 -0.000000 0.000000 0.000000 0.000000 1.000000
