<?xml version="1.0" encoding="utf-8"?>
<COLLADA xmlns="http://www.collada.org/2005/11/COLLADASchema" version="1.4.1">
  <asset><contributor><author></author><authoring_tool>FBX COLLADA exporter</authoring_tool><comments></comments></contributor><created>2020-01-21T13:28:19Z</created><keywords></keywords><modified>2020-01-21T13:28:19Z</modified><revision></revision><subject></subject><title></title><unit meter="0.010000" name="centimeter"></unit><up_axis>Y_UP</up_axis></asset>
  <library_animations>
    <animation id="root_jnt-anim" name="root_jnt"><animation><source id="root_jnt-Matrix-animation-input"><float_array id="root_jnt-Matrix-animation-input-array" count="15">

0.000000 0.033333 0.066667 0.100000 0.133333 0.166667 0.200000 0.233333 0.266667 0.300000 0.333333 0.366667 0.400000 0.433333 0.466667</float_array><technique_common><accessor source="#root_jnt-Matrix-animation-input-array" count="15"><param name="TIME" type="float"/></accessor></technique_common></source><source id="root_jnt-Matrix-animation-output-transform"><float_array id="root_jnt-Matrix-animation-output-transform-array" count="240">

1.000000 0.000000 0.000000 0.000000 0.000000 1.000000 0.000000 0.000000 0.000000 0.000000 1.000000 0.000000 0.000000 0.000000 0.000000 1.000000
1.000000 0.000000 0.000000 0.000000 0.000000 1.000000 0.000000 0.000000 0.000000 0.000000 1.000000 0.000000 0.000000 0.000000 0.000000 1.000000
1.000000 0.000000 0.000000 0.000000 0.000000 1.000000 0.000000 0.000000 0.000000 0.000000 1.000000 0.000000 0.000000 0.000000 0.000000 1.000000
1.000000 0.000000 0.000000 0.000000 0.000000 1.000000 0.000000 0.000000 0.000000 0.000000 1.000000 0.000000 0.000000 0.000000 0.000000 1.000000
1.000000 0.000000 0.000000 0.000000 0.000000 1.000000 0.000000 0.000000 0.000000 0.000000 1.000000 0.000000 0.000000 0.000000 0.000000 1.000000
1.000000 0.000000 0.000000 0.000000 0.000000 1.000000 0.000000 0.000000 0.000000 0.000000 1.000000 0.000000 0.000000 0.000000 0.000000 1.000000
1.000000 0.000000 0.000000 0.000000 0.000000 1.000000 0.000000 0.000000 0.000000 0.000000 1.000000 0.000000 0.000000 0.000000 0.000000 1.000000
1.000000 0.000000 0.000000 0.000000 0.000000 1.000000 0.000000 0.000000 0.000000 0.000000 1.000000 0.000000 0.000000 0.000000 0.000000 1.000000
1.000000 0.000000 0.000000 0.000000 0.000000 1.000000 0.000000 0.000000 0.000000 0.000000 1.000000 0.000000 0.000000 0.000000 0.000000 1.000000
1.000000 0.000000 0.000000 0.000000 0.000000 1.000000 0.000000 0.000000 0.000000 0.000000 1.000000 0.000000 0.000000 0.000000 0.000000 1.000000
1.000000 0.000000 0.000000 0.000000 0.000000 1.000000 0.000000 0.000000 0.000000 0.000000 1.000000 0.000000 0.000000 0.000000 0.000000 1.000000
1.000000 0.000000 0.000000 0.000000 0.000000 1.000000 0.000000 0.000000 0.000000 0.000000 1.000000 0.000000 0.000000 0.000000 0.000000 1.000000
1.000000 0.000000 0.000000 0.000000 0.000000 1.000000 0.000000 0.000000 0.000000 0.000000 1.000000 0.000000 0.000000 0.000000 0.000000 1.000000
1.000000 0.000000 0.000000 0.000000 0.000000 1.000000 0.000000 0.000000 0.000000 0.000000 1.000000 0.000000 0.000000 0.000000 0.000000 1.000000
1.000000 0.000000 0.000000 0.000000 0.000000 1.000000 0.000000 0.000000 0.000000 0.000000 1.000000 0.000000 0.000000 0.000000 0.000000 1.000000</float_array><technique_common><accessor source="#root_jnt-Matrix-animation-output-transform-array" count="15" stride="16"><param type="float4x4"/></accessor></technique_common></source><source id="root_jnt-Interpolations"><Name_array id="root_jnt-Interpolations-array" count="15">
 LINEAR LINEAR LINEAR LINEAR LINEAR LINEAR LINEAR LINEAR LINEAR LINEAR LINEAR
LINEAR LINEAR LINEAR LINEAR</Name_array><technique_common><accessor source="#root_jnt-Interpolations-array" count="15"><param type="name"/></accessor></technique_common></source><sampler id="root_jnt-Matrix-animation-transform"><input semantic="INPUT" source="#root_jnt-Matrix-animation-input"/><input semantic="OUTPUT" source="#root_jnt-Matrix-animation-output-transform"/><input semantic="INTERPOLATION" source="#root_jnt-Interpolations"/></sampler><channel source="#root_jnt-Matrix-animation-transform" target="root_jnt/matrix"/></animation></animation>
    <animation id="jnt_spine2-anim" name="jnt_spine2"><animation><source id="jnt_spine2-Matrix-animation-input"><float_array id="jnt_spine2-Matrix-animation-input-array" count="15">

0.000000 0.033333 0.066667 0.100000 0.133333 0.166667 0.200000 0.233333 0.266667 0.300000 0.333333 0.366667 0.400000 0.433333 0.466667</float_array><technique_common><accessor source="#jnt_spine2-Matrix-animation-input-array" count="15"><param name="TIME" type="float"/></accessor></technique_common></source><source id="jnt_spine2-Matrix-animation-output-transform"><float_array id="jnt_spine2-Matrix-animation-output-transform-array" count="240">

0.681061 0.352008 -0.642064 -0.275847 -0.097390 0.912622 0.397034 5.367810 0.725721 -0.207874 0.655833 0.477488 0.000000 0.000000 0.000000 1.000000
0.672946 0.220531 -0.706053 -0.215891 -0.088220 0.971638 0.219402 5.614193 0.734412 -0.085358 0.673315 0.075572 0.000000 0.000000 0.000000 1.000000
0.650396 -0.050479 -0.757916 -0.065343 -0.070947 0.989391 -0.126778 6.218771 0.756275 0.136228 0.639915 -0.670843 0.000000 0.000000 0.000000 1.000000
0.616779 -0.207893 -0.759187 0.131810 -0.059998 0.949269 -0.308688 6.979680 0.784847 0.235941 0.573016 -1.072758 0.000000 0.000000 0.000000 1.000000
0.577716 -0.071906 -0.813064 0.331586 -0.057935 0.989987 -0.128718 7.740230 0.814179 0.121468 0.567766 -0.709480 0.000000 0.000000 0.000000 1.000000
0.540232 0.084104 -0.837303 0.490000 -0.059764 0.996315 0.061516 8.410117 0.839391 0.016807 0.543268 -0.167000 0.000000 0.000000 0.000000 1.000000
0.511384 0.045526 -0.858146 0.568596 -0.066648 0.997689 0.013212 8.887056 0.856764 0.050437 0.513236 0.186529 0.000000 0.000000 0.000000 1.000000
0.498311 0.017334 -0.866825 0.585656 -0.080495 0.996407 -0.026349 9.068766 0.863254 0.082905 0.497916 0.360857 0.000000 0.000000 0.000000 1.000000
0.502498 0.114578 -0.856953 0.557613 -0.115981 0.991154 0.064513 9.062854 0.856764 0.066972 0.511341 0.227005 0.000000 0.000000 0.000000 1.000000
0.517260 0.254023 -0.817260 0.482091 -0.166927 0.966540 0.194771 9.021469 0.839391 0.035676 0.542356 -0.024148 0.000000 0.000000 0.000000 1.000000
0.544545 0.323190 -0.773963 0.372000 -0.201455 0.946164 0.253358 8.909138 0.814179 0.017954 0.580337 -0.167000 0.000000 0.000000 0.000000 1.000000
0.588004 0.292493 -0.754121 0.201546 -0.195619 0.956076 0.218294 8.690389 0.784847 0.019162 0.619394 -0.174875 0.000000 0.000000 0.000000 1.000000
0.634208 0.222859 -0.740347 -0.013460 -0.160715 0.974641 0.155712 8.329749 0.756275 0.020231 0.653941 -0.176000 0.000000 0.000000 0.000000 1.000000
0.668313 0.272141 -0.692313 -0.197697 -0.118306 0.957717 0.262264 6.737926 0.734412 -0.093370 0.672251 0.150744 0.000000 0.000000 0.000000 1.000000
0.681061 0.352008 -0.642064 -0.275847 -0.097390 0.912622 0.397034 5.367810 0.725721 -0.207874 0.655833 0.477488 0.000000 0.000000 0.000000 1.000000</float_array><technique_common><accessor source="#jnt_spine2-Matrix-animation-output-transform-array" count="15" stride="16"><param type="float4x4"/></accessor></technique_common></source><source id="jnt_spine2-Interpolations"><Name_array id="jnt_spine2-Interpolations-array" count="15">
 LINEAR LINEAR LINEAR LINEAR LINEAR LINEAR LINEAR LINEAR LINEAR LINEAR LINEAR
LINEAR LINEAR LINEAR LINEAR</Name_array><technique_common><accessor source="#jnt_spine2-Interpolations-array" count="15"><param type="name"/></accessor></technique_common></source><sampler id="jnt_spine2-Matrix-animation-transform"><input semantic="INPUT" source="#jnt_spine2-Matrix-animation-input"/><input semantic="OUTPUT" source="#jnt_spine2-Matrix-animation-output-transform"/><input semantic="INTERPOLATION" source="#jnt_spine2-Interpolations"/></sampler><channel source="#jnt_spine2-Matrix-animation-transform" target="jnt_spine2/matrix"/></animation></animation>
    <animation id="neck_jnt-anim" name="neck_jnt"><animation><source id="neck_jnt-Matrix-animation-input"><float_array id="neck_jnt-Matrix-animation-input-array" count="15">

0.000000 0.033333 0.066667 0.100000 0.133333 0.166667 0.200000 0.233333 0.266667 0.300000 0.333333 0.366667 0.400000 0.433333 0.466667</float_array><technique_common><accessor source="#neck_jnt-Matrix-animation-input-array" count="15"><param name="TIME" type="float"/></accessor></technique_common></source><source id="neck_jnt-Matrix-animation-output-transform"><float_array id="neck_jnt-Matrix-animation-output-transform-array" count="240">

1.000000 -0.000000 0.000000 -1.220000 0.000000 1.000000 0.000000 2.357033 -0.000000 -0.000000 1.000000 2.698746 0.000000 0.000000 0.000000 1.000000
1.000000 -0.000000 0.000000 -1.220000 0.000000 1.000000 0.000000 2.357033 -0.000000 -0.000000 1.000000 2.698746 0.000000 0.000000 0.000000 1.000000
1.000000 -0.000000 0.000000 -1.220000 0.000000 1.000000 0.000000 2.357033 -0.000000 -0.000000 1.000000 2.698746 0.000000 0.000000 0.000000 1.000000
1.000000 -0.000000 0.000000 -1.220000 0.000000 1.000000 0.000000 2.357033 -0.000000 -0.000000 1.000000 2.698746 0.000000 0.000000 0.000000 1.000000
1.000000 -0.000000 0.000000 -1.220000 0.000000 1.000000 0.000000 2.357033 -0.000000 -0.000000 1.000000 2.698746 0.000000 0.000000 0.000000 1.000000
1.000000 -0.000000 0.000000 -1.220000 0.000000 1.000000 0.000000 2.357033 -0.000000 -0.000000 1.000000 2.698746 0.000000 0.000000 0.000000 1.000000
1.000000 -0.000000 0.000000 -1.220000 0.000000 1.000000 0.000000 2.357033 -0.000000 -0.000000 1.000000 2.698746 0.000000 0.000000 0.000000 1.000000
1.000000 -0.000000 0.000000 -1.220000 0.000000 1.000000 0.000000 2.357033 -0.000000 -0.000000 1.000000 2.698746 0.000000 0.000000 0.000000 1.000000
1.000000 -0.000000 0.000000 -1.220000 0.000000 1.000000 0.000000 2.357033 -0.000000 -0.000000 1.000000 2.698746 0.000000 0.000000 0.000000 1.000000
1.000000 -0.000000 0.000000 -1.220000 0.000000 1.000000 0.000000 2.357033 -0.000000 -0.000000 1.000000 2.698746 0.000000 0.000000 0.000000 1.000000
1.000000 -0.000000 0.000000 -1.220000 0.000000 1.000000 0.000000 2.357033 -0.000000 -0.000000 1.000000 2.698746 0.000000 0.000000 0.000000 1.000000
1.000000 -0.000000 0.000000 -1.220000 0.000000 1.000000 0.000000 2.357033 -0.000000 -0.000000 1.000000 2.698746 0.000000 0.000000 0.000000 1.000000
1.000000 -0.000000 0.000000 -1.220000 0.000000 1.000000 0.000000 2.357033 -0.000000 -0.000000 1.000000 2.698746 0.000000 0.000000 0.000000 1.000000
1.000000 -0.000000 0.000000 -1.220000 0.000000 1.000000 0.000000 2.357033 -0.000000 -0.000000 1.000000 2.698746 0.000000 0.000000 0.000000 1.000000
1.000000 -0.000000 0.000000 -1.220000 0.000000 1.000000 0.000000 2.357033 -0.000000 -0.000000 1.000000 2.698746 0.000000 0.000000 0.000000 1.000000</float_array><technique_common><accessor source="#neck_jnt-Matrix-animation-output-transform-array" count="15" stride="16"><param type="float4x4"/></accessor></technique_common></source><source id="neck_jnt-Interpolations"><Name_array id="neck_jnt-Interpolations-array" count="15">
 LINEAR LINEAR LINEAR LINEAR LINEAR LINEAR LINEAR LINEAR LINEAR LINEAR LINEAR
LINEAR LINEAR LINEAR LINEAR</Name_array><technique_common><accessor source="#neck_jnt-Interpolations-array" count="15"><param type="name"/></accessor></technique_common></source><sampler id="neck_jnt-Matrix-animation-transform"><input semantic="INPUT" source="#neck_jnt-Matrix-animation-input"/><input semantic="OUTPUT" source="#neck_jnt-Matrix-animation-output-transform"/><input semantic="INTERPOLATION" source="#neck_jnt-Interpolations"/></sampler><channel source="#neck_jnt-Matrix-animation-transform" target="neck_jnt/matrix"/></animation></animation>
    <animation id="head_jnt-anim" name="head_jnt"><animation><source id="head_jnt-Matrix-animation-input"><float_array id="head_jnt-Matrix-animation-input-array" count="15">

0.000000 0.033333 0.066667 0.100000 0.133333 0.166667 0.200000 0.233333 0.266667 0.300000 0.333333 0.366667 0.400000 0.433333 0.466667</float_array><technique_common><accessor source="#head_jnt-Matrix-animation-input-array" count="15"><param name="TIME" type="float"/></accessor></technique_common></source><source id="head_jnt-Matrix-animation-output-transform"><float_array id="head_jnt-Matrix-animation-output-transform-array" count="240">

0.813265 -0.207734 -0.543550 0.595216 0.031995 0.948656 -0.314687 0.585912 0.581013 0.238533 0.778156 -0.006286 0.000000 0.000000 0.000000 1.000000
0.799959 -0.174630 -0.574082 0.595216 0.047737 0.972204 -0.229216 0.585912 0.598153 0.155958 0.786060 -0.006286 0.000000 0.000000 0.000000 1.000000
0.773518 -0.101630 -0.625573 0.595216 0.075478 0.994806 -0.068287 0.585912 0.629264 0.005604 0.777172 -0.006286 0.000000 0.000000 0.000000 1.000000
0.758393 -0.056343 -0.649357 0.595216 0.089564 0.995815 0.018198 0.585912 0.645614 -0.071960 0.760266 -0.006286 0.000000 0.000000 0.000000 1.000000
0.759777 -0.060575 -0.647356 0.595216 0.088324 0.996037 0.010460 0.585912 0.644157 -0.065124 0.762116 -0.006286 0.000000 0.000000 0.000000 1.000000
0.763545 -0.072015 -0.641727 0.595216 0.084898 0.996331 -0.010796 0.585912 0.640150 -0.046238 0.766857 -0.006286 0.000000 0.000000 0.000000 1.000000
0.769107 -0.088656 -0.632941 0.595216 0.079709 0.995906 -0.042640 0.585912 0.634130 -0.017657 0.773025 -0.006286 0.000000 0.000000 0.000000 1.000000
0.775869 -0.108462 -0.621500 0.595216 0.073180 0.993934 -0.082101 0.585912 0.626635 0.018219 0.779100 -0.006286 0.000000 0.000000 0.000000 1.000000
0.783256 -0.129519 -0.608058 0.595216 0.065756 0.989831 -0.126136 0.585912 0.618212 0.058814 0.783808 -0.006286 0.000000 0.000000 0.000000 1.000000
0.790726 -0.150145 -0.593472 0.595216 0.057919 0.983456 -0.171640 0.585912 0.609424 0.101347 0.786340 -0.006286 0.000000 0.000000 0.000000 1.000000
0.797780 -0.168957 -0.578793 0.595216 0.050192 0.975214 -0.215495 0.585912 0.600856 0.142867 0.786486 -0.006286 0.000000 0.000000 0.000000 1.000000
0.803965 -0.184878 -0.565209 0.595216 0.043137 0.966073 -0.254641 0.585912 0.593111 0.180341 0.784664 -0.006286 0.000000 0.000000 0.000000 1.000000
0.808867 -0.197094 -0.553975 0.595216 0.037347 0.957466 -0.286119 0.585912 0.586804 0.210743 0.781824 -0.006286 0.000000 0.000000 0.000000 1.000000
0.812097 -0.204939 -0.546350 0.595216 0.033431 0.951099 -0.307071 0.585912 0.582563 0.231107 0.779236 -0.006286 0.000000 0.000000 0.000000 1.000000
0.813265 -0.207734 -0.543550 0.595216 0.031995 0.948656 -0.314687 0.585912 0.581013 0.238533 0.778156 -0.006286 0.000000 0.000000 0.000000 1.000000</float_array><technique_common><accessor source="#head_jnt-Matrix-animation-output-transform-array" count="15" stride="16"><param type="float4x4"/></accessor></technique_common></source><source id="head_jnt-Interpolations"><Name_array id="head_jnt-Interpolations-array" count="15">
 LINEAR LINEAR LINEAR LINEAR LINEAR LINEAR LINEAR LINEAR LINEAR LINEAR LINEAR
LINEAR LINEAR LINEAR LINEAR</Name_array><technique_common><accessor source="#head_jnt-Interpolations-array" count="15"><param type="name"/></accessor></technique_common></source><sampler id="head_jnt-Matrix-animation-transform"><input semantic="INPUT" source="#head_jnt-Matrix-animation-input"/><input semantic="OUTPUT" source="#head_jnt-Matrix-animation-output-transform"/><input semantic="INTERPOLATION" source="#head_jnt-Interpolations"/></sampler><channel source="#head_jnt-Matrix-animation-transform" target="head_jnt/matrix"/></animation></animation>
    <animation id="r_arm01_jnt-anim" name="r_arm01_jnt"><animation><source id="r_arm01_jnt-Matrix-animation-input"><float_array id="r_arm01_jnt-Matrix-animation-input-array" count="15">

0.000000 0.033333 0.066667 0.100000 0.133333 0.166667 0.200000 0.233333 0.266667 0.300000 0.333333 0.366667 0.400000 0.433333 0.466667</float_array><technique_common><accessor source="#r_arm01_jnt-Matrix-animation-input-array" count="15"><param name="TIME" type="float"/></accessor></technique_common></source><source id="r_arm01_jnt-Matrix-animation-output-transform"><float_array id="r_arm01_jnt-Matrix-animation-output-transform-array" count="240">

-0.998300 0.000000 0.058291 -2.858765 0.000000 1.000000 -0.000000 2.350029 -0.058291 -0.000000 -0.998300 -0.000000 0.000000 0.000000 0.000000 1.000000
-0.998300 0.000000 0.058291 -2.858765 0.000000 1.000000 -0.000000 2.350029 -0.058291 -0.000000 -0.998300 -0.000000 0.000000 0.000000 0.000000 1.000000
-0.998300 -0.000000 0.058291 -2.858765 -0.000000 1.000000 -0.000000 2.350029 -0.058291 -0.000000 -0.998300 -0.000000 0.000000 0.000000 0.000000 1.000000
-0.998300 0.000000 0.058291 -2.858765 0.000000 1.000000 0.000000 2.350029 -0.058291 0.000000 -0.998300 -0.000000 0.000000 0.000000 0.000000 1.000000
-0.998300 0.000000 0.058291 -2.858765 0.000000 1.000000 -0.000000 2.350029 -0.058291 0.000000 -0.998300 -0.000000 0.000000 0.000000 0.000000 1.000000
-0.998300 0.000000 0.058291 -2.858765 -0.000000 1.000000 -0.000000 2.350029 -0.058291 0.000000 -0.998300 -0.000000 0.000000 0.000000 0.000000 1.000000
-0.998300 0.000000 0.058291 -2.858765 -0.000000 1.000000 -0.000000 2.350029 -0.058291 -0.000000 -0.998300 -0.000000 0.000000 0.000000 0.000000 1.000000
-0.998300 0.000000 0.058291 -2.858765 0.000000 1.000000 -0.000000 2.350029 -0.058291 -0.000000 -0.998300 -0.000000 0.000000 0.000000 0.000000 1.000000
-0.998300 0.000000 0.058291 -2.858765 0.000000 1.000000 0.000000 2.350029 -0.058291 0.000000 -0.998300 -0.000000 0.000000 0.000000 0.000000 1.000000
-0.998300 0.000000 0.058291 -2.858765 -0.000000 1.000000 0.000000 2.350029 -0.058291 0.000000 -0.998300 -0.000000 0.000000 0.000000 0.000000 1.000000
-0.998300 -0.000000 0.058291 -2.858765 0.000000 1.000000 -0.000000 2.350029 -0.058291 -0.000000 -0.998300 -0.000000 0.000000 0.000000 0.000000 1.000000
-0.998300 -0.000000 0.058291 -2.858765 0.000000 1.000000 -0.000000 2.350029 -0.058291 -0.000000 -0.998300 -0.000000 0.000000 0.000000 0.000000 1.000000
-0.998300 -0.000000 0.058291 -2.858765 0.000000 1.000000 0.000000 2.350029 -0.058291 -0.000000 -0.998300 -0.000000 0.000000 0.000000 0.000000 1.000000
-0.998300 0.000000 0.058291 -2.858765 0.000000 1.000000 -0.000000 2.350029 -0.058291 0.000000 -0.998300 -0.000000 0.000000 0.000000 0.000000 1.000000
-0.998300 0.000000 0.058291 -2.858765 0.000000 1.000000 -0.000000 2.350029 -0.058291 -0.000000 -0.998300 -0.000000 0.000000 0.000000 0.000000 1.000000</float_array><technique_common><accessor source="#r_arm01_jnt-Matrix-animation-output-transform-array" count="15" stride="16"><param type="float4x4"/></accessor></technique_common></source><source id="r_arm01_jnt-Interpolations"><Name_array id="r_arm01_jnt-Interpolations-array" count="15">
 LINEAR LINEAR LINEAR LINEAR LINEAR LINEAR LINEAR LINEAR LINEAR LINEAR LINEAR
LINEAR LINEAR LINEAR LINEAR</Name_array><technique_common><accessor source="#r_arm01_jnt-Interpolations-array" count="15"><param type="name"/></accessor></technique_common></source><sampler id="r_arm01_jnt-Matrix-animation-transform"><input semantic="INPUT" source="#r_arm01_jnt-Matrix-animation-input"/><input semantic="OUTPUT" source="#r_arm01_jnt-Matrix-animation-output-transform"/><input semantic="INTERPOLATION" source="#r_arm01_jnt-Interpolations"/></sampler><channel source="#r_arm01_jnt-Matrix-animation-transform" target="r_arm01_jnt/matrix"/></animation></animation>
    <animation id="r_arm02_jnt-anim" name="r_arm02_jnt"><animation><source id="r_arm02_jnt-Matrix-animation-input"><float_array id="r_arm02_jnt-Matrix-animation-input-array" count="15">

0.000000 0.033333 0.066667 0.100000 0.133333 0.166667 0.200000 0.233333 0.266667 0.300000 0.333333 0.366667 0.400000 0.433333 0.466667</float_array><technique_common><accessor source="#r_arm02_jnt-Matrix-animation-input-array" count="15"><param name="TIME" type="float"/></accessor></technique_common></source><source id="r_arm02_jnt-Matrix-animation-output-transform"><float_array id="r_arm02_jnt-Matrix-animation-output-transform-array" count="240">

0.905307 0.142256 -0.400227 1.138730 0.335785 -0.816738 0.469241 0.000000 -0.260129 -0.559197 -0.787167 0.000000 0.000000 0.000000 0.000000 1.000000
0.905307 0.142256 -0.400227 1.138730 0.335785 -0.816738 0.469241 0.000000 -0.260129 -0.559197 -0.787167 -0.000000 0.000000 0.000000 0.000000 1.000000
0.905307 0.142256 -0.400227 1.138730 0.335785 -0.816738 0.469241 0.000000 -0.260129 -0.559197 -0.787167 0.000000 0.000000 0.000000 0.000000 1.000000
0.905307 0.142256 -0.400227 1.138730 0.335785 -0.816738 0.469241 0.000000 -0.260129 -0.559197 -0.787167 0.000000 0.000000 0.000000 0.000000 1.000000
0.905307 0.142256 -0.400227 1.138730 0.335785 -0.816738 0.469241 0.000000 -0.260129 -0.559197 -0.787167 0.000000 0.000000 0.000000 0.000000 1.000000
0.905307 0.142256 -0.400227 1.138730 0.335785 -0.816738 0.469241 0.000000 -0.260129 -0.559197 -0.787167 0.000000 0.000000 0.000000 0.000000 1.000000
0.905307 0.142256 -0.400227 1.138730 0.335785 -0.816738 0.469241 0.000000 -0.260129 -0.559197 -0.787167 0.000000 0.000000 0.000000 0.000000 1.000000
0.905307 0.142256 -0.400227 1.138730 0.335785 -0.816738 0.469241 0.000000 -0.260129 -0.559197 -0.787167 0.000000 0.000000 0.000000 0.000000 1.000000
0.905307 0.142256 -0.400227 1.138730 0.335785 -0.816738 0.469241 0.000000 -0.260129 -0.559197 -0.787167 0.000000 0.000000 0.000000 0.000000 1.000000
0.905307 0.142256 -0.400227 1.138730 0.335785 -0.816738 0.469241 0.000000 -0.260129 -0.559197 -0.787167 0.000000 0.000000 0.000000 0.000000 1.000000
0.905307 0.142256 -0.400227 1.138730 0.335785 -0.816738 0.469241 0.000000 -0.260129 -0.559197 -0.787167 0.000000 0.000000 0.000000 0.000000 1.000000
0.905307 0.142256 -0.400227 1.138730 0.335785 -0.816738 0.469241 0.000000 -0.260129 -0.559197 -0.787167 -0.000000 0.000000 0.000000 0.000000 1.000000
0.905307 0.142256 -0.400227 1.138730 0.335785 -0.816738 0.469241 0.000000 -0.260129 -0.559197 -0.787167 0.000000 0.000000 0.000000 0.000000 1.000000
0.905307 0.142256 -0.400227 1.138730 0.335785 -0.816738 0.469241 0.000000 -0.260129 -0.559197 -0.787167 0.000000 0.000000 0.000000 0.000000 1.000000
0.905307 0.142256 -0.400227 1.138730 0.335785 -0.816738 0.469241 0.000000 -0.260129 -0.559197 -0.787167 0.000000 0.000000 0.000000 0.000000 1.000000</float_array><technique_common><accessor source="#r_arm02_jnt-Matrix-animation-output-transform-array" count="15" stride="16"><param type="float4x4"/></accessor></technique_common></source><source id="r_arm02_jnt-Interpolations"><Name_array id="r_arm02_jnt-Interpolations-array" count="15">
 LINEAR LINEAR LINEAR LINEAR LINEAR LINEAR LINEAR LINEAR LINEAR LINEAR LINEAR
LINEAR LINEAR LINEAR LINEAR</Name_array><technique_common><accessor source="#r_arm02_jnt-Interpolations-array" count="15"><param type="name"/></accessor></technique_common></source><sampler id="r_arm02_jnt-Matrix-animation-transform"><input semantic="INPUT" source="#r_arm02_jnt-Matrix-animation-input"/><input semantic="OUTPUT" source="#r_arm02_jnt-Matrix-animation-output-transform"/><input semantic="INTERPOLATION" source="#r_arm02_jnt-Interpolations"/></sampler><channel source="#r_arm02_jnt-Matrix-animation-transform" target="r_arm02_jnt/matrix"/></animation></animation>
    <animation id="r_arm03_jnt-anim" name="r_arm03_jnt"><animation><source id="r_arm03_jnt-Matrix-animation-input"><float_array id="r_arm03_jnt-Matrix-animation-input-array" count="15">

0.000000 0.033333 0.066667 0.100000 0.133333 0.166667 0.200000 0.233333 0.266667 0.300000 0.333333 0.366667 0.400000 0.433333 0.466667</float_array><technique_common><accessor source="#r_arm03_jnt-Matrix-animation-input-array" count="15"><param name="TIME" type="float"/></accessor></technique_common></source><source id="r_arm03_jnt-Matrix-animation-output-transform"><float_array id="r_arm03_jnt-Matrix-animation-output-transform-array" count="240">

0.660630 -0.720937 0.209326 0.839582 0.601659 0.675224 0.426707 0.000000 -0.448971 -0.155953 0.879832 -0.000000 0.000000 0.000000 0.000000 1.000000
0.641966 -0.741203 0.196210 0.839582 0.621534 0.652914 0.432895 0.000000 -0.448971 -0.155953 0.879832 -0.000000 0.000000 0.000000 0.000000 1.000000
0.607249 -0.775582 0.172400 0.839582 0.655495 0.611679 0.442916 0.000000 -0.448971 -0.155953 0.879832 -0.000000 0.000000 0.000000 0.000000 1.000000
0.579856 -0.800014 0.154091 0.839582 0.679847 0.579358 0.449613 0.000000 -0.448971 -0.155953 0.879832 -0.000000 0.000000 0.000000 0.000000 1.000000
0.573660 -0.805241 0.150003 0.839582 0.685083 0.572071 0.450994 0.000000 -0.448971 -0.155953 0.879832 0.000000 0.000000 0.000000 0.000000 1.000000
0.581764 -0.798384 0.155353 0.839582 0.678215 0.581603 0.449179 0.000000 -0.448971 -0.155953 0.879832 -0.000000 0.000000 0.000000 0.000000 1.000000
0.582406 -0.797832 0.155779 0.839582 0.677664 0.582359 0.449031 0.000000 -0.448971 -0.155953 0.879832 -0.000000 0.000000 0.000000 0.000000 1.000000
0.583569 -0.796831 0.156550 0.839582 0.676663 0.583728 0.448763 0.000000 -0.448971 -0.155953 0.879832 0.000000 0.000000 0.000000 0.000000 1.000000
0.584302 -0.796198 0.157036 0.839582 0.676030 0.584592 0.448593 0.000000 -0.448971 -0.155953 0.879832 0.000000 0.000000 0.000000 0.000000 1.000000
0.583775 -0.796653 0.156687 0.839582 0.676485 0.583972 0.448715 0.000000 -0.448971 -0.155953 0.879832 0.000000 0.000000 0.000000 0.000000 1.000000
0.581336 -0.798750 0.155070 0.839582 0.678582 0.581100 0.449277 0.000000 -0.448971 -0.155953 0.879832 -0.000000 0.000000 0.000000 0.000000 1.000000
0.574809 -0.804280 0.150760 0.839582 0.684119 0.573422 0.450741 0.000000 -0.448971 -0.155953 0.879832 -0.000000 0.000000 0.000000 0.000000 1.000000
0.569196 -0.808942 0.147069 0.839582 0.688797 0.566827 0.451959 0.000000 -0.448971 -0.155953 0.879832 -0.000000 0.000000 0.000000 0.000000 1.000000
0.613035 -0.770130 0.176319 0.839582 0.650087 0.618529 0.441371 0.000000 -0.448971 -0.155953 0.879832 0.000000 0.000000 0.000000 0.000000 1.000000
0.660630 -0.720937 0.209326 0.839582 0.601659 0.675224 0.426707 0.000000 -0.448971 -0.155953 0.879832 -0.000000 0.000000 0.000000 0.000000 1.000000</float_array><technique_common><accessor source="#r_arm03_jnt-Matrix-animation-output-transform-array" count="15" stride="16"><param type="float4x4"/></accessor></technique_common></source><source id="r_arm03_jnt-Interpolations"><Name_array id="r_arm03_jnt-Interpolations-array" count="15">
 LINEAR LINEAR LINEAR LINEAR LINEAR LINEAR LINEAR LINEAR LINEAR LINEAR LINEAR
LINEAR LINEAR LINEAR LINEAR</Name_array><technique_common><accessor source="#r_arm03_jnt-Interpolations-array" count="15"><param type="name"/></accessor></technique_common></source><sampler id="r_arm03_jnt-Matrix-animation-transform"><input semantic="INPUT" source="#r_arm03_jnt-Matrix-animation-input"/><input semantic="OUTPUT" source="#r_arm03_jnt-Matrix-animation-output-transform"/><input semantic="INTERPOLATION" source="#r_arm03_jnt-Interpolations"/></sampler><channel source="#r_arm03_jnt-Matrix-animation-transform" target="r_arm03_jnt/matrix"/></animation></animation>
    <animation id="r_arm04_jnt-anim" name="r_arm04_jnt"><animation><source id="r_arm04_jnt-Matrix-animation-input"><float_array id="r_arm04_jnt-Matrix-animation-input-array" count="15">

0.000000 0.033333 0.066667 0.100000 0.133333 0.166667 0.200000 0.233333 0.266667 0.300000 0.333333 0.366667 0.400000 0.433333 0.466667</float_array><technique_common><accessor source="#r_arm04_jnt-Matrix-animation-input-array" count="15"><param name="TIME" type="float"/></accessor></technique_common></source><source id="r_arm04_jnt-Matrix-animation-output-transform"><float_array id="r_arm04_jnt-Matrix-animation-output-transform-array" count="240">

0.966284 -0.255052 -0.035267 3.327914 0.254715 0.966917 -0.013827 -0.000000 0.037627 0.004377 0.999282 -0.000000 0.000000 0.000000 0.000000 1.000000
0.979992 -0.195657 -0.036525 3.327914 0.195262 0.980650 -0.014118 -0.000000 0.038580 0.006703 0.999233 0.000000 0.000000 0.000000 0.000000 1.000000
0.995347 -0.088200 -0.038801 3.327914 0.087699 0.996042 -0.014444 -0.000000 0.039922 0.010974 0.999143 0.000000 0.000000 0.000000 0.000000 1.000000
0.999158 -0.006354 -0.040535 3.327914 0.005770 0.999878 -0.014525 -0.000000 0.040622 0.014279 0.999073 0.000000 0.000000 0.000000 0.000000 1.000000
0.999093 0.011784 -0.040919 3.327914 -0.012387 0.999818 -0.014524 -0.000000 0.040741 0.015017 0.999057 -0.000000 0.000000 0.000000 0.000000 1.000000
0.999111 -0.011967 -0.040416 3.327914 0.011388 0.999830 -0.014524 -0.000000 0.040583 0.014051 0.999077 0.000000 0.000000 0.000000 0.000000 1.000000
0.999088 -0.013860 -0.040376 3.327914 0.013283 0.999806 -0.014523 -0.000000 0.040570 0.013974 0.999079 0.000000 0.000000 0.000000 0.000000 1.000000
0.999038 -0.017290 -0.040303 3.327914 0.016716 0.999755 -0.014522 -0.000000 0.040545 0.013835 0.999082 -0.000000 0.000000 0.000000 0.000000 1.000000
0.999000 -0.019455 -0.040258 3.327914 0.018884 0.999716 -0.014521 -0.000000 0.040529 0.013747 0.999084 -0.000000 0.000000 0.000000 0.000000 1.000000
0.999028 -0.017899 -0.040291 3.327914 0.017327 0.999744 -0.014522 -0.000000 0.040540 0.013810 0.999082 0.000000 0.000000 0.000000 0.000000 1.000000
0.999124 -0.010707 -0.040443 3.327914 0.010126 0.999843 -0.014524 -0.000000 0.040592 0.014102 0.999076 0.000000 0.000000 0.000000 0.000000 1.000000
0.999130 0.008429 -0.040848 3.327914 -0.009029 0.999854 -0.014524 -0.000000 0.040720 0.014881 0.999060 0.000000 0.000000 0.000000 0.000000 1.000000
0.998844 0.024764 -0.041194 3.327914 -0.025381 0.999572 -0.014518 -0.000000 0.040817 0.015547 0.999046 -0.000000 0.000000 0.000000 0.000000 1.000000
0.993642 -0.105825 -0.038428 3.327914 0.105341 0.994332 -0.014407 -0.000000 0.039735 0.010268 0.999158 0.000000 0.000000 0.000000 0.000000 1.000000
0.966284 -0.255052 -0.035267 3.327914 0.254715 0.966917 -0.013827 -0.000000 0.037627 0.004377 0.999282 -0.000000 0.000000 0.000000 0.000000 1.000000</float_array><technique_common><accessor source="#r_arm04_jnt-Matrix-animation-output-transform-array" count="15" stride="16"><param type="float4x4"/></accessor></technique_common></source><source id="r_arm04_jnt-Interpolations"><Name_array id="r_arm04_jnt-Interpolations-array" count="15">
 LINEAR LINEAR LINEAR LINEAR LINEAR LINEAR LINEAR LINEAR LINEAR LINEAR LINEAR
LINEAR LINEAR LINEAR LINEAR</Name_array><technique_common><accessor source="#r_arm04_jnt-Interpolations-array" count="15"><param type="name"/></accessor></technique_common></source><sampler id="r_arm04_jnt-Matrix-animation-transform"><input semantic="INPUT" source="#r_arm04_jnt-Matrix-animation-input"/><input semantic="OUTPUT" source="#r_arm04_jnt-Matrix-animation-output-transform"/><input semantic="INTERPOLATION" source="#r_arm04_jnt-Interpolations"/></sampler><channel source="#r_arm04_jnt-Matrix-animation-transform" target="r_arm04_jnt/matrix"/></animation></animation>
    <animation id="r_arm05_jnt-anim" name="r_arm05_jnt"><animation><source id="r_arm05_jnt-Matrix-animation-input"><float_array id="r_arm05_jnt-Matrix-animation-input-array" count="15">

0.000000 0.033333 0.066667 0.100000 0.133333 0.166667 0.200000 0.233333 0.266667 0.300000 0.333333 0.366667 0.400000 0.433333 0.466667</float_array><technique_common><accessor source="#r_arm05_jnt-Matrix-animation-input-array" count="15"><param name="TIME" type="float"/></accessor></technique_common></source><source id="r_arm05_jnt-Matrix-animation-output-transform"><float_array id="r_arm05_jnt-Matrix-animation-output-transform-array" count="240">

-0.112999 0.993593 0.002268 1.353106 -0.993593 -0.112993 -0.002540 -0.000000 -0.002268 -0.002540 0.999994 -0.000000 0.000000 0.000000 0.000000 1.000000
-0.112999 0.993593 0.002268 1.353106 -0.993593 -0.112993 -0.002540 -0.000000 -0.002268 -0.002540 0.999994 -0.000000 0.000000 0.000000 0.000000 1.000000
-0.112999 0.993593 0.002268 1.353106 -0.993593 -0.112993 -0.002540 -0.000000 -0.002268 -0.002540 0.999994 0.000000 0.000000 0.000000 0.000000 1.000000
-0.112999 0.993593 0.002268 1.353106 -0.993593 -0.112993 -0.002540 -0.000000 -0.002268 -0.002540 0.999994 -0.000000 0.000000 0.000000 0.000000 1.000000
-0.112999 0.993593 0.002268 1.353106 -0.993593 -0.112993 -0.002540 -0.000000 -0.002268 -0.002540 0.999994 -0.000000 0.000000 0.000000 0.000000 1.000000
-0.112999 0.993593 0.002268 1.353106 -0.993593 -0.112993 -0.002540 -0.000000 -0.002268 -0.002540 0.999994 -0.000000 0.000000 0.000000 0.000000 1.000000
-0.112999 0.993593 0.002268 1.353106 -0.993593 -0.112993 -0.002540 -0.000000 -0.002268 -0.002540 0.999994 0.000000 0.000000 0.000000 0.000000 1.000000
-0.112999 0.993593 0.002268 1.353106 -0.993593 -0.112993 -0.002540 -0.000000 -0.002268 -0.002540 0.999994 -0.000000 0.000000 0.000000 0.000000 1.000000
-0.112999 0.993593 0.002268 1.353106 -0.993593 -0.112993 -0.002540 -0.000000 -0.002268 -0.002540 0.999994 -0.000000 0.000000 0.000000 0.000000 1.000000
-0.112999 0.993593 0.002268 1.353106 -0.993593 -0.112993 -0.002540 -0.000000 -0.002268 -0.002540 0.999994 -0.000000 0.000000 0.000000 0.000000 1.000000
-0.112999 0.993593 0.002268 1.353106 -0.993593 -0.112993 -0.002540 -0.000000 -0.002268 -0.002540 0.999994 0.000000 0.000000 0.000000 0.000000 1.000000
-0.112999 0.993593 0.002268 1.353106 -0.993593 -0.112993 -0.002540 -0.000000 -0.002268 -0.002540 0.999994 0.000000 0.000000 0.000000 0.000000 1.000000
-0.112999 0.993593 0.002268 1.353106 -0.993593 -0.112993 -0.002540 -0.000000 -0.002268 -0.002540 0.999994 0.000000 0.000000 0.000000 0.000000 1.000000
-0.112999 0.993593 0.002268 1.353106 -0.993593 -0.112993 -0.002540 -0.000000 -0.002268 -0.002540 0.999994 0.000000 0.000000 0.000000 0.000000 1.000000
-0.112999 0.993593 0.002268 1.353106 -0.993593 -0.112993 -0.002540 -0.000000 -0.002268 -0.002540 0.999994 -0.000000 0.000000 0.000000 0.000000 1.000000</float_array><technique_common><accessor source="#r_arm05_jnt-Matrix-animation-output-transform-array" count="15" stride="16"><param type="float4x4"/></accessor></technique_common></source><source id="r_arm05_jnt-Interpolations"><Name_array id="r_arm05_jnt-Interpolations-array" count="15">
 LINEAR LINEAR LINEAR LINEAR LINEAR LINEAR LINEAR LINEAR LINEAR LINEAR LINEAR
LINEAR LINEAR LINEAR LINEAR</Name_array><technique_common><accessor source="#r_arm05_jnt-Interpolations-array" count="15"><param type="name"/></accessor></technique_common></source><sampler id="r_arm05_jnt-Matrix-animation-transform"><input semantic="INPUT" source="#r_arm05_jnt-Matrix-animation-input"/><input semantic="OUTPUT" source="#r_arm05_jnt-Matrix-animation-output-transform"/><input semantic="INTERPOLATION" source="#r_arm05_jnt-Interpolations"/></sampler><channel source="#r_arm05_jnt-Matrix-animation-transform" target="r_arm05_jnt/matrix"/></animation></animation>
    <animation id="scythe01_jnt-anim" name="scythe01_jnt"><animation><source id="scythe01_jnt-Matrix-animation-input"><float_array id="scythe01_jnt-Matrix-animation-input-array" count="15">

0.000000 0.033333 0.066667 0.100000 0.133333 0.166667 0.200000 0.233333 0.266667 0.300000 0.333333 0.366667 0.400000 0.433333 0.466667</float_array><technique_common><accessor source="#scythe01_jnt-Matrix-animation-input-array" count="15"><param name="TIME" type="float"/></accessor></technique_common></source><source id="scythe01_jnt-Matrix-animation-output-transform"><float_array id="scythe01_jnt-Matrix-animation-output-transform-array" count="240">

-0.024414 -0.999701 -0.001644 4.703162 0.999692 -0.024407 -0.004405 0.000000 0.004363 -0.001751 0.999989 0.000000 0.000000 0.000000 0.000000 1.000000
-0.085325 -0.996352 -0.001716 4.703162 0.996349 -0.085320 -0.003084 0.000000 0.002926 -0.001973 0.999994 0.000000 0.000000 0.000000 0.000000 1.000000
-0.192898 -0.981217 -0.002045 4.703162 0.981219 -0.192897 -0.000752 0.000000 0.000344 -0.002151 0.999998 0.000000 0.000000 0.000000 0.000000 1.000000
-0.272639 -0.962113 -0.002459 4.703162 0.962115 -0.272642 0.000977 0.000000 -0.001610 -0.002099 0.999997 0.000000 0.000000 0.000000 0.000000 1.000000
-0.290057 -0.957006 -0.002569 4.703162 0.957007 -0.290061 0.001354 0.000000 -0.002041 -0.002066 0.999996 0.000000 0.000000 0.000000 0.000000 1.000000
-0.267231 -0.963630 -0.002426 4.703162 0.963632 -0.267233 0.000859 0.000000 -0.001476 -0.002108 0.999997 0.000000 0.000000 0.000000 0.000000 1.000000
-0.265404 -0.964134 -0.002415 4.703162 0.964136 -0.265407 0.000820 0.000000 -0.001431 -0.002111 0.999997 0.000000 0.000000 0.000000 0.000000 1.000000
-0.262093 -0.965040 -0.002395 4.703162 0.965042 -0.262095 0.000748 0.000000 -0.001350 -0.002115 0.999997 -0.000000 0.000000 0.000000 0.000000 1.000000
-0.260000 -0.965606 -0.002383 4.703162 0.965608 -0.260003 0.000703 0.000000 -0.001298 -0.002118 0.999997 0.000000 0.000000 0.000000 0.000000 1.000000
-0.261504 -0.965199 -0.002392 4.703162 0.965201 -0.261506 0.000735 0.000000 -0.001335 -0.002116 0.999997 0.000000 0.000000 0.000000 0.000000 1.000000
-0.268445 -0.963292 -0.002433 4.703162 0.963294 -0.268448 0.000886 0.000000 -0.001506 -0.002106 0.999997 0.000000 0.000000 0.000000 0.000000 1.000000
-0.286843 -0.957974 -0.002548 4.703162 0.957976 -0.286847 0.001285 0.000000 -0.001962 -0.002073 0.999996 0.000000 0.000000 0.000000 0.000000 1.000000
-0.302466 -0.953156 -0.002653 4.703162 0.953157 -0.302471 0.001623 0.000000 -0.002350 -0.002038 0.999995 0.000000 0.000000 0.000000 0.000000 1.000000
-0.175480 -0.984481 -0.001974 4.703162 0.984483 -0.175478 -0.001130 0.000000 0.000766 -0.002141 0.999997 0.000000 0.000000 0.000000 0.000000 1.000000
-0.024414 -0.999701 -0.001644 4.703162 0.999692 -0.024407 -0.004405 0.000000 0.004363 -0.001751 0.999989 0.000000 0.000000 0.000000 0.000000 1.000000</float_array><technique_common><accessor source="#scythe01_jnt-Matrix-animation-output-transform-array" count="15" stride="16"><param type="float4x4"/></accessor></technique_common></source><source id="scythe01_jnt-Interpolations"><Name_array id="scythe01_jnt-Interpolations-array" count="15">
 LINEAR LINEAR LINEAR LINEAR LINEAR LINEAR LINEAR LINEAR LINEAR LINEAR LINEAR
LINEAR LINEAR LINEAR LINEAR</Name_array><technique_common><accessor source="#scythe01_jnt-Interpolations-array" count="15"><param type="name"/></accessor></technique_common></source><sampler id="scythe01_jnt-Matrix-animation-transform"><input semantic="INPUT" source="#scythe01_jnt-Matrix-animation-input"/><input semantic="OUTPUT" source="#scythe01_jnt-Matrix-animation-output-transform"/><input semantic="INTERPOLATION" source="#scythe01_jnt-Interpolations"/></sampler><channel source="#scythe01_jnt-Matrix-animation-transform" target="scythe01_jnt/matrix"/></animation></animation>
    <animation id="scythe02_jnt-anim" name="scythe02_jnt"><animation><source id="scythe02_jnt-Matrix-animation-input"><float_array id="scythe02_jnt-Matrix-animation-input-array" count="15">

0.000000 0.033333 0.066667 0.100000 0.133333 0.166667 0.200000 0.233333 0.266667 0.300000 0.333333 0.366667 0.400000 0.433333 0.466667</float_array><technique_common><accessor source="#scythe02_jnt-Matrix-animation-input-array" count="15"><param name="TIME" type="float"/></accessor></technique_common></source><source id="scythe02_jnt-Matrix-animation-output-transform"><float_array id="scythe02_jnt-Matrix-animation-output-transform-array" count="240">

0.923010 -0.384685 0.008339 2.551548 0.384685 0.923047 0.001668 0.000000 -0.008339 0.001668 0.999964 -0.000000 0.000000 0.000000 0.000000 1.000000
0.923010 -0.384685 0.008339 2.551548 0.384685 0.923047 0.001668 0.000000 -0.008339 0.001668 0.999964 -0.000000 0.000000 0.000000 0.000000 1.000000
0.923010 -0.384685 0.008339 2.551548 0.384685 0.923047 0.001668 0.000000 -0.008339 0.001668 0.999964 0.000000 0.000000 0.000000 0.000000 1.000000
0.923010 -0.384685 0.008339 2.551548 0.384685 0.923047 0.001668 0.000000 -0.008339 0.001668 0.999964 0.000000 0.000000 0.000000 0.000000 1.000000
0.923010 -0.384685 0.008339 2.551548 0.384685 0.923047 0.001668 0.000000 -0.008339 0.001668 0.999964 -0.000000 0.000000 0.000000 0.000000 1.000000
