<?xml version="1.0" encoding="utf-8"?>
<COLLADA xmlns="http://www.collada.org/2005/11/COLLADASchema" version="1.4.1">
  <asset><contributor><author></author><authoring_tool>FBX COLLADA exporter</authoring_tool><comments></comments></contributor><created>2020-01-21T11:55:34Z</created><keywords></keywords><modified>2020-01-21T11:55:34Z</modified><revision></revision><subject></subject><title></title><unit meter="0.010000" name="centimeter"></unit><up_axis>Y_UP</up_axis></asset>
  <library_animations>
    <animation id="root_jnt-anim" name="root_jnt"><animation><source id="root_jnt-Matrix-animation-input"><float_array id="root_jnt-Matrix-animation-input-array" count="15">

0.000000 0.033333 0.066667 0.100000 0.133333 0.166667 0.200000 0.233333 0.266667 0.300000 0.333333 0.366667 0.400000 0.433333 0.466667</float_array><technique_common><accessor source="#root_jnt-Matrix-animation-input-array" count="15"><param name="TIME" type="float"/></accessor></technique_common></source><source id="root_jnt-Matrix-animation-output-transform"><float_array id="root_jnt-Matrix-animation-output-transform-array" count="240">

1.000000 0.000000 0.000000 0.000000 0.000000 1.000000 0.000000 0.000000 0.000000 0.000000 1.000000 0.000000 0.000000 0.000000 0.000000 1.000000
1.000000 0.000000 0.000000 0.000000 0.000000 1.000000 0.000000 0.000000 0.000000 0.000000 1.000000 0.000000 0.000000 0.000000 0.000000 1.000000
1.000000 0.000000 0.000000 0.000000 0.000000 1.000000 0.000000 0.000000 0.000000 0.000000 1.000000 0.000000 0.000000 0.000000 0.000000 1.000000
1.000000 0.000000 0.000000 0.000000 0.000000 1.000000 0.000000 0.000000 0.000000 0.000000 1.000000 0.000000 0.000000 0.000000 0.000000 1.000000
1.000000 0.000000 0.000000 0.000000 0.000000 1.000000 0.000000 0.000000 0.000000 0.000000 1.000000 0.000000 0.000000 0.000000 0.000000 1.000000
1.000000 0.000000 0.000000 0.000000 0.000000 1.000000 0.000000 0.000000 0.000000 0.000000 1.000000 0.000000 0.000000 0.000000 0.000000 1.000000
1.000000 0.000000 0.000000 0.000000 0.000000 1.000000 0.000000 0.000000 0.000000 0.000000 1.000000 0.000000 0.000000 0.000000 0.000000 1.000000
1.000000 0.000000 0.000000 0.000000 0.000000 1.000000 0.000000 0.000000 0.000000 0.000000 1.000000 0.000000 0.000000 0.000000 0.000000 1.000000
1.000000 0.000000 0.000000 0.000000 0.000000 1.000000 0.000000 0.000000 0.000000 0.000000 1.000000 0.000000 0.000000 0.000000 0.000000 1.000000
1.000000 0.000000 0.000000 0.000000 0.000000 1.000000 0.000000 0.000000 0.000000 0.000000 1.000000 0.000000 0.000000 0.000000 0.000000 1.000000
1.000000 0.000000 0.000000 0.000000 0.000000 1.000000 0.000000 0.000000 0.000000 0.000000 1.000000 0.000000 0.000000 0.000000 0.000000 1.000000
1.000000 0.000000 0.000000 0.000000 0.000000 1.000000 0.000000 0.000000 0.000000 0.000000 1.000000 0.000000 0.000000 0.000000 0.000000 1.000000
1.000000 0.000000 0.000000 0.000000 0.000000 1.000000 0.000000 0.000000 0.000000 0.000000 1.000000 0.000000 0.000000 0.000000 0.000000 1.000000
1.000000 0.000000 0.000000 0.000000 0.000000 1.000000 0.000000 0.000000 0.000000 0.000000 1.000000 0.000000 0.000000 0.000000 0.000000 1.000000
1.000000 0.000000 0.000000 0.000000 0.000000 1.000000 0.000000 0.000000 0.000000 0.000000 1.000000 0.000000 0.000000 0.000000 0.000000 1.000000</float_array><technique_common><accessor source="#root_jnt-Matrix-animation-output-transform-array" count="15" stride="16"><param type="float4x4"/></accessor></technique_common></source><source id="root_jnt-Interpolations"><Name_array id="root_jnt-Interpolations-array" count="15">
 LINEAR LINEAR LINEAR LINEAR LINEAR LINEAR LINEAR LINEAR LINEAR LINEAR LINEAR
LINEAR LINEAR LINEAR LINEAR</Name_array><technique_common><accessor source="#root_jnt-Interpolations-array" count="15"><param type="name"/></accessor></technique_common></source><sampler id="root_jnt-Matrix-animation-transform"><input semantic="INPUT" source="#root_jnt-Matrix-animation-input"/><input semantic="OUTPUT" source="#root_jnt-Matrix-animation-output-transform"/><input semantic="INTERPOLATION" source="#root_jnt-Interpolations"/></sampler><channel source="#root_jnt-Matrix-animation-transform" target="root_jnt/matrix"/></animation></animation>
    <animation id="jnt_spine2-anim" name="jnt_spine2"><animation><source id="jnt_spine2-Matrix-animation-input"><float_array id="jnt_spine2-Matrix-animation-input-array" count="15">

0.000000 0.033333 0.066667 0.100000 0.133333 0.166667 0.200000 0.233333 0.266667 0.300000 0.333333 0.366667 0.400000 0.433333 0.466667</float_array><technique_common><accessor source="#jnt_spine2-Matrix-animation-input-array" count="15"><param name="TIME" type="float"/></accessor></technique_common></source><source id="jnt_spine2-Matrix-animation-output-transform"><float_array id="jnt_spine2-Matrix-animation-output-transform-array" count="240">

0.564907 0.131260 0.814647 0.490000 -0.010814 0.988360 -0.151751 6.754634 -0.825084 0.076916 0.559751 -0.167000 0.000000 0.000000 0.000000 1.000000
0.564907 0.133928 0.814213 0.490000 -0.010814 0.987857 -0.154987 6.737826 -0.825084 0.078749 0.559496 -0.167000 0.000000 0.000000 0.000000 1.000000
0.564907 0.140282 0.813143 0.490000 -0.010814 0.986617 -0.162697 6.697746 -0.825084 0.083116 0.558864 -0.167000 0.000000 0.000000 0.000000 1.000000
0.564907 0.147855 0.811800 0.490000 -0.010814 0.985057 -0.171886 6.649909 -0.825084 0.088321 0.558065 -0.167000 0.000000 0.000000 0.000000 1.000000
0.564907 0.154190 0.810620 0.490000 -0.010814 0.983685 -0.179573 6.609828 -0.825084 0.092676 0.557358 -0.167000 0.000000 0.000000 0.000000 1.000000
0.564907 0.156844 0.810111 0.490000 -0.010814 0.983092 -0.182794 6.593020 -0.825084 0.094501 0.557052 -0.167000 0.000000 0.000000 0.000000 1.000000
0.564907 0.155969 0.810280 0.490000 -0.010814 0.983289 -0.181732 6.598563 -0.825084 0.093900 0.557153 -0.167000 0.000000 0.000000 0.000000 1.000000
0.564907 0.153623 0.810728 0.490000 -0.010814 0.983810 -0.178886 6.613416 -0.825084 0.092287 0.557423 -0.167000 0.000000 0.000000 0.000000 1.000000
0.564907 0.150225 0.811364 0.490000 -0.010814 0.984551 -0.174762 6.634921 -0.825084 0.089950 0.557805 -0.167000 0.000000 0.000000 0.000000 1.000000
0.564907 0.146193 0.812101 0.490000 -0.010814 0.985407 -0.169869 6.660415 -0.825084 0.087178 0.558245 -0.167000 0.000000 0.000000 0.000000 1.000000
0.564907 0.141946 0.812854 0.490000 -0.010814 0.986282 -0.164716 6.687240 -0.825084 0.084259 0.558693 -0.167000 0.000000 0.000000 0.000000 1.000000
0.564907 0.137907 0.813549 0.490000 -0.010814 0.987088 -0.159815 6.712735 -0.825084 0.081483 0.559104 -0.167000 0.000000 0.000000 0.000000 1.000000
0.564907 0.134497 0.814119 0.490000 -0.010814 0.987749 -0.155678 6.734239 -0.825084 0.079140 0.559441 -0.167000 0.000000 0.000000 0.000000 1.000000
0.564907 0.132140 0.814505 0.490000 -0.010814 0.988195 -0.152818 6.749092 -0.825084 0.077520 0.559668 -0.167000 0.000000 0.000000 0.000000 1.000000
0.564907 0.131260 0.814647 0.490000 -0.010814 0.988360 -0.151751 6.754634 -0.825084 0.076916 0.559751 -0.167000 0.000000 0.000000 0.000000 1.000000</float_array><technique_common><accessor source="#jnt_spine2-Matrix-animation-output-transform-array" count="15" stride="16"><param type="float4x4"/></accessor></technique_common></source><source id="jnt_spine2-Interpolations"><Name_array id="jnt_spine2-Interpolations-array" count="15">
 LINEAR LINEAR LINEAR LINEAR LINEAR LINEAR LINEAR LINEAR LINEAR LINEAR LINEAR
LINEAR LINEAR LINEAR LINEAR</Name_array><technique_common><accessor source="#jnt_spine2-Interpolations-array" count="15"><param type="name"/></accessor></technique_common></source><sampler id="jnt_spine2-Matrix-animation-transform"><input semantic="INPUT" source="#jnt_spine2-Matrix-animation-input"/><input semantic="OUTPUT" source="#jnt_spine2-Matrix-animation-output-transform"/><input semantic="INTERPOLATION" source="#jnt_spine2-Interpolations"/></sampler><channel source="#jnt_spine2-Matrix-animation-transform" target="jnt_spine2/matrix"/></animation></animation>
    <animation id="neck_jnt-anim" name="neck_jnt"><animation><source id="neck_jnt-Matrix-animation-input"><float_array id="neck_jnt-Matrix-animation-input-array" count="15">

0.000000 0.033333 0.066667 0.100000 0.133333 0.166667 0.200000 0.233333 0.266667 0.300000 0.333333 0.366667 0.400000 0.433333 0.466667</float_array><technique_common><accessor source="#neck_jnt-Matrix-animation-input-array" count="15"><param name="TIME" type="float"/></accessor></technique_common></source><source id="neck_jnt-Matrix-animation-output-transform"><float_array id="neck_jnt-Matrix-animation-output-transform-array" count="240">

1.000000 -0.000000 0.000000 -1.220000 0.000000 1.000000 0.000000 2.357033 -0.000000 -0.000000 1.000000 2.698746 0.000000 0.000000 0.000000 1.000000
1.000000 -0.000000 0.000000 -1.220000 0.000000 1.000000 0.000000 2.357033 -0.000000 -0.000000 1.000000 2.698746 0.000000 0.000000 0.000000 1.000000
1.000000 -0.000000 0.000000 -1.220000 0.000000 1.000000 0.000000 2.357033 -0.000000 -0.000000 1.000000 2.698746 0.000000 0.000000 0.000000 1.000000
1.000000 -0.000000 0.000000 -1.220000 0.000000 1.000000 0.000000 2.357033 -0.000000 -0.000000 1.000000 2.698746 0.000000 0.000000 0.000000 1.000000
1.000000 -0.000000 0.000000 -1.220000 0.000000 1.000000 0.000000 2.357033 -0.000000 -0.000000 1.000000 2.698746 0.000000 0.000000 0.000000 1.000000
1.000000 -0.000000 0.000000 -1.220000 0.000000 1.000000 0.000000 2.357033 -0.000000 -0.000000 1.000000 2.698746 0.000000 0.000000 0.000000 1.000000
1.000000 -0.000000 0.000000 -1.220000 0.000000 1.000000 0.000000 2.357033 -0.000000 -0.000000 1.000000 2.698746 0.000000 0.000000 0.000000 1.000000
1.000000 -0.000000 0.000000 -1.220000 0.000000 1.000000 0.000000 2.357033 -0.000000 -0.000000 1.000000 2.698746 0.000000 0.000000 0.000000 1.000000
1.000000 -0.000000 0.000000 -1.220000 0.000000 1.000000 0.000000 2.357033 -0.000000 -0.000000 1.000000 2.698746 0.000000 0.000000 0.000000 1.000000
1.000000 -0.000000 0.000000 -1.220000 0.000000 1.000000 0.000000 2.357033 -0.000000 -0.000000 1.000000 2.698746 0.000000 0.000000 0.000000 1.000000
1.000000 -0.000000 0.000000 -1.220000 0.000000 1.000000 0.000000 2.357033 -0.000000 -0.000000 1.000000 2.698746 0.000000 0.000000 0.000000 1.000000
1.000000 -0.000000 0.000000 -1.220000 0.000000 1.000000 0.000000 2.357033 -0.000000 -0.000000 1.000000 2.698746 0.000000 0.000000 0.000000 1.000000
1.000000 -0.000000 0.000000 -1.220000 0.000000 1.000000 0.000000 2.357033 -0.000000 -0.000000 1.000000 2.698746 0.000000 0.000000 0.000000 1.000000
1.000000 -0.000000 0.000000 -1.220000 0.000000 1.000000 0.000000 2.357033 -0.000000 -0.000000 1.000000 2.698746 0.000000 0.000000 0.000000 1.000000
1.000000 -0.000000 0.000000 -1.220000 0.000000 1.000000 0.000000 2.357033 -0.000000 -0.000000 1.000000 2.698746 0.000000 0.000000 0.000000 1.000000</float_array><technique_common><accessor source="#neck_jnt-Matrix-animation-output-transform-array" count="15" stride="16"><param type="float4x4"/></accessor></technique_common></source><source id="neck_jnt-Interpolations"><Name_array id="neck_jnt-Interpolations-array" count="15">
 LINEAR LINEAR LINEAR LINEAR LINEAR LINEAR LINEAR LINEAR LINEAR LINEAR LINEAR
LINEAR LINEAR LINEAR LINEAR</Name_array><technique_common><accessor source="#neck_jnt-Interpolations-array" count="15"><param type="name"/></accessor></technique_common></source><sampler id="neck_jnt-Matrix-animation-transform"><input semantic="INPUT" source="#neck_jnt-Matrix-animation-input"/><input semantic="OUTPUT" source="#neck_jnt-Matrix-animation-output-transform"/><input semantic="INTERPOLATION" source="#neck_jnt-Interpolations"/></sampler><channel source="#neck_jnt-Matrix-animation-transform" target="neck_jnt/matrix"/></animation></animation>
    <animation id="head_jnt-anim" name="head_jnt"><animation><source id="head_jnt-Matrix-animation-input"><float_array id="head_jnt-Matrix-animation-input-array" count="15">

0.000000 0.033333 0.066667 0.100000 0.133333 0.166667 0.200000 0.233333 0.266667 0.300000 0.333333 0.366667 0.400000 0.433333 0.466667</float_array><technique_common><accessor source="#head_jnt-Matrix-animation-input-array" count="15"><param name="TIME" type="float"/></accessor></technique_common></source><source id="head_jnt-Matrix-animation-output-transform"><float_array id="head_jnt-Matrix-animation-output-transform-array" count="240">

0.635852 -0.090233 -0.766518 0.595216 0.045059 0.995788 -0.079845 0.585912 0.770495 0.016231 0.637240 -0.006286 0.000000 0.000000 0.000000 1.000000
0.635852 -0.090233 -0.766518 0.595216 0.045059 0.995788 -0.079845 0.585912 0.770495 0.016231 0.637240 -0.006286 0.000000 0.000000 0.000000 1.000000
0.635852 -0.090233 -0.766518 0.595216 0.045059 0.995788 -0.079845 0.585912 0.770495 0.016231 0.637240 -0.006286 0.000000 0.000000 0.000000 1.000000
0.635852 -0.090233 -0.766518 0.595216 0.045059 0.995788 -0.079845 0.585912 0.770495 0.016231 0.637240 -0.006286 0.000000 0.000000 0.000000 1.000000
0.635852 -0.090233 -0.766518 0.595216 0.045059 0.995788 -0.079845 0.585912 0.770495 0.016231 0.637240 -0.006286 0.000000 0.000000 0.000000 1.000000
0.635852 -0.090233 -0.766518 0.595216 0.045059 0.995788 -0.079845 0.585912 0.770495 0.016231 0.637240 -0.006286 0.000000 0.000000 0.000000 1.000000
0.635852 -0.090233 -0.766518 0.595216 0.045059 0.995788 -0.079845 0.585912 0.770495 0.016231 0.637240 -0.006286 0.000000 0.000000 0.000000 1.000000
0.635852 -0.090233 -0.766518 0.595216 0.045059 0.995788 -0.079845 0.585912 0.770495 0.016231 0.637240 -0.006286 0.000000 0.000000 0.000000 1.000000
0.635852 -0.090233 -0.766518 0.595216 0.045059 0.995788 -0.079845 0.585912 0.770495 0.016231 0.637240 -0.006286 0.000000 0.000000 0.000000 1.000000
0.635852 -0.090233 -0.766518 0.595216 0.045059 0.995788 -0.079845 0.585912 0.770495 0.016231 0.637240 -0.006286 0.000000 0.000000 0.000000 1.000000
0.635852 -0.090233 -0.766518 0.595216 0.045059 0.995788 -0.079845 0.585912 0.770495 0.016231 0.637240 -0.006286 0.000000 0.000000 0.000000 1.000000
0.635852 -0.090233 -0.766518 0.595216 0.045059 0.995788 -0.079845 0.585912 0.770495 0.016231 0.637240 -0.006286 0.000000 0.000000 0.000000 1.000000
0.635852 -0.090233 -0.766518 0.595216 0.045059 0.995788 -0.079845 0.585912 0.770495 0.016231 0.637240 -0.006286 0.000000 0.000000 0.000000 1.000000
0.635852 -0.090233 -0.766518 0.595216 0.045059 0.995788 -0.079845 0.585912 0.770495 0.016231 0.637240 -0.006286 0.000000 0.000000 0.000000 1.000000
0.635852 -0.090233 -0.766518 0.595216 0.045059 0.995788 -0.079845 0.585912 0.770495 0.016231 0.637240 -0.006286 0.000000 0.000000 0.000000 1.000000</float_array><technique_common><accessor source="#head_jnt-Matrix-animation-output-transform-array" count="15" stride="16"><param type="float4x4"/></accessor></technique_common></source><source id="head_jnt-Interpolations"><Name_array id="head_jnt-Interpolations-array" count="15">
 LINEAR LINEAR LINEAR LINEAR LINEAR LINEAR LINEAR LINEAR LINEAR LINEAR LINEAR
LINEAR LINEAR LINEAR LINEAR</Name_array><technique_common><accessor source="#head_jnt-Interpolations-array" count="15"><param type="name"/></accessor></technique_common></source><sampler id="head_jnt-Matrix-animation-transform"><input semantic="INPUT" source="#head_jnt-Matrix-animation-input"/><input semantic="OUTPUT" source="#head_jnt-Matrix-animation-output-transform"/><input semantic="INTERPOLATION" source="#head_jnt-Interpolations"/></sampler><channel source="#head_jnt-Matrix-animation-transform" target="head_jnt/matrix"/></animation></animation>
    <animation id="r_arm01_jnt-anim" name="r_arm01_jnt"><animation><source id="r_arm01_jnt-Matrix-animation-input"><float_array id="r_arm01_jnt-Matrix-animation-input-array" count="15">

0.000000 0.033333 0.066667 0.100000 0.133333 0.166667 0.200000 0.233333 0.266667 0.300000 0.333333 0.366667 0.400000 0.433333 0.466667</float_array><technique_common><accessor source="#r_arm01_jnt-Matrix-animation-input-array" count="15"><param name="TIME" type="float"/></accessor></technique_common></source><source id="r_arm01_jnt-Matrix-animation-output-transform"><float_array id="r_arm01_jnt-Matrix-animation-output-transform-array" count="240">

-0.998300 -0.000000 0.058291 -2.858765 0.000000 1.000000 -0.000000 2.350029 -0.058291 -0.000000 -0.998300 -0.000000 0.000000 0.000000 0.000000 1.000000
-0.998300 -0.000000 0.058291 -2.858765 -0.000000 1.000000 -0.000000 2.350029 -0.058291 0.000000 -0.998300 -0.000000 0.000000 0.000000 0.000000 1.000000
-0.998300 0.000000 0.058291 -2.858765 0.000000 1.000000 0.000000 2.350029 -0.058291 0.000000 -0.998300 -0.000000 0.000000 0.000000 0.000000 1.000000
-0.998300 -0.000000 0.058291 -2.858765 0.000000 1.000000 0.000000 2.350029 -0.058291 0.000000 -0.998300 -0.000000 0.000000 0.000000 0.000000 1.000000
-0.998300 0.000000 0.058291 -2.858765 0.000000 1.000000 0.000000 2.350029 -0.058291 0.000000 -0.998300 -0.000000 0.000000 0.000000 0.000000 1.000000
-0.998300 -0.000000 0.058291 -2.858765 0.000000 1.000000 0.000000 2.350029 -0.058291 -0.000000 -0.998300 -0.000000 0.000000 0.000000 0.000000 1.000000
-0.998300 0.000000 0.058291 -2.858765 0.000000 1.000000 -0.000000 2.350029 -0.058291 0.000000 -0.998300 -0.000000 0.000000 0.000000 0.000000 1.000000
-0.998300 0.000000 0.058291 -2.858765 -0.000000 1.000000 0.000000 2.350029 -0.058291 0.000000 -0.998300 -0.000000 0.000000 0.000000 0.000000 1.000000
-0.998300 -0.000000 0.058291 -2.858765 0.000000 1.000000 0.000000 2.350029 -0.058291 0.000000 -0.998300 -0.000000 0.000000 0.000000 0.000000 1.000000
-0.998300 0.000000 0.058291 -2.858765 -0.000000 1.000000 -0.000000 2.350029 -0.058291 0.000000 -0.998300 -0.000000 0.000000 0.000000 0.000000 1.000000
-0.998300 0.000000 0.058291 -2.858765 -0.000000 1.000000 -0.000000 2.350029 -0.058291 0.000000 -0.998300 -0.000000 0.000000 0.000000 0.000000 1.000000
-0.998300 0.000000 0.058291 -2.858765 0.000000 1.000000 -0.000000 2.350029 -0.058291 -0.000000 -0.998300 -0.000000 0.000000 0.000000 0.000000 1.000000
-0.998300 0.000000 0.058291 -2.858765 -0.000000 1.000000 -0.000000 2.350029 -0.058291 -0.000000 -0.998300 -0.000000 0.000000 0.000000 0.000000 1.000000
-0.998300 0.000000 0.058291 -2.858765 -0.000000 1.000000 -0.000000 2.350029 -0.058291 0.000000 -0.998300 -0.000000 0.000000 0.000000 0.000000 1.000000
-0.998300 -0.000000 0.058291 -2.858765 0.000000 1.000000 -0.000000 2.350029 -0.058291 -0.000000 -0.998300 -0.000000 0.000000 0.000000 0.000000 1.000000</float_array><technique_common><accessor source="#r_arm01_jnt-Matrix-animation-output-transform-array" count="15" stride="16"><param type="float4x4"/></accessor></technique_common></source><source id="r_arm01_jnt-Interpolations"><Name_array id="r_arm01_jnt-Interpolations-array" count="15">
 LINEAR LINEAR LINEAR LINEAR LINEAR LINEAR LINEAR LINEAR LINEAR LINEAR LINEAR
LINEAR LINEAR LINEAR LINEAR</Name_array><technique_common><accessor source="#r_arm01_jnt-Interpolations-array" count="15"><param type="name"/></accessor></technique_common></source><sampler id="r_arm01_jnt-Matrix-animation-transform"><input semantic="INPUT" source="#r_arm01_jnt-Matrix-animation-input"/><input semantic="OUTPUT" source="#r_arm01_jnt-Matrix-animation-output-transform"/><input semantic="INTERPOLATION" source="#r_arm01_jnt-Interpolations"/></sampler><channel source="#r_arm01_jnt-Matrix-animation-transform" target="r_arm01_jnt/matrix"/></animation></animation>
    <animation id="r_arm02_jnt-anim" name="r_arm02_jnt"><animation><source id="r_arm02_jnt-Matrix-animation-input"><float_array id="r_arm02_jnt-Matrix-animation-input-array" count="15">

0.000000 0.033333 0.066667 0.100000 0.133333 0.166667 0.200000 0.233333 0.266667 0.300000 0.333333 0.366667 0.400000 0.433333 0.466667</float_array><technique_common><accessor source="#r_arm02_jnt-Matrix-animation-input-array" count="15"><param name="TIME" type="float"/></accessor></technique_common></source><source id="r_arm02_jnt-Matrix-animation-output-transform"><float_array id="r_arm02_jnt-Matrix-animation-output-transform-array" count="240">

0.849661 -0.149002 -0.505841 1.138730 0.250260 -0.730407 0.635512 0.000000 -0.464162 -0.666562 -0.583309 0.000000 0.000000 0.000000 0.000000 1.000000
0.851879 -0.142039 -0.504111 1.138730 0.255443 -0.727597 0.636672 0.000000 -0.457221 -0.671139 -0.583541 0.000000 0.000000 0.000000 0.000000 1.000000
0.857150 -0.124220 -0.499863 1.138730 0.268838 -0.719902 0.639896 0.000000 -0.439340 -0.682869 -0.583669 0.000000 0.000000 0.000000 0.000000 1.000000
0.863330 -0.100220 -0.494589 1.138730 0.287174 -0.708344 0.644811 0.000000 -0.414962 -0.698717 -0.582753 0.000000 0.000000 0.000000 0.000000 1.000000
0.868745 -0.074628 -0.489605 1.138730 0.307103 -0.694404 0.650762 0.000000 -0.388549 -0.715705 -0.580341 0.000000 0.000000 0.000000 0.000000 1.000000
0.872545 -0.051728 -0.485787 1.138730 0.325278 -0.680398 0.656698 0.000000 -0.364498 -0.731015 -0.576852 0.000000 0.000000 0.000000 0.000000 1.000000
0.874641 -0.035379 -0.483479 1.138730 0.338463 -0.669436 0.661285 0.000000 -0.347054 -0.742027 -0.573542 0.000000 0.000000 0.000000 0.000000 1.000000
0.875302 -0.029137 -0.482698 1.138730 0.343545 -0.665025 0.663113 0.000000 -0.340327 -0.746252 -0.572088 0.000000 0.000000 0.000000 0.000000 1.000000
0.874641 -0.035379 -0.483479 1.138730 0.338463 -0.669436 0.661285 0.000000 -0.347054 -0.742027 -0.573542 0.000000 0.000000 0.000000 0.000000 1.000000
0.872545 -0.051728 -0.485787 1.138730 0.325278 -0.680398 0.656698 0.000000 -0.364498 -0.731015 -0.576852 0.000000 0.000000 0.000000 0.000000 1.000000
0.868745 -0.074628 -0.489605 1.138730 0.307103 -0.694404 0.650762 0.000000 -0.388549 -0.715705 -0.580341 -0.000000 0.000000 0.000000 0.000000 1.000000
0.863330 -0.100220 -0.494589 1.138730 0.287174 -0.708344 0.644811 0.000000 -0.414962 -0.698717 -0.582753 0.000000 0.000000 0.000000 0.000000 1.000000
0.857150 -0.124220 -0.499863 1.138730 0.268838 -0.719902 0.639896 0.000000 -0.439340 -0.682869 -0.583669 0.000000 0.000000 0.000000 0.000000 1.000000
0.851879 -0.142039 -0.504111 1.138730 0.255443 -0.727597 0.636672 0.000000 -0.457221 -0.671139 -0.583541 0.000000 0.000000 0.000000 0.000000 1.000000
0.849661 -0.149002 -0.505841 1.138730 0.250260 -0.730407 0.635512 0.000000 -0.464162 -0.666562 -0.583309 0.000000 0.000000 0.000000 0.000000 1.000000</float_array><technique_common><accessor source="#r_arm02_jnt-Matrix-animation-output-transform-array" count="15" stride="16"><param type="float4x4"/></accessor></technique_common></source><source id="r_arm02_jnt-Interpolations"><Name_array id="r_arm02_jnt-Interpolations-array" count="15">
 LINEAR LINEAR LINEAR LINEAR LINEAR LINEAR LINEAR LINEAR LINEAR LINEAR LINEAR
LINEAR LINEAR LINEAR LINEAR</Name_array><technique_common><accessor source="#r_arm02_jnt-Interpolations-array" count="15"><param type="name"/></accessor></technique_common></source><sampler id="r_arm02_jnt-Matrix-animation-transform"><input semantic="INPUT" source="#r_arm02_jnt-Matrix-animation-input"/><input semantic="OUTPUT" source="#r_arm02_jnt-Matrix-animation-output-transform"/><input semantic="INTERPOLATION" source="#r_arm02_jnt-Interpolations"/></sampler><channel source="#r_arm02_jnt-Matrix-animation-transform" target="r_arm02_jnt/matrix"/></animation></animation>
    <animation id="r_arm03_jnt-anim" name="r_arm03_jnt"><animation><source id="r_arm03_jnt-Matrix-animation-input"><float_array id="r_arm03_jnt-Matrix-animation-input-array" count="15">

0.000000 0.033333 0.066667 0.100000 0.133333 0.166667 0.200000 0.233333 0.266667 0.300000 0.333333 0.366667 0.400000 0.433333 0.466667</float_array><technique_common><accessor source="#r_arm03_jnt-Matrix-animation-input-array" count="15"><param name="TIME" type="float"/></accessor></technique_common></source><source id="r_arm03_jnt-Matrix-animation-output-transform"><float_array id="r_arm03_jnt-Matrix-animation-output-transform-array" count="240">

0.549209 -0.824864 0.134047 0.839582 0.704837 0.543395 0.455991 0.000000 -0.448971 -0.155953 0.879832 -0.000000 0.000000 0.000000 0.000000 1.000000
0.549431 -0.824693 0.134191 0.839582 0.704663 0.543655 0.455948 0.000000 -0.448971 -0.155953 0.879832 -0.000000 0.000000 0.000000 0.000000 1.000000
0.549970 -0.824276 0.134540 0.839582 0.704243 0.544286 0.455846 0.000000 -0.448971 -0.155953 0.879832 -0.000000 0.000000 0.000000 0.000000 1.000000
0.550629 -0.823767 0.134967 0.839582 0.703727 0.545057 0.455720 0.000000 -0.448971 -0.155953 0.879832 -0.000000 0.000000 0.000000 0.000000 1.000000
0.551195 -0.823328 0.135333 0.839582 0.703285 0.545719 0.455611 0.000000 -0.448971 -0.155953 0.879832 -0.000000 0.000000 0.000000 0.000000 1.000000
0.551435 -0.823142 0.135489 0.839582 0.703096 0.546001 0.455565 0.000000 -0.448971 -0.155953 0.879832 -0.000000 0.000000 0.000000 0.000000 1.000000
0.551356 -0.823203 0.135437 0.839582 0.703159 0.545907 0.455580 0.000000 -0.448971 -0.155953 0.879832 -0.000000 0.000000 0.000000 0.000000 1.000000
0.551143 -0.823368 0.135300 0.839582 0.703325 0.545659 0.455621 0.000000 -0.448971 -0.155953 0.879832 0.000000 0.000000 0.000000 0.000000 1.000000
0.550839 -0.823604 0.135103 0.839582 0.703563 0.545303 0.455679 0.000000 -0.448971 -0.155953 0.879832 0.000000 0.000000 0.000000 0.000000 1.000000
0.550483 -0.823880 0.134872 0.839582 0.703842 0.544886 0.455748 0.000000 -0.448971 -0.155953 0.879832 -0.000000 0.000000 0.000000 0.000000 1.000000
0.550114 -0.824166 0.134633 0.839582 0.704131 0.544454 0.455818 0.000000 -0.448971 -0.155953 0.879832 -0.000000 0.000000 0.000000 0.000000 1.000000
0.549767 -0.824433 0.134409 0.839582 0.704401 0.544048 0.455884 0.000000 -0.448971 -0.155953 0.879832 -0.000000 0.000000 0.000000 0.000000 1.000000
0.549479 -0.824656 0.134222 0.839582 0.704626 0.543711 0.455939 0.000000 -0.448971 -0.155953 0.879832 -0.000000 0.000000 0.000000 0.000000 1.000000
0.549282 -0.824808 0.134095 0.839582 0.704780 0.543480 0.455977 0.000000 -0.448971 -0.155953 0.879832 -0.000000 0.000000 0.000000 0.000000 1.000000
0.549209 -0.824864 0.134047 0.839582 0.704837 0.543395 0.455991 0.000000 -0.448971 -0.155953 0.879832 -0.000000 0.000000 0.000000 0.000000 1.000000</float_array><technique_common><accessor source="#r_arm03_jnt-Matrix-animation-output-transform-array" count="15" stride="16"><param type="float4x4"/></accessor></technique_common></source><source id="r_arm03_jnt-Interpolations"><Name_array id="r_arm03_jnt-Interpolations-array" count="15">
 LINEAR LINEAR LINEAR LINEAR LINEAR LINEAR LINEAR LINEAR LINEAR LINEAR LINEAR
LINEAR LINEAR LINEAR LINEAR</Name_array><technique_common><accessor source="#r_arm03_jnt-Interpolations-array" count="15"><param type="name"/></accessor></technique_common></source><sampler id="r_arm03_jnt-Matrix-animation-transform"><input semantic="INPUT" source="#r_arm03_jnt-Matrix-animation-input"/><input semantic="OUTPUT" source="#r_arm03_jnt-Matrix-animation-output-transform"/><input semantic="INTERPOLATION" source="#r_arm03_jnt-Interpolations"/></sampler><channel source="#r_arm03_jnt-Matrix-animation-transform" target="r_arm03_jnt/matrix"/></animation></animation>
    <animation id="r_arm04_jnt-anim" name="r_arm04_jnt"><animation><source id="r_arm04_jnt-Matrix-animation-input"><float_array id="r_arm04_jnt-Matrix-animation-input-array" count="15">

0.000000 0.033333 0.066667 0.100000 0.133333 0.166667 0.200000 0.233333 0.266667 0.300000 0.333333 0.366667 0.400000 0.433333 0.466667</float_array><technique_common><accessor source="#r_arm04_jnt-Matrix-animation-input-array" count="15"><param name="TIME" type="float"/></accessor></technique_common></source><source id="r_arm04_jnt-Matrix-animation-output-transform"><float_array id="r_arm04_jnt-Matrix-animation-output-transform-array" count="240">

0.995732 0.081975 -0.042406 3.327914 -0.082652 0.996474 -0.014453 -0.000000 0.041072 0.017896 0.998996 0.000000 0.000000 0.000000 0.000000 1.000000
0.995907 0.079842 -0.042361 3.327914 -0.080517 0.996648 -0.014456 -0.000000 0.041065 0.017808 0.998998 0.000000 0.000000 0.000000 0.000000 1.000000
0.996342 0.074287 -0.042243 3.327914 -0.074956 0.997082 -0.014466 -0.000000 0.041045 0.017579 0.999003 -0.000000 0.000000 0.000000 0.000000 1.000000
0.996893 0.066582 -0.042080 3.327914 -0.067243 0.997632 -0.014477 -0.000000 0.041017 0.017262 0.999009 0.000000 0.000000 0.000000 0.000000 1.000000
0.997434 0.058054 -0.041899 3.327914 -0.058705 0.998170 -0.014489 -0.000000 0.040982 0.016911 0.999017 0.000000 0.000000 0.000000 0.000000 1.000000
0.997873 0.050080 -0.041731 3.327914 -0.050723 0.998608 -0.014498 -0.000000 0.040946 0.016584 0.999024 0.000000 0.000000 0.000000 0.000000 1.000000
0.998193 0.043373 -0.041588 3.327914 -0.044009 0.998926 -0.014505 -0.000000 0.040915 0.016309 0.999030 -0.000000 0.000000 0.000000 0.000000 1.000000
0.998412 0.038126 -0.041477 3.327914 -0.038756 0.999143 -0.014509 -0.000000 0.040889 0.016094 0.999034 0.000000 0.000000 0.000000 0.000000 1.000000
0.998531 0.034948 -0.041410 3.327914 -0.035575 0.999262 -0.014512 -0.000000 0.040872 0.015964 0.999037 0.000000 0.000000 0.000000 0.000000 1.000000
0.998549 0.034451 -0.041399 3.327914 -0.035077 0.999279 -0.014512 -0.000000 0.040870 0.015943 0.999037 0.000000 0.000000 0.000000 0.000000 1.000000
0.998334 0.040071 -0.041519 3.327914 -0.040704 0.999066 -0.014508 -0.000000 0.040898 0.016173 0.999032 0.000000 0.000000 0.000000 0.000000 1.000000
0.997776 0.051951 -0.041770 3.327914 -0.052597 0.998511 -0.014496 -0.000000 0.040955 0.016661 0.999022 -0.000000 0.000000 0.000000 0.000000 1.000000
0.996948 0.065767 -0.042063 3.327914 -0.066427 0.997686 -0.014478 -0.000000 0.041013 0.017228 0.999010 -0.000000 0.000000 0.000000 0.000000 1.000000
0.996117 0.077207 -0.042305 3.327914 -0.077879 0.996858 -0.014461 -0.000000 0.041056 0.017699 0.999000 0.000000 0.000000 0.000000 0.000000 1.000000
0.995732 0.081975 -0.042406 3.327914 -0.082652 0.996474 -0.014453 -0.000000 0.041072 0.017896 0.998996 -0.000000 0.000000 0.000000 0.000000 1.000000</float_array><technique_common><accessor source="#r_arm04_jnt-Matrix-animation-output-transform-array" count="15" stride="16"><param type="float4x4"/></accessor></technique_common></source><source id="r_arm04_jnt-Interpolations"><Name_array id="r_arm04_jnt-Interpolations-array" count="15">
 LINEAR LINEAR LINEAR LINEAR LINEAR LINEAR LINEAR LINEAR LINEAR LINEAR LINEAR
LINEAR LINEAR LINEAR LINEAR</Name_array><technique_common><accessor source="#r_arm04_jnt-Interpolations-array" count="15"><param type="name"/></accessor></technique_common></source><sampler id="r_arm04_jnt-Matrix-animation-transform"><input semantic="INPUT" source="#r_arm04_jnt-Matrix-animation-input"/><input semantic="OUTPUT" source="#r_arm04_jnt-Matrix-animation-output-transform"/><input semantic="INTERPOLATION" source="#r_arm04_jnt-Interpolations"/></sampler><channel source="#r_arm04_jnt-Matrix-animation-transform" target="r_arm04_jnt/matrix"/></animation></animation>
    <animation id="r_arm05_jnt-anim" name="r_arm05_jnt"><animation><source id="r_arm05_jnt-Matrix-animation-input"><float_array id="r_arm05_jnt-Matrix-animation-input-array" count="15">

0.000000 0.033333 0.066667 0.100000 0.133333 0.166667 0.200000 0.233333 0.266667 0.300000 0.333333 0.366667 0.400000 0.433333 0.466667</float_array><technique_common><accessor source="#r_arm05_jnt-Matrix-animation-input-array" count="15"><param name="TIME" type="float"/></accessor></technique_common></source><source id="r_arm05_jnt-Matrix-animation-output-transform"><float_array id="r_arm05_jnt-Matrix-animation-output-transform-array" count="240">

-0.112999 0.993593 0.002268 1.353106 -0.993593 -0.112993 -0.002540 0.000000 -0.002268 -0.002540 0.999994 -0.000000 0.000000 0.000000 0.000000 1.000000
-0.112999 0.993593 0.002268 1.353106 -0.993593 -0.112993 -0.002540 -0.000000 -0.002268 -0.002540 0.999994 -0.000000 0.000000 0.000000 0.000000 1.000000
-0.112999 0.993593 0.002268 1.353106 -0.993593 -0.112993 -0.002540 -0.000000 -0.002268 -0.002540 0.999994 -0.000000 0.000000 0.000000 0.000000 1.000000
-0.112999 0.993593 0.002268 1.353106 -0.993593 -0.112993 -0.002540 -0.000000 -0.002268 -0.002540 0.999994 -0.000000 0.000000 0.000000 0.000000 1.000000
-0.112999 0.993593 0.002268 1.353106 -0.993593 -0.112993 -0.002540 -0.000000 -0.002268 -0.002540 0.999994 -0.000000 0.000000 0.000000 0.000000 1.000000
-0.112999 0.993593 0.002268 1.353106 -0.993593 -0.112993 -0.002540 -0.000000 -0.002268 -0.002540 0.999994 -0.000000 0.000000 0.000000 0.000000 1.000000
-0.112999 0.993593 0.002268 1.353106 -0.993593 -0.112993 -0.002540 -0.000000 -0.002268 -0.002540 0.999994 0.000000 0.000000 0.000000 0.000000 1.000000
-0.112999 0.993593 0.002268 1.353106 -0.993593 -0.112993 -0.002540 -0.000000 -0.002268 -0.002540 0.999994 -0.000000 0.000000 0.000000 0.000000 1.000000
-0.112999 0.993593 0.002268 1.353106 -0.993593 -0.112993 -0.002540 -0.000000 -0.002268 -0.002540 0.999994 -0.000000 0.000000 0.000000 0.000000 1.000000
-0.112999 0.993593 0.002268 1.353106 -0.993593 -0.112993 -0.002540 0.000000 -0.002268 -0.002540 0.999994 -0.000000 0.000000 0.000000 0.000000 1.000000
-0.112999 0.993593 0.002268 1.353106 -0.993593 -0.112993 -0.002540 -0.000000 -0.002268 -0.002540 0.999994 -0.000000 0.000000 0.000000 0.000000 1.000000
-0.112999 0.993593 0.002268 1.353106 -0.993593 -0.112993 -0.002540 -0.000000 -0.002268 -0.002540 0.999994 -0.000000 0.000000 0.000000 0.000000 1.000000
-0.112999 0.993593 0.002268 1.353106 -0.993593 -0.112993 -0.002540 -0.000000 -0.002268 -0.002540 0.999994 0.000000 0.000000 0.000000 0.000000 1.000000
-0.112999 0.993593 0.002268 1.353106 -0.993593 -0.112993 -0.002540 -0.000000 -0.002268 -0.002540 0.999994 -0.000000 0.000000 0.000000 0.000000 1.000000
-0.112999 0.993593 0.002268 1.353106 -0.993593 -0.112993 -0.002540 -0.000000 -0.002268 -0.002540 0.999994 -0.000000 0.000000 0.000000 0.000000 1.000000</float_array><technique_common><accessor source="#r_arm05_jnt-Matrix-animation-output-transform-array" count="15" stride="16"><param type="float4x4"/></accessor></technique_common></source><source id="r_arm05_jnt-Interpolations"><Name_array id="r_arm05_jnt-Interpolations-array" count="15">
 LINEAR LINEAR LINEAR LINEAR LINEAR LINEAR LINEAR LINEAR LINEAR LINEAR LINEAR
LINEAR LINEAR LINEAR LINEAR</Name_array><technique_common><accessor source="#r_arm05_jnt-Interpolations-array" count="15"><param type="name"/></accessor></technique_common></source><sampler id="r_arm05_jnt-Matrix-animation-transform"><input semantic="INPUT" source="#r_arm05_jnt-Matrix-animation-input"/><input semantic="OUTPUT" source="#r_arm05_jnt-Matrix-animation-output-transform"/><input semantic="INTERPOLATION" source="#r_arm05_jnt-Interpolations"/></sampler><channel source="#r_arm05_jnt-Matrix-animation-transform" target="r_arm05_jnt/matrix"/></animation></animation>
    <animation id="scythe01_jnt-anim" name="scythe01_jnt"><animation><source id="scythe01_jnt-Matrix-animation-input"><float_array id="scythe01_jnt-Matrix-animation-input-array" count="15">

0.000000 0.033333 0.066667 0.100000 0.133333 0.166667 0.200000 0.233333 0.266667 0.300000 0.333333 0.366667 0.400000 0.433333 0.466667</float_array><technique_common><accessor source="#scythe01_jnt-Matrix-animation-input-array" count="15"><param name="TIME" type="float"/></accessor></technique_common></source><source id="scythe01_jnt-Matrix-animation-output-transform"><float_array id="scythe01_jnt-Matrix-animation-output-transform-array" count="240">

-0.356599 -0.934252 -0.003063 4.703162 0.934250 -0.356608 0.002797 0.000000 -0.003705 -0.001864 0.999991 0.000000 0.000000 0.000000 0.000000 1.000000
-0.357975 -0.933726 -0.003074 4.703162 0.933724 -0.357983 0.002827 0.000000 -0.003740 -0.001858 0.999991 0.000000 0.000000 0.000000 0.000000 1.000000
-0.361807 -0.932248 -0.003106 4.703162 0.932245 -0.361816 0.002910 0.000000 -0.003837 -0.001843 0.999991 0.000000 0.000000 0.000000 0.000000 1.000000
-0.367665 -0.929953 -0.003156 4.703162 0.929950 -0.367674 0.003037 0.000000 -0.003984 -0.001818 0.999990 0.000000 0.000000 0.000000 0.000000 1.000000
-0.375158 -0.926955 -0.003221 4.703162 0.926951 -0.375168 0.003199 0.000000 -0.004174 -0.001785 0.999990 0.000000 0.000000 0.000000 0.000000 1.000000
-0.383945 -0.923350 -0.003299 4.703162 0.923345 -0.383955 0.003390 0.000000 -0.004397 -0.001745 0.999989 0.000000 0.000000 0.000000 0.000000 1.000000
-0.393070 -0.919502 -0.003382 4.703162 0.919497 -0.393081 0.003588 0.000000 -0.004628 -0.001700 0.999988 0.000000 0.000000 0.000000 0.000000 1.000000
-0.401115 -0.916021 -0.003458 4.703162 0.916015 -0.401126 0.003762 0.000000 -0.004833 -0.001659 0.999987 0.000000 0.000000 0.000000 0.000000 1.000000
-0.407062 -0.913394 -0.003515 4.703162 0.913387 -0.407074 0.003891 0.000000 -0.004985 -0.001627 0.999986 0.000000 0.000000 0.000000 0.000000 1.000000
-0.409906 -0.912121 -0.003542 4.703162 0.912114 -0.409918 0.003953 0.000000 -0.005057 -0.001611 0.999986 0.000000 0.000000 0.000000 0.000000 1.000000
-0.405039 -0.914293 -0.003495 4.703162 0.914286 -0.405050 0.003847 0.000000 -0.004933 -0.001638 0.999986 0.000000 0.000000 0.000000 0.000000 1.000000
-0.391988 -0.919964 -0.003372 4.703162 0.919959 -0.391998 0.003564 0.000000 -0.004601 -0.001705 0.999988 0.000000 0.000000 0.000000 0.000000 1.000000
-0.375978 -0.926623 -0.003228 4.703162 0.926619 -0.375987 0.003217 0.000000 -0.004195 -0.001782 0.999990 0.000000 0.000000 0.000000 0.000000 1.000000
-0.362359 -0.932033 -0.003111 4.703162 0.932031 -0.362368 0.002922 0.000000 -0.003850 -0.001841 0.999991 0.000000 0.000000 0.000000 0.000000 1.000000
-0.356599 -0.934252 -0.003063 4.703162 0.934250 -0.356608 0.002797 0.000000 -0.003705 -0.001864 0.999991 0.000000 0.000000 0.000000 0.000000 1.000000</float_array><technique_common><accessor source="#scythe01_jnt-Matrix-animation-output-transform-array" count="15" stride="16"><param type="float4x4"/></accessor></technique_common></source><source id="scythe01_jnt-Interpolations"><Name_array id="scythe01_jnt-Interpolations-array" count="15">
 LINEAR LINEAR LINEAR LINEAR LINEAR LINEAR LINEAR LINEAR LINEAR LINEAR LINEAR
LINEAR LINEAR LINEAR LINEAR</Name_array><technique_common><accessor source="#scythe01_jnt-Interpolations-array" count="15"><param type="name"/></accessor></technique_common></source><sampler id="scythe01_jnt-Matrix-animation-transform"><input semantic="INPUT" source="#scythe01_jnt-Matrix-animation-input"/><input semantic="OUTPUT" source="#scythe01_jnt-Matrix-animation-output-transform"/><input semantic="INTERPOLATION" source="#scythe01_jnt-Interpolations"/></sampler><channel source="#scythe01_jnt-Matrix-animation-transform" target="scythe01_jnt/matrix"/></animation></animation>
    <animation id="scythe02_jnt-anim" name="scythe02_jnt"><animation><source id="scythe02_jnt-Matrix-animation-input"><float_array id="scythe02_jnt-Matrix-animation-input-array" count="15">

0.000000 0.033333 0.066667 0.100000 0.133333 0.166667 0.200000 0.233333 0.266667 0.300000 0.333333 0.366667 0.400000 0.433333 0.466667</float_array><technique_common><accessor source="#scythe02_jnt-Matrix-animation-input-array" count="15"><param name="TIME" type="float"/></accessor></technique_common></source><source id="scythe02_jnt-Matrix-animation-output-transform"><float_array id="scythe02_jnt-Matrix-animation-output-transform-array" count="240">

0.923010 -0.384685 0.008339 2.551548 0.384685 0.923047 0.001668 0.000000 -0.008339 0.001668 0.999964 -0.000000 0.000000 0.000000 0.000000 1.000000
0.923010 -0.384685 0.008339 2.551548 0.384685 0.923047 0.001668 0.000000 -0.008339 0.001668 0.999964 -0.000000 0.000000 0.000000 0.000000 1.000000
0.923010 -0.384685 0.008339 2.551548 0.384685 0.923047 0.001668 0.000000 -0.008339 0.001668 0.999964 0.000000 0.000000 0.000000 0.000000 1.000000
0.923010 -0.384685 0.008339 2.551548 0.384685 0.923047 0.001668 0.000000 -0.008339 0.001668 0.999964 -0.000000 0.000000 0.000000 0.000000 1.000000
0.923010 -0.384685 0.008339 2.551548 0.384685 0.923047 0.001668 0.000000 -0.008339 0.001668 0.999964 -0.000000 0.000000 0.000000 0.000000 1.000000
