<?xml version="1.0" encoding="utf-8"?>
<COLLADA xmlns="http://www.collada.org/2005/11/COLLADASchema" version="1.4.1">
  <asset><contributor><author></author><authoring_tool>FBX COLLADA exporter</authoring_tool><comments></comments></contributor><created>2020-03-30T20:00:01Z</created><keywords></keywords><modified>2020-03-30T20:00:01Z</modified><revision></revision><subject></subject><title></title><unit meter="0.010000" name="centimeter"></unit><up_axis>Y_UP</up_axis></asset>
  <library_animations>
    <animation id="root_jnt-anim" name="root_jnt"><animation><source id="root_jnt-Matrix-animation-input"><float_array id="root_jnt-Matrix-animation-input-array" count="33">

0.000000 0.033333 0.066667 0.100000 0.133333 0.166667 0.200000 0.233333 0.266667 0.300000 0.333333 0.366667 0.400000 0.433333 0.466667 0.500000
0.533333 0.566667 0.600000 0.633333 0.666667 0.700000 0.733333 0.766667 0.800000 0.833333 0.866667 0.900000 0.933333 0.966667 1.000000 1.033333
1.066667</float_array><technique_common><accessor source="#root_jnt-Matrix-animation-input-array" count="33"><param name="TIME" type="float"/></accessor></technique_common></source><source id="root_jnt-Matrix-animation-output-transform"><float_array id="root_jnt-Matrix-animation-output-transform-array" count="528">

1.000000 0.000000 0.000000 0.000000 0.000000 1.000000 0.000000 0.000000 0.000000 0.000000 1.000000 0.000000 0.000000 0.000000 0.000000 1.000000
1.000000 0.000000 0.000000 0.000000 0.000000 1.000000 0.000000 0.000000 0.000000 0.000000 1.000000 0.000000 0.000000 0.000000 0.000000 1.000000
1.000000 0.000000 0.000000 0.000000 0.000000 1.000000 0.000000 0.000000 0.000000 0.000000 1.000000 0.000000 0.000000 0.000000 0.000000 1.000000
1.000000 0.000000 0.000000 0.000000 0.000000 1.000000 0.000000 0.000000 0.000000 0.000000 1.000000 0.000000 0.000000 0.000000 0.000000 1.000000
1.000000 0.000000 0.000000 0.000000 0.000000 1.000000 0.000000 0.000000 0.000000 0.000000 1.000000 0.000000 0.000000 0.000000 0.000000 1.000000
1.000000 0.000000 0.000000 0.000000 0.000000 1.000000 0.000000 0.000000 0.000000 0.000000 1.000000 0.000000 0.000000 0.000000 0.000000 1.000000
1.000000 0.000000 0.000000 0.000000 0.000000 1.000000 0.000000 0.000000 0.000000 0.000000 1.000000 0.000000 0.000000 0.000000 0.000000 1.000000
1.000000 0.000000 0.000000 0.000000 0.000000 1.000000 0.000000 0.000000 0.000000 0.000000 1.000000 0.000000 0.000000 0.000000 0.000000 1.000000
1.000000 0.000000 0.000000 0.000000 0.000000 1.000000 0.000000 0.000000 0.000000 0.000000 1.000000 0.000000 0.000000 0.000000 0.000000 1.000000
1.000000 0.000000 0.000000 0.000000 0.000000 1.000000 0.000000 0.000000 0.000000 0.000000 1.000000 0.000000 0.000000 0.000000 0.000000 1.000000
1.000000 0.000000 0.000000 0.000000 0.000000 1.000000 0.000000 0.000000 0.000000 0.000000 1.000000 0.000000 0.000000 0.000000 0.000000 1.000000
1.000000 0.000000 0.000000 0.000000 0.000000 1.000000 0.000000 0.000000 0.000000 0.000000 1.000000 0.000000 0.000000 0.000000 0.000000 1.000000
1.000000 0.000000 0.000000 0.000000 0.000000 1.000000 0.000000 0.000000 0.000000 0.000000 1.000000 0.000000 0.000000 0.000000 0.000000 1.000000
1.000000 0.000000 0.000000 0.000000 0.000000 1.000000 0.000000 0.000000 0.000000 0.000000 1.000000 0.000000 0.000000 0.000000 0.000000 1.000000
1.000000 0.000000 0.000000 0.000000 0.000000 1.000000 0.000000 0.000000 0.000000 0.000000 1.000000 0.000000 0.000000 0.000000 0.000000 1.000000
1.000000 0.000000 0.000000 0.000000 0.000000 1.000000 0.000000 0.000000 0.000000 0.000000 1.000000 0.000000 0.000000 0.000000 0.000000 1.000000
1.000000 0.000000 0.000000 0.000000 0.000000 1.000000 0.000000 0.000000 0.000000 0.000000 1.000000 0.000000 0.000000 0.000000 0.000000 1.000000
1.000000 0.000000 0.000000 0.000000 0.000000 1.000000 0.000000 0.000000 0.000000 0.000000 1.000000 0.000000 0.000000 0.000000 0.000000 1.000000
1.000000 0.000000 0.000000 0.000000 0.000000 1.000000 0.000000 0.000000 0.000000 0.000000 1.000000 0.000000 0.000000 0.000000 0.000000 1.000000
1.000000 0.000000 0.000000 0.000000 0.000000 1.000000 0.000000 0.000000 0.000000 0.000000 1.000000 0.000000 0.000000 0.000000 0.000000 1.000000
1.000000 0.000000 0.000000 0.000000 0.000000 1.000000 0.000000 0.000000 0.000000 0.000000 1.000000 0.000000 0.000000 0.000000 0.000000 1.000000
1.000000 0.000000 0.000000 0.000000 0.000000 1.000000 0.000000 0.000000 0.000000 0.000000 1.000000 0.000000 0.000000 0.000000 0.000000 1.000000
1.000000 0.000000 0.000000 0.000000 0.000000 1.000000 0.000000 0.000000 0.000000 0.000000 1.000000 0.000000 0.000000 0.000000 0.000000 1.000000
1.000000 0.000000 0.000000 0.000000 0.000000 1.000000 0.000000 0.000000 0.000000 0.000000 1.000000 0.000000 0.000000 0.000000 0.000000 1.000000
1.000000 0.000000 0.000000 0.000000 0.000000 1.000000 0.000000 0.000000 0.000000 0.000000 1.000000 0.000000 0.000000 0.000000 0.000000 1.000000
1.000000 0.000000 0.000000 0.000000 0.000000 1.000000 0.000000 0.000000 0.000000 0.000000 1.000000 0.000000 0.000000 0.000000 0.000000 1.000000
1.000000 0.000000 0.000000 0.000000 0.000000 1.000000 0.000000 0.000000 0.000000 0.000000 1.000000 0.000000 0.000000 0.000000 0.000000 1.000000
1.000000 0.000000 0.000000 0.000000 0.000000 1.000000 0.000000 0.000000 0.000000 0.000000 1.000000 0.000000 0.000000 0.000000 0.000000 1.000000
1.000000 0.000000 0.000000 0.000000 0.000000 1.000000 0.000000 0.000000 0.000000 0.000000 1.000000 0.000000 0.000000 0.000000 0.000000 1.000000
1.000000 0.000000 0.000000 0.000000 0.000000 1.000000 0.000000 0.000000 0.000000 0.000000 1.000000 0.000000 0.000000 0.000000 0.000000 1.000000
1.000000 0.000000 0.000000 0.000000 0.000000 1.000000 0.000000 0.000000 0.000000 0.000000 1.000000 0.000000 0.000000 0.000000 0.000000 1.000000
1.000000 0.000000 0.000000 0.000000 0.000000 1.000000 0.000000 0.000000 0.000000 0.000000 1.000000 0.000000 0.000000 0.000000 0.000000 1.000000
1.000000 0.000000 0.000000 0.000000 0.000000 1.000000 0.000000 0.000000 0.000000 0.000000 1.000000 0.000000 0.000000 0.000000 0.000000 1.000000</float_array><technique_common><accessor source="#root_jnt-Matrix-animation-output-transform-array" count="33" stride="16"><param type="float4x4"/></accessor></technique_common></source><source id="root_jnt-Interpolations"><Name_array id="root_jnt-Interpolations-array" count="33">
 LINEAR LINEAR LINEAR LINEAR LINEAR LINEAR LINEAR LINEAR LINEAR LINEAR LINEAR
LINEAR LINEAR LINEAR LINEAR LINEAR LINEAR LINEAR LINEAR LINEAR LINEAR LINEAR LINEAR
LINEAR LINEAR LINEAR LINEAR LINEAR LINEAR LINEAR LINEAR LINEAR LINEAR</Name_array><technique_common><accessor source="#root_jnt-Interpolations-array" count="33"><param type="name"/></accessor></technique_common></source><sampler id="root_jnt-Matrix-animation-transform"><input semantic="INPUT" source="#root_jnt-Matrix-animation-input"/><input semantic="OUTPUT" source="#root_jnt-Matrix-animation-output-transform"/><input semantic="INTERPOLATION" source="#root_jnt-Interpolations"/></sampler><channel source="#root_jnt-Matrix-animation-transform" target="root_jnt/matrix"/></animation></animation>
    <animation id="jnt_spine2-anim" name="jnt_spine2"><animation><source id="jnt_spine2-Matrix-animation-input"><float_array id="jnt_spine2-Matrix-animation-input-array" count="33">

0.000000 0.033333 0.066667 0.100000 0.133333 0.166667 0.200000 0.233333 0.266667 0.300000 0.333333 0.366667 0.400000 0.433333 0.466667 0.500000
0.533333 0.566667 0.600000 0.633333 0.666667 0.700000 0.733333 0.766667 0.800000 0.833333 0.866667 0.900000 0.933333 0.966667 1.000000 1.033333
1.066667</float_array><technique_common><accessor source="#jnt_spine2-Matrix-animation-input-array" count="33"><param name="TIME" type="float"/></accessor></technique_common></source><source id="jnt_spine2-Matrix-animation-output-transform"><float_array id="jnt_spine2-Matrix-animation-output-transform-array" count="528">

0.993347 0.098515 -0.059644 -0.467351 -0.103505 0.990787 -0.087332 7.870280 0.050491 0.092925 0.994392 -0.307933 0.000000 0.000000 0.000000 1.000000
0.993070 0.098277 -0.064445 -0.467351 -0.103695 0.990801 -0.086956 7.857545 0.055306 0.093036 0.994125 -0.297368 0.000000 0.000000 0.000000 1.000000
0.992146 0.097586 -0.078249 -0.467351 -0.104230 0.990840 -0.085862 7.822626 0.069153 0.093343 0.993230 -0.268398 0.000000 0.000000 0.000000 1.000000
0.990285 0.096472 -0.100144 -0.467351 -0.105036 0.990907 -0.084090 7.770452 0.091121 0.093792 0.991413 -0.225114 0.000000 0.000000 0.000000 1.000000
0.987063 0.094957 -0.129191 -0.467351 -0.106026 0.991004 -0.081672 7.705955 0.120273 0.094313 0.988251 -0.171605 0.000000 0.000000 0.000000 1.000000
0.981991 0.093065 -0.164414 -0.467351 -0.107097 0.991134 -0.078637 7.634063 0.155638 0.094829 0.983252 -0.111962 0.000000 0.000000 0.000000 1.000000
0.974581 0.090822 -0.204799 -0.467351 -0.108145 0.991301 -0.075018 7.559706 0.196204 0.095259 0.975925 -0.050274 0.000000 0.000000 0.000000 1.000000
0.964398 0.088264 -0.249291 -0.467351 -0.109062 0.991506 -0.070857 7.487813 0.240920 0.095523 0.965833 0.009369 0.000000 0.000000 0.000000 1.000000
0.951108 0.085435 -0.296808 -0.467351 -0.109748 0.991752 -0.066211 7.423316 0.288703 0.095548 0.952639 0.062878 0.000000 0.000000 0.000000 1.000000
0.934518 0.082388 -0.346249 -0.467351 -0.110116 0.992036 -0.061150 7.371142 0.338453 0.095274 0.936148 0.106162 0.000000 0.000000 0.000000 1.000000
0.914603 0.079188 -0.396523 -0.467351 -0.110095 0.992356 -0.055762 7.336223 0.389076 0.094655 0.916330 0.135132 0.000000 0.000000 0.000000 1.000000
0.891522 0.075905 -0.446573 -0.467351 -0.109638 0.992706 -0.050145 7.323488 0.439510 0.093666 0.893341 0.145697 0.000000 0.000000 0.000000 1.000000
0.865622 0.072616 -0.495405 -0.467351 -0.108725 0.993079 -0.044411 7.336223 0.488751 0.092307 0.867526 0.071114 0.000000 0.000000 0.000000 1.000000
0.837435 0.069399 -0.542113 -0.467351 -0.107368 0.993467 -0.038680 7.371142 0.535886 0.090597 0.839415 -0.135128 0.000000 0.000000 0.000000 1.000000
0.807663 0.066329 -0.585902 -0.467351 -0.105610 0.993858 -0.033070 7.423316 0.580110 0.088586 0.809707 -0.446768 0.000000 0.000000 0.000000 1.000000
0.777149 0.063477 -0.626107 -0.467351 -0.103525 0.994241 -0.027699 7.487813 0.620743 0.086344 0.779245 -0.837546 0.000000 0.000000 0.000000 1.000000
0.746855 0.060905 -0.662192 -0.467351 -0.101217 0.994606 -0.022679 7.559706 0.657239 0.083963 0.748991 -1.281202 0.000000 0.000000 0.000000 1.000000
0.717823 0.058665 -0.693750 -0.467351 -0.098815 0.994941 -0.018110 7.634063 0.689178 0.081553 0.719988 -1.751474 0.000000 0.000000 0.000000 1.000000
0.691142 0.056798 -0.720484 -0.467351 -0.096468 0.995237 -0.014082 7.705955 0.716252 0.079236 0.693329 -2.222103 0.000000 0.000000 0.000000 1.000000
0.667914 0.055334 -0.742178 -0.467351 -0.094334 0.995483 -0.010674 7.770452 0.738236 0.077142 0.670117 -2.666827 0.000000 0.000000 0.000000 1.000000
0.649221 0.054300 -0.758659 -0.467351 -0.092577 0.995674 -0.007958 7.822626 0.754945 0.075400 0.651439 -3.059387 0.000000 0.000000 0.000000 1.000000
0.636092 0.053717 -0.769742 -0.467351 -0.091354 0.995800 -0.006000 7.857545 0.766187 0.074135 0.638328 -3.373522 0.000000 0.000000 0.000000 1.000000
0.629469 0.053609 -0.775174 -0.467351 -0.090807 0.995857 -0.004868 7.870280 0.771701 0.073456 0.631729 -3.582971 0.000000 0.000000 0.000000 1.000000
0.626881 0.055633 -0.777126 -0.467351 -0.090574 0.995888 -0.001769 7.857610 0.773833 0.071496 0.629342 -3.707972 0.000000 0.000000 0.000000 1.000000
0.625403 0.057852 -0.778155 -0.467351 -0.088595 0.996064 0.002850 7.825934 0.775256 0.067158 0.628066 -3.791763 0.000000 0.000000 0.000000 1.000000
0.624924 0.057868 -0.778538 -0.467351 -0.084326 0.996418 0.006375 7.784756 0.776118 0.061667 0.627565 -3.842588 0.000000 0.000000 0.000000 1.000000
0.625028 0.056656 -0.778543 -0.467351 -0.079334 0.996809 0.008848 7.743578 0.776560 0.056235 0.627528 -3.868687 0.000000 0.000000 0.000000 1.000000
0.625339 0.055200 -0.778399 -0.467351 -0.075186 0.997116 0.010308 7.711902 0.776723 0.052078 0.627686 -3.878302 0.000000 0.000000 0.000000 1.000000
0.625516 0.054493 -0.778306 -0.467351 -0.073452 0.997240 0.010789 7.699232 0.776746 0.050420 0.627792 -3.879676 0.000000 0.000000 0.000000 1.000000
0.626165 0.054372 -0.777792 -0.467351 -0.076168 0.997060 0.008380 7.725958 0.775961 0.053996 0.628465 -3.833316 0.000000 0.000000 0.000000 1.000000
0.627548 0.054128 -0.776694 -0.467351 -0.082166 0.996614 0.003066 7.784756 0.774230 0.061893 0.629871 -3.731323 0.000000 0.000000 0.000000 1.000000
0.628869 0.053914 -0.775640 -0.467351 -0.088194 0.996101 -0.002268 7.843554 0.772493 0.069833 0.631172 -3.629331 0.000000 0.000000 0.000000 1.000000
0.629449 0.053826 -0.775175 -0.467351 -0.090945 0.995845 -0.004699 7.870280 0.771701 0.073456 0.631729 -3.582971 0.000000 0.000000 0.000000 1.000000</float_array><technique_common><accessor source="#jnt_spine2-Matrix-animation-output-transform-array" count="33" stride="16"><param type="float4x4"/></accessor></technique_common></source><source id="jnt_spine2-Interpolations"><Name_array id="jnt_spine2-Interpolations-array" count="33">
 LINEAR LINEAR LINEAR LINEAR LINEAR LINEAR LINEAR LINEAR LINEAR LINEAR LINEAR
LINEAR LINEAR LINEAR LINEAR LINEAR LINEAR LINEAR LINEAR LINEAR LINEAR LINEAR LINEAR
LINEAR LINEAR LINEAR LINEAR LINEAR LINEAR LINEAR LINEAR LINEAR LINEAR</Name_array><technique_common><accessor source="#jnt_spine2-Interpolations-array" count="33"><param type="name"/></accessor></technique_common></source><sampler id="jnt_spine2-Matrix-animation-transform"><input semantic="INPUT" source="#jnt_spine2-Matrix-animation-input"/><input semantic="OUTPUT" source="#jnt_spine2-Matrix-animation-output-transform"/><input semantic="INTERPOLATION" source="#jnt_spine2-Interpolations"/></sampler><channel source="#jnt_spine2-Matrix-animation-transform" target="jnt_spine2/matrix"/></animation></animation>
    <animation id="neck_jnt-anim" name="neck_jnt"><animation><source id="neck_jnt-Matrix-animation-input"><float_array id="neck_jnt-Matrix-animation-input-array" count="33">

0.000000 0.033333 0.066667 0.100000 0.133333 0.166667 0.200000 0.233333 0.266667 0.300000 0.333333 0.366667 0.400000 0.433333 0.466667 0.500000
0.533333 0.566667 0.600000 0.633333 0.666667 0.700000 0.733333 0.766667 0.800000 0.833333 0.866667 0.900000 0.933333 0.966667 1.000000 1.033333
1.066667</float_array><technique_common><accessor source="#neck_jnt-Matrix-animation-input-array" count="33"><param name="TIME" type="float"/></accessor></technique_common></source><source id="neck_jnt-Matrix-animation-output-transform"><float_array id="neck_jnt-Matrix-animation-output-transform-array" count="528">

1.000000 -0.000000 0.000000 1.220000 0.000000 1.000000 0.000000 2.357033 -0.000000 -0.000000 1.000000 2.698746 0.000000 0.000000 0.000000 1.000000
1.000000 -0.000000 0.000000 1.220000 0.000000 1.000000 0.000000 2.357033 -0.000000 -0.000000 1.000000 2.698746 0.000000 0.000000 0.000000 1.000000
1.000000 -0.000000 0.000000 1.220000 0.000000 1.000000 0.000000 2.357033 -0.000000 -0.000000 1.000000 2.698746 0.000000 0.000000 0.000000 1.000000
1.000000 -0.000000 0.000000 1.220000 0.000000 1.000000 0.000000 2.357033 -0.000000 -0.000000 1.000000 2.698746 0.000000 0.000000 0.000000 1.000000
1.000000 -0.000000 0.000000 1.220000 0.000000 1.000000 0.000000 2.357033 -0.000000 -0.000000 1.000000 2.698746 0.000000 0.000000 0.000000 1.000000
1.000000 -0.000000 0.000000 1.220000 0.000000 1.000000 0.000000 2.357033 -0.000000 -0.000000 1.000000 2.698746 0.000000 0.000000 0.000000 1.000000
1.000000 -0.000000 0.000000 1.220000 0.000000 1.000000 0.000000 2.357033 -0.000000 -0.000000 1.000000 2.698746 0.000000 0.000000 0.000000 1.000000
1.000000 -0.000000 0.000000 1.220000 0.000000 1.000000 0.000000 2.357033 -0.000000 -0.000000 1.000000 2.698746 0.000000 0.000000 0.000000 1.000000
1.000000 -0.000000 0.000000 1.220000 0.000000 1.000000 0.000000 2.357033 -0.000000 -0.000000 1.000000 2.698746 0.000000 0.000000 0.000000 1.000000
1.000000 -0.000000 0.000000 1.220000 0.000000 1.000000 0.000000 2.357033 -0.000000 -0.000000 1.000000 2.698746 0.000000 0.000000 0.000000 1.000000
1.000000 -0.000000 0.000000 1.220000 0.000000 1.000000 0.000000 2.357033 -0.000000 -0.000000 1.000000 2.698746 0.000000 0.000000 0.000000 1.000000
1.000000 -0.000000 0.000000 1.220000 0.000000 1.000000 0.000000 2.357033 -0.000000 -0.000000 1.000000 2.698746 0.000000 0.000000 0.000000 1.000000
1.000000 -0.000000 0.000000 1.220000 0.000000 1.000000 0.000000 2.357033 -0.000000 -0.000000 1.000000 2.698746 0.000000 0.000000 0.000000 1.000000
1.000000 -0.000000 0.000000 1.220000 0.000000 1.000000 0.000000 2.357033 -0.000000 -0.000000 1.000000 2.698746 0.000000 0.000000 0.000000 1.000000
1.000000 -0.000000 0.000000 1.220000 0.000000 1.000000 0.000000 2.357033 -0.000000 -0.000000 1.000000 2.698746 0.000000 0.000000 0.000000 1.000000
1.000000 -0.000000 0.000000 1.220000 0.000000 1.000000 0.000000 2.357033 -0.000000 -0.000000 1.000000 2.698746 0.000000 0.000000 0.000000 1.000000
1.000000 -0.000000 0.000000 1.220000 0.000000 1.000000 0.000000 2.357033 -0.000000 -0.000000 1.000000 2.698746 0.000000 0.000000 0.000000 1.000000
1.000000 -0.000000 0.000000 1.220000 0.000000 1.000000 0.000000 2.357033 -0.000000 -0.000000 1.000000 2.698746 0.000000 0.000000 0.000000 1.000000
1.000000 -0.000000 0.000000 1.220000 0.000000 1.000000 0.000000 2.357033 -0.000000 -0.000000 1.000000 2.698746 0.000000 0.000000 0.000000 1.000000
1.000000 -0.000000 0.000000 1.220000 0.000000 1.000000 0.000000 2.357033 -0.000000 -0.000000 1.000000 2.698746 0.000000 0.000000 0.000000 1.000000
1.000000 -0.000000 0.000000 1.220000 0.000000 1.000000 0.000000 2.357033 -0.000000 -0.000000 1.000000 2.698746 0.000000 0.000000 0.000000 1.000000
1.000000 -0.000000 0.000000 1.220000 0.000000 1.000000 0.000000 2.357033 -0.000000 -0.000000 1.000000 2.698746 0.000000 0.000000 0.000000 1.000000
1.000000 -0.000000 0.000000 1.220000 0.000000 1.000000 0.000000 2.357033 -0.000000 -0.000000 1.000000 2.698746 0.000000 0.000000 0.000000 1.000000
1.000000 -0.000000 0.000000 1.220000 0.000000 1.000000 0.000000 2.357033 -0.000000 -0.000000 1.000000 2.698746 0.000000 0.000000 0.000000 1.000000
1.000000 -0.000000 0.000000 1.220000 0.000000 1.000000 0.000000 2.357033 -0.000000 -0.000000 1.000000 2.698746 0.000000 0.000000 0.000000 1.000000
1.000000 -0.000000 0.000000 1.220000 0.000000 1.000000 0.000000 2.357033 -0.000000 -0.000000 1.000000 2.698746 0.000000 0.000000 0.000000 1.000000
1.000000 -0.000000 0.000000 1.220000 0.000000 1.000000 0.000000 2.357033 -0.000000 -0.000000 1.000000 2.698746 0.000000 0.000000 0.000000 1.000000
1.000000 -0.000000 0.000000 1.220000 0.000000 1.000000 0.000000 2.357033 -0.000000 -0.000000 1.000000 2.698746 0.000000 0.000000 0.000000 1.000000
1.000000 -0.000000 0.000000 1.220000 0.000000 1.000000 0.000000 2.357033 -0.000000 -0.000000 1.000000 2.698746 0.000000 0.000000 0.000000 1.000000
1.000000 -0.000000 0.000000 1.220000 0.000000 1.000000 0.000000 2.357033 -0.000000 -0.000000 1.000000 2.698746 0.000000 0.000000 0.000000 1.000000
1.000000 -0.000000 0.000000 1.220000 0.000000 1.000000 0.000000 2.357033 -0.000000 -0.000000 1.000000 2.698746 0.000000 0.000000 0.000000 1.000000
1.000000 -0.000000 0.000000 1.220000 0.000000 1.000000 0.000000 2.357033 -0.000000 -0.000000 1.000000 2.698746 0.000000 0.000000 0.000000 1.000000
1.000000 -0.000000 0.000000 1.220000 0.000000 1.000000 0.000000 2.357033 -0.000000 -0.000000 1.000000 2.698746 0.000000 0.000000 0.000000 1.000000</float_array><technique_common><accessor source="#neck_jnt-Matrix-animation-output-transform-array" count="33" stride="16"><param type="float4x4"/></accessor></technique_common></source><source id="neck_jnt-Interpolations"><Name_array id="neck_jnt-Interpolations-array" count="33">
 LINEAR LINEAR LINEAR LINEAR LINEAR LINEAR LINEAR LINEAR LINEAR LINEAR LINEAR
LINEAR LINEAR LINEAR LINEAR LINEAR LINEAR LINEAR LINEAR LINEAR LINEAR LINEAR LINEAR
LINEAR LINEAR LINEAR LINEAR LINEAR LINEAR LINEAR LINEAR LINEAR LINEAR</Name_array><technique_common><accessor source="#neck_jnt-Interpolations-array" count="33"><param type="name"/></accessor></technique_common></source><sampler id="neck_jnt-Matrix-animation-transform"><input semantic="INPUT" source="#neck_jnt-Matrix-animation-input"/><input semantic="OUTPUT" source="#neck_jnt-Matrix-animation-output-transform"/><input semantic="INTERPOLATION" source="#neck_jnt-Interpolations"/></sampler><channel source="#neck_jnt-Matrix-animation-transform" target="neck_jnt/matrix"/></animation></animation>
    <animation id="head_jnt-anim" name="head_jnt"><animation><source id="head_jnt-Matrix-animation-input"><float_array id="head_jnt-Matrix-animation-input-array" count="33">

0.000000 0.033333 0.066667 0.100000 0.133333 0.166667 0.200000 0.233333 0.266667 0.300000 0.333333 0.366667 0.400000 0.433333 0.466667 0.500000
0.533333 0.566667 0.600000 0.633333 0.666667 0.700000 0.733333 0.766667 0.800000 0.833333 0.866667 0.900000 0.933333 0.966667 1.000000 1.033333
1.066667</float_array><technique_common><accessor source="#head_jnt-Matrix-animation-input-array" count="33"><param name="TIME" type="float"/></accessor></technique_common></source><source id="head_jnt-Matrix-animation-output-transform"><float_array id="head_jnt-Matrix-animation-output-transform-array" count="528">

0.988620 -0.144264 0.042648 -0.068576 0.148715 0.979973 -0.132428 0.393787 -0.022689 0.137264 0.990275 0.070697 0.000000 0.000000 0.000000 1.000000
0.988620 -0.144264 0.042648 -0.068576 0.148715 0.979973 -0.132428 0.393787 -0.022689 0.137264 0.990275 0.070697 0.000000 0.000000 0.000000 1.000000
0.988620 -0.144264 0.042648 -0.068576 0.148715 0.979973 -0.132428 0.393787 -0.022689 0.137264 0.990275 0.070697 0.000000 0.000000 0.000000 1.000000
0.988620 -0.144264 0.042648 -0.068576 0.148715 0.979973 -0.132428 0.393787 -0.022689 0.137264 0.990275 0.070697 0.000000 0.000000 0.000000 1.000000
0.988445 -0.142736 0.051021 -0.068576 0.148285 0.980338 -0.130185 0.393787 -0.031436 0.136246 0.990176 0.070697 0.000000 0.000000 0.000000 1.000000
0.987539 -0.138477 0.074771 -0.068576 0.146985 0.981360 -0.123805 0.393787 -0.056233 0.133252 0.989486 0.070697 0.000000 0.000000 0.000000 1.000000
0.984911 -0.132082 0.111823 -0.068576 0.144739 0.982897 -0.113861 0.393787 -0.094871 0.128328 0.987184 0.070697 0.000000 0.000000 0.000000 1.000000
0.979264 -0.124244 0.160018 -0.068576 0.141444 0.984783 -0.100972 0.393787 -0.145038 0.121512 0.981936 0.070697 0.000000 0.000000 0.000000 1.000000
0.969276 -0.115701 0.217064 -0.068576 0.137011 0.986848 -0.085790 0.393787 -0.204283 0.112895 0.972380 0.070697 0.000000 0.000000 0.000000 1.000000
0.953845 -0.107184 0.280518 -0.068576 0.131411 0.988925 -0.068976 0.393787 -0.270018 0.102656 0.957367 0.070697 0.000000 0.000000 0.000000 1.000000
0.932282 -0.099360 0.347820 -0.068576 0.124698 0.990874 -0.051178 0.393787 -0.339561 0.091085 0.936163 0.070697 0.000000 0.000000 0.000000 1.000000
0.904446 -0.092781 0.416377 -0.068576 0.117016 0.992581 -0.033004 0.393787 -0.410226 0.078573 0.908593 0.070697 0.000000 0.000000 0.000000 1.000000
0.870825 -0.087849 0.483680 -0.068576 0.108598 0.993973 -0.014991 0.393787 -0.479448 0.065581 0.875116 0.070697 0.000000 0.000000 0.000000 1.000000
0.832543 -0.084787 0.547433 -0.068576 0.099745 0.995010 0.002416 0.393787 -0.544907 0.052593 0.836846 0.070697 0.000000 0.000000 0.000000 1.000000
0.791305 -0.083642 0.605673 -0.068576 0.090800 0.995690 0.018872 0.393787 -0.604641 0.040062 0.795490 0.070697 0.000000 0.000000 0.000000 1.000000
0.749297 -0.084291 0.656848 -0.068576 0.082118 0.996038 0.034142 0.393787 -0.657123 0.028357 0.753250 0.070697 0.000000 0.000000 0.000000 1.000000
0.709042 -0.086481 0.699843 -0.068576 0.074033 0.996096 0.048084 0.393787 -0.701269 0.017718 0.712676 0.070697 0.000000 0.000000 0.000000 1.000000
0.673252 -0.089863 0.733932 -0.068576 0.066834 0.995920 0.060633 0.393787 -0.736386 0.008230 0.676511 0.070697 0.000000 0.000000 0.000000 1.000000
0.644669 -0.094029 0.758657 -0.068576 0.060748 0.995569 0.071771 0.393787 -0.762044 -0.000181 0.647525 0.070697 0.000000 0.000000 0.000000 1.000000
0.625917 -0.098545 0.773638 -0.068576 0.055934 0.995103 0.081500 0.393787 -0.777881 -0.007739 0.628364 0.070697 0.000000 0.000000 0.000000 1.000000
0.619362 -0.102965 0.778325 -0.068576 0.052479 0.994575 0.089811 0.393787 -0.783350 -0.014780 0.621405 0.070697 0.000000 0.000000 0.000000 1.000000
0.619582 -0.107032 0.777600 -0.068576 0.049814 0.994024 0.097130 0.393787 -0.783350 -0.021445 0.621211 0.070697 0.000000 0.000000 0.000000 1.000000
0.619773 -0.110754 0.776926 -0.068576 0.047372 0.993466 0.103833 0.393787 -0.783350 -0.027549 0.620970 0.070697 0.000000 0.000000 0.000000 1.000000
0.619936 -0.114070 0.776317 -0.068576 0.045193 0.992925 0.109808 0.393787 -0.783350 -0.032990 0.620705 0.070697 0.000000 0.000000 0.000000 1.000000
0.620070 -0.116918 0.775786 -0.068576 0.043318 0.992427 0.114945 0.393787 -0.783350 -0.037668 0.620439 0.070697 0.000000 0.000000 0.000000 1.000000
0.620175 -0.119240 0.775348 -0.068576 0.041789 0.991999 0.119132 0.393787 -0.783350 -0.041482 0.620195 0.070697 0.000000 0.000000 0.000000 1.000000
0.620251 -0.120973 0.775019 -0.068576 0.040647 0.991665 0.122260 0.393787 -0.783350 -0.044330 0.619998 0.070697 0.000000 0.000000 0.000000 1.000000
0.620297 -0.122058 0.774812 -0.068576 0.039931 0.991451 0.124218 0.393787 -0.783350 -0.046113 0.619868 0.070697 0.000000 0.000000 0.000000 1.000000
0.620313 -0.122434 0.774740 -0.068576 0.039683 0.991376 0.124896 0.393787 -0.783350 -0.046730 0.619822 0.070697 0.000000 0.000000 0.000000 1.000000
0.620313 -0.122434 0.774740 -0.068576 0.039683 0.991376 0.124896 0.393787 -0.783350 -0.046730 0.619822 0.070697 0.000000 0.000000 0.000000 1.000000
0.620313 -0.122434 0.774740 -0.068576 0.039683 0.991376 0.124896 0.393787 -0.783350 -0.046730 0.619822 0.070697 0.000000 0.000000 0.000000 1.000000
0.620313 -0.122434 0.774740 -0.068576 0.039683 0.991376 0.124896 0.393787 -0.783350 -0.046730 0.619822 0.070697 0.000000 0.000000 0.000000 1.000000
0.620313 -0.122434 0.774740 -0.068576 0.039683 0.991376 0.124896 0.393787 -0.783350 -0.046730 0.619822 0.070697 0.000000 0.000000 0.000000 1.000000</float_array><technique_common><accessor source="#head_jnt-Matrix-animation-output-transform-array" count="33" stride="16"><param type="float4x4"/></accessor></technique_common></source><source id="head_jnt-Interpolations"><Name_array id="head_jnt-Interpolations-array" count="33">
 LINEAR LINEAR LINEAR LINEAR LINEAR LINEAR LINEAR LINEAR LINEAR LINEAR LINEAR
LINEAR LINEAR LINEAR LINEAR LINEAR LINEAR LINEAR LINEAR LINEAR LINEAR LINEAR LINEAR
LINEAR LINEAR LINEAR LINEAR LINEAR LINEAR LINEAR LINEAR LINEAR LINEAR</Name_array><technique_common><accessor source="#head_jnt-Interpolations-array" count="33"><param type="name"/></accessor></technique_common></source><sampler id="head_jnt-Matrix-animation-transform"><input semantic="INPUT" source="#head_jnt-Matrix-animation-input"/><input semantic="OUTPUT" source="#head_jnt-Matrix-animation-output-transform"/><input semantic="INTERPOLATION" source="#head_jnt-Interpolations"/></sampler><channel source="#head_jnt-Matrix-animation-transform" target="head_jnt/matrix"/></animation></animation>
    <animation id="r_arm01_jnt-anim" name="r_arm01_jnt"><animation><source id="r_arm01_jnt-Matrix-animation-input"><float_array id="r_arm01_jnt-Matrix-animation-input-array" count="33">

0.000000 0.033333 0.066667 0.100000 0.133333 0.166667 0.200000 0.233333 0.266667 0.300000 0.333333 0.366667 0.400000 0.433333 0.466667 0.500000
0.533333 0.566667 0.600000 0.633333 0.666667 0.700000 0.733333 0.766667 0.800000 0.833333 0.866667 0.900000 0.933333 0.966667 1.000000 1.033333
1.066667</float_array><technique_common><accessor source="#r_arm01_jnt-Matrix-animation-input-array" count="33"><param name="TIME" type="float"/></accessor></technique_common></source><source id="r_arm01_jnt-Matrix-animation-output-transform"><float_array id="r_arm01_jnt-Matrix-animation-output-transform-array" count="528">

-0.964823 0.262900 0.000000 -2.858765 0.262900 0.964823 -0.000000 2.350029 -0.000000 0.000000 -1.000000 -0.000000 0.000000 0.000000 0.000000 1.000000
-0.965244 0.261352 0.000000 -2.858765 0.261352 0.965244 -0.000000 2.350029 -0.000000 0.000000 -1.000000 -0.000000 0.000000 0.000000 0.000000 1.000000
-0.966427 0.256942 0.000000 -2.858765 0.256942 0.966427 -0.000000 2.350029 -0.000000 0.000000 -1.000000 -0.000000 0.000000 0.000000 0.000000 1.000000
-0.968241 0.250018 0.000000 -2.858765 0.250018 0.968241 -0.000000 2.350029 -0.000000 0.000000 -1.000000 -0.000000 0.000000 0.000000 0.000000 1.000000
-0.970543 0.240926 0.000000 -2.858765 0.240926 0.970543 -0.000000 2.350029 -0.000000 0.000000 -1.000000 -0.000000 0.000000 0.000000 0.000000 1.000000
-0.973188 0.230012 0.000000 -2.858765 0.230012 0.973188 -0.000000 2.350029 -0.000000 -0.000000 -1.000000 -0.000000 0.000000 0.000000 0.000000 1.000000
-0.976033 0.217624 0.000000 -2.858765 0.217624 0.976033 -0.000000 2.350029 -0.000000 0.000000 -1.000000 -0.000000 0.000000 0.000000 0.000000 1.000000
-0.978947 0.204114 0.000000 -2.858765 0.204114 0.978947 -0.000000 2.350029 -0.000000 0.000000 -1.000000 -0.000000 0.000000 0.000000 0.000000 1.000000
-0.981816 0.189837 0.000000 -2.858765 0.189837 0.981816 -0.000000 2.350029 -0.000000 0.000000 -1.000000 -0.000000 0.000000 0.000000 0.000000 1.000000
-0.984541 0.175156 0.000000 -2.858765 0.175156 0.984541 -0.000000 2.350029 -0.000000 -0.000000 -1.000000 -0.000000 0.000000 0.000000 0.000000 1.000000
-0.987046 0.160436 0.000000 -2.858765 0.160436 0.987046 -0.000000 2.350029 -0.000000 0.000000 -1.000000 -0.000000 0.000000 0.000000 0.000000 1.000000
-0.989278 0.146046 0.000000 -2.858765 0.146046 0.989278 -0.000000 2.350029 -0.000000 0.000000 -1.000000 -0.000000 0.000000 0.000000 0.000000 1.000000
-0.991202 0.132360 0.000000 -2.858765 0.132360 0.991202 -0.000000 2.350029 -0.000000 -0.000000 -1.000000 -0.000000 0.000000 0.000000 0.000000 1.000000
-0.992804 0.119750 0.000000 -2.858765 0.119750 0.992804 -0.000000 2.350029 0.000000 -0.000000 -1.000000 -0.000000 0.000000 0.000000 0.000000 1.000000
-0.994086 0.108594 0.000000 -2.858765 0.108594 0.994086 0.000000 2.350029 -0.000000 -0.000000 -1.000000 -0.000000 0.000000 0.000000 0.000000 1.000000
-0.995061 0.099266 0.000000 -2.858765 0.099266 0.995061 0.000000 2.350029 -0.000000 0.000000 -1.000000 -0.000000 0.000000 0.000000 0.000000 1.000000
-0.995746 0.092142 0.000000 -2.858765 0.092142 0.995746 0.000000 2.350029 -0.000000 0.000000 -1.000000 -0.000000 0.000000 0.000000 0.000000 1.000000
-0.996156 0.087594 0.000000 -2.858765 0.087594 0.996156 -0.000000 2.350029 -0.000000 0.000000 -1.000000 -0.000000 0.000000 0.000000 0.000000 1.000000
-0.996296 0.085996 0.000000 -2.858765 0.085996 0.996296 0.000000 2.350029 -0.000000 -0.000000 -1.000000 -0.000000 0.000000 0.000000 0.000000 1.000000
-0.996067 0.088608 0.000000 -2.858765 0.088608 0.996067 -0.000000 2.350029 -0.000000 0.000000 -1.000000 -0.000000 0.000000 0.000000 0.000000 1.000000
-0.995389 0.095921 0.000000 -2.858765 0.095921 0.995389 -0.000000 2.350029 -0.000000 0.000000 -1.000000 -0.000000 0.000000 0.000000 0.000000 1.000000
-0.994244 0.107141 0.000000 -2.858765 0.107141 0.994244 0.000000 2.350029 -0.000000 0.000000 -1.000000 -0.000000 0.000000 0.000000 0.000000 1.000000
-0.992595 0.121472 0.000000 -2.858765 0.121472 0.992595 -0.000000 2.350029 -0.000000 0.000000 -1.000000 -0.000000 0.000000 0.000000 0.000000 1.000000
-0.990416 0.138115 0.000000 -2.858765 0.138115 0.990416 -0.000000 2.350029 -0.000000 0.000000 -1.000000 -0.000000 0.000000 0.000000 0.000000 1.000000
-0.987714 0.156275 0.000000 -2.858765 0.156275 0.987714 -0.000000 2.350029 -0.000000 -0.000000 -1.000000 -0.000000 0.000000 0.000000 0.000000 1.000000
-0.984541 0.175156 0.000000 -2.858765 0.175156 0.984541 -0.000000 2.350029 0.000000 -0.000000 -1.000000 -0.000000 0.000000 0.000000 0.000000 1.000000
-0.981007 0.193974 0.000000 -2.858765 0.193974 0.981007 -0.000000 2.350029 -0.000000 0.000000 -1.000000 -0.000000 0.000000 0.000000 0.000000 1.000000
-0.977280 0.211951 -0.000000 -2.858765 0.211951 0.977280 -0.000000 2.350029 -0.000000 0.000000 -1.000000 -0.000000 0.000000 0.000000 0.000000 1.000000
-0.973585 0.228325 0.000000 -2.858765 0.228325 0.973585 -0.000000 2.350029 -0.000000 -0.000000 -1.000000 -0.000000 0.000000 0.000000 0.000000 1.000000
-0.970190 0.242345 0.000000 -2.858765 0.242345 0.970190 -0.000000 2.350029 -0.000000 0.000000 -1.000000 -0.000000 0.000000 0.000000 0.000000 1.000000
-0.967395 0.253271 0.000000 -2.858765 0.253271 0.967395 -0.000000 2.350029 -0.000000 0.000000 -1.000000 -0.000000 0.000000 0.000000 0.000000 1.000000
-0.965509 0.260369 0.000000 -2.858765 0.260369 0.965509 -0.000000 2.350029 -0.000000 0.000000 -1.000000 -0.000000 0.000000 0.000000 0.000000 1.000000
-0.964823 0.262900 0.000000 -2.858765 0.262900 0.964823 -0.000000 2.350029 -0.000000 -0.000000 -1.000000 -0.000000 0.000000 0.000000 0.000000 1.000000</float_array><technique_common><accessor source="#r_arm01_jnt-Matrix-animation-output-transform-array" count="33" stride="16"><param type="float4x4"/></accessor></technique_common></source><source id="r_arm01_jnt-Interpolations"><Name_array id="r_arm01_jnt-Interpolations-array" count="33">
 LINEAR LINEAR LINEAR LINEAR LINEAR LINEAR LINEAR LINEAR LINEAR LINEAR LINEAR
LINEAR LINEAR LINEAR LINEAR LINEAR LINEAR LINEAR LINEAR LINEAR LINEAR LINEAR LINEAR
LINEAR LINEAR LINEAR LINEAR LINEAR LINEAR LINEAR LINEAR LINEAR LINEAR</Name_array><technique_common><accessor source="#r_arm01_jnt-Interpolations-array" count="33"><param type="name"/></accessor></technique_common></source><sampler id="r_arm01_jnt-Matrix-animation-transform"><input semantic="INPUT" source="#r_arm01_jnt-Matrix-animation-input"/><input semantic="OUTPUT" source="#r_arm01_jnt-Matrix-animation-output-transform"/><input semantic="INTERPOLATION" source="#r_arm01_jnt-Interpolations"/></sampler><channel source="#r_arm01_jnt-Matrix-animation-transform" target="r_arm01_jnt/matrix"/></animation></animation>
    <animation id="r_arm02_jnt-anim" name="r_arm02_jnt"><animation><source id="r_arm02_jnt-Matrix-animation-input"><float_array id="r_arm02_jnt-Matrix-animation-input-array" count="33">

0.000000 0.033333 0.066667 0.100000 0.133333 0.166667 0.200000 0.233333 0.266667 0.300000 0.333333 0.366667 0.400000 0.433333 0.466667 0.500000
0.533333 0.566667 0.600000 0.633333 0.666667 0.700000 0.733333 0.766667 0.800000 0.833333 0.866667 0.900000 0.933333 0.966667 1.000000 1.033333
1.066667</float_array><technique_common><accessor source="#r_arm02_jnt-Matrix-animation-input-array" count="33"><param name="TIME" type="float"/></accessor></technique_common></source><source id="r_arm02_jnt-Matrix-animation-output-transform"><float_array id="r_arm02_jnt-Matrix-animation-output-transform-array" count="528">

0.580327 0.442157 0.683899 1.138730 0.808733 -0.214136 -0.547811 0.000000 -0.095770 0.871001 -0.481856 -0.000000 0.000000 0.000000 0.000000 1.000000
0.580327 0.442157 0.683899 1.138730 0.808733 -0.214136 -0.547811 0.000000 -0.095770 0.871001 -0.481856 -0.000000 0.000000 0.000000 0.000000 1.000000
0.580327 0.442157 0.683899 1.138730 0.808733 -0.214136 -0.547811 0.000000 -0.095770 0.871001 -0.481856 -0.000000 0.000000 0.000000 0.000000 1.000000
0.580327 0.442157 0.683899 1.138730 0.808733 -0.214136 -0.547811 -0.000000 -0.095770 0.871001 -0.481856 -0.000000 0.000000 0.000000 0.000000 1.000000
0.580327 0.442157 0.683899 1.138730 0.808733 -0.214136 -0.547811 0.000000 -0.095770 0.871001 -0.481856 -0.000000 0.000000 0.000000 0.000000 1.000000
0.580327 0.442157 0.683899 1.138730 0.808733 -0.214136 -0.547811 0.000000 -0.095770 0.871001 -0.481856 -0.000000 0.000000 0.000000 0.000000 1.000000
0.580327 0.442157 0.683899 1.138730 0.808733 -0.214136 -0.547811 0.000000 -0.095770 0.871001 -0.481856 -0.000000 0.000000 0.000000 0.000000 1.000000
0.580327 0.442157 0.683899 1.138730 0.808733 -0.214136 -0.547811 -0.000000 -0.095770 0.871001 -0.481856 -0.000000 0.000000 0.000000 0.000000 1.000000
0.580327 0.442157 0.683899 1.138730 0.808733 -0.214136 -0.547811 0.000000 -0.095770 0.871001 -0.481856 -0.000000 0.000000 0.000000 0.000000 1.000000
0.580327 0.442157 0.683899 1.138730 0.808733 -0.214136 -0.547811 0.000000 -0.095770 0.871001 -0.481856 -0.000000 0.000000 0.000000 0.000000 1.000000
0.580327 0.442157 0.683899 1.138730 0.808733 -0.214136 -0.547811 0.000000 -0.095770 0.871001 -0.481856 -0.000000 0.000000 0.000000 0.000000 1.000000
0.580327 0.442157 0.683899 1.138730 0.808733 -0.214136 -0.547811 0.000000 -0.095770 0.871001 -0.481856 -0.000000 0.000000 0.000000 0.000000 1.000000
0.580327 0.442157 0.683899 1.138730 0.808733 -0.214136 -0.547811 0.000000 -0.095770 0.871001 -0.481856 -0.000000 0.000000 0.000000 0.000000 1.000000
0.580327 0.442157 0.683899 1.138730 0.808733 -0.214136 -0.547811 0.000000 -0.095770 0.871001 -0.481856 -0.000000 0.000000 0.000000 0.000000 1.000000
0.580327 0.442157 0.683899 1.138730 0.808733 -0.214136 -0.547811 0.000000 -0.095770 0.871001 -0.481856 -0.000000 0.000000 0.000000 0.000000 1.000000
0.580327 0.442157 0.683899 1.138730 0.808733 -0.214136 -0.547811 0.000000 -0.095770 0.871001 -0.481856 -0.000000 0.000000 0.000000 0.000000 1.000000
0.580327 0.442157 0.683899 1.138730 0.808733 -0.214136 -0.547811 0.000000 -0.095770 0.871001 -0.481856 -0.000000 0.000000 0.000000 0.000000 1.000000
0.580327 0.442157 0.683899 1.138730 0.808733 -0.214136 -0.547811 0.000000 -0.095770 0.871001 -0.481856 -0.000000 0.000000 0.000000 0.000000 1.000000
0.580327 0.442157 0.683899 1.138730 0.808733 -0.214136 -0.547811 0.000000 -0.095770 0.871001 -0.481856 -0.000000 0.000000 0.000000 0.000000 1.000000
0.580327 0.442157 0.683899 1.138730 0.808733 -0.214136 -0.547811 0.000000 -0.095770 0.871001 -0.481856 -0.000000 0.000000 0.000000 0.000000 1.000000
0.580327 0.442157 0.683899 1.138730 0.808733 -0.214136 -0.547811 0.000000 -0.095770 0.871001 -0.481856 -0.000000 0.000000 0.000000 0.000000 1.000000
0.580327 0.442157 0.683899 1.138730 0.808733 -0.214136 -0.547811 0.000000 -0.095770 0.871001 -0.481856 -0.000000 0.000000 0.000000 0.000000 1.000000
0.580327 0.442157 0.683899 1.138730 0.808733 -0.214136 -0.547811 -0.000000 -0.095770 0.871001 -0.481856 -0.000000 0.000000 0.000000 0.000000 1.000000
0.580327 0.442157 0.683899 1.138730 0.808733 -0.214136 -0.547811 0.000000 -0.095770 0.871001 -0.481856 -0.000000 0.000000 0.000000 0.000000 1.000000
0.580327 0.442157 0.683899 1.138730 0.808733 -0.214136 -0.547811 0.000000 -0.095770 0.871001 -0.481856 -0.000000 0.000000 0.000000 0.000000 1.000000
0.580327 0.442157 0.683899 1.138730 0.808733 -0.214136 -0.547811 0.000000 -0.095770 0.871001 -0.481856 -0.000000 0.000000 0.000000 0.000000 1.000000
0.580327 0.442157 0.683899 1.138730 0.808733 -0.214136 -0.547811 0.000000 -0.095770 0.871001 -0.481856 -0.000000 0.000000 0.000000 0.000000 1.000000
0.580327 0.442157 0.683899 1.138730 0.808733 -0.214136 -0.547811 0.000000 -0.095770 0.871001 -0.481856 -0.000000 0.000000 0.000000 0.000000 1.000000
0.580327 0.442157 0.683899 1.138730 0.808733 -0.214136 -0.547811 0.000000 -0.095770 0.871001 -0.481856 -0.000000 0.000000 0.000000 0.000000 1.000000
0.580327 0.442157 0.683899 1.138730 0.808733 -0.214136 -0.547811 0.000000 -0.095770 0.871001 -0.481856 -0.000000 0.000000 0.000000 0.000000 1.000000
0.580327 0.442157 0.683899 1.138730 0.808733 -0.214136 -0.547811 0.000000 -0.095770 0.871001 -0.481856 -0.000000 0.000000 0.000000 0.000000 1.000000
0.580327 0.442157 0.683899 1.138730 0.808733 -0.214136 -0.547811 0.000000 -0.095770 0.871001 -0.481856 -0.000000 0.000000 0.000000 0.000000 1.000000
