<?xml version="1.0" encoding="utf-8"?>
<COLLADA xmlns="http://www.collada.org/2005/11/COLLADASchema" version="1.4.1">
  <asset><contributor><author></author><authoring_tool>FBX COLLADA exporter</authoring_tool><comments></comments></contributor><created>2020-03-27T16:33:16Z</created><keywords></keywords><modified>2020-03-27T16:33:16Z</modified><revision></revision><subject></subject><title></title><unit meter="0.010000" name="centimeter"></unit><up_axis>Y_UP</up_axis></asset>
  <library_animations>
    <animation id="root_jnt-anim" name="root_jnt"><animation><source id="root_jnt-Matrix-animation-input"><float_array id="root_jnt-Matrix-animation-input-array" count="23">

0.000000 0.033333 0.066667 0.100000 0.133333 0.166667 0.200000 0.233333 0.266667 0.300000 0.333333 0.366667 0.400000 0.433333 0.466667 0.500000
0.533333 0.566667 0.600000 0.633333 0.666667 0.700000 0.733333</float_array><technique_common><accessor source="#root_jnt-Matrix-animation-input-array" count="23"><param name="TIME" type="float"/></accessor></technique_common></source><source id="root_jnt-Matrix-animation-output-transform"><float_array id="root_jnt-Matrix-animation-output-transform-array" count="368">

1.000000 0.000000 0.000000 0.000000 0.000000 1.000000 0.000000 0.000000 0.000000 0.000000 1.000000 0.000000 0.000000 0.000000 0.000000 1.000000
1.000000 0.000000 0.000000 0.000000 0.000000 1.000000 0.000000 0.000000 0.000000 0.000000 1.000000 0.000000 0.000000 0.000000 0.000000 1.000000
1.000000 0.000000 0.000000 0.000000 0.000000 1.000000 0.000000 0.000000 0.000000 0.000000 1.000000 0.000000 0.000000 0.000000 0.000000 1.000000
1.000000 0.000000 0.000000 0.000000 0.000000 1.000000 0.000000 0.000000 0.000000 0.000000 1.000000 0.000000 0.000000 0.000000 0.000000 1.000000
1.000000 0.000000 0.000000 0.000000 0.000000 1.000000 0.000000 0.000000 0.000000 0.000000 1.000000 0.000000 0.000000 0.000000 0.000000 1.000000
1.000000 0.000000 0.000000 0.000000 0.000000 1.000000 0.000000 0.000000 0.000000 0.000000 1.000000 0.000000 0.000000 0.000000 0.000000 1.000000
1.000000 0.000000 0.000000 0.000000 0.000000 1.000000 0.000000 0.000000 0.000000 0.000000 1.000000 0.000000 0.000000 0.000000 0.000000 1.000000
1.000000 0.000000 0.000000 0.000000 0.000000 1.000000 0.000000 0.000000 0.000000 0.000000 1.000000 0.000000 0.000000 0.000000 0.000000 1.000000
1.000000 0.000000 0.000000 0.000000 0.000000 1.000000 0.000000 0.000000 0.000000 0.000000 1.000000 0.000000 0.000000 0.000000 0.000000 1.000000
1.000000 0.000000 0.000000 0.000000 0.000000 1.000000 0.000000 0.000000 0.000000 0.000000 1.000000 0.000000 0.000000 0.000000 0.000000 1.000000
1.000000 0.000000 0.000000 0.000000 0.000000 1.000000 0.000000 0.000000 0.000000 0.000000 1.000000 0.000000 0.000000 0.000000 0.000000 1.000000
1.000000 0.000000 0.000000 0.000000 0.000000 1.000000 0.000000 0.000000 0.000000 0.000000 1.000000 0.000000 0.000000 0.000000 0.000000 1.000000
1.000000 0.000000 0.000000 0.000000 0.000000 1.000000 0.000000 0.000000 0.000000 0.000000 1.000000 0.000000 0.000000 0.000000 0.000000 1.000000
1.000000 0.000000 0.000000 0.000000 0.000000 1.000000 0.000000 0.000000 0.000000 0.000000 1.000000 0.000000 0.000000 0.000000 0.000000 1.000000
1.000000 0.000000 0.000000 0.000000 0.000000 1.000000 0.000000 0.000000 0.000000 0.000000 1.000000 0.000000 0.000000 0.000000 0.000000 1.000000
1.000000 0.000000 0.000000 0.000000 0.000000 1.000000 0.000000 0.000000 0.000000 0.000000 1.000000 0.000000 0.000000 0.000000 0.000000 1.000000
1.000000 0.000000 0.000000 0.000000 0.000000 1.000000 0.000000 0.000000 0.000000 0.000000 1.000000 0.000000 0.000000 0.000000 0.000000 1.000000
1.000000 0.000000 0.000000 0.000000 0.000000 1.000000 0.000000 0.000000 0.000000 0.000000 1.000000 0.000000 0.000000 0.000000 0.000000 1.000000
1.000000 0.000000 0.000000 0.000000 0.000000 1.000000 0.000000 0.000000 0.000000 0.000000 1.000000 0.000000 0.000000 0.000000 0.000000 1.000000
1.000000 0.000000 0.000000 0.000000 0.000000 1.000000 0.000000 0.000000 0.000000 0.000000 1.000000 0.000000 0.000000 0.000000 0.000000 1.000000
1.000000 0.000000 0.000000 0.000000 0.000000 1.000000 0.000000 0.000000 0.000000 0.000000 1.000000 0.000000 0.000000 0.000000 0.000000 1.000000
1.000000 0.000000 0.000000 0.000000 0.000000 1.000000 0.000000 0.000000 0.000000 0.000000 1.000000 0.000000 0.000000 0.000000 0.000000 1.000000
1.000000 0.000000 0.000000 0.000000 0.000000 1.000000 0.000000 0.000000 0.000000 0.000000 1.000000 0.000000 0.000000 0.000000 0.000000 1.000000</float_array><technique_common><accessor source="#root_jnt-Matrix-animation-output-transform-array" count="23" stride="16"><param type="float4x4"/></accessor></technique_common></source><source id="root_jnt-Interpolations"><Name_array id="root_jnt-Interpolations-array" count="23">
 LINEAR LINEAR LINEAR LINEAR LINEAR LINEAR LINEAR LINEAR LINEAR LINEAR LINEAR
LINEAR LINEAR LINEAR LINEAR LINEAR LINEAR LINEAR LINEAR LINEAR LINEAR LINEAR LINEAR</Name_array><technique_common><accessor source="#root_jnt-Interpolations-array" count="23"><param type="name"/></accessor></technique_common></source><sampler id="root_jnt-Matrix-animation-transform"><input semantic="INPUT" source="#root_jnt-Matrix-animation-input"/><input semantic="OUTPUT" source="#root_jnt-Matrix-animation-output-transform"/><input semantic="INTERPOLATION" source="#root_jnt-Interpolations"/></sampler><channel source="#root_jnt-Matrix-animation-transform" target="root_jnt/matrix"/></animation></animation>
    <animation id="jnt_spine2-anim" name="jnt_spine2"><animation><source id="jnt_spine2-Matrix-animation-input"><float_array id="jnt_spine2-Matrix-animation-input-array" count="23">

0.000000 0.033333 0.066667 0.100000 0.133333 0.166667 0.200000 0.233333 0.266667 0.300000 0.333333 0.366667 0.400000 0.433333 0.466667 0.500000
0.533333 0.566667 0.600000 0.633333 0.666667 0.700000 0.733333</float_array><technique_common><accessor source="#jnt_spine2-Matrix-animation-input-array" count="23"><param name="TIME" type="float"/></accessor></technique_common></source><source id="jnt_spine2-Matrix-animation-output-transform"><float_array id="jnt_spine2-Matrix-animation-output-transform-array" count="368">

0.930137 0.047391 -0.364141 0.180235 -0.026422 0.997704 0.062357 7.047826 0.366260 -0.048379 0.929254 -0.000000 0.000000 0.000000 0.000000 1.000000
0.929761 0.046231 -0.365250 0.180235 -0.025240 0.997754 0.062041 7.375017 0.367298 -0.048464 0.928840 -0.004824 0.000000 0.000000 0.000000 1.000000
0.928715 0.043052 -0.368287 0.180235 -0.022005 0.997885 0.061161 7.606985 0.370141 -0.048697 0.927698 -0.016327 0.000000 0.000000 0.000000 1.000000
0.927115 0.038304 -0.372815 0.180235 -0.017185 0.998062 0.059808 7.756663 0.374383 -0.049042 0.925976 -0.030056 0.000000 0.000000 0.000000 1.000000
0.925076 0.032438 -0.378395 0.180235 -0.011249 0.998249 0.058073 7.836986 0.379616 -0.049466 0.923821 -0.041558 0.000000 0.000000 0.000000 1.000000
0.922724 0.025905 -0.384591 0.180235 -0.004665 0.998417 0.056059 7.860886 0.385434 -0.049933 0.921383 -0.046382 0.000000 0.000000 0.000000 1.000000
0.920203 0.019154 -0.390973 0.180235 0.002110 0.998545 0.053885 7.771378 0.391436 -0.050410 0.918824 -0.042946 0.000000 0.000000 0.000000 1.000000
0.917682 0.012634 -0.397116 0.180235 0.008624 0.998626 0.051698 7.550986 0.397223 -0.050867 0.916311 -0.034357 0.000000 0.000000 0.000000 1.000000
0.915349 0.006789 -0.402603 0.180235 0.014437 0.998662 0.049664 7.271910 0.402402 -0.051272 0.914026 -0.023191 0.000000 0.000000 0.000000 1.000000
0.913415 0.002065 -0.407025 0.180235 0.019117 0.998666 0.047969 7.006349 0.406581 -0.051596 0.912157 -0.012025 0.000000 0.000000 0.000000 1.000000
0.912096 -0.001094 -0.409976 0.180235 0.022239 0.998656 0.046810 6.826501 0.409374 -0.051812 0.910894 -0.003436 0.000000 0.000000 0.000000 1.000000
0.911610 -0.002246 -0.411050 0.180235 0.023375 0.998650 0.046382 7.047826 0.410391 -0.051890 0.910432 -0.000000 0.000000 0.000000 0.000000 1.000000
0.912095 -0.001147 -0.409978 0.180235 0.022285 0.998656 0.046785 7.434150 0.409374 -0.051808 0.910895 -0.003436 0.000000 0.000000 0.000000 1.000000
0.913411 0.001870 -0.407034 0.180235 0.019290 0.998667 0.047876 7.676024 0.406581 -0.051582 0.912157 -0.012025 0.000000 0.000000 0.000000 1.000000
0.915344 0.006381 -0.402623 0.180235 0.014798 0.998666 0.049471 7.806541 0.402402 -0.051241 0.914028 -0.023191 0.000000 0.000000 0.000000 1.000000
0.917676 0.011962 -0.397150 0.180235 0.009220 0.998636 0.051385 7.858795 0.397223 -0.050816 0.916314 -0.034357 0.000000 0.000000 0.000000 1.000000
0.920201 0.018190 -0.391024 0.180235 0.002970 0.998567 0.053441 7.865879 0.391436 -0.050338 0.918827 -0.042946 0.000000 0.000000 0.000000 1.000000
0.922729 0.024638 -0.384662 0.180235 -0.003531 0.998453 0.055482 7.860886 0.385434 -0.049837 0.921388 -0.046382 0.000000 0.000000 0.000000 1.000000
0.925092 0.030879 -0.378486 0.180235 -0.009849 0.998304 0.057373 7.720437 0.379616 -0.049347 0.923827 -0.041558 0.000000 0.000000 0.000000 1.000000
0.927144 0.036483 -0.372925 0.180235 -0.015545 0.998137 0.058999 7.400156 0.374383 -0.048904 0.925984 -0.030056 0.000000 0.000000 0.000000 1.000000
0.928756 0.041019 -0.368414 0.180235 -0.020170 0.997979 0.060267 7.051644 0.370141 -0.048542 0.927706 -0.016327 0.000000 0.000000 0.000000 1.000000
0.929812 0.044057 -0.365388 0.180235 -0.023275 0.997861 0.061091 6.826501 0.367298 -0.048298 0.928848 -0.004824 0.000000 0.000000 0.000000 1.000000
0.930192 0.045166 -0.364284 0.180235 -0.024409 0.997816 0.061386 7.047826 0.366260 -0.048209 0.929263 -0.000000 0.000000 0.000000 0.000000 1.000000</float_array><technique_common><accessor source="#jnt_spine2-Matrix-animation-output-transform-array" count="23" stride="16"><param type="float4x4"/></accessor></technique_common></source><source id="jnt_spine2-Interpolations"><Name_array id="jnt_spine2-Interpolations-array" count="23">
 LINEAR LINEAR LINEAR LINEAR LINEAR LINEAR LINEAR LINEAR LINEAR LINEAR LINEAR
LINEAR LINEAR LINEAR LINEAR LINEAR LINEAR LINEAR LINEAR LINEAR LINEAR LINEAR LINEAR</Name_array><technique_common><accessor source="#jnt_spine2-Interpolations-array" count="23"><param type="name"/></accessor></technique_common></source><sampler id="jnt_spine2-Matrix-animation-transform"><input semantic="INPUT" source="#jnt_spine2-Matrix-animation-input"/><input semantic="OUTPUT" source="#jnt_spine2-Matrix-animation-output-transform"/><input semantic="INTERPOLATION" source="#jnt_spine2-Interpolations"/></sampler><channel source="#jnt_spine2-Matrix-animation-transform" target="jnt_spine2/matrix"/></animation></animation>
    <animation id="neck_jnt-anim" name="neck_jnt"><animation><source id="neck_jnt-Matrix-animation-input"><float_array id="neck_jnt-Matrix-animation-input-array" count="23">

0.000000 0.033333 0.066667 0.100000 0.133333 0.166667 0.200000 0.233333 0.266667 0.300000 0.333333 0.366667 0.400000 0.433333 0.466667 0.500000
0.533333 0.566667 0.600000 0.633333 0.666667 0.700000 0.733333</float_array><technique_common><accessor source="#neck_jnt-Matrix-animation-input-array" count="23"><param name="TIME" type="float"/></accessor></technique_common></source><source id="neck_jnt-Matrix-animation-output-transform"><float_array id="neck_jnt-Matrix-animation-output-transform-array" count="368">

1.000000 -0.000000 0.000000 -1.220000 0.000000 1.000000 0.000000 2.357033 -0.000000 -0.000000 1.000000 2.698746 0.000000 0.000000 0.000000 1.000000
1.000000 -0.000000 0.000000 -1.220000 0.000000 1.000000 0.000000 2.357033 -0.000000 -0.000000 1.000000 2.698746 0.000000 0.000000 0.000000 1.000000
1.000000 -0.000000 0.000000 -1.220000 0.000000 1.000000 0.000000 2.357033 -0.000000 -0.000000 1.000000 2.698746 0.000000 0.000000 0.000000 1.000000
1.000000 -0.000000 0.000000 -1.220000 0.000000 1.000000 0.000000 2.357033 -0.000000 -0.000000 1.000000 2.698746 0.000000 0.000000 0.000000 1.000000
1.000000 -0.000000 0.000000 -1.220000 0.000000 1.000000 0.000000 2.357033 -0.000000 -0.000000 1.000000 2.698746 0.000000 0.000000 0.000000 1.000000
1.000000 -0.000000 0.000000 -1.220000 0.000000 1.000000 0.000000 2.357033 -0.000000 -0.000000 1.000000 2.698746 0.000000 0.000000 0.000000 1.000000
1.000000 -0.000000 0.000000 -1.220000 0.000000 1.000000 0.000000 2.357033 -0.000000 -0.000000 1.000000 2.698746 0.000000 0.000000 0.000000 1.000000
1.000000 -0.000000 0.000000 -1.220000 0.000000 1.000000 0.000000 2.357033 -0.000000 -0.000000 1.000000 2.698746 0.000000 0.000000 0.000000 1.000000
1.000000 -0.000000 0.000000 -1.220000 0.000000 1.000000 0.000000 2.357033 -0.000000 -0.000000 1.000000 2.698746 0.000000 0.000000 0.000000 1.000000
1.000000 -0.000000 0.000000 -1.220000 0.000000 1.000000 0.000000 2.357033 -0.000000 -0.000000 1.000000 2.698746 0.000000 0.000000 0.000000 1.000000
1.000000 -0.000000 0.000000 -1.220000 0.000000 1.000000 0.000000 2.357033 -0.000000 -0.000000 1.000000 2.698746 0.000000 0.000000 0.000000 1.000000
1.000000 -0.000000 0.000000 -1.220000 0.000000 1.000000 0.000000 2.357033 -0.000000 -0.000000 1.000000 2.698746 0.000000 0.000000 0.000000 1.000000
1.000000 -0.000000 0.000000 -1.220000 0.000000 1.000000 0.000000 2.357033 -0.000000 -0.000000 1.000000 2.698746 0.000000 0.000000 0.000000 1.000000
1.000000 -0.000000 0.000000 -1.220000 0.000000 1.000000 0.000000 2.357033 -0.000000 -0.000000 1.000000 2.698746 0.000000 0.000000 0.000000 1.000000
1.000000 -0.000000 0.000000 -1.220000 0.000000 1.000000 0.000000 2.357033 -0.000000 -0.000000 1.000000 2.698746 0.000000 0.000000 0.000000 1.000000
1.000000 -0.000000 0.000000 -1.220000 0.000000 1.000000 0.000000 2.357033 -0.000000 -0.000000 1.000000 2.698746 0.000000 0.000000 0.000000 1.000000
1.000000 -0.000000 0.000000 -1.220000 0.000000 1.000000 0.000000 2.357033 -0.000000 -0.000000 1.000000 2.698746 0.000000 0.000000 0.000000 1.000000
1.000000 -0.000000 0.000000 -1.220000 0.000000 1.000000 0.000000 2.357033 -0.000000 -0.000000 1.000000 2.698746 0.000000 0.000000 0.000000 1.000000
1.000000 -0.000000 0.000000 -1.220000 0.000000 1.000000 0.000000 2.357033 -0.000000 -0.000000 1.000000 2.698746 0.000000 0.000000 0.000000 1.000000
1.000000 -0.000000 0.000000 -1.220000 0.000000 1.000000 0.000000 2.357033 -0.000000 -0.000000 1.000000 2.698746 0.000000 0.000000 0.000000 1.000000
1.000000 -0.000000 0.000000 -1.220000 0.000000 1.000000 0.000000 2.357033 -0.000000 -0.000000 1.000000 2.698746 0.000000 0.000000 0.000000 1.000000
1.000000 -0.000000 0.000000 -1.220000 0.000000 1.000000 0.000000 2.357033 -0.000000 -0.000000 1.000000 2.698746 0.000000 0.000000 0.000000 1.000000
1.000000 -0.000000 0.000000 -1.220000 0.000000 1.000000 0.000000 2.357033 -0.000000 -0.000000 1.000000 2.698746 0.000000 0.000000 0.000000 1.000000</float_array><technique_common><accessor source="#neck_jnt-Matrix-animation-output-transform-array" count="23" stride="16"><param type="float4x4"/></accessor></technique_common></source><source id="neck_jnt-Interpolations"><Name_array id="neck_jnt-Interpolations-array" count="23">
 LINEAR LINEAR LINEAR LINEAR LINEAR LINEAR LINEAR LINEAR LINEAR LINEAR LINEAR
LINEAR LINEAR LINEAR LINEAR LINEAR LINEAR LINEAR LINEAR LINEAR LINEAR LINEAR LINEAR</Name_array><technique_common><accessor source="#neck_jnt-Interpolations-array" count="23"><param type="name"/></accessor></technique_common></source><sampler id="neck_jnt-Matrix-animation-transform"><input semantic="INPUT" source="#neck_jnt-Matrix-animation-input"/><input semantic="OUTPUT" source="#neck_jnt-Matrix-animation-output-transform"/><input semantic="INTERPOLATION" source="#neck_jnt-Interpolations"/></sampler><channel source="#neck_jnt-Matrix-animation-transform" target="neck_jnt/matrix"/></animation></animation>
    <animation id="head_jnt-anim" name="head_jnt"><animation><source id="head_jnt-Matrix-animation-input"><float_array id="head_jnt-Matrix-animation-input-array" count="23">

0.000000 0.033333 0.066667 0.100000 0.133333 0.166667 0.200000 0.233333 0.266667 0.300000 0.333333 0.366667 0.400000 0.433333 0.466667 0.500000
0.533333 0.566667 0.600000 0.633333 0.666667 0.700000 0.733333</float_array><technique_common><accessor source="#head_jnt-Matrix-animation-input-array" count="23"><param name="TIME" type="float"/></accessor></technique_common></source><source id="head_jnt-Matrix-animation-output-transform"><float_array id="head_jnt-Matrix-animation-output-transform-array" count="368">

0.954547 -0.067486 -0.290319 0.000000 0.064566 0.997720 -0.019637 -0.000000 0.290982 -0.000000 0.956729 0.000000 0.000000 0.000000 0.000000 1.000000
0.954713 -0.064876 -0.290369 0.000000 0.062069 0.997893 -0.018878 -0.000000 0.290982 -0.000000 0.956729 0.000000 0.000000 0.000000 0.000000 1.000000
0.955134 -0.057715 -0.290497 0.000000 0.055218 0.998333 -0.016794 0.000000 0.290982 0.000000 0.956729 0.000000 0.000000 0.000000 0.000000 1.000000
0.955671 -0.047011 -0.290660 0.000000 0.044977 0.998894 -0.013679 0.000000 0.290982 -0.000000 0.956729 0.000000 0.000000 0.000000 0.000000 1.000000
0.956183 -0.033771 -0.290816 0.000000 0.032310 0.999430 -0.009827 0.000000 0.290982 0.000000 0.956729 0.000000 0.000000 0.000000 0.000000 1.000000
0.956556 -0.019006 -0.290929 0.000000 0.018184 0.999819 -0.005530 0.000000 0.290982 0.000000 0.956729 0.000000 0.000000 0.000000 0.000000 1.000000
0.956722 -0.003731 -0.290980 0.000000 0.003569 0.999993 -0.001086 -0.000000 0.290982 -0.000000 0.956729 0.000000 0.000000 0.000000 0.000000 1.000000
0.956670 0.011039 -0.290964 0.000000 -0.010562 0.999939 0.003212 -0.000000 0.290982 0.000000 0.956729 0.000000 0.000000 0.000000 0.000000 1.000000
0.956446 0.024288 -0.290896 0.000000 -0.023237 0.999705 0.007067 0.000000 0.290982 0.000000 0.956729 0.000000 0.000000 0.000000 0.000000 1.000000
0.956142 0.035002 -0.290804 0.000000 -0.033488 0.999387 0.010185 -0.000000 0.290982 0.000000 0.956729 -0.000000 0.000000 0.000000 0.000000 1.000000
0.955877 0.042171 -0.290723 0.000000 -0.040346 0.999110 0.012271 0.000000 0.290982 0.000000 0.956729 0.000000 0.000000 0.000000 0.000000 1.000000
0.955769 0.044785 -0.290690 0.000000 -0.042847 0.998997 0.013032 -0.000000 0.290982 -0.000000 0.956729 0.000000 0.000000 0.000000 0.000000 1.000000
0.955877 0.042171 -0.290723 0.000000 -0.040346 0.999110 0.012271 0.000000 0.290982 0.000000 0.956729 -0.000000 0.000000 0.000000 0.000000 1.000000
0.956142 0.035002 -0.290804 0.000000 -0.033488 0.999387 0.010185 -0.000000 0.290982 0.000000 0.956729 -0.000000 0.000000 0.000000 0.000000 1.000000
0.956446 0.024288 -0.290896 0.000000 -0.023237 0.999705 0.007067 0.000000 0.290982 -0.000000 0.956729 -0.000000 0.000000 0.000000 0.000000 1.000000
0.956670 0.011039 -0.290964 0.000000 -0.010562 0.999939 0.003212 0.000000 0.290982 0.000000 0.956729 0.000000 0.000000 0.000000 0.000000 1.000000
0.956722 -0.003731 -0.290980 0.000000 0.003569 0.999993 -0.001086 -0.000000 0.290982 -0.000000 0.956729 0.000000 0.000000 0.000000 0.000000 1.000000
0.956556 -0.019006 -0.290929 0.000000 0.018184 0.999819 -0.005530 0.000000 0.290982 -0.000000 0.956729 0.000000 0.000000 0.000000 0.000000 1.000000
0.956183 -0.033771 -0.290816 0.000000 0.032310 0.999430 -0.009827 0.000000 0.290982 0.000000 0.956729 0.000000 0.000000 0.000000 0.000000 1.000000
0.955671 -0.047011 -0.290660 0.000000 0.044977 0.998894 -0.013679 0.000000 0.290982 0.000000 0.956729 0.000000 0.000000 0.000000 0.000000 1.000000
0.955134 -0.057715 -0.290497 0.000000 0.055218 0.998333 -0.016794 -0.000000 0.290982 0.000000 0.956729 0.000000 0.000000 0.000000 0.000000 1.000000
0.954713 -0.064876 -0.290369 0.000000 0.062069 0.997893 -0.018878 0.000000 0.290982 0.000000 0.956729 0.000000 0.000000 0.000000 0.000000 1.000000
0.954547 -0.067486 -0.290319 0.000000 0.064566 0.997720 -0.019637 0.000000 0.290982 0.000000 0.956729 0.000000 0.000000 0.000000 0.000000 1.000000</float_array><technique_common><accessor source="#head_jnt-Matrix-animation-output-transform-array" count="23" stride="16"><param type="float4x4"/></accessor></technique_common></source><source id="head_jnt-Interpolations"><Name_array id="head_jnt-Interpolations-array" count="23">
 LINEAR LINEAR LINEAR LINEAR LINEAR LINEAR LINEAR LINEAR LINEAR LINEAR LINEAR
LINEAR LINEAR LINEAR LINEAR LINEAR LINEAR LINEAR LINEAR LINEAR LINEAR LINEAR LINEAR</Name_array><technique_common><accessor source="#head_jnt-Interpolations-array" count="23"><param type="name"/></accessor></technique_common></source><sampler id="head_jnt-Matrix-animation-transform"><input semantic="INPUT" source="#head_jnt-Matrix-animation-input"/><input semantic="OUTPUT" source="#head_jnt-Matrix-animation-output-transform"/><input semantic="INTERPOLATION" source="#head_jnt-Interpolations"/></sampler><channel source="#head_jnt-Matrix-animation-transform" target="head_jnt/matrix"/></animation></animation>
    <animation id="r_arm01_jnt-anim" name="r_arm01_jnt"><animation><source id="r_arm01_jnt-Matrix-animation-input"><float_array id="r_arm01_jnt-Matrix-animation-input-array" count="23">

0.000000 0.033333 0.066667 0.100000 0.133333 0.166667 0.200000 0.233333 0.266667 0.300000 0.333333 0.366667 0.400000 0.433333 0.466667 0.500000
0.533333 0.566667 0.600000 0.633333 0.666667 0.700000 0.733333</float_array><technique_common><accessor source="#r_arm01_jnt-Matrix-animation-input-array" count="23"><param name="TIME" type="float"/></accessor></technique_common></source><source id="r_arm01_jnt-Matrix-animation-output-transform"><float_array id="r_arm01_jnt-Matrix-animation-output-transform-array" count="368">

-0.610274 0.792190 0.000000 -2.858765 0.792190 0.610274 -0.000000 2.350029 -0.000000 -0.000000 -1.000000 -0.000000 0.000000 0.000000 0.000000 1.000000
-0.610274 0.792190 0.000000 -2.858765 0.792190 0.610274 -0.000000 2.350029 -0.000000 -0.000000 -1.000000 -0.000000 0.000000 0.000000 0.000000 1.000000
-0.610274 0.792190 0.000000 -2.858765 0.792190 0.610274 -0.000000 2.350029 -0.000000 0.000000 -1.000000 -0.000000 0.000000 0.000000 0.000000 1.000000
-0.610274 0.792190 -0.000000 -2.858765 0.792190 0.610274 -0.000000 2.350029 -0.000000 -0.000000 -1.000000 -0.000000 0.000000 0.000000 0.000000 1.000000
-0.610274 0.792190 0.000000 -2.858765 0.792190 0.610274 -0.000000 2.350029 -0.000000 0.000000 -1.000000 -0.000000 0.000000 0.000000 0.000000 1.000000
-0.610274 0.792190 0.000000 -2.858765 0.792190 0.610274 -0.000000 2.350029 -0.000000 0.000000 -1.000000 -0.000000 0.000000 0.000000 0.000000 1.000000
-0.610274 0.792190 0.000000 -2.858765 0.792190 0.610274 -0.000000 2.350029 -0.000000 0.000000 -1.000000 -0.000000 0.000000 0.000000 0.000000 1.000000
-0.610274 0.792190 0.000000 -2.858765 0.792190 0.610274 -0.000000 2.350029 -0.000000 0.000000 -1.000000 -0.000000 0.000000 0.000000 0.000000 1.000000
-0.610274 0.792190 0.000000 -2.858765 0.792190 0.610274 -0.000000 2.350029 -0.000000 -0.000000 -1.000000 -0.000000 0.000000 0.000000 0.000000 1.000000
-0.610274 0.792190 0.000000 -2.858765 0.792190 0.610274 -0.000000 2.350029 0.000000 -0.000000 -1.000000 -0.000000 0.000000 0.000000 0.000000 1.000000
-0.610274 0.792190 0.000000 -2.858765 0.792190 0.610274 -0.000000 2.350029 -0.000000 0.000000 -1.000000 -0.000000 0.000000 0.000000 0.000000 1.000000
-0.610274 0.792190 0.000000 -2.858765 0.792190 0.610274 -0.000000 2.350029 -0.000000 0.000000 -1.000000 -0.000000 0.000000 0.000000 0.000000 1.000000
-0.610274 0.792190 0.000000 -2.858765 0.792190 0.610274 -0.000000 2.350029 -0.000000 0.000000 -1.000000 -0.000000 0.000000 0.000000 0.000000 1.000000
-0.610274 0.792190 0.000000 -2.858765 0.792190 0.610274 -0.000000 2.350029 -0.000000 0.000000 -1.000000 -0.000000 0.000000 0.000000 0.000000 1.000000
-0.610274 0.792190 0.000000 -2.858765 0.792190 0.610274 -0.000000 2.350029 -0.000000 0.000000 -1.000000 -0.000000 0.000000 0.000000 0.000000 1.000000
-0.610274 0.792190 0.000000 -2.858765 0.792190 0.610274 -0.000000 2.350029 -0.000000 0.000000 -1.000000 -0.000000 0.000000 0.000000 0.000000 1.000000
-0.610274 0.792190 -0.000000 -2.858765 0.792190 0.610274 -0.000000 2.350029 -0.000000 0.000000 -1.000000 -0.000000 0.000000 0.000000 0.000000 1.000000
-0.610274 0.792190 0.000000 -2.858765 0.792190 0.610274 -0.000000 2.350029 -0.000000 0.000000 -1.000000 -0.000000 0.000000 0.000000 0.000000 1.000000
-0.610274 0.792190 0.000000 -2.858765 0.792190 0.610274 -0.000000 2.350029 -0.000000 0.000000 -1.000000 -0.000000 0.000000 0.000000 0.000000 1.000000
-0.610274 0.792190 0.000000 -2.858765 0.792190 0.610274 -0.000000 2.350029 -0.000000 0.000000 -1.000000 -0.000000 0.000000 0.000000 0.000000 1.000000
-0.610274 0.792190 0.000000 -2.858765 0.792190 0.610274 -0.000000 2.350029 -0.000000 0.000000 -1.000000 -0.000000 0.000000 0.000000 0.000000 1.000000
-0.610274 0.792190 0.000000 -2.858765 0.792190 0.610274 -0.000000 2.350029 -0.000000 -0.000000 -1.000000 -0.000000 0.000000 0.000000 0.000000 1.000000
-0.610274 0.792190 0.000000 -2.858765 0.792190 0.610274 -0.000000 2.350029 -0.000000 0.000000 -1.000000 -0.000000 0.000000 0.000000 0.000000 1.000000</float_array><technique_common><accessor source="#r_arm01_jnt-Matrix-animation-output-transform-array" count="23" stride="16"><param type="float4x4"/></accessor></technique_common></source><source id="r_arm01_jnt-Interpolations"><Name_array id="r_arm01_jnt-Interpolations-array" count="23">
 LINEAR LINEAR LINEAR LINEAR LINEAR LINEAR LINEAR LINEAR LINEAR LINEAR LINEAR
LINEAR LINEAR LINEAR LINEAR LINEAR LINEAR LINEAR LINEAR LINEAR LINEAR LINEAR LINEAR</Name_array><technique_common><accessor source="#r_arm01_jnt-Interpolations-array" count="23"><param type="name"/></accessor></technique_common></source><sampler id="r_arm01_jnt-Matrix-animation-transform"><input semantic="INPUT" source="#r_arm01_jnt-Matrix-animation-input"/><input semantic="OUTPUT" source="#r_arm01_jnt-Matrix-animation-output-transform"/><input semantic="INTERPOLATION" source="#r_arm01_jnt-Interpolations"/></sampler><channel source="#r_arm01_jnt-Matrix-animation-transform" target="r_arm01_jnt/matrix"/></animation></animation>
    <animation id="r_arm02_jnt-anim" name="r_arm02_jnt"><animation><source id="r_arm02_jnt-Matrix-animation-input"><float_array id="r_arm02_jnt-Matrix-animation-input-array" count="23">

0.000000 0.033333 0.066667 0.100000 0.133333 0.166667 0.200000 0.233333 0.266667 0.300000 0.333333 0.366667 0.400000 0.433333 0.466667 0.500000
0.533333 0.566667 0.600000 0.633333 0.666667 0.700000 0.733333</float_array><technique_common><accessor source="#r_arm02_jnt-Matrix-animation-input-array" count="23"><param name="TIME" type="float"/></accessor></technique_common></source><source id="r_arm02_jnt-Matrix-animation-output-transform"><float_array id="r_arm02_jnt-Matrix-animation-output-transform-array" count="368">

-0.316586 0.946781 -0.058132 1.138730 -0.945455 -0.309998 0.100080 -0.110455 0.076733 0.086645 0.993280 0.000000 0.000000 0.000000 0.000000 1.000000
-0.316586 0.946781 -0.058132 1.138730 -0.945455 -0.309998 0.100080 0.153317 0.076733 0.086645 0.993280 0.000000 0.000000 0.000000 0.000000 1.000000
-0.316586 0.946781 -0.058132 1.138730 -0.945455 -0.309998 0.100080 0.234056 0.076733 0.086645 0.993280 -0.000000 0.000000 0.000000 0.000000 1.000000
-0.316586 0.946781 -0.058132 1.138730 -0.945455 -0.309998 0.100080 0.203235 0.076733 0.086645 0.993280 0.000000 0.000000 0.000000 0.000000 1.000000
-0.316586 0.946781 -0.058132 1.138730 -0.945455 -0.309998 0.100080 0.132329 0.076733 0.086645 0.993280 -0.000000 0.000000 0.000000 0.000000 1.000000
-0.316586 0.946781 -0.058132 1.138730 -0.945455 -0.309998 0.100080 0.092810 0.076733 0.086645 0.993280 0.000000 0.000000 0.000000 0.000000 1.000000
-0.316586 0.946781 -0.058132 1.138730 -0.945455 -0.309998 0.100080 0.083984 0.076733 0.086645 0.993280 0.000000 0.000000 0.000000 0.000000 1.000000
-0.316586 0.946781 -0.058132 1.138730 -0.945455 -0.309998 0.100080 0.055988 0.076733 0.086645 0.993280 0.000000 0.000000 0.000000 0.000000 1.000000
-0.316586 0.946781 -0.058132 1.138730 -0.945455 -0.309998 0.100080 0.006546 0.076733 0.086645 0.993280 -0.000000 0.000000 0.000000 0.000000 1.000000
-0.316586 0.946781 -0.058132 1.138730 -0.945455 -0.309998 0.100080 -0.066620 0.076733 0.086645 0.993280 -0.000000 0.000000 0.000000 0.000000 1.000000
-0.316586 0.946781 -0.058132 1.138730 -0.945455 -0.309998 0.100080 -0.165786 0.076733 0.086645 0.993280 0.000000 0.000000 0.000000 0.000000 1.000000
-0.316586 0.946781 -0.058132 1.138730 -0.945455 -0.309998 0.100080 -0.110455 0.076733 0.086645 0.993280 0.000000 0.000000 0.000000 0.000000 1.000000
-0.316586 0.946781 -0.058132 1.138730 -0.945455 -0.309998 0.100080 0.230699 0.076733 0.086645 0.993280 0.000000 0.000000 0.000000 0.000000 1.000000
-0.316586 0.946781 -0.058132 1.138730 -0.945455 -0.309998 0.100080 0.359648 0.076733 0.086645 0.993280 0.000000 0.000000 0.000000 0.000000 1.000000
-0.316586 0.946781 -0.058132 1.138730 -0.945455 -0.309998 0.100080 0.343363 0.076733 0.086645 0.993280 0.000000 0.000000 0.000000 0.000000 1.000000
-0.316586 0.946781 -0.058132 1.138730 -0.945455 -0.309998 0.100080 0.248814 0.076733 0.086645 0.993280 0.000000 0.000000 0.000000 0.000000 1.000000
-0.316586 0.946781 -0.058132 1.138730 -0.945455 -0.309998 0.100080 0.142973 0.076733 0.086645 0.993280 0.000000 0.000000 0.000000 0.000000 1.000000
-0.316586 0.946781 -0.058132 1.138730 -0.945455 -0.309998 0.100080 0.092810 0.076733 0.086645 0.993280 0.000000 0.000000 0.000000 0.000000 1.000000
-0.316586 0.946781 -0.058132 1.138730 -0.945455 -0.309998 0.100080 0.073578 0.076733 0.086645 0.993280 -0.000000 0.000000 0.000000 0.000000 1.000000
-0.316586 0.946781 -0.058132 1.138730 -0.945455 -0.309998 0.100080 0.019974 0.076733 0.086645 0.993280 -0.000000 0.000000 0.000000 0.000000 1.000000
-0.316586 0.946781 -0.058132 1.138730 -0.945455 -0.309998 0.100080 -0.061860 0.076733 0.086645 0.993280 -0.000000 0.000000 0.000000 0.000000 1.000000
-0.316586 0.946781 -0.058132 1.138730 -0.945455 -0.309998 0.100080 -0.165786 0.076733 0.086645 0.993280 -0.000000 0.000000 0.000000 0.000000 1.000000
-0.316586 0.946781 -0.058132 1.138730 -0.945455 -0.309998 0.100080 -0.110455 0.076733 0.086645 0.993280 0.000000 0.000000 0.000000 0.000000 1.000000</float_array><technique_common><accessor source="#r_arm02_jnt-Matrix-animation-output-transform-array" count="23" stride="16"><param type="float4x4"/></accessor></technique_common></source><source id="r_arm02_jnt-Interpolations"><Name_array id="r_arm02_jnt-Interpolations-array" count="23">
 LINEAR LINEAR LINEAR LINEAR LINEAR LINEAR LINEAR LINEAR LINEAR LINEAR LINEAR
LINEAR LINEAR LINEAR LINEAR LINEAR LINEAR LINEAR LINEAR LINEAR LINEAR LINEAR LINEAR</Name_array><technique_common><accessor source="#r_arm02_jnt-Interpolations-array" count="23"><param type="name"/></accessor></technique_common></source><sampler id="r_arm02_jnt-Matrix-animation-transform"><input semantic="INPUT" source="#r_arm02_jnt-Matrix-animation-input"/><input semantic="OUTPUT" source="#r_arm02_jnt-Matrix-animation-output-transform"/><input semantic="INTERPOLATION" source="#r_arm02_jnt-Interpolations"/></sampler><channel source="#r_arm02_jnt-Matrix-animation-transform" target="r_arm02_jnt/matrix"/></animation></animation>
    <animation id="r_arm03_jnt-anim" name="r_arm03_jnt"><animation><source id="r_arm03_jnt-Matrix-animation-input"><float_array id="r_arm03_jnt-Matrix-animation-input-array" count="23">

0.000000 0.033333 0.066667 0.100000 0.133333 0.166667 0.200000 0.233333 0.266667 0.300000 0.333333 0.366667 0.400000 0.433333 0.466667 0.500000
0.533333 0.566667 0.600000 0.633333 0.666667 0.700000 0.733333</float_array><technique_common><accessor source="#r_arm03_jnt-Matrix-animation-input-array" count="23"><param name="TIME" type="float"/></accessor></technique_common></source><source id="r_arm03_jnt-Matrix-animation-output-transform"><float_array id="r_arm03_jnt-Matrix-animation-output-transform-array" count="368">

0.840931 -0.467861 0.271919 1.073740 0.312627 0.830184 0.461583 -0.152856 -0.441700 -0.303150 0.844394 -0.003835 0.000000 0.000000 0.000000 1.000000
0.840931 -0.467861 0.271919 1.073740 0.312627 0.830184 0.461583 -0.152856 -0.441700 -0.303150 0.844394 -0.003835 0.000000 0.000000 0.000000 1.000000
0.840931 -0.467861 0.271919 1.073740 0.312627 0.830184 0.461583 -0.152856 -0.441700 -0.303150 0.844394 -0.003835 0.000000 0.000000 0.000000 1.000000
0.840931 -0.467861 0.271919 1.073740 0.312627 0.830184 0.461583 -0.152856 -0.441700 -0.303150 0.844394 -0.003835 0.000000 0.000000 0.000000 1.000000
0.840931 -0.467861 0.271919 1.073740 0.312627 0.830184 0.461583 -0.152856 -0.441700 -0.303150 0.844394 -0.003835 0.000000 0.000000 0.000000 1.000000
0.840931 -0.467861 0.271919 1.073740 0.312627 0.830184 0.461583 -0.152856 -0.441700 -0.303150 0.844394 -0.003835 0.000000 0.000000 0.000000 1.000000
0.840931 -0.467861 0.271919 1.073740 0.312627 0.830184 0.461583 -0.152856 -0.441700 -0.303150 0.844394 -0.003835 0.000000 0.000000 0.000000 1.000000
0.840931 -0.467861 0.271919 1.073740 0.312627 0.830184 0.461583 -0.152856 -0.441700 -0.303150 0.844394 -0.003835 0.000000 0.000000 0.000000 1.000000
0.840931 -0.467861 0.271919 1.073740 0.312627 0.830184 0.461583 -0.152856 -0.441700 -0.303150 0.844394 -0.003835 0.000000 0.000000 0.000000 1.000000
0.840931 -0.467861 0.271919 1.073740 0.312627 0.830184 0.461583 -0.152856 -0.441700 -0.303150 0.844394 -0.003835 0.000000 0.000000 0.000000 1.000000
0.840931 -0.467861 0.271919 1.073740 0.312627 0.830184 0.461583 -0.152856 -0.441700 -0.303150 0.844394 -0.003835 0.000000 0.000000 0.000000 1.000000
0.840931 -0.467861 0.271919 1.073740 0.312627 0.830184 0.461583 -0.152856 -0.441700 -0.303150 0.844394 -0.003835 0.000000 0.000000 0.000000 1.000000
0.840931 -0.467861 0.271919 1.073740 0.312627 0.830184 0.461583 -0.152856 -0.441700 -0.303150 0.844394 -0.003835 0.000000 0.000000 0.000000 1.000000
0.840931 -0.467861 0.271919 1.073740 0.312627 0.830184 0.461583 -0.152856 -0.441700 -0.303150 0.844394 -0.003835 0.000000 0.000000 0.000000 1.000000
0.840931 -0.467861 0.271919 1.073740 0.312627 0.830184 0.461583 -0.152856 -0.441700 -0.303150 0.844394 -0.003835 0.000000 0.000000 0.000000 1.000000
0.840931 -0.467861 0.271919 1.073740 0.312627 0.830184 0.461583 -0.152856 -0.441700 -0.303150 0.844394 -0.003835 0.000000 0.000000 0.000000 1.000000
0.840931 -0.467861 0.271919 1.073740 0.312627 0.830184 0.461583 -0.152856 -0.441700 -0.303150 0.844394 -0.003835 0.000000 0.000000 0.000000 1.000000
0.840931 -0.467861 0.271919 1.073740 0.312627 0.830184 0.461583 -0.152856 -0.441700 -0.303150 0.844394 -0.003835 0.000000 0.000000 0.000000 1.000000
0.840931 -0.467861 0.271919 1.073740 0.312627 0.830184 0.461583 -0.152856 -0.441700 -0.303150 0.844394 -0.003835 0.000000 0.000000 0.000000 1.000000
0.840931 -0.467861 0.271919 1.073740 0.312627 0.830184 0.461583 -0.152856 -0.441700 -0.303150 0.844394 -0.003835 0.000000 0.000000 0.000000 1.000000
0.840931 -0.467861 0.271919 1.073740 0.312627 0.830184 0.461583 -0.152856 -0.441700 -0.303150 0.844394 -0.003835 0.000000 0.000000 0.000000 1.000000
0.840931 -0.467861 0.271919 1.073740 0.312627 0.830184 0.461583 -0.152856 -0.441700 -0.303150 0.844394 -0.003835 0.000000 0.000000 0.000000 1.000000
0.840931 -0.467861 0.271919 1.073740 0.312627 0.830184 0.461583 -0.152856 -0.441700 -0.303150 0.844394 -0.003835 0.000000 0.000000 0.000000 1.000000</float_array><technique_common><accessor source="#r_arm03_jnt-Matrix-animation-output-transform-array" count="23" stride="16"><param type="float4x4"/></accessor></technique_common></source><source id="r_arm03_jnt-Interpolations"><Name_array id="r_arm03_jnt-Interpolations-array" count="23">
 LINEAR LINEAR LINEAR LINEAR LINEAR LINEAR LINEAR LINEAR LINEAR LINEAR LINEAR
LINEAR LINEAR LINEAR LINEAR LINEAR LINEAR LINEAR LINEAR LINEAR LINEAR LINEAR LINEAR</Name_array><technique_common><accessor source="#r_arm03_jnt-Interpolations-array" count="23"><param type="name"/></accessor></technique_common></source><sampler id="r_arm03_jnt-Matrix-animation-transform"><input semantic="INPUT" source="#r_arm03_jnt-Matrix-animation-input"/><input semantic="OUTPUT" source="#r_arm03_jnt-Matrix-animation-output-transform"/><input semantic="INTERPOLATION" source="#r_arm03_jnt-Interpolations"/></sampler><channel source="#r_arm03_jnt-Matrix-animation-transform" target="r_arm03_jnt/matrix"/></animation></animation>
    <animation id="r_arm04_jnt-anim" name="r_arm04_jnt"><animation><source id="r_arm04_jnt-Matrix-animation-input"><float_array id="r_arm04_jnt-Matrix-animation-input-array" count="23">

0.000000 0.033333 0.066667 0.100000 0.133333 0.166667 0.200000 0.233333 0.266667 0.300000 0.333333 0.366667 0.400000 0.433333 0.466667 0.500000
0.533333 0.566667 0.600000 0.633333 0.666667 0.700000 0.733333</float_array><technique_common><accessor source="#r_arm04_jnt-Matrix-animation-input-array" count="23"><param name="TIME" type="float"/></accessor></technique_common></source><source id="r_arm04_jnt-Matrix-animation-output-transform"><float_array id="r_arm04_jnt-Matrix-animation-output-transform-array" count="368">

0.961500 -0.273308 0.028649 3.327914 -0.271739 -0.961121 -0.049042 0.000000 0.040938 0.039369 -0.998386 -0.000000 0.000000 0.000000 0.000000 1.000000
0.955213 -0.294620 0.027709 3.327914 -0.293090 -0.954840 -0.048765 0.000000 0.040825 0.038460 -0.998426 -0.000000 0.000000 0.000000 0.000000 1.000000
0.960696 -0.276135 0.028524 3.327914 -0.274571 -0.960317 -0.049006 0.000000 0.040924 0.039248 -0.998391 -0.000000 0.000000 0.000000 0.000000 1.000000
0.971282 -0.235997 0.030294 3.327914 -0.234359 -0.970891 -0.049472 0.000000 0.041087 0.040952 -0.998316 0.000000 0.000000 0.000000 0.000000 1.000000
0.979051 -0.201113 0.031832 3.327914 -0.199411 -0.978649 -0.049815 0.000000 0.041171 0.042423 -0.998251 -0.000000 0.000000 0.000000 0.000000 1.000000
0.984259 -0.173618 0.033044 3.327914 -0.171865 -0.983849 -0.050044 0.000000 0.041199 0.043577 -0.998200 -0.000000 0.000000 0.000000 0.000000 1.000000
0.987238 -0.155618 0.033838 3.327914 -0.153832 -0.986822 -0.050175 0.000000 0.041200 0.044329 -0.998167 -0.000000 0.000000 0.000000 0.000000 1.000000
0.988223 -0.149170 0.034122 3.327914 -0.147373 -0.987805 -0.050218 0.000000 0.041197 0.044598 -0.998155 -0.000000 0.000000 0.000000 0.000000 1.000000
0.985757 -0.164817 0.033433 3.327914 -0.163048 -0.985345 -0.050109 0.000000 0.041201 0.043945 -0.998184 -0.000000 0.000000 0.000000 0.000000 1.000000
0.978903 -0.201838 0.031800 3.327914 -0.200137 -0.978501 -0.049808 0.000000 0.041170 0.042392 -0.998252 -0.000000 0.000000 0.000000 0.000000 1.000000
0.968967 -0.245376 0.029880 3.327914 -0.243755 -0.968579 -0.049370 0.000000 0.041056 0.040555 -0.998333 0.000000 0.000000 0.000000 0.000000 1.000000
0.959304 -0.280952 0.028311 3.327914 -0.279397 -0.958927 -0.048945 0.000000 0.040900 0.039043 -0.998400 -0.000000 0.000000 0.000000 0.000000 1.000000
0.955213 -0.294620 0.027709 3.327914 -0.293090 -0.954840 -0.048765 0.000000 0.040825 0.038460 -0.998426 -0.000000 0.000000 0.000000 0.000000 1.000000
0.960696 -0.276135 0.028524 3.327914 -0.274571 -0.960317 -0.049006 0.000000 0.040924 0.039248 -0.998391 -0.000000 0.000000 0.000000 0.000000 1.000000
0.970784 -0.238047 0.030203 3.327914 -0.236413 -0.970394 -0.049450 0.000000 0.041081 0.040865 -0.998320 -0.000000 0.000000 0.000000 0.000000 1.000000
0.977949 -0.206439 0.031597 3.327914 -0.204746 -0.977549 -0.049766 0.000000 0.041161 0.042199 -0.998261 -0.000000 0.000000 0.000000 0.000000 1.000000
0.982834 -0.181571 0.032694 3.327914 -0.179833 -0.982426 -0.049981 0.000000 0.041194 0.043244 -0.998215 -0.000000 0.000000 0.000000 0.000000 1.000000
0.985951 -0.163643 0.033484 3.327914 -0.161872 -0.985538 -0.050118 0.000000 0.041202 0.043994 -0.998182 -0.000000 0.000000 0.000000 0.000000 1.000000
0.987673 -0.152804 0.033962 3.327914 -0.151013 -0.987257 -0.050194 0.000000 0.041199 0.044447 -0.998162 -0.000000 0.000000 0.000000 0.000000 1.000000
0.988223 -0.149170 0.034122 3.327914 -0.147373 -0.987805 -0.050218 0.000000 0.041197 0.044598 -0.998155 -0.000000 0.000000 0.000000 0.000000 1.000000
