<?xml version="1.0" encoding="utf-8"?>
<COLLADA xmlns="http://www.collada.org/2005/11/COLLADASchema" version="1.4.1">
  <asset><contributor><author></author><authoring_tool>FBX COLLADA exporter</authoring_tool><comments></comments></contributor><created>2020-01-22T07:46:36Z</created><keywords></keywords><modified>2020-01-22T07:46:36Z</modified><revision></revision><subject></subject><title></title><unit meter="0.010000" name="centimeter"></unit><up_axis>Y_UP</up_axis></asset>
  <library_animations>
    <animation id="root_jnt-anim" name="root_jnt"><animation><source id="root_jnt-Matrix-animation-input"><float_array id="root_jnt-Matrix-animation-input-array" count="15">

0.000000 0.033333 0.066667 0.100000 0.133333 0.166667 0.200000 0.233333 0.266667 0.300000 0.333333 0.366667 0.400000 0.433333 0.466667</float_array><technique_common><accessor source="#root_jnt-Matrix-animation-input-array" count="15"><param name="TIME" type="float"/></accessor></technique_common></source><source id="root_jnt-Matrix-animation-output-transform"><float_array id="root_jnt-Matrix-animation-output-transform-array" count="240">

1.000000 0.000000 0.000000 0.000000 0.000000 1.000000 0.000000 0.000000 0.000000 0.000000 1.000000 0.000000 0.000000 0.000000 0.000000 1.000000
1.000000 0.000000 0.000000 0.000000 0.000000 1.000000 0.000000 0.000000 0.000000 0.000000 1.000000 0.000000 0.000000 0.000000 0.000000 1.000000
1.000000 0.000000 0.000000 0.000000 0.000000 1.000000 0.000000 0.000000 0.000000 0.000000 1.000000 0.000000 0.000000 0.000000 0.000000 1.000000
1.000000 0.000000 0.000000 0.000000 0.000000 1.000000 0.000000 0.000000 0.000000 0.000000 1.000000 0.000000 0.000000 0.000000 0.000000 1.000000
1.000000 0.000000 0.000000 0.000000 0.000000 1.000000 0.000000 0.000000 0.000000 0.000000 1.000000 0.000000 0.000000 0.000000 0.000000 1.000000
1.000000 0.000000 0.000000 0.000000 0.000000 1.000000 0.000000 0.000000 0.000000 0.000000 1.000000 0.000000 0.000000 0.000000 0.000000 1.000000
1.000000 0.000000 0.000000 0.000000 0.000000 1.000000 0.000000 0.000000 0.000000 0.000000 1.000000 0.000000 0.000000 0.000000 0.000000 1.000000
1.000000 0.000000 0.000000 0.000000 0.000000 1.000000 0.000000 0.000000 0.000000 0.000000 1.000000 0.000000 0.000000 0.000000 0.000000 1.000000
1.000000 0.000000 0.000000 0.000000 0.000000 1.000000 0.000000 0.000000 0.000000 0.000000 1.000000 0.000000 0.000000 0.000000 0.000000 1.000000
1.000000 0.000000 0.000000 0.000000 0.000000 1.000000 0.000000 0.000000 0.000000 0.000000 1.000000 0.000000 0.000000 0.000000 0.000000 1.000000
1.000000 0.000000 0.000000 0.000000 0.000000 1.000000 0.000000 0.000000 0.000000 0.000000 1.000000 0.000000 0.000000 0.000000 0.000000 1.000000
1.000000 0.000000 0.000000 0.000000 0.000000 1.000000 0.000000 0.000000 0.000000 0.000000 1.000000 0.000000 0.000000 0.000000 0.000000 1.000000
1.000000 0.000000 0.000000 0.000000 0.000000 1.000000 0.000000 0.000000 0.000000 0.000000 1.000000 0.000000 0.000000 0.000000 0.000000 1.000000
1.000000 0.000000 0.000000 0.000000 0.000000 1.000000 0.000000 0.000000 0.000000 0.000000 1.000000 0.000000 0.000000 0.000000 0.000000 1.000000
1.000000 0.000000 0.000000 0.000000 0.000000 1.000000 0.000000 0.000000 0.000000 0.000000 1.000000 0.000000 0.000000 0.000000 0.000000 1.000000</float_array><technique_common><accessor source="#root_jnt-Matrix-animation-output-transform-array" count="15" stride="16"><param type="float4x4"/></accessor></technique_common></source><source id="root_jnt-Interpolations"><Name_array id="root_jnt-Interpolations-array" count="15">
 LINEAR LINEAR LINEAR LINEAR LINEAR LINEAR LINEAR LINEAR LINEAR LINEAR LINEAR
LINEAR LINEAR LINEAR LINEAR</Name_array><technique_common><accessor source="#root_jnt-Interpolations-array" count="15"><param type="name"/></accessor></technique_common></source><sampler id="root_jnt-Matrix-animation-transform"><input semantic="INPUT" source="#root_jnt-Matrix-animation-input"/><input semantic="OUTPUT" source="#root_jnt-Matrix-animation-output-transform"/><input semantic="INTERPOLATION" source="#root_jnt-Interpolations"/></sampler><channel source="#root_jnt-Matrix-animation-transform" target="root_jnt/matrix"/></animation></animation>
    <animation id="jnt_spine2-anim" name="jnt_spine2"><animation><source id="jnt_spine2-Matrix-animation-input"><float_array id="jnt_spine2-Matrix-animation-input-array" count="15">

0.000000 0.033333 0.066667 0.100000 0.133333 0.166667 0.200000 0.233333 0.266667 0.300000 0.333333 0.366667 0.400000 0.433333 0.466667</float_array><technique_common><accessor source="#jnt_spine2-Matrix-animation-input-array" count="15"><param name="TIME" type="float"/></accessor></technique_common></source><source id="jnt_spine2-Matrix-animation-output-transform"><float_array id="jnt_spine2-Matrix-animation-output-transform-array" count="240">

0.998347 -0.029802 -0.049144 0.001922 -0.010686 0.743892 -0.668215 8.267676 0.056472 0.667635 0.742344 -0.000000 0.000000 0.000000 0.000000 1.000000
0.998347 -0.029802 -0.049144 0.001922 -0.010686 0.743892 -0.668215 8.222829 0.056472 0.667635 0.742344 -0.000000 0.000000 0.000000 0.000000 1.000000
0.998347 -0.029802 -0.049144 0.001922 -0.010686 0.743892 -0.668215 8.139541 0.056472 0.667635 0.742344 -0.000000 0.000000 0.000000 0.000000 1.000000
0.998347 -0.029802 -0.049144 0.001922 -0.010686 0.743892 -0.668215 8.094694 0.056472 0.667635 0.742344 -0.000000 0.000000 0.000000 0.000000 1.000000
0.998347 -0.029802 -0.049144 0.001922 -0.010686 0.743892 -0.668215 8.121722 0.056472 0.667635 0.742344 -0.000000 0.000000 0.000000 0.000000 1.000000
0.998347 -0.029802 -0.049144 0.001922 -0.010686 0.743892 -0.668215 8.181185 0.056472 0.667635 0.742344 -0.000000 0.000000 0.000000 0.000000 1.000000
0.998347 -0.029802 -0.049144 0.001922 -0.010686 0.743892 -0.668215 8.240648 0.056472 0.667635 0.742344 -0.000000 0.000000 0.000000 0.000000 1.000000
0.998347 -0.029802 -0.049144 0.001922 -0.010686 0.743892 -0.668215 8.267676 0.056472 0.667635 0.742344 -0.000000 0.000000 0.000000 0.000000 1.000000
0.998347 -0.029802 -0.049144 0.001922 -0.010686 0.743892 -0.668215 8.222829 0.056472 0.667635 0.742344 -0.000000 0.000000 0.000000 0.000000 1.000000
0.998347 -0.029802 -0.049144 0.001922 -0.010686 0.743892 -0.668215 8.139541 0.056472 0.667635 0.742344 -0.000000 0.000000 0.000000 0.000000 1.000000
0.998347 -0.029802 -0.049144 0.001922 -0.010686 0.743892 -0.668215 8.094694 0.056472 0.667635 0.742344 -0.000000 0.000000 0.000000 0.000000 1.000000
0.998347 -0.029802 -0.049144 0.001922 -0.010686 0.743892 -0.668215 8.121722 0.056472 0.667635 0.742344 -0.000000 0.000000 0.000000 0.000000 1.000000
0.998347 -0.029802 -0.049144 0.001922 -0.010686 0.743892 -0.668215 8.181185 0.056472 0.667635 0.742344 -0.000000 0.000000 0.000000 0.000000 1.000000
0.998347 -0.029802 -0.049144 0.001922 -0.010686 0.743892 -0.668215 8.240648 0.056472 0.667635 0.742344 -0.000000 0.000000 0.000000 0.000000 1.000000
0.998347 -0.029802 -0.049144 0.001922 -0.010686 0.743892 -0.668215 8.267676 0.056472 0.667635 0.742344 -0.000000 0.000000 0.000000 0.000000 1.000000</float_array><technique_common><accessor source="#jnt_spine2-Matrix-animation-output-transform-array" count="15" stride="16"><param type="float4x4"/></accessor></technique_common></source><source id="jnt_spine2-Interpolations"><Name_array id="jnt_spine2-Interpolations-array" count="15">
 LINEAR LINEAR LINEAR LINEAR LINEAR LINEAR LINEAR LINEAR LINEAR LINEAR LINEAR
LINEAR LINEAR LINEAR LINEAR</Name_array><technique_common><accessor source="#jnt_spine2-Interpolations-array" count="15"><param type="name"/></accessor></technique_common></source><sampler id="jnt_spine2-Matrix-animation-transform"><input semantic="INPUT" source="#jnt_spine2-Matrix-animation-input"/><input semantic="OUTPUT" source="#jnt_spine2-Matrix-animation-output-transform"/><input semantic="INTERPOLATION" source="#jnt_spine2-Interpolations"/></sampler><channel source="#jnt_spine2-Matrix-animation-transform" target="jnt_spine2/matrix"/></animation></animation>
    <animation id="neck_jnt-anim" name="neck_jnt"><animation><source id="neck_jnt-Matrix-animation-input"><float_array id="neck_jnt-Matrix-animation-input-array" count="15">

0.000000 0.033333 0.066667 0.100000 0.133333 0.166667 0.200000 0.233333 0.266667 0.300000 0.333333 0.366667 0.400000 0.433333 0.466667</float_array><technique_common><accessor source="#neck_jnt-Matrix-animation-input-array" count="15"><param name="TIME" type="float"/></accessor></technique_common></source><source id="neck_jnt-Matrix-animation-output-transform"><float_array id="neck_jnt-Matrix-animation-output-transform-array" count="240">

1.000000 -0.000000 0.000000 0.000000 0.000000 1.000000 0.000000 2.357033 -0.000000 0.000000 1.000000 2.698746 0.000000 0.000000 0.000000 1.000000
1.000000 -0.000000 0.000000 0.000000 0.000000 1.000000 0.000000 2.357033 -0.000000 0.000000 1.000000 2.698746 0.000000 0.000000 0.000000 1.000000
1.000000 -0.000000 0.000000 0.000000 0.000000 1.000000 0.000000 2.357033 -0.000000 0.000000 1.000000 2.698746 0.000000 0.000000 0.000000 1.000000
1.000000 -0.000000 0.000000 0.000000 0.000000 1.000000 0.000000 2.357033 -0.000000 0.000000 1.000000 2.698746 0.000000 0.000000 0.000000 1.000000
1.000000 -0.000000 0.000000 0.000000 0.000000 1.000000 0.000000 2.357033 -0.000000 0.000000 1.000000 2.698746 0.000000 0.000000 0.000000 1.000000
1.000000 -0.000000 0.000000 0.000000 0.000000 1.000000 0.000000 2.357033 -0.000000 0.000000 1.000000 2.698746 0.000000 0.000000 0.000000 1.000000
1.000000 -0.000000 0.000000 0.000000 0.000000 1.000000 0.000000 2.357033 -0.000000 0.000000 1.000000 2.698746 0.000000 0.000000 0.000000 1.000000
1.000000 -0.000000 0.000000 0.000000 0.000000 1.000000 0.000000 2.357033 -0.000000 0.000000 1.000000 2.698746 0.000000 0.000000 0.000000 1.000000
1.000000 -0.000000 0.000000 0.000000 0.000000 1.000000 0.000000 2.357033 -0.000000 0.000000 1.000000 2.698746 0.000000 0.000000 0.000000 1.000000
1.000000 -0.000000 0.000000 0.000000 0.000000 1.000000 0.000000 2.357033 -0.000000 0.000000 1.000000 2.698746 0.000000 0.000000 0.000000 1.000000
1.000000 -0.000000 0.000000 0.000000 0.000000 1.000000 0.000000 2.357033 -0.000000 0.000000 1.000000 2.698746 0.000000 0.000000 0.000000 1.000000
1.000000 -0.000000 0.000000 0.000000 0.000000 1.000000 0.000000 2.357033 -0.000000 0.000000 1.000000 2.698746 0.000000 0.000000 0.000000 1.000000
1.000000 -0.000000 0.000000 0.000000 0.000000 1.000000 0.000000 2.357033 -0.000000 0.000000 1.000000 2.698746 0.000000 0.000000 0.000000 1.000000
1.000000 -0.000000 0.000000 0.000000 0.000000 1.000000 0.000000 2.357033 -0.000000 0.000000 1.000000 2.698746 0.000000 0.000000 0.000000 1.000000
1.000000 -0.000000 0.000000 0.000000 0.000000 1.000000 0.000000 2.357033 -0.000000 0.000000 1.000000 2.698746 0.000000 0.000000 0.000000 1.000000</float_array><technique_common><accessor source="#neck_jnt-Matrix-animation-output-transform-array" count="15" stride="16"><param type="float4x4"/></accessor></technique_common></source><source id="neck_jnt-Interpolations"><Name_array id="neck_jnt-Interpolations-array" count="15">
 LINEAR LINEAR LINEAR LINEAR LINEAR LINEAR LINEAR LINEAR LINEAR LINEAR LINEAR
LINEAR LINEAR LINEAR LINEAR</Name_array><technique_common><accessor source="#neck_jnt-Interpolations-array" count="15"><param type="name"/></accessor></technique_common></source><sampler id="neck_jnt-Matrix-animation-transform"><input semantic="INPUT" source="#neck_jnt-Matrix-animation-input"/><input semantic="OUTPUT" source="#neck_jnt-Matrix-animation-output-transform"/><input semantic="INTERPOLATION" source="#neck_jnt-Interpolations"/></sampler><channel source="#neck_jnt-Matrix-animation-transform" target="neck_jnt/matrix"/></animation></animation>
    <animation id="head_jnt-anim" name="head_jnt"><animation><source id="head_jnt-Matrix-animation-input"><float_array id="head_jnt-Matrix-animation-input-array" count="15">

0.000000 0.033333 0.066667 0.100000 0.133333 0.166667 0.200000 0.233333 0.266667 0.300000 0.333333 0.366667 0.400000 0.433333 0.466667</float_array><technique_common><accessor source="#head_jnt-Matrix-animation-input-array" count="15"><param name="TIME" type="float"/></accessor></technique_common></source><source id="head_jnt-Matrix-animation-output-transform"><float_array id="head_jnt-Matrix-animation-output-transform-array" count="240">

0.999365 0.012602 -0.033320 0.593777 0.005309 0.872198 0.489124 0.457607 0.035226 -0.488991 0.871578 -0.160107 0.000000 0.000000 0.000000 1.000000
0.999365 0.012602 -0.033320 0.593777 0.005309 0.872198 0.489124 0.457607 0.035226 -0.488991 0.871578 -0.160107 0.000000 0.000000 0.000000 1.000000
0.999365 0.012602 -0.033320 0.593777 0.005309 0.872198 0.489124 0.457607 0.035226 -0.488991 0.871578 -0.160107 0.000000 0.000000 0.000000 1.000000
0.999365 0.012602 -0.033320 0.593777 0.005309 0.872198 0.489124 0.457607 0.035226 -0.488991 0.871578 -0.160107 0.000000 0.000000 0.000000 1.000000
0.999365 0.012602 -0.033320 0.593777 0.005309 0.872198 0.489124 0.457607 0.035226 -0.488991 0.871578 -0.160107 0.000000 0.000000 0.000000 1.000000
0.999365 0.012602 -0.033320 0.593777 0.005309 0.872198 0.489124 0.457607 0.035226 -0.488991 0.871578 -0.160107 0.000000 0.000000 0.000000 1.000000
0.999365 0.012602 -0.033320 0.593777 0.005309 0.872198 0.489124 0.457607 0.035226 -0.488991 0.871578 -0.160107 0.000000 0.000000 0.000000 1.000000
0.999365 0.012602 -0.033320 0.593777 0.005309 0.872198 0.489124 0.457607 0.035226 -0.488991 0.871578 -0.160107 0.000000 0.000000 0.000000 1.000000
0.999365 0.012602 -0.033320 0.593777 0.005309 0.872198 0.489124 0.457607 0.035226 -0.488991 0.871578 -0.160107 0.000000 0.000000 0.000000 1.000000
0.999365 0.012602 -0.033320 0.593777 0.005309 0.872198 0.489124 0.457607 0.035226 -0.488991 0.871578 -0.160107 0.000000 0.000000 0.000000 1.000000
0.999365 0.012602 -0.033320 0.593777 0.005309 0.872198 0.489124 0.457607 0.035226 -0.488991 0.871578 -0.160107 0.000000 0.000000 0.000000 1.000000
0.999365 0.012602 -0.033320 0.593777 0.005309 0.872198 0.489124 0.457607 0.035226 -0.488991 0.871578 -0.160107 0.000000 0.000000 0.000000 1.000000
0.999365 0.012602 -0.033320 0.593777 0.005309 0.872198 0.489124 0.457607 0.035226 -0.488991 0.871578 -0.160107 0.000000 0.000000 0.000000 1.000000
0.999365 0.012602 -0.033320 0.593777 0.005309 0.872198 0.489124 0.457607 0.035226 -0.488991 0.871578 -0.160107 0.000000 0.000000 0.000000 1.000000
0.999365 0.012602 -0.033320 0.593777 0.005309 0.872198 0.489124 0.457607 0.035226 -0.488991 0.871578 -0.160107 0.000000 0.000000 0.000000 1.000000</float_array><technique_common><accessor source="#head_jnt-Matrix-animation-output-transform-array" count="15" stride="16"><param type="float4x4"/></accessor></technique_common></source><source id="head_jnt-Interpolations"><Name_array id="head_jnt-Interpolations-array" count="15">
 LINEAR LINEAR LINEAR LINEAR LINEAR LINEAR LINEAR LINEAR LINEAR LINEAR LINEAR
LINEAR LINEAR LINEAR LINEAR</Name_array><technique_common><accessor source="#head_jnt-Interpolations-array" count="15"><param type="name"/></accessor></technique_common></source><sampler id="head_jnt-Matrix-animation-transform"><input semantic="INPUT" source="#head_jnt-Matrix-animation-input"/><input semantic="OUTPUT" source="#head_jnt-Matrix-animation-output-transform"/><input semantic="INTERPOLATION" source="#head_jnt-Interpolations"/></sampler><channel source="#head_jnt-Matrix-animation-transform" target="head_jnt/matrix"/></animation></animation>
    <animation id="r_arm01_jnt-anim" name="r_arm01_jnt"><animation><source id="r_arm01_jnt-Matrix-animation-input"><float_array id="r_arm01_jnt-Matrix-animation-input-array" count="15">

0.000000 0.033333 0.066667 0.100000 0.133333 0.166667 0.200000 0.233333 0.266667 0.300000 0.333333 0.366667 0.400000 0.433333 0.466667</float_array><technique_common><accessor source="#r_arm01_jnt-Matrix-animation-input-array" count="15"><param name="TIME" type="float"/></accessor></technique_common></source><source id="r_arm01_jnt-Matrix-animation-output-transform"><float_array id="r_arm01_jnt-Matrix-animation-output-transform-array" count="240">

-0.964823 0.262900 0.000000 -2.858765 0.262900 0.964823 -0.000000 2.350029 -0.000000 0.000000 -1.000000 -0.000000 0.000000 0.000000 0.000000 1.000000
-0.964823 0.262900 0.000000 -2.858765 0.262900 0.964823 -0.000000 2.350029 -0.000000 0.000000 -1.000000 -0.000000 0.000000 0.000000 0.000000 1.000000
-0.964823 0.262900 0.000000 -2.858765 0.262900 0.964823 -0.000000 2.350029 -0.000000 0.000000 -1.000000 -0.000000 0.000000 0.000000 0.000000 1.000000
-0.964823 0.262900 0.000000 -2.858765 0.262900 0.964823 -0.000000 2.350029 -0.000000 0.000000 -1.000000 -0.000000 0.000000 0.000000 0.000000 1.000000
-0.964823 0.262900 0.000000 -2.858765 0.262900 0.964823 -0.000000 2.350029 -0.000000 0.000000 -1.000000 -0.000000 0.000000 0.000000 0.000000 1.000000
-0.964823 0.262900 0.000000 -2.858765 0.262900 0.964823 -0.000000 2.350029 -0.000000 0.000000 -1.000000 -0.000000 0.000000 0.000000 0.000000 1.000000
-0.964823 0.262900 0.000000 -2.858765 0.262900 0.964823 -0.000000 2.350029 -0.000000 0.000000 -1.000000 -0.000000 0.000000 0.000000 0.000000 1.000000
-0.964823 0.262900 0.000000 -2.858765 0.262900 0.964823 -0.000000 2.350029 -0.000000 0.000000 -1.000000 -0.000000 0.000000 0.000000 0.000000 1.000000
-0.964823 0.262900 0.000000 -2.858765 0.262900 0.964823 -0.000000 2.350029 -0.000000 0.000000 -1.000000 -0.000000 0.000000 0.000000 0.000000 1.000000
-0.964823 0.262900 0.000000 -2.858765 0.262900 0.964823 -0.000000 2.350029 -0.000000 0.000000 -1.000000 -0.000000 0.000000 0.000000 0.000000 1.000000
-0.964823 0.262900 0.000000 -2.858765 0.262900 0.964823 -0.000000 2.350029 -0.000000 0.000000 -1.000000 -0.000000 0.000000 0.000000 0.000000 1.000000
-0.964823 0.262900 0.000000 -2.858765 0.262900 0.964823 -0.000000 2.350029 -0.000000 0.000000 -1.000000 -0.000000 0.000000 0.000000 0.000000 1.000000
-0.964823 0.262900 0.000000 -2.858765 0.262900 0.964823 -0.000000 2.350029 -0.000000 0.000000 -1.000000 -0.000000 0.000000 0.000000 0.000000 1.000000
-0.964823 0.262900 0.000000 -2.858765 0.262900 0.964823 -0.000000 2.350029 -0.000000 0.000000 -1.000000 -0.000000 0.000000 0.000000 0.000000 1.000000
-0.964823 0.262900 0.000000 -2.858765 0.262900 0.964823 -0.000000 2.350029 -0.000000 0.000000 -1.000000 -0.000000 0.000000 0.000000 0.000000 1.000000</float_array><technique_common><accessor source="#r_arm01_jnt-Matrix-animation-output-transform-array" count="15" stride="16"><param type="float4x4"/></accessor></technique_common></source><source id="r_arm01_jnt-Interpolations"><Name_array id="r_arm01_jnt-Interpolations-array" count="15">
 LINEAR LINEAR LINEAR LINEAR LINEAR LINEAR LINEAR LINEAR LINEAR LINEAR LINEAR
LINEAR LINEAR LINEAR LINEAR</Name_array><technique_common><accessor source="#r_arm01_jnt-Interpolations-array" count="15"><param type="name"/></accessor></technique_common></source><sampler id="r_arm01_jnt-Matrix-animation-transform"><input semantic="INPUT" source="#r_arm01_jnt-Matrix-animation-input"/><input semantic="OUTPUT" source="#r_arm01_jnt-Matrix-animation-output-transform"/><input semantic="INTERPOLATION" source="#r_arm01_jnt-Interpolations"/></sampler><channel source="#r_arm01_jnt-Matrix-animation-transform" target="r_arm01_jnt/matrix"/></animation></animation>
    <animation id="r_arm02_jnt-anim" name="r_arm02_jnt"><animation><source id="r_arm02_jnt-Matrix-animation-input"><float_array id="r_arm02_jnt-Matrix-animation-input-array" count="15">

0.000000 0.033333 0.066667 0.100000 0.133333 0.166667 0.200000 0.233333 0.266667 0.300000 0.333333 0.366667 0.400000 0.433333 0.466667</float_array><technique_common><accessor source="#r_arm02_jnt-Matrix-animation-input-array" count="15"><param name="TIME" type="float"/></accessor></technique_common></source><source id="r_arm02_jnt-Matrix-animation-output-transform"><float_array id="r_arm02_jnt-Matrix-animation-output-transform-array" count="240">

0.916235 0.273169 -0.293074 1.138730 -0.369984 0.296270 -0.880532 0.000000 -0.153705 0.915206 0.372521 -0.000000 0.000000 0.000000 0.000000 1.000000
0.917261 0.270980 -0.291895 1.138730 -0.368201 0.297502 -0.880864 0.000000 -0.151857 0.915458 0.372662 -0.000000 0.000000 0.000000 0.000000 1.000000
0.919162 0.266877 -0.289688 1.138730 -0.364856 0.299796 -0.881477 0.000000 -0.148398 0.915914 0.372933 -0.000000 0.000000 0.000000 0.000000 1.000000
0.920182 0.264647 -0.288490 1.138730 -0.363037 0.301034 -0.881807 0.000000 -0.146522 0.916155 0.373082 -0.000000 0.000000 0.000000 0.000000 1.000000
0.919567 0.265992 -0.289213 1.138730 -0.364135 0.300288 -0.881608 0.000000 -0.147654 0.916011 0.372992 -0.000000 0.000000 0.000000 0.000000 1.000000
0.918212 0.268934 -0.290794 1.138730 -0.366534 0.298648 -0.881171 0.000000 -0.150132 0.915688 0.372796 -0.000000 0.000000 0.000000 0.000000 1.000000
0.916853 0.271851 -0.292364 1.138730 -0.368911 0.297012 -0.880732 0.000000 -0.152593 0.915358 0.372606 -0.000000 0.000000 0.000000 0.000000 1.000000
0.916235 0.273169 -0.293074 1.138730 -0.369984 0.296270 -0.880532 0.000000 -0.153705 0.915206 0.372521 -0.000000 0.000000 0.000000 0.000000 1.000000
0.917261 0.270980 -0.291895 1.138730 -0.368201 0.297502 -0.880864 0.000000 -0.151857 0.915458 0.372662 -0.000000 0.000000 0.000000 0.000000 1.000000
0.919162 0.266877 -0.289688 1.138730 -0.364856 0.299796 -0.881477 0.000000 -0.148398 0.915914 0.372933 -0.000000 0.000000 0.000000 0.000000 1.000000
0.920182 0.264647 -0.288490 1.138730 -0.363037 0.301034 -0.881807 0.000000 -0.146522 0.916155 0.373082 -0.000000 0.000000 0.000000 0.000000 1.000000
0.919567 0.265992 -0.289213 1.138730 -0.364135 0.300288 -0.881608 0.000000 -0.147654 0.916011 0.372992 -0.000000 0.000000 0.000000 0.000000 1.000000
0.918212 0.268934 -0.290794 1.138730 -0.366534 0.298648 -0.881171 0.000000 -0.150132 0.915688 0.372796 -0.000000 0.000000 0.000000 0.000000 1.000000
0.916853 0.271851 -0.292364 1.138730 -0.368911 0.297012 -0.880732 0.000000 -0.152593 0.915358 0.372606 -0.000000 0.000000 0.000000 0.000000 1.000000
0.916235 0.273169 -0.293074 1.138730 -0.369984 0.296270 -0.880532 0.000000 -0.153705 0.915206 0.372521 -0.000000 0.000000 0.000000 0.000000 1.000000</float_array><technique_common><accessor source="#r_arm02_jnt-Matrix-animation-output-transform-array" count="15" stride="16"><param type="float4x4"/></accessor></technique_common></source><source id="r_arm02_jnt-Interpolations"><Name_array id="r_arm02_jnt-Interpolations-array" count="15">
 LINEAR LINEAR LINEAR LINEAR LINEAR LINEAR LINEAR LINEAR LINEAR LINEAR LINEAR
LINEAR LINEAR LINEAR LINEAR</Name_array><technique_common><accessor source="#r_arm02_jnt-Interpolations-array" count="15"><param type="name"/></accessor></technique_common></source><sampler id="r_arm02_jnt-Matrix-animation-transform"><input semantic="INPUT" source="#r_arm02_jnt-Matrix-animation-input"/><input semantic="OUTPUT" source="#r_arm02_jnt-Matrix-animation-output-transform"/><input semantic="INTERPOLATION" source="#r_arm02_jnt-Interpolations"/></sampler><channel source="#r_arm02_jnt-Matrix-animation-transform" target="r_arm02_jnt/matrix"/></animation></animation>
    <animation id="r_arm03_jnt-anim" name="r_arm03_jnt"><animation><source id="r_arm03_jnt-Matrix-animation-input"><float_array id="r_arm03_jnt-Matrix-animation-input-array" count="15">

0.000000 0.033333 0.066667 0.100000 0.133333 0.166667 0.200000 0.233333 0.266667 0.300000 0.333333 0.366667 0.400000 0.433333 0.466667</float_array><technique_common><accessor source="#r_arm03_jnt-Matrix-animation-input-array" count="15"><param name="TIME" type="float"/></accessor></technique_common></source><source id="r_arm03_jnt-Matrix-animation-output-transform"><float_array id="r_arm03_jnt-Matrix-animation-output-transform-array" count="240">

0.235869 -0.704585 -0.669273 0.839582 0.007309 0.689972 -0.723799 -0.000000 0.971757 0.165830 0.167893 0.000000 0.000000 0.000000 0.000000 1.000000
0.235854 -0.705916 -0.667874 0.839582 0.007765 0.688609 -0.725091 -0.000000 0.971757 0.165830 0.167893 0.000000 0.000000 0.000000 0.000000 1.000000
0.235825 -0.708369 -0.665281 0.839582 0.008607 0.686085 -0.727470 0.000000 0.971757 0.165830 0.167893 0.000000 0.000000 0.000000 0.000000 1.000000
0.235808 -0.709680 -0.663889 0.839582 0.009058 0.684730 -0.728741 0.000000 0.971757 0.165830 0.167893 0.000000 0.000000 0.000000 0.000000 1.000000
0.235819 -0.708891 -0.664728 0.839582 0.008786 0.685546 -0.727976 -0.000000 0.971757 0.165830 0.167893 0.000000 0.000000 0.000000 0.000000 1.000000
0.235840 -0.707146 -0.666576 0.839582 0.008187 0.687346 -0.726284 -0.000000 0.971757 0.165830 0.167893 0.000000 0.000000 0.000000 0.000000 1.000000
0.235860 -0.705388 -0.668429 0.839582 0.007584 0.689150 -0.724579 0.000000 0.971757 0.165830 0.167893 0.000000 0.000000 0.000000 0.000000 1.000000
0.235869 -0.704585 -0.669273 0.839582 0.007309 0.689972 -0.723799 -0.000000 0.971757 0.165830 0.167893 0.000000 0.000000 0.000000 0.000000 1.000000
0.235854 -0.705916 -0.667874 0.839582 0.007765 0.688609 -0.725091 -0.000000 0.971757 0.165830 0.167893 0.000000 0.000000 0.000000 0.000000 1.000000
0.235825 -0.708369 -0.665281 0.839582 0.008607 0.686085 -0.727470 0.000000 0.971757 0.165830 0.167893 0.000000 0.000000 0.000000 0.000000 1.000000
0.235808 -0.709680 -0.663889 0.839582 0.009058 0.684730 -0.728741 0.000000 0.971757 0.165830 0.167893 0.000000 0.000000 0.000000 0.000000 1.000000
0.235819 -0.708891 -0.664728 0.839582 0.008786 0.685546 -0.727976 -0.000000 0.971757 0.165830 0.167893 0.000000 0.000000 0.000000 0.000000 1.000000
0.235840 -0.707146 -0.666576 0.839582 0.008187 0.687346 -0.726284 -0.000000 0.971757 0.165830 0.167893 0.000000 0.000000 0.000000 0.000000 1.000000
0.235860 -0.705388 -0.668429 0.839582 0.007584 0.689150 -0.724579 0.000000 0.971757 0.165830 0.167893 0.000000 0.000000 0.000000 0.000000 1.000000
0.235869 -0.704585 -0.669273 0.839582 0.007309 0.689972 -0.723799 -0.000000 0.971757 0.165830 0.167893 0.000000 0.000000 0.000000 0.000000 1.000000</float_array><technique_common><accessor source="#r_arm03_jnt-Matrix-animation-output-transform-array" count="15" stride="16"><param type="float4x4"/></accessor></technique_common></source><source id="r_arm03_jnt-Interpolations"><Name_array id="r_arm03_jnt-Interpolations-array" count="15">
 LINEAR LINEAR LINEAR LINEAR LINEAR LINEAR LINEAR LINEAR LINEAR LINEAR LINEAR
LINEAR LINEAR LINEAR LINEAR</Name_array><technique_common><accessor source="#r_arm03_jnt-Interpolations-array" count="15"><param type="name"/></accessor></technique_common></source><sampler id="r_arm03_jnt-Matrix-animation-transform"><input semantic="INPUT" source="#r_arm03_jnt-Matrix-animation-input"/><input semantic="OUTPUT" source="#r_arm03_jnt-Matrix-animation-output-transform"/><input semantic="INTERPOLATION" source="#r_arm03_jnt-Interpolations"/></sampler><channel source="#r_arm03_jnt-Matrix-animation-transform" target="r_arm03_jnt/matrix"/></animation></animation>
    <animation id="r_arm04_jnt-anim" name="r_arm04_jnt"><animation><source id="r_arm04_jnt-Matrix-animation-input"><float_array id="r_arm04_jnt-Matrix-animation-input-array" count="15">

0.000000 0.033333 0.066667 0.100000 0.133333 0.166667 0.200000 0.233333 0.266667 0.300000 0.333333 0.366667 0.400000 0.433333 0.466667</float_array><technique_common><accessor source="#r_arm04_jnt-Matrix-animation-input-array" count="15"><param name="TIME" type="float"/></accessor></technique_common></source><source id="r_arm04_jnt-Matrix-animation-output-transform"><float_array id="r_arm04_jnt-Matrix-animation-output-transform-array" count="240">

0.420672 0.905237 -0.059846 3.327914 -0.906917 0.421303 -0.002269 0.000000 0.023159 0.055229 0.998205 -0.000000 0.000000 0.000000 0.000000 1.000000
0.417167 0.906855 -0.059880 3.327914 -0.908538 0.417796 -0.002194 0.000000 0.023028 0.055319 0.998203 0.000000 0.000000 0.000000 0.000000 1.000000
0.410676 0.909809 -0.059943 3.327914 -0.911497 0.411302 -0.002057 0.000000 0.022783 0.055482 0.998200 0.000000 0.000000 0.000000 0.000000 1.000000
0.407190 0.911372 -0.059976 3.327914 -0.913063 0.407814 -0.001983 0.000000 0.022652 0.055569 0.998198 0.000000 0.000000 0.000000 0.000000 1.000000
0.409290 0.910432 -0.059956 3.327914 -0.912121 0.409915 -0.002027 0.000000 0.022731 0.055517 0.998199 0.000000 0.000000 0.000000 0.000000 1.000000
0.413919 0.908340 -0.059911 3.327914 -0.910026 0.414546 -0.002126 0.000000 0.022905 0.055401 0.998201 0.000000 0.000000 0.000000 0.000000 1.000000
0.418559 0.906214 -0.059866 3.327914 -0.907896 0.419189 -0.002224 0.000000 0.023080 0.055283 0.998204 0.000000 0.000000 0.000000 0.000000 1.000000
0.420672 0.905237 -0.059846 3.327914 -0.906917 0.421303 -0.002269 0.000000 0.023159 0.055229 0.998205 -0.000000 0.000000 0.000000 0.000000 1.000000
0.417167 0.906855 -0.059880 3.327914 -0.908538 0.417796 -0.002194 0.000000 0.023028 0.055319 0.998203 0.000000 0.000000 0.000000 0.000000 1.000000
0.410676 0.909809 -0.059943 3.327914 -0.911497 0.411302 -0.002057 0.000000 0.022783 0.055482 0.998200 0.000000 0.000000 0.000000 0.000000 1.000000
0.407190 0.911372 -0.059976 3.327914 -0.913063 0.407814 -0.001983 0.000000 0.022652 0.055569 0.998198 0.000000 0.000000 0.000000 0.000000 1.000000
0.409290 0.910432 -0.059956 3.327914 -0.912121 0.409915 -0.002027 0.000000 0.022731 0.055517 0.998199 0.000000 0.000000 0.000000 0.000000 1.000000
0.413919 0.908340 -0.059911 3.327914 -0.910026 0.414546 -0.002126 0.000000 0.022905 0.055401 0.998201 0.000000 0.000000 0.000000 0.000000 1.000000
0.418559 0.906214 -0.059866 3.327914 -0.907896 0.419189 -0.002224 0.000000 0.023080 0.055283 0.998204 0.000000 0.000000 0.000000 0.000000 1.000000
0.420672 0.905237 -0.059846 3.327914 -0.906917 0.421303 -0.002269 0.000000 0.023159 0.055229 0.998205 -0.000000 0.000000 0.000000 0.000000 1.000000</float_array><technique_common><accessor source="#r_arm04_jnt-Matrix-animation-output-transform-array" count="15" stride="16"><param type="float4x4"/></accessor></technique_common></source><source id="r_arm04_jnt-Interpolations"><Name_array id="r_arm04_jnt-Interpolations-array" count="15">
 LINEAR LINEAR LINEAR LINEAR LINEAR LINEAR LINEAR LINEAR LINEAR LINEAR LINEAR
LINEAR LINEAR LINEAR LINEAR</Name_array><technique_common><accessor source="#r_arm04_jnt-Interpolations-array" count="15"><param type="name"/></accessor></technique_common></source><sampler id="r_arm04_jnt-Matrix-animation-transform"><input semantic="INPUT" source="#r_arm04_jnt-Matrix-animation-input"/><input semantic="OUTPUT" source="#r_arm04_jnt-Matrix-animation-output-transform"/><input semantic="INTERPOLATION" source="#r_arm04_jnt-Interpolations"/></sampler><channel source="#r_arm04_jnt-Matrix-animation-transform" target="r_arm04_jnt/matrix"/></animation></animation>
    <animation id="r_arm05_jnt-anim" name="r_arm05_jnt"><animation><source id="r_arm05_jnt-Matrix-animation-input"><float_array id="r_arm05_jnt-Matrix-animation-input-array" count="15">

0.000000 0.033333 0.066667 0.100000 0.133333 0.166667 0.200000 0.233333 0.266667 0.300000 0.333333 0.366667 0.400000 0.433333 0.466667</float_array><technique_common><accessor source="#r_arm05_jnt-Matrix-animation-input-array" count="15"><param name="TIME" type="float"/></accessor></technique_common></source><source id="r_arm05_jnt-Matrix-animation-output-transform"><float_array id="r_arm05_jnt-Matrix-animation-output-transform-array" count="240">

-0.112999 0.993593 0.002268 1.353106 -0.993593 -0.112993 -0.002540 -0.000000 -0.002268 -0.002540 0.999994 -0.000000 0.000000 0.000000 0.000000 1.000000
-0.112999 0.993593 0.002268 1.353106 -0.993593 -0.112993 -0.002540 -0.000000 -0.002268 -0.002540 0.999994 0.000000 0.000000 0.000000 0.000000 1.000000
-0.112999 0.993593 0.002268 1.353106 -0.993593 -0.112993 -0.002540 -0.000000 -0.002268 -0.002540 0.999994 0.000000 0.000000 0.000000 0.000000 1.000000
-0.112999 0.993593 0.002268 1.353106 -0.993593 -0.112993 -0.002540 -0.000000 -0.002268 -0.002540 0.999994 -0.000000 0.000000 0.000000 0.000000 1.000000
-0.112999 0.993593 0.002268 1.353106 -0.993593 -0.112993 -0.002540 -0.000000 -0.002268 -0.002540 0.999994 -0.000000 0.000000 0.000000 0.000000 1.000000
-0.112999 0.993593 0.002268 1.353106 -0.993593 -0.112993 -0.002540 -0.000000 -0.002268 -0.002540 0.999994 -0.000000 0.000000 0.000000 0.000000 1.000000
-0.112999 0.993593 0.002268 1.353106 -0.993593 -0.112993 -0.002540 -0.000000 -0.002268 -0.002540 0.999994 -0.000000 0.000000 0.000000 0.000000 1.000000
-0.112999 0.993593 0.002268 1.353106 -0.993593 -0.112993 -0.002540 -0.000000 -0.002268 -0.002540 0.999994 -0.000000 0.000000 0.000000 0.000000 1.000000
-0.112999 0.993593 0.002268 1.353106 -0.993593 -0.112993 -0.002540 -0.000000 -0.002268 -0.002540 0.999994 0.000000 0.000000 0.000000 0.000000 1.000000
-0.112999 0.993593 0.002268 1.353106 -0.993593 -0.112993 -0.002540 -0.000000 -0.002268 -0.002540 0.999994 0.000000 0.000000 0.000000 0.000000 1.000000
-0.112999 0.993593 0.002268 1.353106 -0.993593 -0.112993 -0.002540 -0.000000 -0.002268 -0.002540 0.999994 -0.000000 0.000000 0.000000 0.000000 1.000000
-0.112999 0.993593 0.002268 1.353106 -0.993593 -0.112993 -0.002540 -0.000000 -0.002268 -0.002540 0.999994 -0.000000 0.000000 0.000000 0.000000 1.000000
-0.112999 0.993593 0.002268 1.353106 -0.993593 -0.112993 -0.002540 -0.000000 -0.002268 -0.002540 0.999994 -0.000000 0.000000 0.000000 0.000000 1.000000
-0.112999 0.993593 0.002268 1.353106 -0.993593 -0.112993 -0.002540 -0.000000 -0.002268 -0.002540 0.999994 -0.000000 0.000000 0.000000 0.000000 1.000000
-0.112999 0.993593 0.002268 1.353106 -0.993593 -0.112993 -0.002540 -0.000000 -0.002268 -0.002540 0.999994 -0.000000 0.000000 0.000000 0.000000 1.000000</float_array><technique_common><accessor source="#r_arm05_jnt-Matrix-animation-output-transform-array" count="15" stride="16"><param type="float4x4"/></accessor></technique_common></source><source id="r_arm05_jnt-Interpolations"><Name_array id="r_arm05_jnt-Interpolations-array" count="15">
 LINEAR LINEAR LINEAR LINEAR LINEAR LINEAR LINEAR LINEAR LINEAR LINEAR LINEAR
LINEAR LINEAR LINEAR LINEAR</Name_array><technique_common><accessor source="#r_arm05_jnt-Interpolations-array" count="15"><param type="name"/></accessor></technique_common></source><sampler id="r_arm05_jnt-Matrix-animation-transform"><input semantic="INPUT" source="#r_arm05_jnt-Matrix-animation-input"/><input semantic="OUTPUT" source="#r_arm05_jnt-Matrix-animation-output-transform"/><input semantic="INTERPOLATION" source="#r_arm05_jnt-Interpolations"/></sampler><channel source="#r_arm05_jnt-Matrix-animation-transform" target="r_arm05_jnt/matrix"/></animation></animation>
    <animation id="scythe01_jnt-anim" name="scythe01_jnt"><animation><source id="scythe01_jnt-Matrix-animation-input"><float_array id="scythe01_jnt-Matrix-animation-input-array" count="15">

0.000000 0.033333 0.066667 0.100000 0.133333 0.166667 0.200000 0.233333 0.266667 0.300000 0.333333 0.366667 0.400000 0.433333 0.466667</float_array><technique_common><accessor source="#scythe01_jnt-Matrix-animation-input-array" count="15"><param name="TIME" type="float"/></accessor></technique_common></source><source id="scythe01_jnt-Matrix-animation-output-transform"><float_array id="scythe01_jnt-Matrix-animation-output-transform-array" count="240">

-0.741024 -0.671421 -0.008760 4.703162 0.671333 -0.741072 0.011131 0.000000 -0.013966 0.002367 0.999900 0.000000 0.000000 0.000000 0.000000 1.000000
-0.743611 -0.668554 -0.008823 4.703162 0.668465 -0.743660 0.011187 0.000000 -0.014040 0.002422 0.999898 0.000000 0.000000 0.000000 0.000000 1.000000
-0.748362 -0.663230 -0.008938 4.703162 0.663139 -0.748411 0.011290 0.000000 -0.014177 0.002522 0.999896 0.000000 0.000000 0.000000 0.000000 1.000000
-0.750891 -0.660364 -0.009000 4.703162 0.660272 -0.750941 0.011345 0.000000 -0.014251 0.002577 0.999895 0.000000 0.000000 0.000000 0.000000 1.000000
-0.749370 -0.662091 -0.008963 4.703162 0.662000 -0.749419 0.011312 0.000000 -0.014207 0.002544 0.999896 0.000000 0.000000 0.000000 0.000000 1.000000
-0.745996 -0.665892 -0.008880 4.703162 0.665801 -0.746044 0.011239 0.000000 -0.014109 0.002472 0.999897 -0.000000 0.000000 0.000000 0.000000 1.000000
-0.742586 -0.669693 -0.008798 4.703162 0.669604 -0.742634 0.011165 0.000000 -0.014011 0.002400 0.999899 0.000000 0.000000 0.000000 0.000000 1.000000
-0.741024 -0.671421 -0.008760 4.703162 0.671333 -0.741072 0.011131 0.000000 -0.013966 0.002367 0.999900 0.000000 0.000000 0.000000 0.000000 1.000000
-0.743611 -0.668554 -0.008823 4.703162 0.668465 -0.743660 0.011187 0.000000 -0.014040 0.002422 0.999898 0.000000 0.000000 0.000000 0.000000 1.000000
-0.748362 -0.663230 -0.008938 4.703162 0.663139 -0.748411 0.011290 0.000000 -0.014177 0.002522 0.999896 0.000000 0.000000 0.000000 0.000000 1.000000
-0.750891 -0.660364 -0.009000 4.703162 0.660272 -0.750941 0.011345 0.000000 -0.014251 0.002577 0.999895 0.000000 0.000000 0.000000 0.000000 1.000000
-0.749370 -0.662091 -0.008963 4.703162 0.662000 -0.749419 0.011312 0.000000 -0.014207 0.002544 0.999896 0.000000 0.000000 0.000000 0.000000 1.000000
-0.745996 -0.665892 -0.008880 4.703162 0.665801 -0.746044 0.011239 0.000000 -0.014109 0.002472 0.999897 -0.000000 0.000000 0.000000 0.000000 1.000000
-0.742586 -0.669693 -0.008798 4.703162 0.669604 -0.742634 0.011165 0.000000 -0.014011 0.002400 0.999899 0.000000 0.000000 0.000000 0.000000 1.000000
-0.741024 -0.671421 -0.008760 4.703162 0.671333 -0.741072 0.011131 0.000000 -0.013966 0.002367 0.999900 0.000000 0.000000 0.000000 0.000000 1.000000</float_array><technique_common><accessor source="#scythe01_jnt-Matrix-animation-output-transform-array" count="15" stride="16"><param type="float4x4"/></accessor></technique_common></source><source id="scythe01_jnt-Interpolations"><Name_array id="scythe01_jnt-Interpolations-array" count="15">
 LINEAR LINEAR LINEAR LINEAR LINEAR LINEAR LINEAR LINEAR LINEAR LINEAR LINEAR
LINEAR LINEAR LINEAR LINEAR</Name_array><technique_common><accessor source="#scythe01_jnt-Interpolations-array" count="15"><param type="name"/></accessor></technique_common></source><sampler id="scythe01_jnt-Matrix-animation-transform"><input semantic="INPUT" source="#scythe01_jnt-Matrix-animation-input"/><input semantic="OUTPUT" source="#scythe01_jnt-Matrix-animation-output-transform"/><input semantic="INTERPOLATION" source="#scythe01_jnt-Interpolations"/></sampler><channel source="#scythe01_jnt-Matrix-animation-transform" target="scythe01_jnt/matrix"/></animation></animation>
    <animation id="scythe02_jnt-anim" name="scythe02_jnt"><animation><source id="scythe02_jnt-Matrix-animation-input"><float_array id="scythe02_jnt-Matrix-animation-input-array" count="15">

0.000000 0.033333 0.066667 0.100000 0.133333 0.166667 0.200000 0.233333 0.266667 0.300000 0.333333 0.366667 0.400000 0.433333 0.466667</float_array><technique_common><accessor source="#scythe02_jnt-Matrix-animation-input-array" count="15"><param name="TIME" type="float"/></accessor></technique_common></source><source id="scythe02_jnt-Matrix-animation-output-transform"><float_array id="scythe02_jnt-Matrix-animation-output-transform-array" count="240">

0.923010 -0.384685 0.008339 2.551548 0.384685 0.923047 0.001668 0.000000 -0.008339 0.001668 0.999964 0.000000 0.000000 0.000000 0.000000 1.000000
0.923010 -0.384685 0.008339 2.551548 0.384685 0.923047 0.001668 0.000000 -0.008339 0.001668 0.999964 0.000000 0.000000 0.000000 0.000000 1.000000
0.923010 -0.384685 0.008339 2.551548 0.384685 0.923047 0.001668 0.000000 -0.008339 0.001668 0.999964 0.000000 0.000000 0.000000 0.000000 1.000000
0.923010 -0.384685 0.008339 2.551548 0.384685 0.923047 0.001668 0.000000 -0.008339 0.001668 0.999964 -0.000000 0.000000 0.000000 0.000000 1.000000
0.923010 -0.384685 0.008339 2.551548 0.384685 0.923047 0.001668 0.000000 -0.008339 0.001668 0.999964 0.000000 0.000000 0.000000 0.000000 1.000000
0.923010 -0.384685 0.008339 2.551548 0.384685 0.923047 0.001668 0.000000 -0.008339 0.001668 0.999964 0.000000 0.000000 0.000000 0.000000 1.000000
