<?xml version="1.0" encoding="utf-8"?>
<COLLADA xmlns="http://www.collada.org/2005/11/COLLADASchema" version="1.4.1">
  <asset><contributor><author></author><authoring_tool>FBX COLLADA exporter</authoring_tool><comments></comments></contributor><created>2020-01-21T12:13:48Z</created><keywords></keywords><modified>2020-01-21T12:13:48Z</modified><revision></revision><subject></subject><title></title><unit meter="0.010000" name="centimeter"></unit><up_axis>Y_UP</up_axis></asset>
  <library_animations>
    <animation id="root_jnt-anim" name="root_jnt"><animation><source id="root_jnt-Matrix-animation-input"><float_array id="root_jnt-Matrix-animation-input-array" count="15">

0.000000 0.033333 0.066667 0.100000 0.133333 0.166667 0.200000 0.233333 0.266667 0.300000 0.333333 0.366667 0.400000 0.433333 0.466667</float_array><technique_common><accessor source="#root_jnt-Matrix-animation-input-array" count="15"><param name="TIME" type="float"/></accessor></technique_common></source><source id="root_jnt-Matrix-animation-output-transform"><float_array id="root_jnt-Matrix-animation-output-transform-array" count="240">

1.000000 0.000000 0.000000 0.000000 0.000000 1.000000 0.000000 0.000000 0.000000 0.000000 1.000000 0.000000 0.000000 0.000000 0.000000 1.000000
1.000000 0.000000 0.000000 0.000000 0.000000 1.000000 0.000000 0.000000 0.000000 0.000000 1.000000 0.000000 0.000000 0.000000 0.000000 1.000000
1.000000 0.000000 0.000000 0.000000 0.000000 1.000000 0.000000 0.000000 0.000000 0.000000 1.000000 0.000000 0.000000 0.000000 0.000000 1.000000
1.000000 0.000000 0.000000 0.000000 0.000000 1.000000 0.000000 0.000000 0.000000 0.000000 1.000000 0.000000 0.000000 0.000000 0.000000 1.000000
1.000000 0.000000 0.000000 0.000000 0.000000 1.000000 0.000000 0.000000 0.000000 0.000000 1.000000 0.000000 0.000000 0.000000 0.000000 1.000000
1.000000 0.000000 0.000000 0.000000 0.000000 1.000000 0.000000 0.000000 0.000000 0.000000 1.000000 0.000000 0.000000 0.000000 0.000000 1.000000
1.000000 0.000000 0.000000 0.000000 0.000000 1.000000 0.000000 0.000000 0.000000 0.000000 1.000000 0.000000 0.000000 0.000000 0.000000 1.000000
1.000000 0.000000 0.000000 0.000000 0.000000 1.000000 0.000000 0.000000 0.000000 0.000000 1.000000 0.000000 0.000000 0.000000 0.000000 1.000000
1.000000 0.000000 0.000000 0.000000 0.000000 1.000000 0.000000 0.000000 0.000000 0.000000 1.000000 0.000000 0.000000 0.000000 0.000000 1.000000
1.000000 0.000000 0.000000 0.000000 0.000000 1.000000 0.000000 0.000000 0.000000 0.000000 1.000000 0.000000 0.000000 0.000000 0.000000 1.000000
1.000000 0.000000 0.000000 0.000000 0.000000 1.000000 0.000000 0.000000 0.000000 0.000000 1.000000 0.000000 0.000000 0.000000 0.000000 1.000000
1.000000 0.000000 0.000000 0.000000 0.000000 1.000000 0.000000 0.000000 0.000000 0.000000 1.000000 0.000000 0.000000 0.000000 0.000000 1.000000
1.000000 0.000000 0.000000 0.000000 0.000000 1.000000 0.000000 0.000000 0.000000 0.000000 1.000000 0.000000 0.000000 0.000000 0.000000 1.000000
1.000000 0.000000 0.000000 0.000000 0.000000 1.000000 0.000000 0.000000 0.000000 0.000000 1.000000 0.000000 0.000000 0.000000 0.000000 1.000000
1.000000 0.000000 0.000000 0.000000 0.000000 1.000000 0.000000 0.000000 0.000000 0.000000 1.000000 0.000000 0.000000 0.000000 0.000000 1.000000</float_array><technique_common><accessor source="#root_jnt-Matrix-animation-output-transform-array" count="15" stride="16"><param type="float4x4"/></accessor></technique_common></source><source id="root_jnt-Interpolations"><Name_array id="root_jnt-Interpolations-array" count="15">
 LINEAR LINEAR LINEAR LINEAR LINEAR LINEAR LINEAR LINEAR LINEAR LINEAR LINEAR
LINEAR LINEAR LINEAR LINEAR</Name_array><technique_common><accessor source="#root_jnt-Interpolations-array" count="15"><param type="name"/></accessor></technique_common></source><sampler id="root_jnt-Matrix-animation-transform"><input semantic="INPUT" source="#root_jnt-Matrix-animation-input"/><input semantic="OUTPUT" source="#root_jnt-Matrix-animation-output-transform"/><input semantic="INTERPOLATION" source="#root_jnt-Interpolations"/></sampler><channel source="#root_jnt-Matrix-animation-transform" target="root_jnt/matrix"/></animation></animation>
    <animation id="jnt_spine2-anim" name="jnt_spine2"><animation><source id="jnt_spine2-Matrix-animation-input"><float_array id="jnt_spine2-Matrix-animation-input-array" count="15">

0.000000 0.033333 0.066667 0.100000 0.133333 0.166667 0.200000 0.233333 0.266667 0.300000 0.333333 0.366667 0.400000 0.433333 0.466667</float_array><technique_common><accessor source="#jnt_spine2-Matrix-animation-input-array" count="15"><param name="TIME" type="float"/></accessor></technique_common></source><source id="jnt_spine2-Matrix-animation-output-transform"><float_array id="jnt_spine2-Matrix-animation-output-transform-array" count="240">

0.469970 -0.139100 -0.871653 0.490000 0.008999 0.988209 -0.152848 6.754634 0.882636 0.063990 0.465681 -0.167000 0.000000 0.000000 0.000000 1.000000
0.469970 -0.141954 -0.871193 0.490000 0.008999 0.987703 -0.156083 6.737826 0.882636 0.065514 0.465469 -0.167000 0.000000 0.000000 0.000000 1.000000
0.469970 -0.148753 -0.870058 0.490000 0.008999 0.986454 -0.163792 6.697746 0.882636 0.069147 0.464943 -0.167000 0.000000 0.000000 0.000000 1.000000
0.469970 -0.156856 -0.868633 0.490000 0.008999 0.984884 -0.172979 6.649909 0.882636 0.073478 0.464278 -0.167000 0.000000 0.000000 0.000000 1.000000
0.469970 -0.163635 -0.867382 0.490000 0.008999 0.983503 -0.180665 6.609828 0.882636 0.077101 0.463690 -0.167000 0.000000 0.000000 0.000000 1.000000
0.469970 -0.166474 -0.866842 0.490000 0.008999 0.982907 -0.183885 6.593020 0.882636 0.078620 0.463435 -0.167000 0.000000 0.000000 0.000000 1.000000
0.469970 -0.165538 -0.867021 0.490000 0.008999 0.983105 -0.182824 6.598563 0.882636 0.078119 0.463520 -0.167000 0.000000 0.000000 0.000000 1.000000
0.469970 -0.163028 -0.867496 0.490000 0.008999 0.983630 -0.179978 6.613416 0.882636 0.076777 0.463744 -0.167000 0.000000 0.000000 0.000000 1.000000
0.469970 -0.159392 -0.868172 0.490000 0.008999 0.984375 -0.175855 6.634921 0.882636 0.074834 0.464061 -0.167000 0.000000 0.000000 0.000000 1.000000
0.469970 -0.155077 -0.868953 0.490000 0.008999 0.985236 -0.170963 6.660415 0.882636 0.072527 0.464427 -0.167000 0.000000 0.000000 0.000000 1.000000
0.469970 -0.150534 -0.869751 0.490000 0.008999 0.986117 -0.165811 6.687240 0.882636 0.070099 0.464800 -0.167000 0.000000 0.000000 0.000000 1.000000
0.469970 -0.146211 -0.870488 0.490000 0.008999 0.986928 -0.160910 6.712735 0.882636 0.067789 0.465143 -0.167000 0.000000 0.000000 0.000000 1.000000
0.469970 -0.142563 -0.871093 0.490000 0.008999 0.987594 -0.156774 6.734239 0.882636 0.065840 0.465423 -0.167000 0.000000 0.000000 0.000000 1.000000
0.469970 -0.140041 -0.871502 0.490000 0.008999 0.988043 -0.153915 6.749092 0.882636 0.064493 0.465611 -0.167000 0.000000 0.000000 0.000000 1.000000
0.469970 -0.139100 -0.871653 0.490000 0.008999 0.988209 -0.152848 6.754634 0.882636 0.063990 0.465681 -0.167000 0.000000 0.000000 0.000000 1.000000</float_array><technique_common><accessor source="#jnt_spine2-Matrix-animation-output-transform-array" count="15" stride="16"><param type="float4x4"/></accessor></technique_common></source><source id="jnt_spine2-Interpolations"><Name_array id="jnt_spine2-Interpolations-array" count="15">
 LINEAR LINEAR LINEAR LINEAR LINEAR LINEAR LINEAR LINEAR LINEAR LINEAR LINEAR
LINEAR LINEAR LINEAR LINEAR</Name_array><technique_common><accessor source="#jnt_spine2-Interpolations-array" count="15"><param type="name"/></accessor></technique_common></source><sampler id="jnt_spine2-Matrix-animation-transform"><input semantic="INPUT" source="#jnt_spine2-Matrix-animation-input"/><input semantic="OUTPUT" source="#jnt_spine2-Matrix-animation-output-transform"/><input semantic="INTERPOLATION" source="#jnt_spine2-Interpolations"/></sampler><channel source="#jnt_spine2-Matrix-animation-transform" target="jnt_spine2/matrix"/></animation></animation>
    <animation id="neck_jnt-anim" name="neck_jnt"><animation><source id="neck_jnt-Matrix-animation-input"><float_array id="neck_jnt-Matrix-animation-input-array" count="15">

0.000000 0.033333 0.066667 0.100000 0.133333 0.166667 0.200000 0.233333 0.266667 0.300000 0.333333 0.366667 0.400000 0.433333 0.466667</float_array><technique_common><accessor source="#neck_jnt-Matrix-animation-input-array" count="15"><param name="TIME" type="float"/></accessor></technique_common></source><source id="neck_jnt-Matrix-animation-output-transform"><float_array id="neck_jnt-Matrix-animation-output-transform-array" count="240">

1.000000 -0.000000 0.000000 1.220000 0.000000 1.000000 0.000000 2.357033 -0.000000 -0.000000 1.000000 2.698746 0.000000 0.000000 0.000000 1.000000
1.000000 -0.000000 0.000000 1.220000 0.000000 1.000000 0.000000 2.357033 -0.000000 -0.000000 1.000000 2.698746 0.000000 0.000000 0.000000 1.000000
1.000000 -0.000000 0.000000 1.220000 0.000000 1.000000 0.000000 2.357033 -0.000000 -0.000000 1.000000 2.698746 0.000000 0.000000 0.000000 1.000000
1.000000 -0.000000 0.000000 1.220000 0.000000 1.000000 0.000000 2.357033 -0.000000 -0.000000 1.000000 2.698746 0.000000 0.000000 0.000000 1.000000
1.000000 -0.000000 0.000000 1.220000 0.000000 1.000000 0.000000 2.357033 -0.000000 -0.000000 1.000000 2.698746 0.000000 0.000000 0.000000 1.000000
1.000000 -0.000000 0.000000 1.220000 0.000000 1.000000 0.000000 2.357033 -0.000000 -0.000000 1.000000 2.698746 0.000000 0.000000 0.000000 1.000000
1.000000 -0.000000 0.000000 1.220000 0.000000 1.000000 0.000000 2.357033 -0.000000 -0.000000 1.000000 2.698746 0.000000 0.000000 0.000000 1.000000
1.000000 -0.000000 0.000000 1.220000 0.000000 1.000000 0.000000 2.357033 -0.000000 -0.000000 1.000000 2.698746 0.000000 0.000000 0.000000 1.000000
1.000000 -0.000000 0.000000 1.220000 0.000000 1.000000 0.000000 2.357033 -0.000000 -0.000000 1.000000 2.698746 0.000000 0.000000 0.000000 1.000000
1.000000 -0.000000 0.000000 1.220000 0.000000 1.000000 0.000000 2.357033 -0.000000 -0.000000 1.000000 2.698746 0.000000 0.000000 0.000000 1.000000
1.000000 -0.000000 0.000000 1.220000 0.000000 1.000000 0.000000 2.357033 -0.000000 -0.000000 1.000000 2.698746 0.000000 0.000000 0.000000 1.000000
1.000000 -0.000000 0.000000 1.220000 0.000000 1.000000 0.000000 2.357033 -0.000000 -0.000000 1.000000 2.698746 0.000000 0.000000 0.000000 1.000000
1.000000 -0.000000 0.000000 1.220000 0.000000 1.000000 0.000000 2.357033 -0.000000 -0.000000 1.000000 2.698746 0.000000 0.000000 0.000000 1.000000
1.000000 -0.000000 0.000000 1.220000 0.000000 1.000000 0.000000 2.357033 -0.000000 -0.000000 1.000000 2.698746 0.000000 0.000000 0.000000 1.000000
1.000000 -0.000000 0.000000 1.220000 0.000000 1.000000 0.000000 2.357033 -0.000000 -0.000000 1.000000 2.698746 0.000000 0.000000 0.000000 1.000000</float_array><technique_common><accessor source="#neck_jnt-Matrix-animation-output-transform-array" count="15" stride="16"><param type="float4x4"/></accessor></technique_common></source><source id="neck_jnt-Interpolations"><Name_array id="neck_jnt-Interpolations-array" count="15">
 LINEAR LINEAR LINEAR LINEAR LINEAR LINEAR LINEAR LINEAR LINEAR LINEAR LINEAR
LINEAR LINEAR LINEAR LINEAR</Name_array><technique_common><accessor source="#neck_jnt-Interpolations-array" count="15"><param type="name"/></accessor></technique_common></source><sampler id="neck_jnt-Matrix-animation-transform"><input semantic="INPUT" source="#neck_jnt-Matrix-animation-input"/><input semantic="OUTPUT" source="#neck_jnt-Matrix-animation-output-transform"/><input semantic="INTERPOLATION" source="#neck_jnt-Interpolations"/></sampler><channel source="#neck_jnt-Matrix-animation-transform" target="neck_jnt/matrix"/></animation></animation>
    <animation id="head_jnt-anim" name="head_jnt"><animation><source id="head_jnt-Matrix-animation-input"><float_array id="head_jnt-Matrix-animation-input-array" count="15">

0.000000 0.033333 0.066667 0.100000 0.133333 0.166667 0.200000 0.233333 0.266667 0.300000 0.333333 0.366667 0.400000 0.433333 0.466667</float_array><technique_common><accessor source="#head_jnt-Matrix-animation-input-array" count="15"><param name="TIME" type="float"/></accessor></technique_common></source><source id="head_jnt-Matrix-animation-output-transform"><float_array id="head_jnt-Matrix-animation-output-transform-array" count="240">

0.621999 0.102682 0.776256 0.595216 0.090244 0.975358 -0.201330 0.585912 -0.777800 0.195280 0.597405 -0.006286 0.000000 0.000000 0.000000 1.000000
0.621999 0.102682 0.776256 0.595216 0.090244 0.975358 -0.201330 0.585912 -0.777800 0.195280 0.597405 -0.006286 0.000000 0.000000 0.000000 1.000000
0.621999 0.102682 0.776256 0.595216 0.090244 0.975358 -0.201330 0.585912 -0.777800 0.195280 0.597405 -0.006286 0.000000 0.000000 0.000000 1.000000
0.621999 0.102682 0.776256 0.595216 0.090244 0.975358 -0.201330 0.585912 -0.777800 0.195280 0.597405 -0.006286 0.000000 0.000000 0.000000 1.000000
0.621999 0.102682 0.776256 0.595216 0.090244 0.975358 -0.201330 0.585912 -0.777800 0.195280 0.597405 -0.006286 0.000000 0.000000 0.000000 1.000000
0.621999 0.102682 0.776256 0.595216 0.090244 0.975358 -0.201330 0.585912 -0.777800 0.195280 0.597405 -0.006286 0.000000 0.000000 0.000000 1.000000
0.621999 0.102682 0.776256 0.595216 0.090244 0.975358 -0.201330 0.585912 -0.777800 0.195280 0.597405 -0.006286 0.000000 0.000000 0.000000 1.000000
0.621999 0.102682 0.776256 0.595216 0.090244 0.975358 -0.201330 0.585912 -0.777800 0.195280 0.597405 -0.006286 0.000000 0.000000 0.000000 1.000000
0.621999 0.102682 0.776256 0.595216 0.090244 0.975358 -0.201330 0.585912 -0.777800 0.195280 0.597405 -0.006286 0.000000 0.000000 0.000000 1.000000
0.621999 0.102682 0.776256 0.595216 0.090244 0.975358 -0.201330 0.585912 -0.777800 0.195280 0.597405 -0.006286 0.000000 0.000000 0.000000 1.000000
0.621999 0.102682 0.776256 0.595216 0.090244 0.975358 -0.201330 0.585912 -0.777800 0.195280 0.597405 -0.006286 0.000000 0.000000 0.000000 1.000000
0.621999 0.102682 0.776256 0.595216 0.090244 0.975358 -0.201330 0.585912 -0.777800 0.195280 0.597405 -0.006286 0.000000 0.000000 0.000000 1.000000
0.621999 0.102682 0.776256 0.595216 0.090244 0.975358 -0.201330 0.585912 -0.777800 0.195280 0.597405 -0.006286 0.000000 0.000000 0.000000 1.000000
0.621999 0.102682 0.776256 0.595216 0.090244 0.975358 -0.201330 0.585912 -0.777800 0.195280 0.597405 -0.006286 0.000000 0.000000 0.000000 1.000000
0.621999 0.102682 0.776256 0.595216 0.090244 0.975358 -0.201330 0.585912 -0.777800 0.195280 0.597405 -0.006286 0.000000 0.000000 0.000000 1.000000</float_array><technique_common><accessor source="#head_jnt-Matrix-animation-output-transform-array" count="15" stride="16"><param type="float4x4"/></accessor></technique_common></source><source id="head_jnt-Interpolations"><Name_array id="head_jnt-Interpolations-array" count="15">
 LINEAR LINEAR LINEAR LINEAR LINEAR LINEAR LINEAR LINEAR LINEAR LINEAR LINEAR
LINEAR LINEAR LINEAR LINEAR</Name_array><technique_common><accessor source="#head_jnt-Interpolations-array" count="15"><param type="name"/></accessor></technique_common></source><sampler id="head_jnt-Matrix-animation-transform"><input semantic="INPUT" source="#head_jnt-Matrix-animation-input"/><input semantic="OUTPUT" source="#head_jnt-Matrix-animation-output-transform"/><input semantic="INTERPOLATION" source="#head_jnt-Interpolations"/></sampler><channel source="#head_jnt-Matrix-animation-transform" target="head_jnt/matrix"/></animation></animation>
    <animation id="r_arm01_jnt-anim" name="r_arm01_jnt"><animation><source id="r_arm01_jnt-Matrix-animation-input"><float_array id="r_arm01_jnt-Matrix-animation-input-array" count="15">

0.000000 0.033333 0.066667 0.100000 0.133333 0.166667 0.200000 0.233333 0.266667 0.300000 0.333333 0.366667 0.400000 0.433333 0.466667</float_array><technique_common><accessor source="#r_arm01_jnt-Matrix-animation-input-array" count="15"><param name="TIME" type="float"/></accessor></technique_common></source><source id="r_arm01_jnt-Matrix-animation-output-transform"><float_array id="r_arm01_jnt-Matrix-animation-output-transform-array" count="240">

-0.998300 0.000000 0.058291 -2.858765 -0.000000 1.000000 -0.000000 2.350029 -0.058291 0.000000 -0.998300 -0.000000 0.000000 0.000000 0.000000 1.000000
-0.998300 0.000000 0.058291 -2.858765 0.000000 1.000000 -0.000000 2.350029 -0.058291 -0.000000 -0.998300 -0.000000 0.000000 0.000000 0.000000 1.000000
-0.998300 -0.000000 0.058291 -2.858765 0.000000 1.000000 -0.000000 2.350029 -0.058291 -0.000000 -0.998300 -0.000000 0.000000 0.000000 0.000000 1.000000
-0.998300 -0.000000 0.058291 -2.858765 -0.000000 1.000000 -0.000000 2.350029 -0.058291 0.000000 -0.998300 -0.000000 0.000000 0.000000 0.000000 1.000000
-0.998300 0.000000 0.058291 -2.858765 0.000000 1.000000 0.000000 2.350029 -0.058291 0.000000 -0.998300 -0.000000 0.000000 0.000000 0.000000 1.000000
-0.998300 0.000000 0.058291 -2.858765 -0.000000 1.000000 -0.000000 2.350029 -0.058291 0.000000 -0.998300 -0.000000 0.000000 0.000000 0.000000 1.000000
-0.998300 0.000000 0.058291 -2.858765 0.000000 1.000000 -0.000000 2.350029 -0.058291 -0.000000 -0.998300 -0.000000 0.000000 0.000000 0.000000 1.000000
-0.998300 -0.000000 0.058291 -2.858765 0.000000 1.000000 0.000000 2.350029 -0.058291 -0.000000 -0.998300 -0.000000 0.000000 0.000000 0.000000 1.000000
-0.998300 -0.000000 0.058291 -2.858765 -0.000000 1.000000 0.000000 2.350029 -0.058291 0.000000 -0.998300 -0.000000 0.000000 0.000000 0.000000 1.000000
-0.998300 0.000000 0.058291 -2.858765 0.000000 1.000000 -0.000000 2.350029 -0.058291 0.000000 -0.998300 -0.000000 0.000000 0.000000 0.000000 1.000000
-0.998300 0.000000 0.058291 -2.858765 0.000000 1.000000 -0.000000 2.350029 -0.058291 0.000000 -0.998300 -0.000000 0.000000 0.000000 0.000000 1.000000
-0.998300 0.000000 0.058291 -2.858765 0.000000 1.000000 -0.000000 2.350029 -0.058291 -0.000000 -0.998300 -0.000000 0.000000 0.000000 0.000000 1.000000
-0.998300 -0.000000 0.058291 -2.858765 0.000000 1.000000 -0.000000 2.350029 -0.058291 -0.000000 -0.998300 -0.000000 0.000000 0.000000 0.000000 1.000000
-0.998300 0.000000 0.058291 -2.858765 -0.000000 1.000000 0.000000 2.350029 -0.058291 0.000000 -0.998300 -0.000000 0.000000 0.000000 0.000000 1.000000
-0.998300 0.000000 0.058291 -2.858765 -0.000000 1.000000 -0.000000 2.350029 -0.058291 0.000000 -0.998300 -0.000000 0.000000 0.000000 0.000000 1.000000</float_array><technique_common><accessor source="#r_arm01_jnt-Matrix-animation-output-transform-array" count="15" stride="16"><param type="float4x4"/></accessor></technique_common></source><source id="r_arm01_jnt-Interpolations"><Name_array id="r_arm01_jnt-Interpolations-array" count="15">
 LINEAR LINEAR LINEAR LINEAR LINEAR LINEAR LINEAR LINEAR LINEAR LINEAR LINEAR
LINEAR LINEAR LINEAR LINEAR</Name_array><technique_common><accessor source="#r_arm01_jnt-Interpolations-array" count="15"><param type="name"/></accessor></technique_common></source><sampler id="r_arm01_jnt-Matrix-animation-transform"><input semantic="INPUT" source="#r_arm01_jnt-Matrix-animation-input"/><input semantic="OUTPUT" source="#r_arm01_jnt-Matrix-animation-output-transform"/><input semantic="INTERPOLATION" source="#r_arm01_jnt-Interpolations"/></sampler><channel source="#r_arm01_jnt-Matrix-animation-transform" target="r_arm01_jnt/matrix"/></animation></animation>
    <animation id="r_arm02_jnt-anim" name="r_arm02_jnt"><animation><source id="r_arm02_jnt-Matrix-animation-input"><float_array id="r_arm02_jnt-Matrix-animation-input-array" count="15">

0.000000 0.033333 0.066667 0.100000 0.133333 0.166667 0.200000 0.233333 0.266667 0.300000 0.333333 0.366667 0.400000 0.433333 0.466667</float_array><technique_common><accessor source="#r_arm02_jnt-Matrix-animation-input-array" count="15"><param name="TIME" type="float"/></accessor></technique_common></source><source id="r_arm02_jnt-Matrix-animation-output-transform"><float_array id="r_arm02_jnt-Matrix-animation-output-transform-array" count="240">

0.905307 0.142256 -0.400227 1.138730 0.335785 -0.816738 0.469241 0.000000 -0.260129 -0.559197 -0.787167 0.000000 0.000000 0.000000 0.000000 1.000000
0.908236 0.138059 -0.395027 1.138730 0.330906 -0.814788 0.476048 0.000000 -0.256141 -0.563081 -0.785705 0.000000 0.000000 0.000000 0.000000 1.000000
0.915612 0.127333 -0.381368 1.138730 0.318084 -0.809571 0.493374 0.000000 -0.245921 -0.573046 -0.781755 -0.000000 0.000000 0.000000 0.000000 1.000000
0.925268 0.112905 -0.362121 1.138730 0.300010 -0.802005 0.516510 0.000000 -0.232106 -0.586550 -0.775942 0.000000 0.000000 0.000000 0.000000 1.000000
0.935203 0.097515 -0.340421 1.138730 0.279622 -0.793205 0.540960 0.000000 -0.217272 -0.601096 -0.769075 0.000000 0.000000 0.000000 0.000000 1.000000
0.943761 0.083707 -0.319856 1.138730 0.260293 -0.784630 0.562675 0.000000 -0.203869 -0.614287 -0.762292 0.000000 0.000000 0.000000 0.000000 1.000000
0.949669 0.073809 -0.304435 1.138730 0.245794 -0.778064 0.578102 0.000000 -0.194201 -0.623834 -0.757045 0.000000 0.000000 0.000000 0.000000 1.000000
0.951878 0.070018 -0.298370 1.138730 0.240091 -0.775452 0.583978 0.000000 -0.190483 -0.627512 -0.754947 0.000000 0.000000 0.000000 0.000000 1.000000
0.949669 0.073809 -0.304435 1.138730 0.245794 -0.778064 0.578102 0.000000 -0.194201 -0.623834 -0.757045 0.000000 0.000000 0.000000 0.000000 1.000000
0.943761 0.083707 -0.319856 1.138730 0.260293 -0.784630 0.562675 0.000000 -0.203869 -0.614287 -0.762292 0.000000 0.000000 0.000000 0.000000 1.000000
0.935203 0.097515 -0.340421 1.138730 0.279622 -0.793205 0.540960 0.000000 -0.217272 -0.601096 -0.769075 0.000000 0.000000 0.000000 0.000000 1.000000
0.925268 0.112905 -0.362121 1.138730 0.300010 -0.802005 0.516510 0.000000 -0.232106 -0.586550 -0.775942 0.000000 0.000000 0.000000 0.000000 1.000000
0.915612 0.127333 -0.381368 1.138730 0.318084 -0.809571 0.493374 0.000000 -0.245921 -0.573046 -0.781755 0.000000 0.000000 0.000000 0.000000 1.000000
0.908236 0.138059 -0.395027 1.138730 0.330906 -0.814788 0.476048 0.000000 -0.256141 -0.563081 -0.785705 0.000000 0.000000 0.000000 0.000000 1.000000
0.905307 0.142256 -0.400227 1.138730 0.335785 -0.816738 0.469241 0.000000 -0.260129 -0.559197 -0.787167 0.000000 0.000000 0.000000 0.000000 1.000000</float_array><technique_common><accessor source="#r_arm02_jnt-Matrix-animation-output-transform-array" count="15" stride="16"><param type="float4x4"/></accessor></technique_common></source><source id="r_arm02_jnt-Interpolations"><Name_array id="r_arm02_jnt-Interpolations-array" count="15">
 LINEAR LINEAR LINEAR LINEAR LINEAR LINEAR LINEAR LINEAR LINEAR LINEAR LINEAR
LINEAR LINEAR LINEAR LINEAR</Name_array><technique_common><accessor source="#r_arm02_jnt-Interpolations-array" count="15"><param type="name"/></accessor></technique_common></source><sampler id="r_arm02_jnt-Matrix-animation-transform"><input semantic="INPUT" source="#r_arm02_jnt-Matrix-animation-input"/><input semantic="OUTPUT" source="#r_arm02_jnt-Matrix-animation-output-transform"/><input semantic="INTERPOLATION" source="#r_arm02_jnt-Interpolations"/></sampler><channel source="#r_arm02_jnt-Matrix-animation-transform" target="r_arm02_jnt/matrix"/></animation></animation>
    <animation id="r_arm03_jnt-anim" name="r_arm03_jnt"><animation><source id="r_arm03_jnt-Matrix-animation-input"><float_array id="r_arm03_jnt-Matrix-animation-input-array" count="15">

0.000000 0.033333 0.066667 0.100000 0.133333 0.166667 0.200000 0.233333 0.266667 0.300000 0.333333 0.366667 0.400000 0.433333 0.466667</float_array><technique_common><accessor source="#r_arm03_jnt-Matrix-animation-input-array" count="15"><param name="TIME" type="float"/></accessor></technique_common></source><source id="r_arm03_jnt-Matrix-animation-output-transform"><float_array id="r_arm03_jnt-Matrix-animation-output-transform-array" count="240">

0.415510 -0.908154 0.051058 0.839582 0.791060 0.388502 0.472535 0.000000 -0.448971 -0.155953 0.879832 -0.000000 0.000000 0.000000 0.000000 1.000000
0.415614 -0.908103 0.051121 0.839582 0.791005 0.388622 0.472528 0.000000 -0.448971 -0.155953 0.879832 -0.000000 0.000000 0.000000 0.000000 1.000000
0.415878 -0.907974 0.051278 0.839582 0.790867 0.388925 0.472511 0.000000 -0.448971 -0.155953 0.879832 -0.000000 0.000000 0.000000 0.000000 1.000000
0.416220 -0.907805 0.051483 0.839582 0.790687 0.389318 0.472489 0.000000 -0.448971 -0.155953 0.879832 -0.000000 0.000000 0.000000 0.000000 1.000000
0.416529 -0.907653 0.051667 0.839582 0.790524 0.389673 0.472469 0.000000 -0.448971 -0.155953 0.879832 -0.000000 0.000000 0.000000 0.000000 1.000000
0.416665 -0.907586 0.051749 0.839582 0.790452 0.389829 0.472460 0.000000 -0.448971 -0.155953 0.879832 -0.000000 0.000000 0.000000 0.000000 1.000000
0.416620 -0.907608 0.051722 0.839582 0.790476 0.389777 0.472463 0.000000 -0.448971 -0.155953 0.879832 -0.000000 0.000000 0.000000 0.000000 1.000000
0.416501 -0.907667 0.051650 0.839582 0.790539 0.389640 0.472471 0.000000 -0.448971 -0.155953 0.879832 0.000000 0.000000 0.000000 0.000000 1.000000
0.416333 -0.907750 0.051550 0.839582 0.790627 0.389448 0.472482 0.000000 -0.448971 -0.155953 0.879832 -0.000000 0.000000 0.000000 0.000000 1.000000
0.416142 -0.907844 0.051436 0.839582 0.790728 0.389229 0.472494 0.000000 -0.448971 -0.155953 0.879832 -0.000000 0.000000 0.000000 0.000000 1.000000
0.415951 -0.907938 0.051322 0.839582 0.790829 0.389008 0.472506 0.000000 -0.448971 -0.155953 0.879832 -0.000000 0.000000 0.000000 0.000000 1.000000
0.415777 -0.908023 0.051218 0.839582 0.790920 0.388809 0.472518 0.000000 -0.448971 -0.155953 0.879832 0.000000 0.000000 0.000000 0.000000 1.000000
0.415637 -0.908092 0.051134 0.839582 0.790994 0.388649 0.472527 0.000000 -0.448971 -0.155953 0.879832 0.000000 0.000000 0.000000 0.000000 1.000000
0.415544 -0.908138 0.051079 0.839582 0.791042 0.388542 0.472533 0.000000 -0.448971 -0.155953 0.879832 -0.000000 0.000000 0.000000 0.000000 1.000000
0.415510 -0.908154 0.051058 0.839582 0.791060 0.388502 0.472535 0.000000 -0.448971 -0.155953 0.879832 -0.000000 0.000000 0.000000 0.000000 1.000000</float_array><technique_common><accessor source="#r_arm03_jnt-Matrix-animation-output-transform-array" count="15" stride="16"><param type="float4x4"/></accessor></technique_common></source><source id="r_arm03_jnt-Interpolations"><Name_array id="r_arm03_jnt-Interpolations-array" count="15">
 LINEAR LINEAR LINEAR LINEAR LINEAR LINEAR LINEAR LINEAR LINEAR LINEAR LINEAR
LINEAR LINEAR LINEAR LINEAR</Name_array><technique_common><accessor source="#r_arm03_jnt-Interpolations-array" count="15"><param type="name"/></accessor></technique_common></source><sampler id="r_arm03_jnt-Matrix-animation-transform"><input semantic="INPUT" source="#r_arm03_jnt-Matrix-animation-input"/><input semantic="OUTPUT" source="#r_arm03_jnt-Matrix-animation-output-transform"/><input semantic="INTERPOLATION" source="#r_arm03_jnt-Interpolations"/></sampler><channel source="#r_arm03_jnt-Matrix-animation-transform" target="r_arm03_jnt/matrix"/></animation></animation>
    <animation id="r_arm04_jnt-anim" name="r_arm04_jnt"><animation><source id="r_arm04_jnt-Matrix-animation-input"><float_array id="r_arm04_jnt-Matrix-animation-input-array" count="15">

0.000000 0.033333 0.066667 0.100000 0.133333 0.166667 0.200000 0.233333 0.266667 0.300000 0.333333 0.366667 0.400000 0.433333 0.466667</float_array><technique_common><accessor source="#r_arm04_jnt-Matrix-animation-input-array" count="15"><param name="TIME" type="float"/></accessor></technique_common></source><source id="r_arm04_jnt-Matrix-animation-output-transform"><float_array id="r_arm04_jnt-Matrix-animation-output-transform-array" count="240">

0.904182 0.424250 -0.049657 3.327914 -0.425304 0.904964 -0.012514 -0.000000 0.039628 0.032434 0.998688 0.000000 0.000000 0.000000 0.000000 1.000000
0.904936 0.422646 -0.049623 3.327914 -0.423698 0.905717 -0.012530 0.000000 0.039648 0.032364 0.998689 -0.000000 0.000000 0.000000 0.000000 1.000000
0.906923 0.418375 -0.049532 3.327914 -0.419422 0.907704 -0.012572 -0.000000 0.039701 0.032177 0.998693 -0.000000 0.000000 0.000000 0.000000 1.000000
0.909722 0.412268 -0.049403 3.327914 -0.413308 0.910503 -0.012632 -0.000000 0.039774 0.031910 0.998699 0.000000 0.000000 0.000000 0.000000 1.000000
0.912889 0.405225 -0.049254 3.327914 -0.406257 0.913671 -0.012699 -0.000000 0.039856 0.031602 0.998706 -0.000000 0.000000 0.000000 0.000000 1.000000
0.915971 0.398227 -0.049106 3.327914 -0.399251 0.916753 -0.012764 -0.000000 0.039935 0.031297 0.998712 0.000000 0.000000 0.000000 0.000000 1.000000
0.918678 0.391960 -0.048973 3.327914 -0.392977 0.919459 -0.012821 0.000000 0.040003 0.031024 0.998718 0.000000 0.000000 0.000000 0.000000 1.000000
0.920848 0.386849 -0.048864 3.327914 -0.387860 0.921629 -0.012867 0.000000 0.040057 0.030801 0.998723 0.000000 0.000000 0.000000 0.000000 1.000000
0.922247 0.383510 -0.048794 3.327914 -0.384517 0.923028 -0.012897 -0.000000 0.040092 0.030656 0.998726 0.000000 0.000000 0.000000 0.000000 1.000000
0.922642 0.382562 -0.048774 3.327914 -0.383568 0.923423 -0.012905 -0.000000 0.040102 0.030615 0.998726 -0.000000 0.000000 0.000000 0.000000 1.000000
0.920687 0.387229 -0.048873 3.327914 -0.388241 0.921468 -0.012864 -0.000000 0.040053 0.030818 0.998722 0.000000 0.000000 0.000000 0.000000 1.000000
0.916217 0.397662 -0.049094 3.327914 -0.398686 0.916999 -0.012769 -0.000000 0.039941 0.031272 0.998713 -0.000000 0.000000 0.000000 0.000000 1.000000
0.910798 0.409892 -0.049353 3.327914 -0.410930 0.911579 -0.012654 -0.000000 0.039802 0.031806 0.998701 -0.000000 0.000000 0.000000 0.000000 1.000000
0.906157 0.420027 -0.049567 3.327914 -0.421076 0.906938 -0.012556 -0.000000 0.039681 0.032249 0.998692 0.000000 0.000000 0.000000 0.000000 1.000000
0.904182 0.424250 -0.049657 3.327914 -0.425304 0.904964 -0.012514 -0.000000 0.039628 0.032434 0.998688 0.000000 0.000000 0.000000 0.000000 1.000000</float_array><technique_common><accessor source="#r_arm04_jnt-Matrix-animation-output-transform-array" count="15" stride="16"><param type="float4x4"/></accessor></technique_common></source><source id="r_arm04_jnt-Interpolations"><Name_array id="r_arm04_jnt-Interpolations-array" count="15">
 LINEAR LINEAR LINEAR LINEAR LINEAR LINEAR LINEAR LINEAR LINEAR LINEAR LINEAR
LINEAR LINEAR LINEAR LINEAR</Name_array><technique_common><accessor source="#r_arm04_jnt-Interpolations-array" count="15"><param type="name"/></accessor></technique_common></source><sampler id="r_arm04_jnt-Matrix-animation-transform"><input semantic="INPUT" source="#r_arm04_jnt-Matrix-animation-input"/><input semantic="OUTPUT" source="#r_arm04_jnt-Matrix-animation-output-transform"/><input semantic="INTERPOLATION" source="#r_arm04_jnt-Interpolations"/></sampler><channel source="#r_arm04_jnt-Matrix-animation-transform" target="r_arm04_jnt/matrix"/></animation></animation>
    <animation id="r_arm05_jnt-anim" name="r_arm05_jnt"><animation><source id="r_arm05_jnt-Matrix-animation-input"><float_array id="r_arm05_jnt-Matrix-animation-input-array" count="15">

0.000000 0.033333 0.066667 0.100000 0.133333 0.166667 0.200000 0.233333 0.266667 0.300000 0.333333 0.366667 0.400000 0.433333 0.466667</float_array><technique_common><accessor source="#r_arm05_jnt-Matrix-animation-input-array" count="15"><param name="TIME" type="float"/></accessor></technique_common></source><source id="r_arm05_jnt-Matrix-animation-output-transform"><float_array id="r_arm05_jnt-Matrix-animation-output-transform-array" count="240">

-0.112999 0.993593 0.002268 1.353106 -0.993593 -0.112993 -0.002540 -0.000000 -0.002268 -0.002540 0.999994 -0.000000 0.000000 0.000000 0.000000 1.000000
-0.112999 0.993593 0.002268 1.353106 -0.993593 -0.112993 -0.002540 -0.000000 -0.002268 -0.002540 0.999994 0.000000 0.000000 0.000000 0.000000 1.000000
-0.112999 0.993593 0.002268 1.353106 -0.993593 -0.112993 -0.002540 0.000000 -0.002268 -0.002540 0.999994 0.000000 0.000000 0.000000 0.000000 1.000000
-0.112999 0.993593 0.002268 1.353106 -0.993593 -0.112993 -0.002540 -0.000000 -0.002268 -0.002540 0.999994 -0.000000 0.000000 0.000000 0.000000 1.000000
-0.112999 0.993593 0.002268 1.353106 -0.993593 -0.112993 -0.002540 -0.000000 -0.002268 -0.002540 0.999994 0.000000 0.000000 0.000000 0.000000 1.000000
-0.112999 0.993593 0.002268 1.353106 -0.993593 -0.112993 -0.002540 -0.000000 -0.002268 -0.002540 0.999994 0.000000 0.000000 0.000000 0.000000 1.000000
-0.112999 0.993593 0.002268 1.353106 -0.993593 -0.112993 -0.002540 -0.000000 -0.002268 -0.002540 0.999994 -0.000000 0.000000 0.000000 0.000000 1.000000
-0.112999 0.993593 0.002268 1.353106 -0.993593 -0.112993 -0.002540 -0.000000 -0.002268 -0.002540 0.999994 -0.000000 0.000000 0.000000 0.000000 1.000000
-0.112999 0.993593 0.002268 1.353106 -0.993593 -0.112993 -0.002540 -0.000000 -0.002268 -0.002540 0.999994 0.000000 0.000000 0.000000 0.000000 1.000000
-0.112999 0.993593 0.002268 1.353106 -0.993593 -0.112993 -0.002540 -0.000000 -0.002268 -0.002540 0.999994 -0.000000 0.000000 0.000000 0.000000 1.000000
-0.112999 0.993593 0.002268 1.353106 -0.993593 -0.112993 -0.002540 -0.000000 -0.002268 -0.002540 0.999994 -0.000000 0.000000 0.000000 0.000000 1.000000
-0.112999 0.993593 0.002268 1.353106 -0.993593 -0.112993 -0.002540 -0.000000 -0.002268 -0.002540 0.999994 0.000000 0.000000 0.000000 0.000000 1.000000
-0.112999 0.993593 0.002268 1.353106 -0.993593 -0.112993 -0.002540 -0.000000 -0.002268 -0.002540 0.999994 0.000000 0.000000 0.000000 0.000000 1.000000
-0.112999 0.993593 0.002268 1.353106 -0.993593 -0.112993 -0.002540 -0.000000 -0.002268 -0.002540 0.999994 -0.000000 0.000000 0.000000 0.000000 1.000000
-0.112999 0.993593 0.002268 1.353106 -0.993593 -0.112993 -0.002540 -0.000000 -0.002268 -0.002540 0.999994 -0.000000 0.000000 0.000000 0.000000 1.000000</float_array><technique_common><accessor source="#r_arm05_jnt-Matrix-animation-output-transform-array" count="15" stride="16"><param type="float4x4"/></accessor></technique_common></source><source id="r_arm05_jnt-Interpolations"><Name_array id="r_arm05_jnt-Interpolations-array" count="15">
 LINEAR LINEAR LINEAR LINEAR LINEAR LINEAR LINEAR LINEAR LINEAR LINEAR LINEAR
LINEAR LINEAR LINEAR LINEAR</Name_array><technique_common><accessor source="#r_arm05_jnt-Interpolations-array" count="15"><param type="name"/></accessor></technique_common></source><sampler id="r_arm05_jnt-Matrix-animation-transform"><input semantic="INPUT" source="#r_arm05_jnt-Matrix-animation-input"/><input semantic="OUTPUT" source="#r_arm05_jnt-Matrix-animation-output-transform"/><input semantic="INTERPOLATION" source="#r_arm05_jnt-Interpolations"/></sampler><channel source="#r_arm05_jnt-Matrix-animation-transform" target="r_arm05_jnt/matrix"/></animation></animation>
    <animation id="scythe01_jnt-anim" name="scythe01_jnt"><animation><source id="scythe01_jnt-Matrix-animation-input"><float_array id="scythe01_jnt-Matrix-animation-input-array" count="15">

0.000000 0.033333 0.066667 0.100000 0.133333 0.166667 0.200000 0.233333 0.266667 0.300000 0.333333 0.366667 0.400000 0.433333 0.466667</float_array><technique_common><accessor source="#scythe01_jnt-Matrix-animation-input-array" count="15"><param name="TIME" type="float"/></accessor></technique_common></source><source id="scythe01_jnt-Matrix-animation-output-transform"><float_array id="scythe01_jnt-Matrix-animation-output-transform-array" count="240">

-0.660174 -0.751079 -0.007034 4.703162 0.751021 -0.660211 0.009378 0.000000 -0.011688 0.000909 0.999931 0.000000 0.000000 0.000000 0.000000 1.000000
-0.661555 -0.749863 -0.007060 4.703162 0.749805 -0.661592 0.009408 0.000000 -0.011726 0.000931 0.999931 0.000000 0.000000 0.000000 0.000000 1.000000
-0.665274 -0.746565 -0.007131 4.703162 0.746505 -0.665312 0.009489 0.000000 -0.011829 0.000989 0.999930 0.000000 0.000000 0.000000 0.000000 1.000000
-0.670704 -0.741690 -0.007237 4.703162 0.741628 -0.670742 0.009607 0.000000 -0.011979 0.001076 0.999928 0.000000 0.000000 0.000000 0.000000 1.000000
-0.677274 -0.735694 -0.007367 4.703162 0.735631 -0.677313 0.009749 0.000000 -0.012162 0.001183 0.999925 0.000000 0.000000 0.000000 0.000000 1.000000
-0.684478 -0.728995 -0.007512 4.703162 0.728929 -0.684518 0.009905 0.000000 -0.012363 0.001304 0.999923 -0.000000 0.000000 0.000000 0.000000 1.000000
-0.691582 -0.722258 -0.007658 4.703162 0.722189 -0.691623 0.010059 0.000000 -0.012562 0.001426 0.999920 0.000000 0.000000 0.000000 0.000000 1.000000
-0.697669 -0.716378 -0.007786 4.703162 0.716307 -0.697711 0.010191 0.000000 -0.012733 0.001533 0.999918 0.000000 0.000000 0.000000 0.000000 1.000000
-0.701998 -0.712136 -0.007878 4.703162 0.712063 -0.702040 0.010285 0.000000 -0.012855 0.001611 0.999916 0.000000 0.000000 0.000000 0.000000 1.000000
-0.703837 -0.710318 -0.007917 4.703162 0.710245 -0.703879 0.010325 0.000000 -0.012907 0.001644 0.999915 -0.000000 0.000000 0.000000 0.000000 1.000000
-0.699638 -0.714455 -0.007827 4.703162 0.714383 -0.699680 0.010234 0.000000 -0.012788 0.001568 0.999917 0.000000 0.000000 0.000000 0.000000 1.000000
-0.689008 -0.724714 -0.007605 4.703162 0.724646 -0.689049 0.010004 0.000000 -0.012490 0.001382 0.999921 0.000000 0.000000 0.000000 0.000000 1.000000
-0.675998 -0.736866 -0.007342 4.703162 0.736803 -0.676037 0.009722 0.000000 -0.012127 0.001162 0.999926 -0.000000 0.000000 0.000000 0.000000 1.000000
-0.664888 -0.746909 -0.007124 4.703162 0.746850 -0.664925 0.009481 0.000000 -0.011818 0.000983 0.999930 0.000000 0.000000 0.000000 0.000000 1.000000
-0.660174 -0.751079 -0.007034 4.703162 0.751021 -0.660211 0.009378 0.000000 -0.011688 0.000909 0.999931 0.000000 0.000000 0.000000 0.000000 1.000000</float_array><technique_common><accessor source="#scythe01_jnt-Matrix-animation-output-transform-array" count="15" stride="16"><param type="float4x4"/></accessor></technique_common></source><source id="scythe01_jnt-Interpolations"><Name_array id="scythe01_jnt-Interpolations-array" count="15">
 LINEAR LINEAR LINEAR LINEAR LINEAR LINEAR LINEAR LINEAR LINEAR LINEAR LINEAR
LINEAR LINEAR LINEAR LINEAR</Name_array><technique_common><accessor source="#scythe01_jnt-Interpolations-array" count="15"><param type="name"/></accessor></technique_common></source><sampler id="scythe01_jnt-Matrix-animation-transform"><input semantic="INPUT" source="#scythe01_jnt-Matrix-animation-input"/><input semantic="OUTPUT" source="#scythe01_jnt-Matrix-animation-output-transform"/><input semantic="INTERPOLATION" source="#scythe01_jnt-Interpolations"/></sampler><channel source="#scythe01_jnt-Matrix-animation-transform" target="scythe01_jnt/matrix"/></animation></animation>
    <animation id="scythe02_jnt-anim" name="scythe02_jnt"><animation><source id="scythe02_jnt-Matrix-animation-input"><float_array id="scythe02_jnt-Matrix-animation-input-array" count="15">

0.000000 0.033333 0.066667 0.100000 0.133333 0.166667 0.200000 0.233333 0.266667 0.300000 0.333333 0.366667 0.400000 0.433333 0.466667</float_array><technique_common><accessor source="#scythe02_jnt-Matrix-animation-input-array" count="15"><param name="TIME" type="float"/></accessor></technique_common></source><source id="scythe02_jnt-Matrix-animation-output-transform"><float_array id="scythe02_jnt-Matrix-animation-output-transform-array" count="240">

0.923010 -0.384685 0.008339 2.551548 0.384685 0.923047 0.001668 0.000000 -0.008339 0.001668 0.999964 0.000000 0.000000 0.000000 0.000000 1.000000
0.923010 -0.384685 0.008339 2.551548 0.384685 0.923047 0.001668 0.000000 -0.008339 0.001668 0.999964 -0.000000 0.000000 0.000000 0.000000 1.000000
0.923010 -0.384685 0.008339 2.551548 0.384685 0.923047 0.001668 0.000000 -0.008339 0.001668 0.999964 0.000000 0.000000 0.000000 0.000000 1.000000
0.923010 -0.384685 0.008339 2.551548 0.384685 0.923047 0.001668 0.000000 -0.008339 0.001668 0.999964 -0.000000 0.000000 0.000000 0.000000 1.000000
0.923010 -0.384685 0.008339 2.551548 0.384685 0.923047 0.001668 0.000000 -0.008339 0.001668 0.999964 -0.000000 0.000000 0.000000 0.000000 1.000000
0.923010 -0.384685 0.008339 2.551548 0.384685 0.923047 0.001668 0.000000 -0.008339 0.001668 0.999964 0.000000 0.000000 0.000000 0.000000 1.000000
