<?xml version="1.0" encoding="utf-8"?>
<COLLADA xmlns="http://www.collada.org/2005/11/COLLADASchema" version="1.4.1">
  <asset><contributor><author></author><authoring_tool>FBX COLLADA exporter</authoring_tool><comments></comments></contributor><created>2020-03-27T16:34:50Z</created><keywords></keywords><modified>2020-03-27T16:34:50Z</modified><revision></revision><subject></subject><title></title><unit meter="0.010000" name="centimeter"></unit><up_axis>Y_UP</up_axis></asset>
  <library_animations>
    <animation id="root_jnt-anim" name="root_jnt"><animation><source id="root_jnt-Matrix-animation-input"><float_array id="root_jnt-Matrix-animation-input-array" count="121">

0.000000 0.033333 0.066667 0.100000 0.133333 0.166667 0.200000 0.233333 0.266667 0.300000 0.333333 0.366667 0.400000 0.433333 0.466667 0.500000
0.533333 0.566667 0.600000 0.633333 0.666667 0.700000 0.733333 0.766667 0.800000 0.833333 0.866667 0.900000 0.933333 0.966667 1.000000 1.033333
1.066667 1.100000 1.133333 1.166667 1.200000 1.233333 1.266667 1.300000 1.333333 1.366667 1.400000 1.433333 1.466667 1.500000 1.533333 1.566667
1.600000 1.633333 1.666667 1.700000 1.733333 1.766667 1.800000 1.833333 1.866667 1.900000 1.933333 1.966667 2.000000 2.033333 2.066667 2.100000
2.133333 2.166667 2.200000 2.233333 2.266667 2.300000 2.333333 2.366667 2.400000 2.433333 2.466667 2.500000 2.533333 2.566667 2.600000 2.633333
2.666667 2.700000 2.733333 2.766667 2.800000 2.833333 2.866667 2.900000 2.933333 2.966667 3.000000 3.033333 3.066667 3.100000 3.133333 3.166667
3.200000 3.233333 3.266667 3.300000 3.333333 3.366667 3.400000 3.433333 3.466667 3.500000 3.533333 3.566667 3.600000 3.633333 3.666667 3.700000
3.733333 3.766667 3.800000 3.833333 3.866667 3.900000 3.933333 3.966667 4.000000</float_array><technique_common><accessor source="#root_jnt-Matrix-animation-input-array" count="121"><param name="TIME" type="float"/></accessor></technique_common></source><source id="root_jnt-Matrix-animation-output-transform"><float_array id="root_jnt-Matrix-animation-output-transform-array" count="1936">

1.000000 0.000000 0.000000 0.000000 0.000000 1.000000 0.000000 0.000000 0.000000 0.000000 1.000000 0.000000 0.000000 0.000000 0.000000 1.000000
1.000000 0.000000 0.000000 0.000000 0.000000 1.000000 0.000000 0.000000 0.000000 0.000000 1.000000 0.000000 0.000000 0.000000 0.000000 1.000000
1.000000 0.000000 0.000000 0.000000 0.000000 1.000000 0.000000 0.000000 0.000000 0.000000 1.000000 0.000000 0.000000 0.000000 0.000000 1.000000
1.000000 0.000000 0.000000 0.000000 0.000000 1.000000 0.000000 0.000000 0.000000 0.000000 1.000000 0.000000 0.000000 0.000000 0.000000 1.000000
1.000000 0.000000 0.000000 0.000000 0.000000 1.000000 0.000000 0.000000 0.000000 0.000000 1.000000 0.000000 0.000000 0.000000 0.000000 1.000000
1.000000 0.000000 0.000000 0.000000 0.000000 1.000000 0.000000 0.000000 0.000000 0.000000 1.000000 0.000000 0.000000 0.000000 0.000000 1.000000
1.000000 0.000000 0.000000 0.000000 0.000000 1.000000 0.000000 0.000000 0.000000 0.000000 1.000000 0.000000 0.000000 0.000000 0.000000 1.000000
1.000000 0.000000 0.000000 0.000000 0.000000 1.000000 0.000000 0.000000 0.000000 0.000000 1.000000 0.000000 0.000000 0.000000 0.000000 1.000000
1.000000 0.000000 0.000000 0.000000 0.000000 1.000000 0.000000 0.000000 0.000000 0.000000 1.000000 0.000000 0.000000 0.000000 0.000000 1.000000
1.000000 0.000000 0.000000 0.000000 0.000000 1.000000 0.000000 0.000000 0.000000 0.000000 1.000000 0.000000 0.000000 0.000000 0.000000 1.000000
1.000000 0.000000 0.000000 0.000000 0.000000 1.000000 0.000000 0.000000 0.000000 0.000000 1.000000 0.000000 0.000000 0.000000 0.000000 1.000000
1.000000 0.000000 0.000000 0.000000 0.000000 1.000000 0.000000 0.000000 0.000000 0.000000 1.000000 0.000000 0.000000 0.000000 0.000000 1.000000
1.000000 0.000000 0.000000 0.000000 0.000000 1.000000 0.000000 0.000000 0.000000 0.000000 1.000000 0.000000 0.000000 0.000000 0.000000 1.000000
1.000000 0.000000 0.000000 0.000000 0.000000 1.000000 0.000000 0.000000 0.000000 0.000000 1.000000 0.000000 0.000000 0.000000 0.000000 1.000000
1.000000 0.000000 0.000000 0.000000 0.000000 1.000000 0.000000 0.000000 0.000000 0.000000 1.000000 0.000000 0.000000 0.000000 0.000000 1.000000
1.000000 0.000000 0.000000 0.000000 0.000000 1.000000 0.000000 0.000000 0.000000 0.000000 1.000000 0.000000 0.000000 0.000000 0.000000 1.000000
1.000000 0.000000 0.000000 0.000000 0.000000 1.000000 0.000000 0.000000 0.000000 0.000000 1.000000 0.000000 0.000000 0.000000 0.000000 1.000000
1.000000 0.000000 0.000000 0.000000 0.000000 1.000000 0.000000 0.000000 0.000000 0.000000 1.000000 0.000000 0.000000 0.000000 0.000000 1.000000
1.000000 0.000000 0.000000 0.000000 0.000000 1.000000 0.000000 0.000000 0.000000 0.000000 1.000000 0.000000 0.000000 0.000000 0.000000 1.000000
1.000000 0.000000 0.000000 0.000000 0.000000 1.000000 0.000000 0.000000 0.000000 0.000000 1.000000 0.000000 0.000000 0.000000 0.000000 1.000000
1.000000 0.000000 0.000000 0.000000 0.000000 1.000000 0.000000 0.000000 0.000000 0.000000 1.000000 0.000000 0.000000 0.000000 0.000000 1.000000
1.000000 0.000000 0.000000 0.000000 0.000000 1.000000 0.000000 0.000000 0.000000 0.000000 1.000000 0.000000 0.000000 0.000000 0.000000 1.000000
1.000000 0.000000 0.000000 0.000000 0.000000 1.000000 0.000000 0.000000 0.000000 0.000000 1.000000 0.000000 0.000000 0.000000 0.000000 1.000000
1.000000 0.000000 0.000000 0.000000 0.000000 1.000000 0.000000 0.000000 0.000000 0.000000 1.000000 0.000000 0.000000 0.000000 0.000000 1.000000
1.000000 0.000000 0.000000 0.000000 0.000000 1.000000 0.000000 0.000000 0.000000 0.000000 1.000000 0.000000 0.000000 0.000000 0.000000 1.000000
1.000000 0.000000 0.000000 0.000000 0.000000 1.000000 0.000000 0.000000 0.000000 0.000000 1.000000 0.000000 0.000000 0.000000 0.000000 1.000000
1.000000 0.000000 0.000000 0.000000 0.000000 1.000000 0.000000 0.000000 0.000000 0.000000 1.000000 0.000000 0.000000 0.000000 0.000000 1.000000
1.000000 0.000000 0.000000 0.000000 0.000000 1.000000 0.000000 0.000000 0.000000 0.000000 1.000000 0.000000 0.000000 0.000000 0.000000 1.000000
1.000000 0.000000 0.000000 0.000000 0.000000 1.000000 0.000000 0.000000 0.000000 0.000000 1.000000 0.000000 0.000000 0.000000 0.000000 1.000000
1.000000 0.000000 0.000000 0.000000 0.000000 1.000000 0.000000 0.000000 0.000000 0.000000 1.000000 0.000000 0.000000 0.000000 0.000000 1.000000
1.000000 0.000000 0.000000 0.000000 0.000000 1.000000 0.000000 0.000000 0.000000 0.000000 1.000000 0.000000 0.000000 0.000000 0.000000 1.000000
1.000000 0.000000 0.000000 0.000000 0.000000 1.000000 0.000000 0.000000 0.000000 0.000000 1.000000 0.000000 0.000000 0.000000 0.000000 1.000000
1.000000 0.000000 0.000000 0.000000 0.000000 1.000000 0.000000 0.000000 0.000000 0.000000 1.000000 0.000000 0.000000 0.000000 0.000000 1.000000
1.000000 0.000000 0.000000 0.000000 0.000000 1.000000 0.000000 0.000000 0.000000 0.000000 1.000000 0.000000 0.000000 0.000000 0.000000 1.000000
1.000000 0.000000 0.000000 0.000000 0.000000 1.000000 0.000000 0.000000 0.000000 0.000000 1.000000 0.000000 0.000000 0.000000 0.000000 1.000000
1.000000 0.000000 0.000000 0.000000 0.000000 1.000000 0.000000 0.000000 0.000000 0.000000 1.000000 0.000000 0.000000 0.000000 0.000000 1.000000
1.000000 0.000000 0.000000 0.000000 0.000000 1.000000 0.000000 0.000000 0.000000 0.000000 1.000000 0.000000 0.000000 0.000000 0.000000 1.000000
1.000000 0.000000 0.000000 0.000000 0.000000 1.000000 0.000000 0.000000 0.000000 0.000000 1.000000 0.000000 0.000000 0.000000 0.000000 1.000000
1.000000 0.000000 0.000000 0.000000 0.000000 1.000000 0.000000 0.000000 0.000000 0.000000 1.000000 0.000000 0.000000 0.000000 0.000000 1.000000
1.000000 0.000000 0.000000 0.000000 0.000000 1.000000 0.000000 0.000000 0.000000 0.000000 1.000000 0.000000 0.000000 0.000000 0.000000 1.000000
1.000000 0.000000 0.000000 0.000000 0.000000 1.000000 0.000000 0.000000 0.000000 0.000000 1.000000 0.000000 0.000000 0.000000 0.000000 1.000000
1.000000 0.000000 0.000000 0.000000 0.000000 1.000000 0.000000 0.000000 0.000000 0.000000 1.000000 0.000000 0.000000 0.000000 0.000000 1.000000
1.000000 0.000000 0.000000 0.000000 0.000000 1.000000 0.000000 0.000000 0.000000 0.000000 1.000000 0.000000 0.000000 0.000000 0.000000 1.000000
1.000000 0.000000 0.000000 0.000000 0.000000 1.000000 0.000000 0.000000 0.000000 0.000000 1.000000 0.000000 0.000000 0.000000 0.000000 1.000000
1.000000 0.000000 0.000000 0.000000 0.000000 1.000000 0.000000 0.000000 0.000000 0.000000 1.000000 0.000000 0.000000 0.000000 0.000000 1.000000
1.000000 0.000000 0.000000 0.000000 0.000000 1.000000 0.000000 0.000000 0.000000 0.000000 1.000000 0.000000 0.000000 0.000000 0.000000 1.000000
1.000000 0.000000 0.000000 0.000000 0.000000 1.000000 0.000000 0.000000 0.000000 0.000000 1.000000 0.000000 0.000000 0.000000 0.000000 1.000000
1.000000 0.000000 0.000000 0.000000 0.000000 1.000000 0.000000 0.000000 0.000000 0.000000 1.000000 0.000000 0.000000 0.000000 0.000000 1.000000
1.000000 0.000000 0.000000 0.000000 0.000000 1.000000 0.000000 0.000000 0.000000 0.000000 1.000000 0.000000 0.000000 0.000000 0.000000 1.000000
1.000000 0.000000 0.000000 0.000000 0.000000 1.000000 0.000000 0.000000 0.000000 0.000000 1.000000 0.000000 0.000000 0.000000 0.000000 1.000000
1.000000 0.000000 0.000000 0.000000 0.000000 1.000000 0.000000 0.000000 0.000000 0.000000 1.000000 0.000000 0.000000 0.000000 0.000000 1.000000
1.000000 0.000000 0.000000 0.000000 0.000000 1.000000 0.000000 0.000000 0.000000 0.000000 1.000000 0.000000 0.000000 0.000000 0.000000 1.000000
1.000000 0.000000 0.000000 0.000000 0.000000 1.000000 0.000000 0.000000 0.000000 0.000000 1.000000 0.000000 0.000000 0.000000 0.000000 1.000000
1.000000 0.000000 0.000000 0.000000 0.000000 1.000000 0.000000 0.000000 0.000000 0.000000 1.000000 0.000000 0.000000 0.000000 0.000000 1.000000
1.000000 0.000000 0.000000 0.000000 0.000000 1.000000 0.000000 0.000000 0.000000 0.000000 1.000000 0.000000 0.000000 0.000000 0.000000 1.000000
1.000000 0.000000 0.000000 0.000000 0.000000 1.000000 0.000000 0.000000 0.000000 0.000000 1.000000 0.000000 0.000000 0.000000 0.000000 1.000000
1.000000 0.000000 0.000000 0.000000 0.000000 1.000000 0.000000 0.000000 0.000000 0.000000 1.000000 0.000000 0.000000 0.000000 0.000000 1.000000
1.000000 0.000000 0.000000 0.000000 0.000000 1.000000 0.000000 0.000000 0.000000 0.000000 1.000000 0.000000 0.000000 0.000000 0.000000 1.000000
1.000000 0.000000 0.000000 0.000000 0.000000 1.000000 0.000000 0.000000 0.000000 0.000000 1.000000 0.000000 0.000000 0.000000 0.000000 1.000000
1.000000 0.000000 0.000000 0.000000 0.000000 1.000000 0.000000 0.000000 0.000000 0.000000 1.000000 0.000000 0.000000 0.000000 0.000000 1.000000
1.000000 0.000000 0.000000 0.000000 0.000000 1.000000 0.000000 0.000000 0.000000 0.000000 1.000000 0.000000 0.000000 0.000000 0.000000 1.000000
1.000000 0.000000 0.000000 0.000000 0.000000 1.000000 0.000000 0.000000 0.000000 0.000000 1.000000 0.000000 0.000000 0.000000 0.000000 1.000000
1.000000 0.000000 0.000000 0.000000 0.000000 1.000000 0.000000 0.000000 0.000000 0.000000 1.000000 0.000000 0.000000 0.000000 0.000000 1.000000
1.000000 0.000000 0.000000 0.000000 0.000000 1.000000 0.000000 0.000000 0.000000 0.000000 1.000000 0.000000 0.000000 0.000000 0.000000 1.000000
1.000000 0.000000 0.000000 0.000000 0.000000 1.000000 0.000000 0.000000 0.000000 0.000000 1.000000 0.000000 0.000000 0.000000 0.000000 1.000000
1.000000 0.000000 0.000000 0.000000 0.000000 1.000000 0.000000 0.000000 0.000000 0.000000 1.000000 0.000000 0.000000 0.000000 0.000000 1.000000
1.000000 0.000000 0.000000 0.000000 0.000000 1.000000 0.000000 0.000000 0.000000 0.000000 1.000000 0.000000 0.000000 0.000000 0.000000 1.000000
1.000000 0.000000 0.000000 0.000000 0.000000 1.000000 0.000000 0.000000 0.000000 0.000000 1.000000 0.000000 0.000000 0.000000 0.000000 1.000000
1.000000 0.000000 0.000000 0.000000 0.000000 1.000000 0.000000 0.000000 0.000000 0.000000 1.000000 0.000000 0.000000 0.000000 0.000000 1.000000
1.000000 0.000000 0.000000 0.000000 0.000000 1.000000 0.000000 0.000000 0.000000 0.000000 1.000000 0.000000 0.000000 0.000000 0.000000 1.000000
1.000000 0.000000 0.000000 0.000000 0.000000 1.000000 0.000000 0.000000 0.000000 0.000000 1.000000 0.000000 0.000000 0.000000 0.000000 1.000000
1.000000 0.000000 0.000000 0.000000 0.000000 1.000000 0.000000 0.000000 0.000000 0.000000 1.000000 0.000000 0.000000 0.000000 0.000000 1.000000
1.000000 0.000000 0.000000 0.000000 0.000000 1.000000 0.000000 0.000000 0.000000 0.000000 1.000000 0.000000 0.000000 0.000000 0.000000 1.000000
1.000000 0.000000 0.000000 0.000000 0.000000 1.000000 0.000000 0.000000 0.000000 0.000000 1.000000 0.000000 0.000000 0.000000 0.000000 1.000000
1.000000 0.000000 0.000000 0.000000 0.000000 1.000000 0.000000 0.000000 0.000000 0.000000 1.000000 0.000000 0.000000 0.000000 0.000000 1.000000
1.000000 0.000000 0.000000 0.000000 0.000000 1.000000 0.000000 0.000000 0.000000 0.000000 1.000000 0.000000 0.000000 0.000000 0.000000 1.000000
1.000000 0.000000 0.000000 0.000000 0.000000 1.000000 0.000000 0.000000 0.000000 0.000000 1.000000 0.000000 0.000000 0.000000 0.000000 1.000000
1.000000 0.000000 0.000000 0.000000 0.000000 1.000000 0.000000 0.000000 0.000000 0.000000 1.000000 0.000000 0.000000 0.000000 0.000000 1.000000
1.000000 0.000000 0.000000 0.000000 0.000000 1.000000 0.000000 0.000000 0.000000 0.000000 1.000000 0.000000 0.000000 0.000000 0.000000 1.000000
1.000000 0.000000 0.000000 0.000000 0.000000 1.000000 0.000000 0.000000 0.000000 0.000000 1.000000 0.000000 0.000000 0.000000 0.000000 1.000000
1.000000 0.000000 0.000000 0.000000 0.000000 1.000000 0.000000 0.000000 0.000000 0.000000 1.000000 0.000000 0.000000 0.000000 0.000000 1.000000
1.000000 0.000000 0.000000 0.000000 0.000000 1.000000 0.000000 0.000000 0.000000 0.000000 1.000000 0.000000 0.000000 0.000000 0.000000 1.000000
1.000000 0.000000 0.000000 0.000000 0.000000 1.000000 0.000000 0.000000 0.000000 0.000000 1.000000 0.000000 0.000000 0.000000 0.000000 1.000000
1.000000 0.000000 0.000000 0.000000 0.000000 1.000000 0.000000 0.000000 0.000000 0.000000 1.000000 0.000000 0.000000 0.000000 0.000000 1.000000
1.000000 0.000000 0.000000 0.000000 0.000000 1.000000 0.000000 0.000000 0.000000 0.000000 1.000000 0.000000 0.000000 0.000000 0.000000 1.000000
1.000000 0.000000 0.000000 0.000000 0.000000 1.000000 0.000000 0.000000 0.000000 0.000000 1.000000 0.000000 0.000000 0.000000 0.000000 1.000000
1.000000 0.000000 0.000000 0.000000 0.000000 1.000000 0.000000 0.000000 0.000000 0.000000 1.000000 0.000000 0.000000 0.000000 0.000000 1.000000
1.000000 0.000000 0.000000 0.000000 0.000000 1.000000 0.000000 0.000000 0.000000 0.000000 1.000000 0.000000 0.000000 0.000000 0.000000 1.000000
1.000000 0.000000 0.000000 0.000000 0.000000 1.000000 0.000000 0.000000 0.000000 0.000000 1.000000 0.000000 0.000000 0.000000 0.000000 1.000000
1.000000 0.000000 0.000000 0.000000 0.000000 1.000000 0.000000 0.000000 0.000000 0.000000 1.000000 0.000000 0.000000 0.000000 0.000000 1.000000
1.000000 0.000000 0.000000 0.000000 0.000000 1.000000 0.000000 0.000000 0.000000 0.000000 1.000000 0.000000 0.000000 0.000000 0.000000 1.000000
1.000000 0.000000 0.000000 0.000000 0.000000 1.000000 0.000000 0.000000 0.000000 0.000000 1.000000 0.000000 0.000000 0.000000 0.000000 1.000000
1.000000 0.000000 0.000000 0.000000 0.000000 1.000000 0.000000 0.000000 0.000000 0.000000 1.000000 0.000000 0.000000 0.000000 0.000000 1.000000
1.000000 0.000000 0.000000 0.000000 0.000000 1.000000 0.000000 0.000000 0.000000 0.000000 1.000000 0.000000 0.000000 0.000000 0.000000 1.000000
1.000000 0.000000 0.000000 0.000000 0.000000 1.000000 0.000000 0.000000 0.000000 0.000000 1.000000 0.000000 0.000000 0.000000 0.000000 1.000000
1.000000 0.000000 0.000000 0.000000 0.000000 1.000000 0.000000 0.000000 0.000000 0.000000 1.000000 0.000000 0.000000 0.000000 0.000000 1.000000
1.000000 0.000000 0.000000 0.000000 0.000000 1.000000 0.000000 0.000000 0.000000 0.000000 1.000000 0.000000 0.000000 0.000000 0.000000 1.000000
1.000000 0.000000 0.000000 0.000000 0.000000 1.000000 0.000000 0.000000 0.000000 0.000000 1.000000 0.000000 0.000000 0.000000 0.000000 1.000000
1.000000 0.000000 0.000000 0.000000 0.000000 1.000000 0.000000 0.000000 0.000000 0.000000 1.000000 0.000000 0.000000 0.000000 0.000000 1.000000
1.000000 0.000000 0.000000 0.000000 0.000000 1.000000 0.000000 0.000000 0.000000 0.000000 1.000000 0.000000 0.000000 0.000000 0.000000 1.000000
1.000000 0.000000 0.000000 0.000000 0.000000 1.000000 0.000000 0.000000 0.000000 0.000000 1.000000 0.000000 0.000000 0.000000 0.000000 1.000000
1.000000 0.000000 0.000000 0.000000 0.000000 1.000000 0.000000 0.000000 0.000000 0.000000 1.000000 0.000000 0.000000 0.000000 0.000000 1.000000
1.000000 0.000000 0.000000 0.000000 0.000000 1.000000 0.000000 0.000000 0.000000 0.000000 1.000000 0.000000 0.000000 0.000000 0.000000 1.000000
1.000000 0.000000 0.000000 0.000000 0.000000 1.000000 0.000000 0.000000 0.000000 0.000000 1.000000 0.000000 0.000000 0.000000 0.000000 1.000000
1.000000 0.000000 0.000000 0.000000 0.000000 1.000000 0.000000 0.000000 0.000000 0.000000 1.000000 0.000000 0.000000 0.000000 0.000000 1.000000
1.000000 0.000000 0.000000 0.000000 0.000000 1.000000 0.000000 0.000000 0.000000 0.000000 1.000000 0.000000 0.000000 0.000000 0.000000 1.000000
1.000000 0.000000 0.000000 0.000000 0.000000 1.000000 0.000000 0.000000 0.000000 0.000000 1.000000 0.000000 0.000000 0.000000 0.000000 1.000000
1.000000 0.000000 0.000000 0.000000 0.000000 1.000000 0.000000 0.000000 0.000000 0.000000 1.000000 0.000000 0.000000 0.000000 0.000000 1.000000
1.000000 0.000000 0.000000 0.000000 0.000000 1.000000 0.000000 0.000000 0.000000 0.000000 1.000000 0.000000 0.000000 0.000000 0.000000 1.000000
1.000000 0.000000 0.000000 0.000000 0.000000 1.000000 0.000000 0.000000 0.000000 0.000000 1.000000 0.000000 0.000000 0.000000 0.000000 1.000000
1.000000 0.000000 0.000000 0.000000 0.000000 1.000000 0.000000 0.000000 0.000000 0.000000 1.000000 0.000000 0.000000 0.000000 0.000000 1.000000
1.000000 0.000000 0.000000 0.000000 0.000000 1.000000 0.000000 0.000000 0.000000 0.000000 1.000000 0.000000 0.000000 0.000000 0.000000 1.000000
1.000000 0.000000 0.000000 0.000000 0.000000 1.000000 0.000000 0.000000 0.000000 0.000000 1.000000 0.000000 0.000000 0.000000 0.000000 1.000000
1.000000 0.000000 0.000000 0.000000 0.000000 1.000000 0.000000 0.000000 0.000000 0.000000 1.000000 0.000000 0.000000 0.000000 0.000000 1.000000
1.000000 0.000000 0.000000 0.000000 0.000000 1.000000 0.000000 0.000000 0.000000 0.000000 1.000000 0.000000 0.000000 0.000000 0.000000 1.000000
1.000000 0.000000 0.000000 0.000000 0.000000 1.000000 0.000000 0.000000 0.000000 0.000000 1.000000 0.000000 0.000000 0.000000 0.000000 1.000000
1.000000 0.000000 0.000000 0.000000 0.000000 1.000000 0.000000 0.000000 0.000000 0.000000 1.000000 0.000000 0.000000 0.000000 0.000000 1.000000
1.000000 0.000000 0.000000 0.000000 0.000000 1.000000 0.000000 0.000000 0.000000 0.000000 1.000000 0.000000 0.000000 0.000000 0.000000 1.000000
1.000000 0.000000 0.000000 0.000000 0.000000 1.000000 0.000000 0.000000 0.000000 0.000000 1.000000 0.000000 0.000000 0.000000 0.000000 1.000000
1.000000 0.000000 0.000000 0.000000 0.000000 1.000000 0.000000 0.000000 0.000000 0.000000 1.000000 0.000000 0.000000 0.000000 0.000000 1.000000
1.000000 0.000000 0.000000 0.000000 0.000000 1.000000 0.000000 0.000000 0.000000 0.000000 1.000000 0.000000 0.000000 0.000000 0.000000 1.000000</float_array><technique_common><accessor source="#root_jnt-Matrix-animation-output-transform-array" count="121" stride="16"><param type="float4x4"/></accessor></technique_common></source><source id="root_jnt-Interpolations"><Name_array id="root_jnt-Interpolations-array" count="121">
 LINEAR LINEAR LINEAR LINEAR LINEAR LINEAR LINEAR LINEAR LINEAR LINEAR LINEAR
LINEAR LINEAR LINEAR LINEAR LINEAR LINEAR LINEAR LINEAR LINEAR LINEAR LINEAR LINEAR
LINEAR LINEAR LINEAR LINEAR LINEAR LINEAR LINEAR LINEAR LINEAR LINEAR LINEAR LINEAR
LINEAR LINEAR LINEAR LINEAR LINEAR LINEAR LINEAR LINEAR LINEAR LINEAR LINEAR LINEAR
LINEAR LINEAR LINEAR LINEAR LINEAR LINEAR LINEAR LINEAR LINEAR LINEAR LINEAR LINEAR
LINEAR LINEAR LINEAR LINEAR LINEAR LINEAR LINEAR LINEAR LINEAR LINEAR LINEAR LINEAR
LINEAR LINEAR LINEAR LINEAR LINEAR LINEAR LINEAR LINEAR LINEAR LINEAR LINEAR LINEAR
LINEAR LINEAR LINEAR LINEAR LINEAR LINEAR LINEAR LINEAR LINEAR LINEAR LINEAR LINEAR
LINEAR LINEAR LINEAR LINEAR LINEAR LINEAR LINEAR LINEAR LINEAR LINEAR LINEAR LINEAR
LINEAR LINEAR LINEAR LINEAR LINEAR LINEAR LINEAR LINEAR LINEAR LINEAR LINEAR LINEAR
LINEAR LINEAR</Name_array><technique_common><accessor source="#root_jnt-Interpolations-array" count="121"><param type="name"/></accessor></technique_common></source><sampler id="root_jnt-Matrix-animation-transform"><input semantic="INPUT" source="#root_jnt-Matrix-animation-input"/><input semantic="OUTPUT" source="#root_jnt-Matrix-animation-output-transform"/><input semantic="INTERPOLATION" source="#root_jnt-Interpolations"/></sampler><channel source="#root_jnt-Matrix-animation-transform" target="root_jnt/matrix"/></animation></animation>
    <animation id="jnt_spine2-anim" name="jnt_spine2"><animation><source id="jnt_spine2-Matrix-animation-input"><float_array id="jnt_spine2-Matrix-animation-input-array" count="121">

0.000000 0.033333 0.066667 0.100000 0.133333 0.166667 0.200000 0.233333 0.266667 0.300000 0.333333 0.366667 0.400000 0.433333 0.466667 0.500000
0.533333 0.566667 0.600000 0.633333 0.666667 0.700000 0.733333 0.766667 0.800000 0.833333 0.866667 0.900000 0.933333 0.966667 1.000000 1.033333
1.066667 1.100000 1.133333 1.166667 1.200000 1.233333 1.266667 1.300000 1.333333 1.366667 1.400000 1.433333 1.466667 1.500000 1.533333 1.566667
1.600000 1.633333 1.666667 1.700000 1.733333 1.766667 1.800000 1.833333 1.866667 1.900000 1.933333 1.966667 2.000000 2.033333 2.066667 2.100000
2.133333 2.166667 2.200000 2.233333 2.266667 2.300000 2.333333 2.366667 2.400000 2.433333 2.466667 2.500000 2.533333 2.566667 2.600000 2.633333
2.666667 2.700000 2.733333 2.766667 2.800000 2.833333 2.866667 2.900000 2.933333 2.966667 3.000000 3.033333 3.066667 3.100000 3.133333 3.166667
3.200000 3.233333 3.266667 3.300000 3.333333 3.366667 3.400000 3.433333 3.466667 3.500000 3.533333 3.566667 3.600000 3.633333 3.666667 3.700000
3.733333 3.766667 3.800000 3.833333 3.866667 3.900000 3.933333 3.966667 4.000000</float_array><technique_common><accessor source="#jnt_spine2-Matrix-animation-input-array" count="121"><param name="TIME" type="float"/></accessor></technique_common></source><source id="jnt_spine2-Matrix-animation-output-transform"><float_array id="jnt_spine2-Matrix-animation-output-transform-array" count="1936">

1.000000 0.000000 0.000000 0.180235 0.000000 0.998377 0.056954 7.047826 0.000000 -0.056954 0.998377 -0.000000 0.000000 0.000000 0.000000 1.000000
1.000000 -0.000022 0.000391 0.180235 0.000000 0.998394 0.056660 7.042074 -0.000392 -0.056660 0.998393 -0.000000 0.000000 0.000000 0.000000 1.000000
0.999999 -0.000086 0.001537 0.180235 0.000000 0.998442 0.055805 7.025609 -0.001540 -0.055805 0.998440 -0.000000 0.000000 0.000000 0.000000 1.000000
0.999994 -0.000186 0.003397 0.180235 0.000001 0.998518 0.054425 6.999622 -0.003402 -0.054425 0.998512 -0.000000 0.000000 0.000000 0.000000 1.000000
0.999982 -0.000313 0.005927 0.180235 0.000001 0.998618 0.052558 6.965304 -0.005935 -0.052557 0.998600 -0.000000 0.000000 0.000000 0.000000 1.000000
0.999959 -0.000459 0.009087 0.180235 0.000002 0.998737 0.050241 6.923844 -0.009099 -0.050239 0.998696 -0.000000 0.000000 0.000000 0.000000 1.000000
0.999917 -0.000614 0.012836 0.180235 0.000003 0.998871 0.047512 6.876434 -0.012850 -0.047508 0.998788 -0.000000 0.000000 0.000000 0.000000 1.000000
0.999853 -0.000765 0.017130 0.180235 0.000004 0.999014 0.044407 6.824263 -0.017147 -0.044401 0.998867 -0.000000 0.000000 0.000000 0.000000 1.000000
0.999759 -0.000904 0.021929 0.180235 0.000005 0.999161 0.040965 6.768520 -0.021948 -0.040955 0.998920 -0.000000 0.000000 0.000000 0.000000 1.000000
0.999630 -0.001019 0.027191 0.180235 0.000006 0.999307 0.037222 6.710398 -0.027210 -0.037208 0.998937 -0.000000 0.000000 0.000000 0.000000 1.000000
0.999459 -0.001100 0.032872 0.180235 0.000008 0.999448 0.033216 6.651085 -0.032891 -0.033198 0.998907 -0.000000 0.000000 0.000000 0.000000 1.000000
0.999241 -0.001138 0.038932 0.180235 0.000009 0.999580 0.028985 6.591772 -0.038948 -0.028963 0.998821 -0.000000 0.000000 0.000000 0.000000 1.000000
0.998972 -0.001124 0.045326 0.180235 0.000011 0.999698 0.024566 6.533649 -0.045340 -0.024540 0.998670 -0.000000 0.000000 0.000000 0.000000 1.000000
0.998646 -0.001052 0.052013 0.180235 0.000012 0.999800 0.019996 6.477907 -0.052023 -0.019968 0.998446 -0.000000 0.000000 0.000000 0.000000 1.000000
0.998261 -0.000917 0.058949 0.180235 0.000014 0.999883 0.015313 6.425735 -0.058956 -0.015285 0.998144 -0.000000 0.000000 0.000000 0.000000 1.000000
0.997813 -0.000713 0.066091 0.180235 0.000015 0.999944 0.010555 6.378325 -0.066095 -0.010531 0.997758 -0.000000 0.000000 0.000000 0.000000 1.000000
0.997303 -0.000440 0.073397 0.180235 0.000017 0.999983 0.005759 6.336865 -0.073399 -0.005742 0.997286 -0.000000 0.000000 0.000000 0.000000 1.000000
0.996728 -0.000097 0.080824 0.180235 0.000019 1.000000 0.000963 6.302547 -0.080824 -0.000958 0.996728 -0.000000 0.000000 0.000000 0.000000 1.000000
0.996091 0.000315 0.088328 0.180235 0.000021 0.999993 -0.003796 6.276561 -0.088328 0.003783 0.996084 -0.000000 0.000000 0.000000 0.000000 1.000000
0.995394 0.000791 0.095866 0.180235 0.000022 0.999964 -0.008479 6.260096 -0.095869 0.008442 0.995358 -0.000000 0.000000 0.000000 0.000000 1.000000
0.994639 0.001325 0.103396 0.180235 0.000024 0.999915 -0.013050 6.254343 -0.103405 0.012982 0.994555 -0.000000 0.000000 0.000000 0.000000 1.000000
0.993832 0.001912 0.110876 0.180235 0.000026 0.999847 -0.017470 6.256831 -0.110893 0.017365 0.993681 -0.000000 0.000000 0.000000 0.000000 1.000000
0.992979 0.002540 0.118264 0.180235 0.000028 0.999764 -0.021702 6.264107 -0.118291 0.021553 0.992745 -0.000000 0.000000 0.000000 0.000000 1.000000
0.992086 0.003199 0.125517 0.180235 0.000029 0.999669 -0.025709 6.275890 -0.125557 0.025509 0.991758 -0.000000 0.000000 0.000000 0.000000 1.000000
0.991163 0.003876 0.132594 0.180235 0.000031 0.999566 -0.029453 6.291898 -0.132651 0.029197 0.990733 -0.000000 0.000000 0.000000 0.000000 1.000000
0.990218 0.004558 0.139455 0.180235 0.000032 0.999459 -0.032896 6.311849 -0.139530 0.032579 0.989682 -0.000000 0.000000 0.000000 0.000000 1.000000
0.989262 0.005228 0.146059 0.180235 0.000034 0.999352 -0.036002 6.335461 -0.146152 0.035620 0.988621 -0.000000 0.000000 0.000000 0.000000 1.000000
0.988307 0.005871 0.152365 0.180235 0.000035 0.999250 -0.038732 6.362453 -0.152478 0.038285 0.987565 -0.000000 0.000000 0.000000 0.000000 1.000000
0.987364 0.006469 0.158334 0.180235 0.000037 0.999157 -0.041050 6.392544 -0.158466 0.040537 0.986532 -0.000000 0.000000 0.000000 0.000000 1.000000
0.986448 0.007004 0.163925 0.180235 0.000038 0.999079 -0.042918 6.425451 -0.164075 0.042342 0.985539 -0.000000 0.000000 0.000000 0.000000 1.000000
0.985571 0.007459 0.169100 0.180235 0.000039 0.999018 -0.044298 6.460894 -0.169265 0.043665 0.984603 -0.000000 0.000000 0.000000 0.000000 1.000000
0.984747 0.007817 0.173819 0.180235 0.000040 0.998980 -0.045153 6.498589 -0.173995 0.044472 0.983742 -0.000000 0.000000 0.000000 0.000000 1.000000
0.983990 0.008059 0.178043 0.180235 0.000041 0.998967 -0.045447 6.538256 -0.178225 0.044726 0.982973 -0.000000 0.000000 0.000000 0.000000 1.000000
0.983314 0.007828 0.181747 0.180235 0.000042 0.999064 -0.043256 6.579613 -0.181916 0.042542 0.982393 -0.000000 0.000000 0.000000 0.000000 1.000000
0.982734 0.006884 0.184897 0.180235 0.000043 0.999299 -0.037432 6.622378 -0.185026 0.036793 0.982045 -0.000000 0.000000 0.000000 0.000000 1.000000
0.982262 0.005413 0.187437 0.180235 0.000043 0.999577 -0.029094 6.666270 -0.187515 0.028586 0.981846 -0.000000 0.000000 0.000000 0.000000 1.000000
0.981911 0.003624 0.189309 0.180235 0.000044 0.999812 -0.019366 6.711007 -0.189343 0.019024 0.981727 -0.000000 0.000000 0.000000 0.000000 1.000000
0.981693 0.001741 0.190462 0.180235 0.000044 0.999956 -0.009368 6.756308 -0.190470 0.009205 0.981650 -0.000000 0.000000 0.000000 0.000000 1.000000
0.981618 -0.000000 0.190855 0.180235 0.000044 1.000000 -0.000227 6.801889 -0.190855 0.000231 0.981618 -0.000000 0.000000 0.000000 0.000000 1.000000
0.981760 -0.001822 0.190118 0.180235 0.000026 0.999955 0.009450 6.847471 -0.190127 -0.009273 0.981716 -0.000000 0.000000 0.000000 0.000000 1.000000
0.982171 -0.003768 0.187954 0.180235 -0.000027 0.999796 0.020186 6.892771 -0.187991 -0.019831 0.981970 -0.000000 0.000000 0.000000 0.000000 1.000000
0.982828 -0.005343 0.184446 0.180235 -0.000113 0.999563 0.029557 6.937508 -0.184524 -0.029071 0.982398 -0.000000 0.000000 0.000000 0.000000 1.000000
0.983704 -0.006617 0.179675 0.180235 -0.000231 0.999275 0.038064 6.981400 -0.179797 -0.037485 0.982989 -0.000000 0.000000 0.000000 0.000000 1.000000
0.984766 -0.007856 0.173707 0.180235 -0.000379 0.998880 0.047320 7.024166 -0.173884 -0.046665 0.983660 -0.000000 0.000000 0.000000 0.000000 1.000000
0.985981 -0.008894 0.166622 0.180235 -0.000554 0.998398 0.056571 7.065523 -0.166858 -0.055870 0.984397 -0.000000 0.000000 0.000000 0.000000 1.000000
0.987312 -0.009588 0.158504 0.180235 -0.000755 0.997881 0.065066 7.105190 -0.158792 -0.064361 0.985212 -0.000000 0.000000 0.000000 0.000000 1.000000
0.988722 -0.009823 0.149439 0.180235 -0.000981 0.997400 0.072056 7.142885 -0.149758 -0.071390 0.986142 -0.000000 0.000000 0.000000 0.000000 1.000000
0.990175 -0.009524 0.139511 0.180235 -0.001230 0.997047 0.076790 7.178327 -0.139830 -0.076207 0.987239 -0.000000 0.000000 0.000000 0.000000 1.000000
0.991633 -0.008654 0.128800 0.180235 -0.001499 0.996911 0.078522 7.211235 -0.129082 -0.078058 0.988557 -0.000000 0.000000 0.000000 0.000000 1.000000
0.993061 -0.007430 0.117366 0.180235 -0.001787 0.996934 0.078231 7.241325 -0.117588 -0.077898 0.990003 -0.000000 0.000000 0.000000 0.000000 1.000000
0.994425 -0.006087 0.105268 0.180235 -0.002092 0.996996 0.077419 7.268317 -0.105423 -0.077207 0.991426 -0.000000 0.000000 0.000000 0.000000 1.000000
0.995694 -0.004658 0.092579 0.180235 -0.002413 0.997096 0.076116 7.291930 -0.092665 -0.076012 0.992792 -0.000000 0.000000 0.000000 0.000000 1.000000
0.996840 -0.003174 0.079374 0.180235 -0.002746 0.997228 0.074355 7.311881 -0.079390 -0.074337 0.994068 -0.000000 0.000000 0.000000 0.000000 1.000000
0.997836 -0.001665 0.065727 0.180235 -0.003090 0.997388 0.072165 7.327888 -0.065676 -0.072212 0.995225 -0.000000 0.000000 0.000000 0.000000 1.000000
0.998662 -0.000161 0.051715 0.180235 -0.003442 0.997570 0.069580 7.339671 -0.051601 -0.069664 0.996235 -0.000000 0.000000 0.000000 0.000000 1.000000
0.999299 0.001309 0.037416 0.180235 -0.003802 0.997771 0.066628 7.346947 -0.037245 -0.066723 0.997076 -0.000000 0.000000 0.000000 0.000000 1.000000
0.999734 0.002719 0.022907 0.180235 -0.004165 0.997983 0.063341 7.349435 -0.022688 -0.063419 0.997729 -0.000000 0.000000 0.000000 0.000000 1.000000
0.999958 0.004044 0.008267 0.180235 -0.004531 0.998203 0.059749 7.346701 -0.008011 -0.059784 0.998179 -0.000000 0.000000 0.000000 0.000000 1.000000
0.999966 0.005265 -0.006424 0.180235 -0.004897 0.998425 0.055882 7.338745 0.006708 -0.055849 0.998417 -0.000000 0.000000 0.000000 0.000000 1.000000
0.999757 0.006360 -0.021085 0.180235 -0.005261 0.998645 0.051771 7.325942 0.021386 -0.051647 0.998436 -0.000000 0.000000 0.000000 0.000000 1.000000
0.999338 0.007317 -0.035637 0.180235 -0.005621 0.998858 0.047444 7.308663 0.035943 -0.047213 0.998238 -0.000000 0.000000 0.000000 0.000000 1.000000
0.998716 0.008121 -0.049998 0.180235 -0.005975 0.999060 0.042933 7.287282 0.050300 -0.042579 0.997826 -0.000000 0.000000 0.000000 0.000000 1.000000
0.997906 0.008765 -0.064088 0.180235 -0.006320 0.999248 0.038265 7.262173 0.064376 -0.037780 0.997210 -0.000000 0.000000 0.000000 0.000000 1.000000
0.996924 0.009244 -0.077827 0.180235 -0.006654 0.999418 0.033471 7.233707 0.078091 -0.032850 0.996405 -0.000000 0.000000 0.000000 0.000000 1.000000
0.995793 0.009556 -0.091134 0.180235 -0.006977 0.999567 0.028580 7.202258 0.091368 -0.027824 0.995428 -0.000000 0.000000 0.000000 0.000000 1.000000
0.994537 0.009703 -0.103930 0.180235 -0.007285 0.999694 0.023620 7.168198 0.104128 -0.022733 0.994304 -0.000000 0.000000 0.000000 0.000000 1.000000
0.993186 0.009690 -0.116137 0.180235 -0.007578 0.999798 0.018620 7.131901 0.116294 -0.017613 0.993059 -0.000000 0.000000 0.000000 0.000000 1.000000
0.991770 0.009527 -0.127676 0.180235 -0.007852 0.999877 0.013609 7.093740 0.127790 -0.012495 0.991723 -0.000000 0.000000 0.000000 0.000000 1.000000
0.990324 0.009223 -0.138470 0.180235 -0.008108 0.999930 0.008617 7.054086 0.138540 -0.007411 0.990329 -0.000000 0.000000 0.000000 0.000000 1.000000
0.988882 0.008796 -0.148444 0.180235 -0.008343 0.999958 0.003670 7.013314 0.148470 -0.002391 0.988914 -0.000000 0.000000 0.000000 0.000000 1.000000
0.987481 0.008260 -0.157521 0.180235 -0.008556 0.999963 -0.001202 6.971796 0.157505 0.002534 0.987515 -0.000000 0.000000 0.000000 0.000000 1.000000
0.986159 0.007635 -0.165628 0.180235 -0.008745 0.999944 -0.005970 6.929905 0.165574 0.007336 0.986170 -0.000000 0.000000 0.000000 0.000000 1.000000
0.984952 0.006944 -0.172691 0.180235 -0.008909 0.999904 -0.010607 6.888014 0.172601 0.011986 0.984919 -0.000000 0.000000 0.000000 0.000000 1.000000
0.983896 0.006207 -0.178636 0.180235 -0.009046 0.999845 -0.015083 6.846496 0.178515 0.016457 0.983800 -0.000000 0.000000 0.000000 0.000000 1.000000
0.983025 0.005449 -0.183391 0.180235 -0.009156 0.999770 -0.019371 6.805724 0.183243 0.020721 0.982849 -0.000000 0.000000 0.000000 0.000000 1.000000
0.982371 0.004694 -0.186881 0.180235 -0.009236 0.999683 -0.023442 6.766070 0.186712 0.024754 0.982103 -0.000000 0.000000 0.000000 0.000000 1.000000
0.981963 0.003965 -0.189034 0.180235 -0.009285 0.999585 -0.027266 6.727909 0.188848 0.028529 0.981592 -0.000000 0.000000 0.000000 0.000000 1.000000
0.981822 0.003287 -0.189776 0.180235 -0.009302 0.999482 -0.030814 6.691612 0.189576 0.032019 0.981344 -0.000000 0.000000 0.000000 0.000000 1.000000
0.981880 0.002656 -0.189486 0.180235 -0.009288 0.999375 -0.034121 6.657552 0.189277 0.035263 0.981290 -0.000000 0.000000 0.000000 0.000000 1.000000
0.982049 0.002063 -0.188614 0.180235 -0.009246 0.999265 -0.037210 6.626103 0.188398 0.038286 0.981346 -0.000000 0.000000 0.000000 0.000000 1.000000
0.982323 0.001522 -0.187187 0.180235 -0.009177 0.999156 -0.040037 6.597637 0.186968 0.041047 0.981508 -0.000000 0.000000 0.000000 0.000000 1.000000
0.982694 0.001044 -0.185234 0.180235 -0.009084 0.999053 -0.042560 6.572527 0.185014 0.043506 0.981772 -0.000000 0.000000 0.000000 0.000000 1.000000
0.983153 0.000639 -0.182783 0.180235 -0.008966 0.998959 -0.044735 6.551147 0.182564 0.045620 0.982135 -0.000000 0.000000 0.000000 0.000000 1.000000
0.983692 0.000316 -0.179862 0.180235 -0.008826 0.998878 -0.046518 6.533868 0.179646 0.047347 0.982591 -0.000000 0.000000 0.000000 0.000000 1.000000
0.984301 0.000080 -0.176499 0.180235 -0.008665 0.998816 -0.047867 6.521065 0.176287 0.048644 0.983136 -0.000000 0.000000 0.000000 0.000000 1.000000
0.984971 -0.000063 -0.172723 0.180235 -0.008483 0.998776 -0.048737 6.513109 0.172514 0.049470 0.983764 -0.000000 0.000000 0.000000 0.000000 1.000000
0.985691 -0.000110 -0.168560 0.180235 -0.008283 0.998760 -0.049086 6.510375 0.168356 0.049779 0.984468 -0.000000 0.000000 0.000000 0.000000 1.000000
0.986454 0.000108 -0.164039 0.180235 -0.008065 0.998822 -0.047841 6.511742 0.163840 0.048516 0.985293 -0.000000 0.000000 0.000000 0.000000 1.000000
0.987248 0.000679 -0.159185 0.180235 -0.007830 0.998988 -0.044301 6.515735 0.158994 0.044982 0.986254 -0.000000 0.000000 0.000000 0.000000 1.000000
0.988066 0.001489 -0.154025 0.180235 -0.007581 0.999212 -0.038973 6.522189 0.153845 0.039676 0.987298 -0.000000 0.000000 0.000000 0.000000 1.000000
0.988897 0.002429 -0.148583 0.180235 -0.007318 0.999449 -0.032368 6.530941 0.148422 0.033096 0.988370 -0.000000 0.000000 0.000000 0.000000 1.000000
0.989733 0.003400 -0.142885 0.180235 -0.007042 0.999663 -0.024995 6.541825 0.142752 0.025744 0.989424 -0.000000 0.000000 0.000000 0.000000 1.000000
0.990567 0.004314 -0.136962 0.180235 -0.006755 0.999826 -0.017364 6.554679 0.136864 0.018126 0.990424 -0.000000 0.000000 0.000000 0.000000 1.000000
0.991390 0.005097 -0.130845 0.180235 -0.006459 0.999929 -0.009987 6.569338 0.130785 0.010747 0.991353 -0.000000 0.000000 0.000000 0.000000 1.000000
0.992195 0.005686 -0.124566 0.180235 -0.006154 0.999975 -0.003376 6.585638 0.124544 0.004116 0.992206 -0.000000 0.000000 0.000000 0.000000 1.000000
0.992976 0.006033 -0.118160 0.180235 -0.005842 0.999981 0.001960 6.603414 0.118170 -0.001256 0.992993 -0.000000 0.000000 0.000000 0.000000 1.000000
0.993728 0.006105 -0.111660 0.180235 -0.005525 0.999970 0.005509 6.622503 0.111690 -0.004857 0.993731 -0.000000 0.000000 0.000000 0.000000 1.000000
0.994444 0.005885 -0.105099 0.180235 -0.005203 0.999964 0.006759 6.642741 0.105135 -0.006175 0.994439 -0.000000 0.000000 0.000000 0.000000 1.000000
0.995122 0.005492 -0.098499 0.180235 -0.004878 0.999967 0.006470 6.663963 0.098531 -0.005958 0.995116 -0.000000 0.000000 0.000000 0.000000 1.000000
0.995757 0.005077 -0.091882 0.180235 -0.004552 0.999972 0.005919 6.686006 0.091909 -0.005475 0.995752 -0.000000 0.000000 0.000000 0.000000 1.000000
0.996347 0.004669 -0.085275 0.180235 -0.004227 0.999977 0.005372 6.708705 0.085298 -0.004992 0.996343 -0.000000 0.000000 0.000000 0.000000 1.000000
0.996889 0.004291 -0.078705 0.180235 -0.003902 0.999979 0.005096 6.731897 0.078725 -0.004773 0.996885 -0.000000 0.000000 0.000000 0.000000 1.000000
0.997382 0.003966 -0.072201 0.180235 -0.003581 0.999979 0.005466 6.755417 0.072221 -0.005193 0.997375 -0.000000 0.000000 0.000000 0.000000 1.000000
0.997827 0.003693 -0.065792 0.180235 -0.003264 0.999973 0.006617 6.779100 0.065815 -0.006388 0.997811 -0.000000 0.000000 0.000000 0.000000 1.000000
0.998222 0.003452 -0.059508 0.180235 -0.002954 0.999960 0.008457 6.802784 0.059535 -0.008267 0.998192 -0.000000 0.000000 0.000000 0.000000 1.000000
0.998569 0.003228 -0.053379 0.180235 -0.002650 0.999937 0.010896 6.826304 0.053410 -0.010739 0.998515 -0.000000 0.000000 0.000000 0.000000 1.000000
0.998870 0.003010 -0.047434 0.180235 -0.002356 0.999901 0.013842 6.849495 0.047471 -0.013714 0.998778 -0.000000 0.000000 0.000000 0.000000 1.000000
0.999126 0.002788 -0.041704 0.180235 -0.002072 0.999850 0.017202 6.872194 0.041746 -0.017101 0.998982 -0.000000 0.000000 0.000000 0.000000 1.000000
0.999341 0.002556 -0.036218 0.180235 -0.001800 0.999780 0.020886 6.894238 0.036264 -0.020807 0.999126 -0.000000 0.000000 0.000000 0.000000 1.000000
0.999517 0.002311 -0.031006 0.180235 -0.001542 0.999691 0.024802 6.915460 0.031054 -0.024742 0.999211 -0.000000 0.000000 0.000000 0.000000 1.000000
0.999657 0.002052 -0.026097 0.180235 -0.001298 0.999583 0.028858 6.935698 0.026145 -0.028814 0.999243 -0.000000 0.000000 0.000000 0.000000 1.000000
0.999767 0.001781 -0.021520 0.180235 -0.001071 0.999456 0.032962 6.954787 0.021567 -0.032931 0.999225 -0.000000 0.000000 0.000000 0.000000 1.000000
0.999849 0.001503 -0.017304 0.180235 -0.000862 0.999314 0.037023 6.972563 0.017348 -0.037002 0.999165 -0.000000 0.000000 0.000000 0.000000 1.000000
0.999908 0.001224 -0.013479 0.180235 -0.000671 0.999161 0.040948 6.988863 0.013517 -0.040935 0.999070 -0.000000 0.000000 0.000000 0.000000 1.000000
0.999949 0.000952 -0.010072 0.180235 -0.000502 0.999003 0.044647 7.003522 0.010104 -0.044640 0.998952 -0.000000 0.000000 0.000000 0.000000 1.000000
0.999974 0.000697 -0.007111 0.180235 -0.000354 0.998846 0.048027 7.016376 0.007137 -0.048023 0.998821 -0.000000 0.000000 0.000000 0.000000 1.000000
