<?xml version="1.0" encoding="utf-8"?>
<COLLADA xmlns="http://www.collada.org/2005/11/COLLADASchema" version="1.4.1">
  <asset><contributor><author></author><authoring_tool>FBX COLLADA exporter</authoring_tool><comments></comments></contributor><created>2020-01-21T12:13:30Z</created><keywords></keywords><modified>2020-01-21T12:13:30Z</modified><revision></revision><subject></subject><title></title><unit meter="0.010000" name="centimeter"></unit><up_axis>Y_UP</up_axis></asset>
  <library_animations>
    <animation id="root_jnt-anim" name="root_jnt"><animation><source id="root_jnt-Matrix-animation-input"><float_array id="root_jnt-Matrix-animation-input-array" count="15">

0.000000 0.033333 0.066667 0.100000 0.133333 0.166667 0.200000 0.233333 0.266667 0.300000 0.333333 0.366667 0.400000 0.433333 0.466667</float_array><technique_common><accessor source="#root_jnt-Matrix-animation-input-array" count="15"><param name="TIME" type="float"/></accessor></technique_common></source><source id="root_jnt-Matrix-animation-output-transform"><float_array id="root_jnt-Matrix-animation-output-transform-array" count="240">

1.000000 0.000000 0.000000 0.000000 0.000000 1.000000 0.000000 0.000000 0.000000 0.000000 1.000000 0.000000 0.000000 0.000000 0.000000 1.000000
1.000000 0.000000 0.000000 0.000000 0.000000 1.000000 0.000000 0.000000 0.000000 0.000000 1.000000 0.000000 0.000000 0.000000 0.000000 1.000000
1.000000 0.000000 0.000000 0.000000 0.000000 1.000000 0.000000 0.000000 0.000000 0.000000 1.000000 0.000000 0.000000 0.000000 0.000000 1.000000
1.000000 0.000000 0.000000 0.000000 0.000000 1.000000 0.000000 0.000000 0.000000 0.000000 1.000000 0.000000 0.000000 0.000000 0.000000 1.000000
1.000000 0.000000 0.000000 0.000000 0.000000 1.000000 0.000000 0.000000 0.000000 0.000000 1.000000 0.000000 0.000000 0.000000 0.000000 1.000000
1.000000 0.000000 0.000000 0.000000 0.000000 1.000000 0.000000 0.000000 0.000000 0.000000 1.000000 0.000000 0.000000 0.000000 0.000000 1.000000
1.000000 0.000000 0.000000 0.000000 0.000000 1.000000 0.000000 0.000000 0.000000 0.000000 1.000000 0.000000 0.000000 0.000000 0.000000 1.000000
1.000000 0.000000 0.000000 0.000000 0.000000 1.000000 0.000000 0.000000 0.000000 0.000000 1.000000 0.000000 0.000000 0.000000 0.000000 1.000000
1.000000 0.000000 0.000000 0.000000 0.000000 1.000000 0.000000 0.000000 0.000000 0.000000 1.000000 0.000000 0.000000 0.000000 0.000000 1.000000
1.000000 0.000000 0.000000 0.000000 0.000000 1.000000 0.000000 0.000000 0.000000 0.000000 1.000000 0.000000 0.000000 0.000000 0.000000 1.000000
1.000000 0.000000 0.000000 0.000000 0.000000 1.000000 0.000000 0.000000 0.000000 0.000000 1.000000 0.000000 0.000000 0.000000 0.000000 1.000000
1.000000 0.000000 0.000000 0.000000 0.000000 1.000000 0.000000 0.000000 0.000000 0.000000 1.000000 0.000000 0.000000 0.000000 0.000000 1.000000
1.000000 0.000000 0.000000 0.000000 0.000000 1.000000 0.000000 0.000000 0.000000 0.000000 1.000000 0.000000 0.000000 0.000000 0.000000 1.000000
1.000000 0.000000 0.000000 0.000000 0.000000 1.000000 0.000000 0.000000 0.000000 0.000000 1.000000 0.000000 0.000000 0.000000 0.000000 1.000000
1.000000 0.000000 0.000000 0.000000 0.000000 1.000000 0.000000 0.000000 0.000000 0.000000 1.000000 0.000000 0.000000 0.000000 0.000000 1.000000</float_array><technique_common><accessor source="#root_jnt-Matrix-animation-output-transform-array" count="15" stride="16"><param type="float4x4"/></accessor></technique_common></source><source id="root_jnt-Interpolations"><Name_array id="root_jnt-Interpolations-array" count="15">
 LINEAR LINEAR LINEAR LINEAR LINEAR LINEAR LINEAR LINEAR LINEAR LINEAR LINEAR
LINEAR LINEAR LINEAR LINEAR</Name_array><technique_common><accessor source="#root_jnt-Interpolations-array" count="15"><param type="name"/></accessor></technique_common></source><sampler id="root_jnt-Matrix-animation-transform"><input semantic="INPUT" source="#root_jnt-Matrix-animation-input"/><input semantic="OUTPUT" source="#root_jnt-Matrix-animation-output-transform"/><input semantic="INTERPOLATION" source="#root_jnt-Interpolations"/></sampler><channel source="#root_jnt-Matrix-animation-transform" target="root_jnt/matrix"/></animation></animation>
    <animation id="jnt_spine2-anim" name="jnt_spine2"><animation><source id="jnt_spine2-Matrix-animation-input"><float_array id="jnt_spine2-Matrix-animation-input-array" count="15">

0.000000 0.033333 0.066667 0.100000 0.133333 0.166667 0.200000 0.233333 0.266667 0.300000 0.333333 0.366667 0.400000 0.433333 0.466667</float_array><technique_common><accessor source="#jnt_spine2-Matrix-animation-input-array" count="15"><param name="TIME" type="float"/></accessor></technique_common></source><source id="jnt_spine2-Matrix-animation-output-transform"><float_array id="jnt_spine2-Matrix-animation-output-transform-array" count="240">

0.987439 0.034315 -0.154229 0.490000 -0.018902 0.994776 0.100315 6.754634 0.156865 -0.096139 0.982930 -0.167000 0.000000 0.000000 0.000000 1.000000
0.987439 0.034149 -0.154266 0.490000 -0.018902 0.994884 0.099240 6.749092 0.156865 -0.095078 0.983033 -0.167000 0.000000 0.000000 0.000000 1.000000
0.987439 0.033702 -0.154364 0.490000 -0.018902 0.995167 0.096361 6.734239 0.156865 -0.092232 0.983304 -0.167000 0.000000 0.000000 0.000000 1.000000
0.987439 0.033055 -0.154504 0.490000 -0.018902 0.995562 0.092190 6.712735 0.156865 -0.088112 0.983682 -0.167000 0.000000 0.000000 0.000000 1.000000
0.987439 0.032287 -0.154666 0.490000 -0.018902 0.996008 0.087244 6.687240 0.156865 -0.083224 0.984107 -0.167000 0.000000 0.000000 0.000000 1.000000
0.987439 0.031478 -0.154833 0.490000 -0.018902 0.996450 0.082037 6.660415 0.156865 -0.078079 0.984529 -0.167000 0.000000 0.000000 0.000000 1.000000
0.987439 0.030709 -0.154987 0.490000 -0.018902 0.996845 0.077086 6.634921 0.156865 -0.073188 0.984904 -0.167000 0.000000 0.000000 0.000000 1.000000
0.987439 0.030059 -0.155114 0.490000 -0.018902 0.997160 0.072908 6.613416 0.156865 -0.069061 0.985202 -0.167000 0.000000 0.000000 0.000000 1.000000
0.987439 0.029610 -0.155201 0.490000 -0.018902 0.997366 0.070022 6.598563 0.156865 -0.066209 0.985398 -0.167000 0.000000 0.000000 0.000000 1.000000
0.987439 0.029443 -0.155233 0.490000 -0.018902 0.997441 0.068945 6.593020 0.156865 -0.065145 0.985469 -0.167000 0.000000 0.000000 0.000000 1.000000
0.987439 0.029951 -0.155135 0.490000 -0.018902 0.997210 0.072211 6.609828 0.156865 -0.068372 0.985250 -0.167000 0.000000 0.000000 0.000000 1.000000
0.987439 0.031161 -0.154897 0.490000 -0.018902 0.996616 0.079997 6.649909 0.156865 -0.076064 0.984687 -0.167000 0.000000 0.000000 0.000000 1.000000
0.987439 0.032604 -0.154600 0.490000 -0.018902 0.995827 0.089282 6.697746 0.156865 -0.085239 0.983935 -0.167000 0.000000 0.000000 0.000000 1.000000
0.987439 0.033810 -0.154340 0.490000 -0.018902 0.995099 0.097056 6.737826 0.156865 -0.092920 0.983239 -0.167000 0.000000 0.000000 0.000000 1.000000
0.987439 0.034315 -0.154229 0.490000 -0.018902 0.994776 0.100315 6.754634 0.156865 -0.096139 0.982930 -0.167000 0.000000 0.000000 0.000000 1.000000</float_array><technique_common><accessor source="#jnt_spine2-Matrix-animation-output-transform-array" count="15" stride="16"><param type="float4x4"/></accessor></technique_common></source><source id="jnt_spine2-Interpolations"><Name_array id="jnt_spine2-Interpolations-array" count="15">
 LINEAR LINEAR LINEAR LINEAR LINEAR LINEAR LINEAR LINEAR LINEAR LINEAR LINEAR
LINEAR LINEAR LINEAR LINEAR</Name_array><technique_common><accessor source="#jnt_spine2-Interpolations-array" count="15"><param type="name"/></accessor></technique_common></source><sampler id="jnt_spine2-Matrix-animation-transform"><input semantic="INPUT" source="#jnt_spine2-Matrix-animation-input"/><input semantic="OUTPUT" source="#jnt_spine2-Matrix-animation-output-transform"/><input semantic="INTERPOLATION" source="#jnt_spine2-Interpolations"/></sampler><channel source="#jnt_spine2-Matrix-animation-transform" target="jnt_spine2/matrix"/></animation></animation>
    <animation id="neck_jnt-anim" name="neck_jnt"><animation><source id="neck_jnt-Matrix-animation-input"><float_array id="neck_jnt-Matrix-animation-input-array" count="15">

0.000000 0.033333 0.066667 0.100000 0.133333 0.166667 0.200000 0.233333 0.266667 0.300000 0.333333 0.366667 0.400000 0.433333 0.466667</float_array><technique_common><accessor source="#neck_jnt-Matrix-animation-input-array" count="15"><param name="TIME" type="float"/></accessor></technique_common></source><source id="neck_jnt-Matrix-animation-output-transform"><float_array id="neck_jnt-Matrix-animation-output-transform-array" count="240">

1.000000 -0.000000 0.000000 0.000000 0.000000 1.000000 0.000000 2.357033 -0.000000 -0.000000 1.000000 2.698746 0.000000 0.000000 0.000000 1.000000
1.000000 -0.000000 0.000000 0.000000 0.000000 1.000000 0.000000 2.357033 -0.000000 -0.000000 1.000000 2.698746 0.000000 0.000000 0.000000 1.000000
1.000000 -0.000000 0.000000 -0.000000 0.000000 1.000000 0.000000 2.357033 -0.000000 -0.000000 1.000000 2.698746 0.000000 0.000000 0.000000 1.000000
1.000000 -0.000000 0.000000 0.000000 0.000000 1.000000 0.000000 2.357033 -0.000000 -0.000000 1.000000 2.698746 0.000000 0.000000 0.000000 1.000000
1.000000 -0.000000 0.000000 0.000000 0.000000 1.000000 0.000000 2.357033 -0.000000 -0.000000 1.000000 2.698746 0.000000 0.000000 0.000000 1.000000
1.000000 -0.000000 0.000000 0.000000 0.000000 1.000000 0.000000 2.357033 -0.000000 -0.000000 1.000000 2.698746 0.000000 0.000000 0.000000 1.000000
1.000000 -0.000000 0.000000 0.000000 0.000000 1.000000 0.000000 2.357033 -0.000000 -0.000000 1.000000 2.698746 0.000000 0.000000 0.000000 1.000000
1.000000 -0.000000 0.000000 0.000000 0.000000 1.000000 0.000000 2.357033 -0.000000 -0.000000 1.000000 2.698746 0.000000 0.000000 0.000000 1.000000
1.000000 -0.000000 0.000000 -0.000000 0.000000 1.000000 0.000000 2.357033 -0.000000 -0.000000 1.000000 2.698746 0.000000 0.000000 0.000000 1.000000
1.000000 -0.000000 0.000000 0.000000 0.000000 1.000000 0.000000 2.357033 -0.000000 -0.000000 1.000000 2.698746 0.000000 0.000000 0.000000 1.000000
1.000000 -0.000000 0.000000 0.000000 0.000000 1.000000 0.000000 2.357033 -0.000000 -0.000000 1.000000 2.698746 0.000000 0.000000 0.000000 1.000000
1.000000 -0.000000 0.000000 -0.000000 0.000000 1.000000 0.000000 2.357033 -0.000000 -0.000000 1.000000 2.698746 0.000000 0.000000 0.000000 1.000000
1.000000 -0.000000 0.000000 -0.000000 0.000000 1.000000 0.000000 2.357033 -0.000000 -0.000000 1.000000 2.698746 0.000000 0.000000 0.000000 1.000000
1.000000 -0.000000 0.000000 0.000000 0.000000 1.000000 0.000000 2.357033 -0.000000 -0.000000 1.000000 2.698746 0.000000 0.000000 0.000000 1.000000
1.000000 -0.000000 0.000000 0.000000 0.000000 1.000000 0.000000 2.357033 -0.000000 -0.000000 1.000000 2.698746 0.000000 0.000000 0.000000 1.000000</float_array><technique_common><accessor source="#neck_jnt-Matrix-animation-output-transform-array" count="15" stride="16"><param type="float4x4"/></accessor></technique_common></source><source id="neck_jnt-Interpolations"><Name_array id="neck_jnt-Interpolations-array" count="15">
 LINEAR LINEAR LINEAR LINEAR LINEAR LINEAR LINEAR LINEAR LINEAR LINEAR LINEAR
LINEAR LINEAR LINEAR LINEAR</Name_array><technique_common><accessor source="#neck_jnt-Interpolations-array" count="15"><param type="name"/></accessor></technique_common></source><sampler id="neck_jnt-Matrix-animation-transform"><input semantic="INPUT" source="#neck_jnt-Matrix-animation-input"/><input semantic="OUTPUT" source="#neck_jnt-Matrix-animation-output-transform"/><input semantic="INTERPOLATION" source="#neck_jnt-Interpolations"/></sampler><channel source="#neck_jnt-Matrix-animation-transform" target="neck_jnt/matrix"/></animation></animation>
    <animation id="head_jnt-anim" name="head_jnt"><animation><source id="head_jnt-Matrix-animation-input"><float_array id="head_jnt-Matrix-animation-input-array" count="15">

0.000000 0.033333 0.066667 0.100000 0.133333 0.166667 0.200000 0.233333 0.266667 0.300000 0.333333 0.366667 0.400000 0.433333 0.466667</float_array><technique_common><accessor source="#head_jnt-Matrix-animation-input-array" count="15"><param name="TIME" type="float"/></accessor></technique_common></source><source id="head_jnt-Matrix-animation-output-transform"><float_array id="head_jnt-Matrix-animation-output-transform-array" count="240">

0.983166 0.102682 0.151135 0.595216 -0.069687 0.975358 -0.209336 0.585912 -0.168906 0.195280 0.966094 -0.006286 0.000000 0.000000 0.000000 1.000000
0.983166 0.102682 0.151135 0.595216 -0.069687 0.975358 -0.209336 0.585912 -0.168906 0.195280 0.966094 -0.006286 0.000000 0.000000 0.000000 1.000000
0.983166 0.102682 0.151135 0.595216 -0.069687 0.975358 -0.209336 0.585912 -0.168906 0.195280 0.966094 -0.006286 0.000000 0.000000 0.000000 1.000000
0.983166 0.102682 0.151135 0.595216 -0.069687 0.975358 -0.209336 0.585912 -0.168906 0.195280 0.966094 -0.006286 0.000000 0.000000 0.000000 1.000000
0.983166 0.102682 0.151135 0.595216 -0.069687 0.975358 -0.209336 0.585912 -0.168906 0.195280 0.966094 -0.006286 0.000000 0.000000 0.000000 1.000000
0.983166 0.102682 0.151135 0.595216 -0.069687 0.975358 -0.209336 0.585912 -0.168906 0.195280 0.966094 -0.006286 0.000000 0.000000 0.000000 1.000000
0.983166 0.102682 0.151135 0.595216 -0.069687 0.975358 -0.209336 0.585912 -0.168906 0.195280 0.966094 -0.006286 0.000000 0.000000 0.000000 1.000000
0.983166 0.102682 0.151135 0.595216 -0.069687 0.975358 -0.209336 0.585912 -0.168906 0.195280 0.966094 -0.006286 0.000000 0.000000 0.000000 1.000000
0.983166 0.102682 0.151135 0.595216 -0.069687 0.975358 -0.209336 0.585912 -0.168906 0.195280 0.966094 -0.006286 0.000000 0.000000 0.000000 1.000000
0.983166 0.102682 0.151135 0.595216 -0.069687 0.975358 -0.209336 0.585912 -0.168906 0.195280 0.966094 -0.006286 0.000000 0.000000 0.000000 1.000000
0.983166 0.102682 0.151135 0.595216 -0.069687 0.975358 -0.209336 0.585912 -0.168906 0.195280 0.966094 -0.006286 0.000000 0.000000 0.000000 1.000000
0.983166 0.102682 0.151135 0.595216 -0.069687 0.975358 -0.209336 0.585912 -0.168906 0.195280 0.966094 -0.006286 0.000000 0.000000 0.000000 1.000000
0.983166 0.102682 0.151135 0.595216 -0.069687 0.975358 -0.209336 0.585912 -0.168906 0.195280 0.966094 -0.006286 0.000000 0.000000 0.000000 1.000000
0.983166 0.102682 0.151135 0.595216 -0.069687 0.975358 -0.209336 0.585912 -0.168906 0.195280 0.966094 -0.006286 0.000000 0.000000 0.000000 1.000000
0.983166 0.102682 0.151135 0.595216 -0.069687 0.975358 -0.209336 0.585912 -0.168906 0.195280 0.966094 -0.006286 0.000000 0.000000 0.000000 1.000000</float_array><technique_common><accessor source="#head_jnt-Matrix-animation-output-transform-array" count="15" stride="16"><param type="float4x4"/></accessor></technique_common></source><source id="head_jnt-Interpolations"><Name_array id="head_jnt-Interpolations-array" count="15">
 LINEAR LINEAR LINEAR LINEAR LINEAR LINEAR LINEAR LINEAR LINEAR LINEAR LINEAR
LINEAR LINEAR LINEAR LINEAR</Name_array><technique_common><accessor source="#head_jnt-Interpolations-array" count="15"><param type="name"/></accessor></technique_common></source><sampler id="head_jnt-Matrix-animation-transform"><input semantic="INPUT" source="#head_jnt-Matrix-animation-input"/><input semantic="OUTPUT" source="#head_jnt-Matrix-animation-output-transform"/><input semantic="INTERPOLATION" source="#head_jnt-Interpolations"/></sampler><channel source="#head_jnt-Matrix-animation-transform" target="head_jnt/matrix"/></animation></animation>
    <animation id="r_arm01_jnt-anim" name="r_arm01_jnt"><animation><source id="r_arm01_jnt-Matrix-animation-input"><float_array id="r_arm01_jnt-Matrix-animation-input-array" count="15">

0.000000 0.033333 0.066667 0.100000 0.133333 0.166667 0.200000 0.233333 0.266667 0.300000 0.333333 0.366667 0.400000 0.433333 0.466667</float_array><technique_common><accessor source="#r_arm01_jnt-Matrix-animation-input-array" count="15"><param name="TIME" type="float"/></accessor></technique_common></source><source id="r_arm01_jnt-Matrix-animation-output-transform"><float_array id="r_arm01_jnt-Matrix-animation-output-transform-array" count="240">

-0.998300 -0.000000 0.058291 -2.858765 0.000000 1.000000 0.000000 2.350029 -0.058291 0.000000 -0.998300 -0.000000 0.000000 0.000000 0.000000 1.000000
-0.998300 -0.000000 0.058291 -2.858765 -0.000000 1.000000 0.000000 2.350029 -0.058291 -0.000000 -0.998300 -0.000000 0.000000 0.000000 0.000000 1.000000
-0.998300 0.000000 0.058291 -2.858765 -0.000000 1.000000 0.000000 2.350029 -0.058291 0.000000 -0.998300 -0.000000 0.000000 0.000000 0.000000 1.000000
-0.998300 -0.000000 0.058291 -2.858765 0.000000 1.000000 0.000000 2.350029 -0.058291 0.000000 -0.998300 -0.000000 0.000000 0.000000 0.000000 1.000000
-0.998300 0.000000 0.058291 -2.858765 -0.000000 1.000000 -0.000000 2.350029 -0.058291 0.000000 -0.998300 -0.000000 0.000000 0.000000 0.000000 1.000000
-0.998300 0.000000 0.058291 -2.858765 0.000000 1.000000 -0.000000 2.350029 -0.058291 0.000000 -0.998300 -0.000000 0.000000 0.000000 0.000000 1.000000
-0.998300 0.000000 0.058291 -2.858765 0.000000 1.000000 0.000000 2.350029 -0.058291 0.000000 -0.998300 -0.000000 0.000000 0.000000 0.000000 1.000000
-0.998300 0.000000 0.058291 -2.858765 -0.000000 1.000000 0.000000 2.350029 -0.058291 0.000000 -0.998300 -0.000000 0.000000 0.000000 0.000000 1.000000
-0.998300 -0.000000 0.058291 -2.858765 0.000000 1.000000 -0.000000 2.350029 -0.058291 0.000000 -0.998300 -0.000000 0.000000 0.000000 0.000000 1.000000
-0.998300 0.000000 0.058291 -2.858765 -0.000000 1.000000 -0.000000 2.350029 -0.058291 0.000000 -0.998300 -0.000000 0.000000 0.000000 0.000000 1.000000
-0.998300 0.000000 0.058291 -2.858765 -0.000000 1.000000 -0.000000 2.350029 -0.058291 0.000000 -0.998300 -0.000000 0.000000 0.000000 0.000000 1.000000
-0.998300 0.000000 0.058291 -2.858765 0.000000 1.000000 0.000000 2.350029 -0.058291 0.000000 -0.998300 -0.000000 0.000000 0.000000 0.000000 1.000000
-0.998300 0.000000 0.058291 -2.858765 -0.000000 1.000000 -0.000000 2.350029 -0.058291 0.000000 -0.998300 -0.000000 0.000000 0.000000 0.000000 1.000000
-0.998300 -0.000000 0.058291 -2.858765 0.000000 1.000000 0.000000 2.350029 -0.058291 0.000000 -0.998300 -0.000000 0.000000 0.000000 0.000000 1.000000
-0.998300 -0.000000 0.058291 -2.858765 0.000000 1.000000 0.000000 2.350029 -0.058291 0.000000 -0.998300 -0.000000 0.000000 0.000000 0.000000 1.000000</float_array><technique_common><accessor source="#r_arm01_jnt-Matrix-animation-output-transform-array" count="15" stride="16"><param type="float4x4"/></accessor></technique_common></source><source id="r_arm01_jnt-Interpolations"><Name_array id="r_arm01_jnt-Interpolations-array" count="15">
 LINEAR LINEAR LINEAR LINEAR LINEAR LINEAR LINEAR LINEAR LINEAR LINEAR LINEAR
LINEAR LINEAR LINEAR LINEAR</Name_array><technique_common><accessor source="#r_arm01_jnt-Interpolations-array" count="15"><param type="name"/></accessor></technique_common></source><sampler id="r_arm01_jnt-Matrix-animation-transform"><input semantic="INPUT" source="#r_arm01_jnt-Matrix-animation-input"/><input semantic="OUTPUT" source="#r_arm01_jnt-Matrix-animation-output-transform"/><input semantic="INTERPOLATION" source="#r_arm01_jnt-Interpolations"/></sampler><channel source="#r_arm01_jnt-Matrix-animation-transform" target="r_arm01_jnt/matrix"/></animation></animation>
    <animation id="r_arm02_jnt-anim" name="r_arm02_jnt"><animation><source id="r_arm02_jnt-Matrix-animation-input"><float_array id="r_arm02_jnt-Matrix-animation-input-array" count="15">

0.000000 0.033333 0.066667 0.100000 0.133333 0.166667 0.200000 0.233333 0.266667 0.300000 0.333333 0.366667 0.400000 0.433333 0.466667</float_array><technique_common><accessor source="#r_arm02_jnt-Matrix-animation-input-array" count="15"><param name="TIME" type="float"/></accessor></technique_common></source><source id="r_arm02_jnt-Matrix-animation-output-transform"><float_array id="r_arm02_jnt-Matrix-animation-output-transform-array" count="240">

0.905307 0.142256 -0.400227 1.138730 0.335785 -0.816738 0.469241 0.000000 -0.260129 -0.559197 -0.787167 0.000000 0.000000 0.000000 0.000000 1.000000
0.908236 0.138059 -0.395027 1.138730 0.330906 -0.814788 0.476048 0.000000 -0.256141 -0.563081 -0.785705 0.000000 0.000000 0.000000 0.000000 1.000000
0.915612 0.127333 -0.381368 1.138730 0.318084 -0.809571 0.493374 0.000000 -0.245921 -0.573046 -0.781755 0.000000 0.000000 0.000000 0.000000 1.000000
0.925268 0.112905 -0.362121 1.138730 0.300010 -0.802005 0.516510 0.000000 -0.232106 -0.586550 -0.775942 0.000000 0.000000 0.000000 0.000000 1.000000
0.935203 0.097515 -0.340421 1.138730 0.279622 -0.793205 0.540960 0.000000 -0.217272 -0.601096 -0.769075 0.000000 0.000000 0.000000 0.000000 1.000000
0.943761 0.083707 -0.319856 1.138730 0.260293 -0.784630 0.562675 0.000000 -0.203869 -0.614287 -0.762292 0.000000 0.000000 0.000000 0.000000 1.000000
0.949669 0.073809 -0.304435 1.138730 0.245794 -0.778064 0.578102 0.000000 -0.194201 -0.623834 -0.757045 0.000000 0.000000 0.000000 0.000000 1.000000
0.951878 0.070018 -0.298370 1.138730 0.240091 -0.775452 0.583978 0.000000 -0.190483 -0.627512 -0.754947 0.000000 0.000000 0.000000 0.000000 1.000000
0.949669 0.073809 -0.304435 1.138730 0.245794 -0.778064 0.578102 0.000000 -0.194201 -0.623834 -0.757045 0.000000 0.000000 0.000000 0.000000 1.000000
0.943761 0.083707 -0.319856 1.138730 0.260293 -0.784630 0.562675 0.000000 -0.203869 -0.614287 -0.762292 0.000000 0.000000 0.000000 0.000000 1.000000
0.935203 0.097515 -0.340421 1.138730 0.279622 -0.793205 0.540960 0.000000 -0.217272 -0.601096 -0.769075 0.000000 0.000000 0.000000 0.000000 1.000000
0.925268 0.112905 -0.362121 1.138730 0.300010 -0.802005 0.516510 0.000000 -0.232106 -0.586550 -0.775942 0.000000 0.000000 0.000000 0.000000 1.000000
0.915612 0.127333 -0.381368 1.138730 0.318084 -0.809571 0.493374 0.000000 -0.245921 -0.573046 -0.781755 0.000000 0.000000 0.000000 0.000000 1.000000
0.908236 0.138059 -0.395027 1.138730 0.330906 -0.814788 0.476048 0.000000 -0.256141 -0.563081 -0.785705 0.000000 0.000000 0.000000 0.000000 1.000000
0.905307 0.142256 -0.400227 1.138730 0.335785 -0.816738 0.469241 0.000000 -0.260129 -0.559197 -0.787167 0.000000 0.000000 0.000000 0.000000 1.000000</float_array><technique_common><accessor source="#r_arm02_jnt-Matrix-animation-output-transform-array" count="15" stride="16"><param type="float4x4"/></accessor></technique_common></source><source id="r_arm02_jnt-Interpolations"><Name_array id="r_arm02_jnt-Interpolations-array" count="15">
 LINEAR LINEAR LINEAR LINEAR LINEAR LINEAR LINEAR LINEAR LINEAR LINEAR LINEAR
LINEAR LINEAR LINEAR LINEAR</Name_array><technique_common><accessor source="#r_arm02_jnt-Interpolations-array" count="15"><param type="name"/></accessor></technique_common></source><sampler id="r_arm02_jnt-Matrix-animation-transform"><input semantic="INPUT" source="#r_arm02_jnt-Matrix-animation-input"/><input semantic="OUTPUT" source="#r_arm02_jnt-Matrix-animation-output-transform"/><input semantic="INTERPOLATION" source="#r_arm02_jnt-Interpolations"/></sampler><channel source="#r_arm02_jnt-Matrix-animation-transform" target="r_arm02_jnt/matrix"/></animation></animation>
    <animation id="r_arm03_jnt-anim" name="r_arm03_jnt"><animation><source id="r_arm03_jnt-Matrix-animation-input"><float_array id="r_arm03_jnt-Matrix-animation-input-array" count="15">

0.000000 0.033333 0.066667 0.100000 0.133333 0.166667 0.200000 0.233333 0.266667 0.300000 0.333333 0.366667 0.400000 0.433333 0.466667</float_array><technique_common><accessor source="#r_arm03_jnt-Matrix-animation-input-array" count="15"><param name="TIME" type="float"/></accessor></technique_common></source><source id="r_arm03_jnt-Matrix-animation-output-transform"><float_array id="r_arm03_jnt-Matrix-animation-output-transform-array" count="240">

0.669912 -0.710344 0.215940 0.839582 0.591307 0.686360 0.423398 0.000000 -0.448971 -0.155953 0.879832 0.000000 0.000000 0.000000 0.000000 1.000000
0.670012 -0.710227 0.216012 0.839582 0.591193 0.686481 0.423362 0.000000 -0.448971 -0.155953 0.879832 -0.000000 0.000000 0.000000 0.000000 1.000000
0.670282 -0.709913 0.216206 0.839582 0.590886 0.686806 0.423263 0.000000 -0.448971 -0.155953 0.879832 0.000000 0.000000 0.000000 0.000000 1.000000
0.670675 -0.709456 0.216487 0.839582 0.590440 0.687278 0.423119 0.000000 -0.448971 -0.155953 0.879832 0.000000 0.000000 0.000000 0.000000 1.000000
0.671144 -0.708910 0.216823 0.839582 0.589907 0.687841 0.422947 0.000000 -0.448971 -0.155953 0.879832 -0.000000 0.000000 0.000000 0.000000 1.000000
0.671640 -0.708331 0.217179 0.839582 0.589342 0.688437 0.422764 -0.000000 -0.448971 -0.155953 0.879832 0.000000 0.000000 0.000000 0.000000 1.000000
0.672115 -0.707776 0.217519 0.839582 0.588801 0.689008 0.422589 0.000000 -0.448971 -0.155953 0.879832 -0.000000 0.000000 0.000000 0.000000 1.000000
0.672517 -0.707305 0.217808 0.839582 0.588341 0.689492 0.422440 0.000000 -0.448971 -0.155953 0.879832 -0.000000 0.000000 0.000000 0.000000 1.000000
0.672797 -0.706977 0.218009 0.839582 0.588022 0.689828 0.422337 0.000000 -0.448971 -0.155953 0.879832 -0.000000 0.000000 0.000000 0.000000 1.000000
0.672901 -0.706854 0.218084 0.839582 0.587902 0.689953 0.422298 0.000000 -0.448971 -0.155953 0.879832 -0.000000 0.000000 0.000000 0.000000 1.000000
0.672585 -0.707226 0.217857 0.839582 0.588264 0.689573 0.422415 -0.000000 -0.448971 -0.155953 0.879832 0.000000 0.000000 0.000000 0.000000 1.000000
0.671835 -0.708103 0.217319 0.839582 0.589120 0.688672 0.422692 0.000000 -0.448971 -0.155953 0.879832 0.000000 0.000000 0.000000 0.000000 1.000000
0.670951 -0.709136 0.216684 0.839582 0.590127 0.687608 0.423018 0.000000 -0.448971 -0.155953 0.879832 -0.000000 0.000000 0.000000 0.000000 1.000000
0.670217 -0.709989 0.216159 0.839582 0.590960 0.686727 0.423287 0.000000 -0.448971 -0.155953 0.879832 -0.000000 0.000000 0.000000 0.000000 1.000000
0.669912 -0.710344 0.215940 0.839582 0.591307 0.686360 0.423398 0.000000 -0.448971 -0.155953 0.879832 -0.000000 0.000000 0.000000 0.000000 1.000000</float_array><technique_common><accessor source="#r_arm03_jnt-Matrix-animation-output-transform-array" count="15" stride="16"><param type="float4x4"/></accessor></technique_common></source><source id="r_arm03_jnt-Interpolations"><Name_array id="r_arm03_jnt-Interpolations-array" count="15">
 LINEAR LINEAR LINEAR LINEAR LINEAR LINEAR LINEAR LINEAR LINEAR LINEAR LINEAR
LINEAR LINEAR LINEAR LINEAR</Name_array><technique_common><accessor source="#r_arm03_jnt-Interpolations-array" count="15"><param type="name"/></accessor></technique_common></source><sampler id="r_arm03_jnt-Matrix-animation-transform"><input semantic="INPUT" source="#r_arm03_jnt-Matrix-animation-input"/><input semantic="OUTPUT" source="#r_arm03_jnt-Matrix-animation-output-transform"/><input semantic="INTERPOLATION" source="#r_arm03_jnt-Interpolations"/></sampler><channel source="#r_arm03_jnt-Matrix-animation-transform" target="r_arm03_jnt/matrix"/></animation></animation>
    <animation id="r_arm04_jnt-anim" name="r_arm04_jnt"><animation><source id="r_arm04_jnt-Matrix-animation-input"><float_array id="r_arm04_jnt-Matrix-animation-input-array" count="15">

0.000000 0.033333 0.066667 0.100000 0.133333 0.166667 0.200000 0.233333 0.266667 0.300000 0.333333 0.366667 0.400000 0.433333 0.466667</float_array><technique_common><accessor source="#r_arm04_jnt-Matrix-animation-input-array" count="15"><param name="TIME" type="float"/></accessor></technique_common></source><source id="r_arm04_jnt-Matrix-animation-output-transform"><float_array id="r_arm04_jnt-Matrix-animation-output-transform-array" count="240">

0.957905 -0.284989 -0.034633 3.327914 0.284680 0.958525 -0.013649 -0.000000 0.037086 0.003215 0.999307 -0.000000 0.000000 0.000000 0.000000 1.000000
0.957377 -0.286761 -0.034595 3.327914 0.286454 0.957997 -0.013638 -0.000000 0.037053 0.003147 0.999308 0.000000 0.000000 0.000000 0.000000 1.000000
0.955947 -0.291507 -0.034495 3.327914 0.291204 0.956564 -0.013607 -0.000000 0.036963 0.002963 0.999312 0.000000 0.000000 0.000000 0.000000 1.000000
0.953831 -0.298372 -0.034349 3.327914 0.298076 0.954446 -0.013562 -0.000000 0.036831 0.002698 0.999318 -0.000000 0.000000 0.000000 0.000000 1.000000
0.951256 -0.306501 -0.034177 3.327914 0.306213 0.951867 -0.013508 -0.000000 0.036672 0.002384 0.999325 0.000000 0.000000 0.000000 0.000000 1.000000
0.948469 -0.315042 -0.033996 3.327914 0.314762 0.949075 -0.013449 -0.000000 0.036502 0.002055 0.999331 0.000000 0.000000 0.000000 0.000000 1.000000
0.945744 -0.323147 -0.033824 3.327914 0.322874 0.946347 -0.013391 -0.000000 0.036337 0.001743 0.999338 0.000000 0.000000 0.000000 0.000000 1.000000
0.943389 -0.329973 -0.033680 3.327914 0.329707 0.943989 -0.013341 -0.000000 0.036195 0.001481 0.999344 0.000000 0.000000 0.000000 0.000000 1.000000
0.941732 -0.334683 -0.033580 3.327914 0.334421 0.942330 -0.013306 -0.000000 0.036097 0.001301 0.999347 0.000000 0.000000 0.000000 0.000000 1.000000
0.941108 -0.336439 -0.033543 3.327914 0.336178 0.941704 -0.013293 -0.000000 0.036060 0.001233 0.999349 0.000000 0.000000 0.000000 0.000000 1.000000
0.942991 -0.331111 -0.033656 3.327914 0.330846 0.943591 -0.013333 -0.000000 0.036172 0.001438 0.999345 -0.000000 0.000000 0.000000 0.000000 1.000000
0.947355 -0.318384 -0.033925 3.327914 0.318106 0.947960 -0.013425 -0.000000 0.036434 0.001926 0.999334 -0.000000 0.000000 0.000000 0.000000 1.000000
0.952326 -0.303153 -0.034248 3.327914 0.302861 0.952939 -0.013531 -0.000000 0.036738 0.002513 0.999322 0.000000 0.000000 0.000000 0.000000 1.000000
0.956294 -0.290361 -0.034519 3.327914 0.290057 0.956912 -0.013615 -0.000000 0.036985 0.003007 0.999311 0.000000 0.000000 0.000000 0.000000 1.000000
0.957905 -0.284989 -0.034633 3.327914 0.284680 0.958525 -0.013649 -0.000000 0.037086 0.003215 0.999307 0.000000 0.000000 0.000000 0.000000 1.000000</float_array><technique_common><accessor source="#r_arm04_jnt-Matrix-animation-output-transform-array" count="15" stride="16"><param type="float4x4"/></accessor></technique_common></source><source id="r_arm04_jnt-Interpolations"><Name_array id="r_arm04_jnt-Interpolations-array" count="15">
 LINEAR LINEAR LINEAR LINEAR LINEAR LINEAR LINEAR LINEAR LINEAR LINEAR LINEAR
LINEAR LINEAR LINEAR LINEAR</Name_array><technique_common><accessor source="#r_arm04_jnt-Interpolations-array" count="15"><param type="name"/></accessor></technique_common></source><sampler id="r_arm04_jnt-Matrix-animation-transform"><input semantic="INPUT" source="#r_arm04_jnt-Matrix-animation-input"/><input semantic="OUTPUT" source="#r_arm04_jnt-Matrix-animation-output-transform"/><input semantic="INTERPOLATION" source="#r_arm04_jnt-Interpolations"/></sampler><channel source="#r_arm04_jnt-Matrix-animation-transform" target="r_arm04_jnt/matrix"/></animation></animation>
    <animation id="r_arm05_jnt-anim" name="r_arm05_jnt"><animation><source id="r_arm05_jnt-Matrix-animation-input"><float_array id="r_arm05_jnt-Matrix-animation-input-array" count="15">

0.000000 0.033333 0.066667 0.100000 0.133333 0.166667 0.200000 0.233333 0.266667 0.300000 0.333333 0.366667 0.400000 0.433333 0.466667</float_array><technique_common><accessor source="#r_arm05_jnt-Matrix-animation-input-array" count="15"><param name="TIME" type="float"/></accessor></technique_common></source><source id="r_arm05_jnt-Matrix-animation-output-transform"><float_array id="r_arm05_jnt-Matrix-animation-output-transform-array" count="240">

-0.112999 0.993593 0.002268 1.353106 -0.993593 -0.112993 -0.002540 -0.000000 -0.002268 -0.002540 0.999994 0.000000 0.000000 0.000000 0.000000 1.000000
-0.112999 0.993593 0.002268 1.353106 -0.993593 -0.112993 -0.002540 -0.000000 -0.002268 -0.002540 0.999994 -0.000000 0.000000 0.000000 0.000000 1.000000
-0.112999 0.993593 0.002268 1.353106 -0.993593 -0.112993 -0.002540 -0.000000 -0.002268 -0.002540 0.999994 -0.000000 0.000000 0.000000 0.000000 1.000000
-0.112999 0.993593 0.002268 1.353106 -0.993593 -0.112993 -0.002540 -0.000000 -0.002268 -0.002540 0.999994 0.000000 0.000000 0.000000 0.000000 1.000000
-0.112999 0.993593 0.002268 1.353106 -0.993593 -0.112993 -0.002540 -0.000000 -0.002268 -0.002540 0.999994 -0.000000 0.000000 0.000000 0.000000 1.000000
-0.112999 0.993593 0.002268 1.353106 -0.993593 -0.112993 -0.002540 -0.000000 -0.002268 -0.002540 0.999994 0.000000 0.000000 0.000000 0.000000 1.000000
-0.112999 0.993593 0.002268 1.353106 -0.993593 -0.112993 -0.002540 -0.000000 -0.002268 -0.002540 0.999994 -0.000000 0.000000 0.000000 0.000000 1.000000
-0.112999 0.993593 0.002268 1.353106 -0.993593 -0.112993 -0.002540 0.000000 -0.002268 -0.002540 0.999994 -0.000000 0.000000 0.000000 0.000000 1.000000
-0.112999 0.993593 0.002268 1.353106 -0.993593 -0.112993 -0.002540 -0.000000 -0.002268 -0.002540 0.999994 -0.000000 0.000000 0.000000 0.000000 1.000000
-0.112999 0.993593 0.002268 1.353106 -0.993593 -0.112993 -0.002540 -0.000000 -0.002268 -0.002540 0.999994 -0.000000 0.000000 0.000000 0.000000 1.000000
-0.112999 0.993593 0.002268 1.353106 -0.993593 -0.112993 -0.002540 -0.000000 -0.002268 -0.002540 0.999994 -0.000000 0.000000 0.000000 0.000000 1.000000
-0.112999 0.993593 0.002268 1.353106 -0.993593 -0.112993 -0.002540 -0.000000 -0.002268 -0.002540 0.999994 -0.000000 0.000000 0.000000 0.000000 1.000000
-0.112999 0.993593 0.002268 1.353106 -0.993593 -0.112993 -0.002540 -0.000000 -0.002268 -0.002540 0.999994 -0.000000 0.000000 0.000000 0.000000 1.000000
-0.112999 0.993593 0.002268 1.353106 -0.993593 -0.112993 -0.002540 -0.000000 -0.002268 -0.002540 0.999994 0.000000 0.000000 0.000000 0.000000 1.000000
-0.112999 0.993593 0.002268 1.353106 -0.993593 -0.112993 -0.002540 -0.000000 -0.002268 -0.002540 0.999994 0.000000 0.000000 0.000000 0.000000 1.000000</float_array><technique_common><accessor source="#r_arm05_jnt-Matrix-animation-output-transform-array" count="15" stride="16"><param type="float4x4"/></accessor></technique_common></source><source id="r_arm05_jnt-Interpolations"><Name_array id="r_arm05_jnt-Interpolations-array" count="15">
 LINEAR LINEAR LINEAR LINEAR LINEAR LINEAR LINEAR LINEAR LINEAR LINEAR LINEAR
LINEAR LINEAR LINEAR LINEAR</Name_array><technique_common><accessor source="#r_arm05_jnt-Interpolations-array" count="15"><param type="name"/></accessor></technique_common></source><sampler id="r_arm05_jnt-Matrix-animation-transform"><input semantic="INPUT" source="#r_arm05_jnt-Matrix-animation-input"/><input semantic="OUTPUT" source="#r_arm05_jnt-Matrix-animation-output-transform"/><input semantic="INTERPOLATION" source="#r_arm05_jnt-Interpolations"/></sampler><channel source="#r_arm05_jnt-Matrix-animation-transform" target="r_arm05_jnt/matrix"/></animation></animation>
    <animation id="scythe01_jnt-anim" name="scythe01_jnt"><animation><source id="scythe01_jnt-Matrix-animation-input"><float_array id="scythe01_jnt-Matrix-animation-input-array" count="15">

0.000000 0.033333 0.066667 0.100000 0.133333 0.166667 0.200000 0.233333 0.266667 0.300000 0.333333 0.366667 0.400000 0.433333 0.466667</float_array><technique_common><accessor source="#scythe01_jnt-Matrix-animation-input-array" count="15"><param name="TIME" type="float"/></accessor></technique_common></source><source id="scythe01_jnt-Matrix-animation-output-transform"><float_array id="scythe01_jnt-Matrix-animation-output-transform-array" count="240">

0.006696 -0.999976 -0.001638 4.703162 0.999965 0.006704 -0.005079 0.000000 0.005090 -0.001604 0.999986 0.000000 0.000000 0.000000 0.000000 1.000000
0.004932 -0.999986 -0.001638 4.703162 0.999975 0.004940 -0.005041 0.000000 0.005049 -0.001613 0.999986 0.000000 0.000000 0.000000 0.000000 1.000000
0.000208 -0.999999 -0.001637 4.703162 0.999988 0.000216 -0.004938 0.000000 0.004939 -0.001636 0.999986 0.000000 0.000000 0.000000 0.000000 1.000000
-0.006624 -0.999977 -0.001638 4.703162 0.999967 -0.006616 -0.004790 0.000000 0.004779 -0.001670 0.999987 0.000000 0.000000 0.000000 0.000000 1.000000
-0.014713 -0.999890 -0.001640 4.703162 0.999881 -0.014705 -0.004615 0.000000 0.004590 -0.001707 0.999988 0.000000 0.000000 0.000000 0.000000 1.000000
-0.023211 -0.999729 -0.001643 4.703162 0.999721 -0.023204 -0.004431 0.000000 0.004391 -0.001746 0.999989 0.000000 0.000000 0.000000 0.000000 1.000000
-0.031274 -0.999509 -0.001648 4.703162 0.999502 -0.031267 -0.004256 0.000000 0.004202 -0.001780 0.999990 0.000000 0.000000 0.000000 0.000000 1.000000
-0.038065 -0.999274 -0.001653 4.703162 0.999267 -0.038058 -0.004109 0.000000 0.004043 -0.001808 0.999990 0.000000 0.000000 0.000000 0.000000 1.000000
-0.042750 -0.999084 -0.001657 4.703162 0.999078 -0.042743 -0.004007 0.000000 0.003933 -0.001827 0.999991 0.000000 0.000000 0.000000 0.000000 1.000000
-0.044497 -0.999008 -0.001659 4.703162 0.999002 -0.044490 -0.003969 0.000000 0.003891 -0.001834 0.999991 0.000000 0.000000 0.000000 0.000000 1.000000
-0.039197 -0.999230 -0.001654 4.703162 0.999223 -0.039190 -0.004084 0.000000 0.004016 -0.001813 0.999990 0.000000 0.000000 0.000000 0.000000 1.000000
-0.026536 -0.999647 -0.001645 4.703162 0.999639 -0.026528 -0.004359 0.000000 0.004313 -0.001760 0.999989 0.000000 0.000000 0.000000 0.000000 1.000000
-0.011381 -0.999934 -0.001639 4.703162 0.999924 -0.011373 -0.004687 0.000000 0.004668 -0.001692 0.999988 0.000000 0.000000 0.000000 0.000000 1.000000
0.001349 -0.999998 -0.001637 4.703162 0.999987 0.001357 -0.004963 0.000000 0.004965 -0.001631 0.999986 0.000000 0.000000 0.000000 0.000000 1.000000
0.006696 -0.999976 -0.001638 4.703162 0.999965 0.006704 -0.005079 0.000000 0.005090 -0.001604 0.999986 0.000000 0.000000 0.000000 0.000000 1.000000</float_array><technique_common><accessor source="#scythe01_jnt-Matrix-animation-output-transform-array" count="15" stride="16"><param type="float4x4"/></accessor></technique_common></source><source id="scythe01_jnt-Interpolations"><Name_array id="scythe01_jnt-Interpolations-array" count="15">
 LINEAR LINEAR LINEAR LINEAR LINEAR LINEAR LINEAR LINEAR LINEAR LINEAR LINEAR
LINEAR LINEAR LINEAR LINEAR</Name_array><technique_common><accessor source="#scythe01_jnt-Interpolations-array" count="15"><param type="name"/></accessor></technique_common></source><sampler id="scythe01_jnt-Matrix-animation-transform"><input semantic="INPUT" source="#scythe01_jnt-Matrix-animation-input"/><input semantic="OUTPUT" source="#scythe01_jnt-Matrix-animation-output-transform"/><input semantic="INTERPOLATION" source="#scythe01_jnt-Interpolations"/></sampler><channel source="#scythe01_jnt-Matrix-animation-transform" target="scythe01_jnt/matrix"/></animation></animation>
    <animation id="scythe02_jnt-anim" name="scythe02_jnt"><animation><source id="scythe02_jnt-Matrix-animation-input"><float_array id="scythe02_jnt-Matrix-animation-input-array" count="15">

0.000000 0.033333 0.066667 0.100000 0.133333 0.166667 0.200000 0.233333 0.266667 0.300000 0.333333 0.366667 0.400000 0.433333 0.466667</float_array><technique_common><accessor source="#scythe02_jnt-Matrix-animation-input-array" count="15"><param name="TIME" type="float"/></accessor></technique_common></source><source id="scythe02_jnt-Matrix-animation-output-transform"><float_array id="scythe02_jnt-Matrix-animation-output-transform-array" count="240">

0.923010 -0.384685 0.008339 2.551548 0.384685 0.923047 0.001668 0.000000 -0.008339 0.001668 0.999964 -0.000000 0.000000 0.000000 0.000000 1.000000
0.923010 -0.384685 0.008339 2.551548 0.384685 0.923047 0.001668 0.000000 -0.008339 0.001668 0.999964 -0.000000 0.000000 0.000000 0.000000 1.000000
0.923010 -0.384685 0.008339 2.551548 0.384685 0.923047 0.001668 0.000000 -0.008339 0.001668 0.999964 -0.000000 0.000000 0.000000 0.000000 1.000000
0.923010 -0.384685 0.008339 2.551548 0.384685 0.923047 0.001668 0.000000 -0.008339 0.001668 0.999964 -0.000000 0.000000 0.000000 0.000000 1.000000
0.923010 -0.384685 0.008339 2.551548 0.384685 0.923047 0.001668 0.000000 -0.008339 0.001668 0.999964 -0.000000 0.000000 0.000000 0.000000 1.000000
