<?xml version="1.0" encoding="utf-8"?>
<COLLADA xmlns="http://www.collada.org/2005/11/COLLADASchema" version="1.4.1">
  <asset><contributor><author></author><authoring_tool>FBX COLLADA exporter</authoring_tool><comments></comments></contributor><created>2020-03-27T09:01:24Z</created><keywords></keywords><modified>2020-03-27T09:01:24Z</modified><revision></revision><subject></subject><title></title><unit meter="0.010000" name="centimeter"></unit><up_axis>Y_UP</up_axis></asset>
  <library_animations>
    <animation id="root_jnt-anim" name="root_jnt"><animation><source id="root_jnt-Matrix-animation-input"><float_array id="root_jnt-Matrix-animation-input-array" count="91">

0.000000 0.033333 0.066667 0.100000 0.133333 0.166667 0.200000 0.233333 0.266667 0.300000 0.333333 0.366667 0.400000 0.433333 0.466667 0.500000
0.533333 0.566667 0.600000 0.633333 0.666667 0.700000 0.733333 0.766667 0.800000 0.833333 0.866667 0.900000 0.933333 0.966667 1.000000 1.033333
1.066667 1.100000 1.133333 1.166667 1.200000 1.233333 1.266667 1.300000 1.333333 1.366667 1.400000 1.433333 1.466667 1.500000 1.533333 1.566667
1.600000 1.633333 1.666667 1.700000 1.733333 1.766667 1.800000 1.833333 1.866667 1.900000 1.933333 1.966667 2.000000 2.033333 2.066667 2.100000
2.133333 2.166667 2.200000 2.233333 2.266667 2.300000 2.333333 2.366667 2.400000 2.433333 2.466667 2.500000 2.533333 2.566667 2.600000 2.633333
2.666667 2.700000 2.733333 2.766667 2.800000 2.833333 2.866667 2.900000 2.933333 2.966667 3.000000</float_array><technique_common><accessor source="#root_jnt-Matrix-animation-input-array" count="91"><param name="TIME" type="float"/></accessor></technique_common></source><source id="root_jnt-Matrix-animation-output-transform"><float_array id="root_jnt-Matrix-animation-output-transform-array" count="1456">

1.000000 0.000000 0.000000 0.000000 0.000000 1.000000 0.000000 0.000000 0.000000 0.000000 1.000000 0.000000 0.000000 0.000000 0.000000 1.000000
1.000000 0.000000 0.000000 0.000000 0.000000 1.000000 0.000000 0.000000 0.000000 0.000000 1.000000 0.000000 0.000000 0.000000 0.000000 1.000000
1.000000 0.000000 0.000000 0.000000 0.000000 1.000000 0.000000 0.000000 0.000000 0.000000 1.000000 0.000000 0.000000 0.000000 0.000000 1.000000
1.000000 0.000000 0.000000 0.000000 0.000000 1.000000 0.000000 0.000000 0.000000 0.000000 1.000000 0.000000 0.000000 0.000000 0.000000 1.000000
1.000000 0.000000 0.000000 0.000000 0.000000 1.000000 0.000000 0.000000 0.000000 0.000000 1.000000 0.000000 0.000000 0.000000 0.000000 1.000000
1.000000 0.000000 0.000000 0.000000 0.000000 1.000000 0.000000 0.000000 0.000000 0.000000 1.000000 0.000000 0.000000 0.000000 0.000000 1.000000
1.000000 0.000000 0.000000 0.000000 0.000000 1.000000 0.000000 0.000000 0.000000 0.000000 1.000000 0.000000 0.000000 0.000000 0.000000 1.000000
1.000000 0.000000 0.000000 0.000000 0.000000 1.000000 0.000000 0.000000 0.000000 0.000000 1.000000 0.000000 0.000000 0.000000 0.000000 1.000000
1.000000 0.000000 0.000000 0.000000 0.000000 1.000000 0.000000 0.000000 0.000000 0.000000 1.000000 0.000000 0.000000 0.000000 0.000000 1.000000
1.000000 0.000000 0.000000 0.000000 0.000000 1.000000 0.000000 0.000000 0.000000 0.000000 1.000000 0.000000 0.000000 0.000000 0.000000 1.000000
1.000000 0.000000 0.000000 0.000000 0.000000 1.000000 0.000000 0.000000 0.000000 0.000000 1.000000 0.000000 0.000000 0.000000 0.000000 1.000000
1.000000 0.000000 0.000000 0.000000 0.000000 1.000000 0.000000 0.000000 0.000000 0.000000 1.000000 0.000000 0.000000 0.000000 0.000000 1.000000
1.000000 0.000000 0.000000 0.000000 0.000000 1.000000 0.000000 0.000000 0.000000 0.000000 1.000000 0.000000 0.000000 0.000000 0.000000 1.000000
1.000000 0.000000 0.000000 0.000000 0.000000 1.000000 0.000000 0.000000 0.000000 0.000000 1.000000 0.000000 0.000000 0.000000 0.000000 1.000000
1.000000 0.000000 0.000000 0.000000 0.000000 1.000000 0.000000 0.000000 0.000000 0.000000 1.000000 0.000000 0.000000 0.000000 0.000000 1.000000
1.000000 0.000000 0.000000 0.000000 0.000000 1.000000 0.000000 0.000000 0.000000 0.000000 1.000000 0.000000 0.000000 0.000000 0.000000 1.000000
1.000000 0.000000 0.000000 0.000000 0.000000 1.000000 0.000000 0.000000 0.000000 0.000000 1.000000 0.000000 0.000000 0.000000 0.000000 1.000000
1.000000 0.000000 0.000000 0.000000 0.000000 1.000000 0.000000 0.000000 0.000000 0.000000 1.000000 0.000000 0.000000 0.000000 0.000000 1.000000
1.000000 0.000000 0.000000 0.000000 0.000000 1.000000 0.000000 0.000000 0.000000 0.000000 1.000000 0.000000 0.000000 0.000000 0.000000 1.000000
1.000000 0.000000 0.000000 0.000000 0.000000 1.000000 0.000000 0.000000 0.000000 0.000000 1.000000 0.000000 0.000000 0.000000 0.000000 1.000000
1.000000 0.000000 0.000000 0.000000 0.000000 1.000000 0.000000 0.000000 0.000000 0.000000 1.000000 0.000000 0.000000 0.000000 0.000000 1.000000
1.000000 0.000000 0.000000 0.000000 0.000000 1.000000 0.000000 0.000000 0.000000 0.000000 1.000000 0.000000 0.000000 0.000000 0.000000 1.000000
1.000000 0.000000 0.000000 0.000000 0.000000 1.000000 0.000000 0.000000 0.000000 0.000000 1.000000 0.000000 0.000000 0.000000 0.000000 1.000000
1.000000 0.000000 0.000000 0.000000 0.000000 1.000000 0.000000 0.000000 0.000000 0.000000 1.000000 0.000000 0.000000 0.000000 0.000000 1.000000
1.000000 0.000000 0.000000 0.000000 0.000000 1.000000 0.000000 0.000000 0.000000 0.000000 1.000000 0.000000 0.000000 0.000000 0.000000 1.000000
1.000000 0.000000 0.000000 0.000000 0.000000 1.000000 0.000000 0.000000 0.000000 0.000000 1.000000 0.000000 0.000000 0.000000 0.000000 1.000000
1.000000 0.000000 0.000000 0.000000 0.000000 1.000000 0.000000 0.000000 0.000000 0.000000 1.000000 0.000000 0.000000 0.000000 0.000000 1.000000
1.000000 0.000000 0.000000 0.000000 0.000000 1.000000 0.000000 0.000000 0.000000 0.000000 1.000000 0.000000 0.000000 0.000000 0.000000 1.000000
1.000000 0.000000 0.000000 0.000000 0.000000 1.000000 0.000000 0.000000 0.000000 0.000000 1.000000 0.000000 0.000000 0.000000 0.000000 1.000000
1.000000 0.000000 0.000000 0.000000 0.000000 1.000000 0.000000 0.000000 0.000000 0.000000 1.000000 0.000000 0.000000 0.000000 0.000000 1.000000
1.000000 0.000000 0.000000 0.000000 0.000000 1.000000 0.000000 0.000000 0.000000 0.000000 1.000000 0.000000 0.000000 0.000000 0.000000 1.000000
1.000000 0.000000 0.000000 0.000000 0.000000 1.000000 0.000000 0.000000 0.000000 0.000000 1.000000 0.000000 0.000000 0.000000 0.000000 1.000000
1.000000 0.000000 0.000000 0.000000 0.000000 1.000000 0.000000 0.000000 0.000000 0.000000 1.000000 0.000000 0.000000 0.000000 0.000000 1.000000
1.000000 0.000000 0.000000 0.000000 0.000000 1.000000 0.000000 0.000000 0.000000 0.000000 1.000000 0.000000 0.000000 0.000000 0.000000 1.000000
1.000000 0.000000 0.000000 0.000000 0.000000 1.000000 0.000000 0.000000 0.000000 0.000000 1.000000 0.000000 0.000000 0.000000 0.000000 1.000000
1.000000 0.000000 0.000000 0.000000 0.000000 1.000000 0.000000 0.000000 0.000000 0.000000 1.000000 0.000000 0.000000 0.000000 0.000000 1.000000
1.000000 0.000000 0.000000 0.000000 0.000000 1.000000 0.000000 0.000000 0.000000 0.000000 1.000000 0.000000 0.000000 0.000000 0.000000 1.000000
1.000000 0.000000 0.000000 0.000000 0.000000 1.000000 0.000000 0.000000 0.000000 0.000000 1.000000 0.000000 0.000000 0.000000 0.000000 1.000000
1.000000 0.000000 0.000000 0.000000 0.000000 1.000000 0.000000 0.000000 0.000000 0.000000 1.000000 0.000000 0.000000 0.000000 0.000000 1.000000
1.000000 0.000000 0.000000 0.000000 0.000000 1.000000 0.000000 0.000000 0.000000 0.000000 1.000000 0.000000 0.000000 0.000000 0.000000 1.000000
1.000000 0.000000 0.000000 0.000000 0.000000 1.000000 0.000000 0.000000 0.000000 0.000000 1.000000 0.000000 0.000000 0.000000 0.000000 1.000000
1.000000 0.000000 0.000000 0.000000 0.000000 1.000000 0.000000 0.000000 0.000000 0.000000 1.000000 0.000000 0.000000 0.000000 0.000000 1.000000
1.000000 0.000000 0.000000 0.000000 0.000000 1.000000 0.000000 0.000000 0.000000 0.000000 1.000000 0.000000 0.000000 0.000000 0.000000 1.000000
1.000000 0.000000 0.000000 0.000000 0.000000 1.000000 0.000000 0.000000 0.000000 0.000000 1.000000 0.000000 0.000000 0.000000 0.000000 1.000000
1.000000 0.000000 0.000000 0.000000 0.000000 1.000000 0.000000 0.000000 0.000000 0.000000 1.000000 0.000000 0.000000 0.000000 0.000000 1.000000
1.000000 0.000000 0.000000 0.000000 0.000000 1.000000 0.000000 0.000000 0.000000 0.000000 1.000000 0.000000 0.000000 0.000000 0.000000 1.000000
1.000000 0.000000 0.000000 0.000000 0.000000 1.000000 0.000000 0.000000 0.000000 0.000000 1.000000 0.000000 0.000000 0.000000 0.000000 1.000000
1.000000 0.000000 0.000000 0.000000 0.000000 1.000000 0.000000 0.000000 0.000000 0.000000 1.000000 0.000000 0.000000 0.000000 0.000000 1.000000
1.000000 0.000000 0.000000 0.000000 0.000000 1.000000 0.000000 0.000000 0.000000 0.000000 1.000000 0.000000 0.000000 0.000000 0.000000 1.000000
1.000000 0.000000 0.000000 0.000000 0.000000 1.000000 0.000000 0.000000 0.000000 0.000000 1.000000 0.000000 0.000000 0.000000 0.000000 1.000000
1.000000 0.000000 0.000000 0.000000 0.000000 1.000000 0.000000 0.000000 0.000000 0.000000 1.000000 0.000000 0.000000 0.000000 0.000000 1.000000
1.000000 0.000000 0.000000 0.000000 0.000000 1.000000 0.000000 0.000000 0.000000 0.000000 1.000000 0.000000 0.000000 0.000000 0.000000 1.000000
1.000000 0.000000 0.000000 0.000000 0.000000 1.000000 0.000000 0.000000 0.000000 0.000000 1.000000 0.000000 0.000000 0.000000 0.000000 1.000000
1.000000 0.000000 0.000000 0.000000 0.000000 1.000000 0.000000 0.000000 0.000000 0.000000 1.000000 0.000000 0.000000 0.000000 0.000000 1.000000
1.000000 0.000000 0.000000 0.000000 0.000000 1.000000 0.000000 0.000000 0.000000 0.000000 1.000000 0.000000 0.000000 0.000000 0.000000 1.000000
1.000000 0.000000 0.000000 0.000000 0.000000 1.000000 0.000000 0.000000 0.000000 0.000000 1.000000 0.000000 0.000000 0.000000 0.000000 1.000000
1.000000 0.000000 0.000000 0.000000 0.000000 1.000000 0.000000 0.000000 0.000000 0.000000 1.000000 0.000000 0.000000 0.000000 0.000000 1.000000
1.000000 0.000000 0.000000 0.000000 0.000000 1.000000 0.000000 0.000000 0.000000 0.000000 1.000000 0.000000 0.000000 0.000000 0.000000 1.000000
1.000000 0.000000 0.000000 0.000000 0.000000 1.000000 0.000000 0.000000 0.000000 0.000000 1.000000 0.000000 0.000000 0.000000 0.000000 1.000000
1.000000 0.000000 0.000000 0.000000 0.000000 1.000000 0.000000 0.000000 0.000000 0.000000 1.000000 0.000000 0.000000 0.000000 0.000000 1.000000
1.000000 0.000000 0.000000 0.000000 0.000000 1.000000 0.000000 0.000000 0.000000 0.000000 1.000000 0.000000 0.000000 0.000000 0.000000 1.000000
1.000000 0.000000 0.000000 0.000000 0.000000 1.000000 0.000000 0.000000 0.000000 0.000000 1.000000 0.000000 0.000000 0.000000 0.000000 1.000000
1.000000 0.000000 0.000000 0.000000 0.000000 1.000000 0.000000 0.000000 0.000000 0.000000 1.000000 0.000000 0.000000 0.000000 0.000000 1.000000
1.000000 0.000000 0.000000 0.000000 0.000000 1.000000 0.000000 0.000000 0.000000 0.000000 1.000000 0.000000 0.000000 0.000000 0.000000 1.000000
1.000000 0.000000 0.000000 0.000000 0.000000 1.000000 0.000000 0.000000 0.000000 0.000000 1.000000 0.000000 0.000000 0.000000 0.000000 1.000000
1.000000 0.000000 0.000000 0.000000 0.000000 1.000000 0.000000 0.000000 0.000000 0.000000 1.000000 0.000000 0.000000 0.000000 0.000000 1.000000
1.000000 0.000000 0.000000 0.000000 0.000000 1.000000 0.000000 0.000000 0.000000 0.000000 1.000000 0.000000 0.000000 0.000000 0.000000 1.000000
1.000000 0.000000 0.000000 0.000000 0.000000 1.000000 0.000000 0.000000 0.000000 0.000000 1.000000 0.000000 0.000000 0.000000 0.000000 1.000000
1.000000 0.000000 0.000000 0.000000 0.000000 1.000000 0.000000 0.000000 0.000000 0.000000 1.000000 0.000000 0.000000 0.000000 0.000000 1.000000
1.000000 0.000000 0.000000 0.000000 0.000000 1.000000 0.000000 0.000000 0.000000 0.000000 1.000000 0.000000 0.000000 0.000000 0.000000 1.000000
1.000000 0.000000 0.000000 0.000000 0.000000 1.000000 0.000000 0.000000 0.000000 0.000000 1.000000 0.000000 0.000000 0.000000 0.000000 1.000000
1.000000 0.000000 0.000000 0.000000 0.000000 1.000000 0.000000 0.000000 0.000000 0.000000 1.000000 0.000000 0.000000 0.000000 0.000000 1.000000
1.000000 0.000000 0.000000 0.000000 0.000000 1.000000 0.000000 0.000000 0.000000 0.000000 1.000000 0.000000 0.000000 0.000000 0.000000 1.000000
1.000000 0.000000 0.000000 0.000000 0.000000 1.000000 0.000000 0.000000 0.000000 0.000000 1.000000 0.000000 0.000000 0.000000 0.000000 1.000000
1.000000 0.000000 0.000000 0.000000 0.000000 1.000000 0.000000 0.000000 0.000000 0.000000 1.000000 0.000000 0.000000 0.000000 0.000000 1.000000
1.000000 0.000000 0.000000 0.000000 0.000000 1.000000 0.000000 0.000000 0.000000 0.000000 1.000000 0.000000 0.000000 0.000000 0.000000 1.000000
1.000000 0.000000 0.000000 0.000000 0.000000 1.000000 0.000000 0.000000 0.000000 0.000000 1.000000 0.000000 0.000000 0.000000 0.000000 1.000000
1.000000 0.000000 0.000000 0.000000 0.000000 1.000000 0.000000 0.000000 0.000000 0.000000 1.000000 0.000000 0.000000 0.000000 0.000000 1.000000
1.000000 0.000000 0.000000 0.000000 0.000000 1.000000 0.000000 0.000000 0.000000 0.000000 1.000000 0.000000 0.000000 0.000000 0.000000 1.000000
1.000000 0.000000 0.000000 0.000000 0.000000 1.000000 0.000000 0.000000 0.000000 0.000000 1.000000 0.000000 0.000000 0.000000 0.000000 1.000000
1.000000 0.000000 0.000000 0.000000 0.000000 1.000000 0.000000 0.000000 0.000000 0.000000 1.000000 0.000000 0.000000 0.000000 0.000000 1.000000
1.000000 0.000000 0.000000 0.000000 0.000000 1.000000 0.000000 0.000000 0.000000 0.000000 1.000000 0.000000 0.000000 0.000000 0.000000 1.000000
1.000000 0.000000 0.000000 0.000000 0.000000 1.000000 0.000000 0.000000 0.000000 0.000000 1.000000 0.000000 0.000000 0.000000 0.000000 1.000000
1.000000 0.000000 0.000000 0.000000 0.000000 1.000000 0.000000 0.000000 0.000000 0.000000 1.000000 0.000000 0.000000 0.000000 0.000000 1.000000
1.000000 0.000000 0.000000 0.000000 0.000000 1.000000 0.000000 0.000000 0.000000 0.000000 1.000000 0.000000 0.000000 0.000000 0.000000 1.000000
1.000000 0.000000 0.000000 0.000000 0.000000 1.000000 0.000000 0.000000 0.000000 0.000000 1.000000 0.000000 0.000000 0.000000 0.000000 1.000000
1.000000 0.000000 0.000000 0.000000 0.000000 1.000000 0.000000 0.000000 0.000000 0.000000 1.000000 0.000000 0.000000 0.000000 0.000000 1.000000
1.000000 0.000000 0.000000 0.000000 0.000000 1.000000 0.000000 0.000000 0.000000 0.000000 1.000000 0.000000 0.000000 0.000000 0.000000 1.000000
1.000000 0.000000 0.000000 0.000000 0.000000 1.000000 0.000000 0.000000 0.000000 0.000000 1.000000 0.000000 0.000000 0.000000 0.000000 1.000000
1.000000 0.000000 0.000000 0.000000 0.000000 1.000000 0.000000 0.000000 0.000000 0.000000 1.000000 0.000000 0.000000 0.000000 0.000000 1.000000
1.000000 0.000000 0.000000 0.000000 0.000000 1.000000 0.000000 0.000000 0.000000 0.000000 1.000000 0.000000 0.000000 0.000000 0.000000 1.000000</float_array><technique_common><accessor source="#root_jnt-Matrix-animation-output-transform-array" count="91" stride="16"><param type="float4x4"/></accessor></technique_common></source><source id="root_jnt-Interpolations"><Name_array id="root_jnt-Interpolations-array" count="91">
 LINEAR LINEAR LINEAR LINEAR LINEAR LINEAR LINEAR LINEAR LINEAR LINEAR LINEAR
LINEAR LINEAR LINEAR LINEAR LINEAR LINEAR LINEAR LINEAR LINEAR LINEAR LINEAR LINEAR
LINEAR LINEAR LINEAR LINEAR LINEAR LINEAR LINEAR LINEAR LINEAR LINEAR LINEAR LINEAR
LINEAR LINEAR LINEAR LINEAR LINEAR LINEAR LINEAR LINEAR LINEAR LINEAR LINEAR LINEAR
LINEAR LINEAR LINEAR LINEAR LINEAR LINEAR LINEAR LINEAR LINEAR LINEAR LINEAR LINEAR
LINEAR LINEAR LINEAR LINEAR LINEAR LINEAR LINEAR LINEAR LINEAR LINEAR LINEAR LINEAR
LINEAR LINEAR LINEAR LINEAR LINEAR LINEAR LINEAR LINEAR LINEAR LINEAR LINEAR LINEAR
LINEAR LINEAR LINEAR LINEAR LINEAR LINEAR LINEAR LINEAR</Name_array><technique_common><accessor source="#root_jnt-Interpolations-array" count="91"><param type="name"/></accessor></technique_common></source><sampler id="root_jnt-Matrix-animation-transform"><input semantic="INPUT" source="#root_jnt-Matrix-animation-input"/><input semantic="OUTPUT" source="#root_jnt-Matrix-animation-output-transform"/><input semantic="INTERPOLATION" source="#root_jnt-Interpolations"/></sampler><channel source="#root_jnt-Matrix-animation-transform" target="root_jnt/matrix"/></animation></animation>
    <animation id="jnt_spine2-anim" name="jnt_spine2"><animation><source id="jnt_spine2-Matrix-animation-input"><float_array id="jnt_spine2-Matrix-animation-input-array" count="91">

0.000000 0.033333 0.066667 0.100000 0.133333 0.166667 0.200000 0.233333 0.266667 0.300000 0.333333 0.366667 0.400000 0.433333 0.466667 0.500000
0.533333 0.566667 0.600000 0.633333 0.666667 0.700000 0.733333 0.766667 0.800000 0.833333 0.866667 0.900000 0.933333 0.966667 1.000000 1.033333
1.066667 1.100000 1.133333 1.166667 1.200000 1.233333 1.266667 1.300000 1.333333 1.366667 1.400000 1.433333 1.466667 1.500000 1.533333 1.566667
1.600000 1.633333 1.666667 1.700000 1.733333 1.766667 1.800000 1.833333 1.866667 1.900000 1.933333 1.966667 2.000000 2.033333 2.066667 2.100000
2.133333 2.166667 2.200000 2.233333 2.266667 2.300000 2.333333 2.366667 2.400000 2.433333 2.466667 2.500000 2.533333 2.566667 2.600000 2.633333
2.666667 2.700000 2.733333 2.766667 2.800000 2.833333 2.866667 2.900000 2.933333 2.966667 3.000000</float_array><technique_common><accessor source="#jnt_spine2-Matrix-animation-input-array" count="91"><param name="TIME" type="float"/></accessor></technique_common></source><source id="jnt_spine2-Matrix-animation-output-transform"><float_array id="jnt_spine2-Matrix-animation-output-transform-array" count="1456">

0.993347 0.098515 -0.059644 -0.467351 -0.103505 0.990787 -0.087332 7.870280 0.050491 0.092925 0.994392 -0.307933 0.000000 0.000000 0.000000 1.000000
0.993828 0.097828 -0.052311 -0.467351 -0.102389 0.990379 -0.093093 7.777469 0.042700 0.097875 0.994282 -0.307933 0.000000 0.000000 0.000000 1.000000
0.994052 0.097490 -0.048541 -0.467351 -0.102196 0.989055 -0.106426 7.538113 0.037634 0.110753 0.993135 -0.307933 0.000000 0.000000 0.000000 1.000000
0.990308 0.100060 -0.096323 -0.467351 -0.111267 0.986636 -0.119035 7.210829 0.083125 0.128599 0.988207 -0.307933 0.000000 0.000000 0.000000 1.000000
0.980506 0.101547 -0.168217 -0.467351 -0.124029 0.983854 -0.129025 6.854238 0.152399 0.147373 0.977269 -0.307933 0.000000 0.000000 0.000000 1.000000
0.980901 0.099188 -0.167319 -0.467351 -0.124268 0.981333 -0.146775 6.526955 0.149637 0.164764 0.974916 -0.307933 0.000000 0.000000 0.000000 1.000000
0.992165 0.096873 -0.078888 -0.467351 -0.109186 0.979252 -0.170713 6.287599 0.060713 0.177989 0.982158 -0.307933 0.000000 0.000000 0.000000 1.000000
0.994041 0.095994 0.051648 -0.467351 -0.084797 0.978698 -0.186976 6.194787 -0.068497 0.181482 0.981006 -0.307933 0.000000 0.000000 0.000000 1.000000
0.987896 0.093486 0.123779 -0.467351 -0.069943 0.980719 -0.182480 6.281582 -0.138451 0.171614 0.975387 -0.307933 0.000000 0.000000 0.000000 1.000000
0.995536 0.092314 0.019642 -0.467351 -0.088215 0.984117 -0.154054 6.510405 -0.033552 0.151634 0.987867 -0.307933 0.000000 0.000000 0.000000 1.000000
0.977702 0.102826 -0.183098 -0.467351 -0.122333 0.987577 -0.098618 6.833914 0.170683 0.118818 0.978136 -0.307933 0.000000 0.000000 0.000000 1.000000
0.948912 0.120049 -0.291814 -0.467351 -0.137488 0.989698 -0.039929 7.204766 0.284014 0.078010 0.955641 -0.307933 0.000000 0.000000 0.000000 1.000000
0.966844 0.121031 -0.224866 -0.467351 -0.125943 0.992009 -0.007576 7.575617 0.222152 0.035645 0.974360 -0.307933 0.000000 0.000000 0.000000 1.000000
0.992490 0.099253 -0.071506 -0.467351 -0.098362 0.995024 0.015885 7.899127 0.072727 -0.008733 0.997314 -0.307933 0.000000 0.000000 0.000000 1.000000
0.994277 0.062730 0.086472 -0.467351 -0.066684 0.996820 0.043617 8.127950 -0.083461 -0.049133 0.995299 -0.307933 0.000000 0.000000 0.000000 1.000000
0.986341 0.037686 0.160350 -0.467351 -0.049734 0.996179 0.071797 8.214745 -0.157031 -0.078792 0.984446 -0.307933 0.000000 0.000000 0.000000 1.000000
0.996634 0.063488 0.051856 -0.467351 -0.068395 0.992724 0.099101 8.209743 -0.045187 -0.102314 0.993725 -0.307933 0.000000 0.000000 0.000000 1.000000
0.980931 0.123952 -0.149701 -0.467351 -0.103314 0.984951 0.138556 8.195285 0.164622 -0.120448 0.978975 -0.307933 0.000000 0.000000 0.000000 1.000000
0.957177 0.156766 -0.243387 -0.467351 -0.116658 0.978283 0.171327 8.172194 0.264960 -0.135597 0.954678 -0.307933 0.000000 0.000000 0.000000 1.000000
0.980511 0.125690 -0.150996 -0.467351 -0.098708 0.979692 0.174529 8.141291 0.169866 -0.156224 0.973006 -0.307933 0.000000 0.000000 0.000000 1.000000
0.997896 0.058660 0.027600 -0.467351 -0.062555 0.983046 0.172360 8.103398 -0.017022 -0.173724 0.984647 -0.307933 0.000000 0.000000 0.000000 1.000000
0.979569 -0.011515 0.200777 -0.467351 -0.025128 0.983527 0.179004 8.059340 -0.199530 -0.180392 0.963144 -0.307933 0.000000 0.000000 0.000000 1.000000
0.959778 -0.045282 0.277083 -0.467351 -0.007132 0.982657 0.185293 8.009935 -0.280668 -0.179816 0.942811 -0.307933 0.000000 0.000000 0.000000 1.000000
0.987331 -0.000828 0.158671 -0.467351 -0.028236 0.983109 0.180832 7.956009 -0.156140 -0.183021 0.970630 -0.307933 0.000000 0.000000 0.000000 1.000000
0.994041 0.084446 -0.068928 -0.467351 -0.070335 0.979977 0.186273 7.898383 0.083278 -0.180315 0.980077 -0.307933 0.000000 0.000000 0.000000 1.000000
0.972488 0.128918 -0.194029 -0.467351 -0.090378 0.976468 0.195812 7.837879 0.214706 -0.172889 0.961255 -0.307933 0.000000 0.000000 0.000000 1.000000
0.986509 0.100738 -0.129038 -0.467351 -0.075794 0.979734 0.185411 7.775320 0.145101 -0.173130 0.974152 -0.307933 0.000000 0.000000 0.000000 1.000000
0.998910 0.040020 0.024022 -0.467351 -0.043576 0.984014 0.172679 7.711526 -0.016727 -0.173537 0.984685 -0.307933 0.000000 0.000000 0.000000 1.000000
0.984176 -0.019747 0.176088 -0.467351 -0.010555 0.985473 0.169504 7.647322 -0.176877 -0.168680 0.969671 -0.307933 0.000000 0.000000 0.000000 1.000000
0.970098 -0.045163 0.238475 -0.467351 0.004545 0.985743 0.168194 7.583529 -0.242671 -0.162081 0.956473 -0.307933 0.000000 0.000000 0.000000 1.000000
0.994075 0.000652 0.108697 -0.467351 -0.018004 0.987157 0.158732 7.520969 -0.107198 -0.159749 0.981320 -0.307933 0.000000 0.000000 0.000000 1.000000
0.988597 0.081340 -0.126728 -0.467351 -0.060429 0.985120 0.160893 7.460465 0.137929 -0.151401 0.978802 -0.307933 0.000000 0.000000 0.000000 1.000000
0.959383 0.121911 -0.254405 -0.467351 -0.080258 0.982488 0.168152 7.402839 0.270449 -0.140905 0.952367 -0.307933 0.000000 0.000000 0.000000 1.000000
0.976461 0.096561 -0.192870 -0.467351 -0.066626 0.985495 0.156080 7.348913 0.205144 -0.139556 0.968731 -0.307933 0.000000 0.000000 0.000000 1.000000
0.998120 0.042689 -0.043985 -0.467351 -0.036053 0.989218 0.141941 7.299510 0.049570 -0.140088 0.988897 -0.307933 0.000000 0.000000 0.000000 1.000000
0.994395 -0.010187 0.105237 -0.467351 -0.004411 0.990484 0.137558 7.255450 -0.105637 -0.137251 0.984887 -0.307933 0.000000 0.000000 0.000000 1.000000
0.985386 -0.033110 0.167088 -0.467351 0.010174 0.990616 0.136298 7.217558 -0.170032 -0.132607 0.976476 -0.307933 0.000000 0.000000 0.000000 1.000000
0.999095 0.005878 0.042122 -0.467351 -0.011292 0.991516 0.129494 7.186655 -0.041003 -0.129852 0.990685 -0.307933 0.000000 0.000000 0.000000 1.000000
0.981059 0.074410 -0.178845 -0.467351 -0.050581 0.989650 0.134290 7.163564 0.186987 -0.122700 0.974669 -0.307933 0.000000 0.000000 0.000000 1.000000
0.950278 0.107984 -0.292081 -0.467351 -0.068162 0.987335 0.143262 7.149106 0.303852 -0.116230 0.945603 -0.307933 0.000000 0.000000 0.000000 1.000000
0.970716 0.084004 -0.225063 -0.467351 -0.054236 0.989315 0.135332 7.144104 0.234026 -0.119162 0.964900 -0.307933 0.000000 0.000000 0.000000 1.000000
0.996567 0.033985 -0.075492 -0.467351 -0.024129 0.991503 0.127826 7.148103 0.079195 -0.125566 0.988919 -0.307933 0.000000 0.000000 0.000000 1.000000
0.997120 -0.017087 0.073896 -0.467351 0.007226 0.991261 0.131714 7.159711 -0.075501 -0.130801 0.988530 -0.307933 0.000000 0.000000 0.000000 1.000000
0.989076 -0.042815 0.141055 -0.467351 0.022912 0.989913 0.139810 7.178341 -0.145618 -0.135051 0.980080 -0.307933 0.000000 0.000000 0.000000 1.000000
0.999261 -0.011191 0.036777 -0.467351 0.005868 0.989882 0.141774 7.203410 -0.037992 -0.141454 0.989216 -0.307933 0.000000 0.000000 0.000000 1.000000
0.986973 0.050885 -0.152629 -0.467351 -0.027624 0.988176 0.150818 7.234332 0.158499 -0.144637 0.976708 -0.307933 0.000000 0.000000 0.000000 1.000000
0.966278 0.081702 -0.244195 -0.467351 -0.041912 0.985585 0.163908 7.270521 0.254067 -0.148146 0.955773 -0.307933 0.000000 0.000000 0.000000 1.000000
0.983168 0.055607 -0.174038 -0.467351 -0.026192 0.985617 0.166953 7.311391 0.180819 -0.159584 0.970483 -0.307933 0.000000 0.000000 0.000000 1.000000
0.999391 0.002714 -0.034784 -0.467351 0.003311 0.985094 0.171985 7.356359 0.034733 -0.171996 0.984485 -0.307933 0.000000 0.000000 0.000000 1.000000
0.993861 -0.050514 0.098435 -0.467351 0.031676 0.982359 0.184301 7.404839 -0.106008 -0.180052 0.977928 -0.307933 0.000000 0.000000 0.000000 1.000000
0.984737 -0.076216 0.156476 -0.467351 0.044850 0.979781 0.194983 7.456244 -0.168173 -0.184989 0.968244 -0.307933 0.000000 0.000000 0.000000 1.000000
0.996908 -0.042624 0.066007 -0.467351 0.029116 0.980663 0.193525 7.509991 -0.072980 -0.191005 0.978872 -0.307933 0.000000 0.000000 0.000000 1.000000
0.994937 0.021405 -0.098192 -0.467351 -0.002065 0.981203 0.192965 7.565493 0.100477 -0.191785 0.976280 -0.307933 0.000000 0.000000 0.000000 1.000000
0.982057 0.053848 -0.180736 -0.467351 -0.017642 0.980399 0.196232 7.622166 0.187760 -0.189523 0.963757 -0.307933 0.000000 0.000000 0.000000 1.000000
0.991399 0.033089 -0.126622 -0.467351 -0.008040 0.981083 0.193422 7.679424 0.130627 -0.190741 0.972910 -0.307933 0.000000 0.000000 0.000000 1.000000
0.999837 -0.007474 -0.016439 -0.467351 0.010459 0.981773 0.189770 7.736682 0.014721 -0.189911 0.981691 -0.307933 0.000000 0.000000 0.000000 1.000000
0.995291 -0.042558 0.087087 -0.467351 0.025605 0.981980 0.187240 7.793355 -0.093486 -0.184128 0.978446 -0.307933 0.000000 0.000000 0.000000 1.000000
0.990530 -0.050400 0.127714 -0.467351 0.026770 0.983230 0.180395 7.848858 -0.134665 -0.175268 0.975267 -0.307933 0.000000 0.000000 0.000000 1.000000
0.998933 -0.010475 0.044984 -0.467351 0.002850 0.986065 0.166334 7.902605 -0.046099 -0.166028 0.985043 -0.307933 0.000000 0.000000 0.000000 1.000000
0.994118 0.048841 -0.096666 -0.467351 -0.033219 0.987028 0.157076 7.954010 0.103083 -0.152941 0.982844 -0.307933 0.000000 0.000000 0.000000 1.000000
0.982296 0.081267 -0.168789 -0.467351 -0.055646 0.986916 0.151331 8.002489 0.178879 -0.139259 0.973966 -0.307933 0.000000 0.000000 0.000000 1.000000
0.988862 0.075223 -0.128426 -0.467351 -0.057255 0.988737 0.138278 8.047457 0.137381 -0.129385 0.982032 -0.307933 0.000000 0.000000 0.000000 1.000000
0.997477 0.056034 -0.043577 -0.467351 -0.050311 0.991148 0.122857 8.088328 0.050075 -0.120354 0.991467 -0.307933 0.000000 0.000000 0.000000 1.000000
0.998581 0.040174 0.034955 -0.467351 -0.043778 0.993040 0.109338 8.124516 -0.030319 -0.110713 0.993390 -0.307933 0.000000 0.000000 0.000000 1.000000
0.997214 0.039887 0.063036 -0.467351 -0.045977 0.994094 0.098307 8.155438 -0.058743 -0.100931 0.993158 -0.307933 0.000000 0.000000 0.000000 1.000000
0.997820 0.065876 -0.003944 -0.467351 -0.065230 0.993575 0.092483 8.180507 0.010011 -0.092024 0.995706 -0.307933 0.000000 0.000000 0.000000 1.000000
0.988759 0.100211 -0.110967 -0.467351 -0.089848 0.991438 0.094757 8.199138 0.119512 -0.083722 0.989296 -0.307933 0.000000 0.000000 0.000000 1.000000
0.980007 0.116398 -0.161364 -0.467351 -0.101663 0.990101 0.096771 8.210746 0.171031 -0.078432 0.982139 -0.307933 0.000000 0.000000 0.000000 1.000000
0.985964 0.107873 -0.127428 -0.467351 -0.096599 0.991101 0.091579 8.214745 0.136173 -0.077984 0.987611 -0.307933 0.000000 0.000000 0.000000 1.000000
0.993915 0.090287 -0.063091 -0.467351 -0.084832 0.992818 0.084360 8.212674 0.070254 -0.078495 0.994436 -0.307933 0.000000 0.000000 0.000000 1.000000
0.997160 0.075056 -0.006265 -0.467351 -0.074352 0.994241 0.077176 8.206722 0.012022 -0.076491 0.996998 -0.307933 0.000000 0.000000 0.000000 1.000000
0.997445 0.070072 0.013927 -0.467351 -0.070889 0.994949 0.071067 8.197276 -0.008877 -0.071873 0.997374 -0.307933 0.000000 0.000000 0.000000 1.000000
0.996269 0.081498 -0.028388 -0.467351 -0.079431 0.994546 0.067591 8.184724 0.033742 -0.065084 0.997309 -0.307933 0.000000 0.000000 0.000000 1.000000
0.990807 0.097971 -0.093286 -0.467351 -0.092067 0.993588 0.065626 8.169455 0.099118 -0.056434 0.993474 -0.307933 0.000000 0.000000 0.000000 1.000000
0.987181 0.104487 -0.120652 -0.467351 -0.097841 0.993405 0.059773 8.151856 0.126102 -0.047202 0.990894 -0.307933 0.000000 0.000000 0.000000 1.000000
0.990216 0.099224 -0.098117 -0.467351 -0.094910 0.994342 0.047701 8.132317 0.102295 -0.037922 0.994031 -0.307933 0.000000 0.000000 0.000000 1.000000
0.993929 0.091400 -0.061240 -0.467351 -0.089462 0.995420 0.033686 8.111224 0.064039 -0.028002 0.997554 -0.307933 0.000000 0.000000 0.000000 1.000000
0.995785 0.085992 -0.031892 -0.467351 -0.085381 0.996147 0.020045 8.088967 0.033492 -0.017237 0.999290 -0.307933 0.000000 0.000000 0.000000 1.000000
0.996065 0.085393 -0.023734 -0.467351 -0.085231 0.996331 0.007726 8.065934 0.024306 -0.005672 0.999688 -0.307933 0.000000 0.000000 0.000000 1.000000
0.994887 0.090345 -0.045140 -0.467351 -0.090540 0.995890 -0.002273 8.042513 0.044749 0.006348 0.998978 -0.307933 0.000000 0.000000 0.000000 1.000000
0.992694 0.095907 -0.073212 -0.467351 -0.096991 0.995220 -0.011401 8.019091 0.071769 0.018419 0.997251 -0.307933 0.000000 0.000000 0.000000 1.000000
0.991783 0.097872 -0.082390 -0.467351 -0.099992 0.994745 -0.022002 7.996058 0.079804 0.030060 0.996357 -0.307933 0.000000 0.000000 0.000000 1.000000
0.992664 0.096869 -0.072344 -0.467351 -0.099533 0.994448 -0.034160 7.973801 0.068633 0.041110 0.996795 -0.307933 0.000000 0.000000 0.000000 1.000000
0.993606 0.095747 -0.059825 -0.467351 -0.098559 0.994069 -0.045959 7.952708 0.055070 0.051561 0.997150 -0.307933 0.000000 0.000000 0.000000 1.000000
0.994049 0.095479 -0.052446 -0.467351 -0.098410 0.993542 -0.056480 7.933169 0.046714 0.061305 0.997025 -0.307933 0.000000 0.000000 0.000000 1.000000
0.994004 0.096098 -0.052164 -0.467351 -0.099421 0.992896 -0.065364 7.915570 0.045512 0.070159 0.996497 -0.307933 0.000000 0.000000 0.000000 1.000000
0.993612 0.097220 -0.057297 -0.467351 -0.101265 0.992213 -0.072521 7.900301 0.049800 0.077860 0.995720 -0.307933 0.000000 0.000000 0.000000 1.000000
0.993311 0.098038 -0.061009 -0.467351 -0.102689 0.991616 -0.078441 7.887749 0.052807 0.084181 0.995050 -0.307933 0.000000 0.000000 0.000000 1.000000
0.993285 0.098353 -0.060923 -0.467351 -0.103246 0.991171 -0.083183 7.878303 0.052204 0.088915 0.994670 -0.307933 0.000000 0.000000 0.000000 1.000000
0.993338 0.098462 -0.059868 -0.467351 -0.103419 0.990889 -0.086272 7.872351 0.050828 0.091889 0.994471 -0.307933 0.000000 0.000000 0.000000 1.000000
0.993347 0.098515 -0.059644 -0.467351 -0.103505 0.990787 -0.087332 7.870280 0.050491 0.092925 0.994392 -0.307933 0.000000 0.000000 0.000000 1.000000</float_array><technique_common><accessor source="#jnt_spine2-Matrix-animation-output-transform-array" count="91" stride="16"><param type="float4x4"/></accessor></technique_common></source><source id="jnt_spine2-Interpolations"><Name_array id="jnt_spine2-Interpolations-array" count="91">
 LINEAR LINEAR LINEAR LINEAR LINEAR LINEAR LINEAR LINEAR LINEAR LINEAR LINEAR
LINEAR LINEAR LINEAR LINEAR LINEAR LINEAR LINEAR LINEAR LINEAR LINEAR LINEAR LINEAR
LINEAR LINEAR LINEAR LINEAR LINEAR LINEAR LINEAR LINEAR LINEAR LINEAR LINEAR LINEAR
LINEAR LINEAR LINEAR LINEAR LINEAR LINEAR LINEAR LINEAR LINEAR LINEAR LINEAR LINEAR
LINEAR LINEAR LINEAR LINEAR LINEAR LINEAR LINEAR LINEAR LINEAR LINEAR LINEAR LINEAR
LINEAR LINEAR LINEAR LINEAR LINEAR LINEAR LINEAR LINEAR LINEAR LINEAR LINEAR LINEAR
LINEAR LINEAR LINEAR LINEAR LINEAR LINEAR LINEAR LINEAR LINEAR LINEAR LINEAR LINEAR
LINEAR LINEAR LINEAR LINEAR LINEAR LINEAR LINEAR LINEAR</Name_array><technique_common><accessor source="#jnt_spine2-Interpolations-array" count="91"><param type="name"/></accessor></technique_common></source><sampler id="jnt_spine2-Matrix-animation-transform"><input semantic="INPUT" source="#jnt_spine2-Matrix-animation-input"/><input semantic="OUTPUT" source="#jnt_spine2-Matrix-animation-output-transform"/><input semantic="INTERPOLATION" source="#jnt_spine2-Interpolations"/></sampler><channel source="#jnt_spine2-Matrix-animation-transform" target="jnt_spine2/matrix"/></animation></animation>
    <animation id="neck_jnt-anim" name="neck_jnt"><animation><source id="neck_jnt-Matrix-animation-input"><float_array id="neck_jnt-Matrix-animation-input-array" count="91">

0.000000 0.033333 0.066667 0.100000 0.133333 0.166667 0.200000 0.233333 0.266667 0.300000 0.333333 0.366667 0.400000 0.433333 0.466667 0.500000
0.533333 0.566667 0.600000 0.633333 0.666667 0.700000 0.733333 0.766667 0.800000 0.833333 0.866667 0.900000 0.933333 0.966667 1.000000 1.033333
1.066667 1.100000 1.133333 1.166667 1.200000 1.233333 1.266667 1.300000 1.333333 1.366667 1.400000 1.433333 1.466667 1.500000 1.533333 1.566667
1.600000 1.633333 1.666667 1.700000 1.733333 1.766667 1.800000 1.833333 1.866667 1.900000 1.933333 1.966667 2.000000 2.033333 2.066667 2.100000
2.133333 2.166667 2.200000 2.233333 2.266667 2.300000 2.333333 2.366667 2.400000 2.433333 2.466667 2.500000 2.533333 2.566667 2.600000 2.633333
2.666667 2.700000 2.733333 2.766667 2.800000 2.833333 2.866667 2.900000 2.933333 2.966667 3.000000</float_array><technique_common><accessor source="#neck_jnt-Matrix-animation-input-array" count="91"><param name="TIME" type="float"/></accessor></technique_common></source><source id="neck_jnt-Matrix-animation-output-transform"><float_array id="neck_jnt-Matrix-animation-output-transform-array" count="1456">

1.000000 -0.000000 0.000000 1.220000 0.000000 1.000000 0.000000 2.357033 -0.000000 -0.000000 1.000000 2.698746 0.000000 0.000000 0.000000 1.000000
1.000000 -0.000000 0.000000 1.220000 0.000000 1.000000 0.000000 2.357033 -0.000000 -0.000000 1.000000 2.698746 0.000000 0.000000 0.000000 1.000000
1.000000 -0.000000 0.000000 1.220000 0.000000 1.000000 0.000000 2.357033 -0.000000 -0.000000 1.000000 2.698746 0.000000 0.000000 0.000000 1.000000
1.000000 -0.000000 0.000000 1.220000 0.000000 1.000000 0.000000 2.357033 -0.000000 -0.000000 1.000000 2.698746 0.000000 0.000000 0.000000 1.000000
1.000000 -0.000000 0.000000 1.220000 0.000000 1.000000 0.000000 2.357033 -0.000000 -0.000000 1.000000 2.698746 0.000000 0.000000 0.000000 1.000000
1.000000 -0.000000 0.000000 1.220000 0.000000 1.000000 0.000000 2.357033 -0.000000 -0.000000 1.000000 2.698746 0.000000 0.000000 0.000000 1.000000
1.000000 -0.000000 0.000000 1.220000 0.000000 1.000000 0.000000 2.357033 -0.000000 -0.000000 1.000000 2.698746 0.000000 0.000000 0.000000 1.000000
1.000000 -0.000000 0.000000 1.220000 0.000000 1.000000 0.000000 2.357033 -0.000000 -0.000000 1.000000 2.698746 0.000000 0.000000 0.000000 1.000000
1.000000 -0.000000 0.000000 1.220000 0.000000 1.000000 0.000000 2.357033 -0.000000 -0.000000 1.000000 2.698746 0.000000 0.000000 0.000000 1.000000
1.000000 -0.000000 0.000000 1.220000 0.000000 1.000000 0.000000 2.357033 -0.000000 -0.000000 1.000000 2.698746 0.000000 0.000000 0.000000 1.000000
1.000000 -0.000000 0.000000 1.220000 0.000000 1.000000 0.000000 2.357033 -0.000000 -0.000000 1.000000 2.698746 0.000000 0.000000 0.000000 1.000000
1.000000 -0.000000 0.000000 1.220000 0.000000 1.000000 0.000000 2.357033 -0.000000 -0.000000 1.000000 2.698746 0.000000 0.000000 0.000000 1.000000
1.000000 -0.000000 0.000000 1.220000 0.000000 1.000000 0.000000 2.357033 -0.000000 -0.000000 1.000000 2.698746 0.000000 0.000000 0.000000 1.000000
1.000000 -0.000000 0.000000 1.220000 0.000000 1.000000 0.000000 2.357033 -0.000000 -0.000000 1.000000 2.698746 0.000000 0.000000 0.000000 1.000000
1.000000 -0.000000 0.000000 1.220000 0.000000 1.000000 0.000000 2.357033 -0.000000 -0.000000 1.000000 2.698746 0.000000 0.000000 0.000000 1.000000
1.000000 -0.000000 0.000000 1.220000 0.000000 1.000000 0.000000 2.357033 -0.000000 -0.000000 1.000000 2.698746 0.000000 0.000000 0.000000 1.000000
1.000000 -0.000000 0.000000 1.220000 0.000000 1.000000 0.000000 2.357033 -0.000000 -0.000000 1.000000 2.698746 0.000000 0.000000 0.000000 1.000000
1.000000 -0.000000 0.000000 1.220000 0.000000 1.000000 0.000000 2.357033 -0.000000 -0.000000 1.000000 2.698746 0.000000 0.000000 0.000000 1.000000
1.000000 -0.000000 0.000000 1.220000 0.000000 1.000000 0.000000 2.357033 -0.000000 -0.000000 1.000000 2.698746 0.000000 0.000000 0.000000 1.000000
1.000000 -0.000000 0.000000 1.220000 0.000000 1.000000 0.000000 2.357033 -0.000000 -0.000000 1.000000 2.698746 0.000000 0.000000 0.000000 1.000000
1.000000 -0.000000 0.000000 1.220000 0.000000 1.000000 0.000000 2.357033 -0.000000 -0.000000 1.000000 2.698746 0.000000 0.000000 0.000000 1.000000
1.000000 -0.000000 0.000000 1.220000 0.000000 1.000000 0.000000 2.357033 -0.000000 -0.000000 1.000000 2.698746 0.000000 0.000000 0.000000 1.000000
1.000000 -0.000000 0.000000 1.220000 0.000000 1.000000 0.000000 2.357033 -0.000000 -0.000000 1.000000 2.698746 0.000000 0.000000 0.000000 1.000000
1.000000 -0.000000 0.000000 1.220000 0.000000 1.000000 0.000000 2.357033 -0.000000 -0.000000 1.000000 2.698746 0.000000 0.000000 0.000000 1.000000
1.000000 -0.000000 0.000000 1.220000 0.000000 1.000000 0.000000 2.357033 -0.000000 -0.000000 1.000000 2.698746 0.000000 0.000000 0.000000 1.000000
1.000000 -0.000000 0.000000 1.220000 0.000000 1.000000 0.000000 2.357033 -0.000000 -0.000000 1.000000 2.698746 0.000000 0.000000 0.000000 1.000000
1.000000 -0.000000 0.000000 1.220000 0.000000 1.000000 0.000000 2.357033 -0.000000 -0.000000 1.000000 2.698746 0.000000 0.000000 0.000000 1.000000
1.000000 -0.000000 0.000000 1.220000 0.000000 1.000000 0.000000 2.357033 -0.000000 -0.000000 1.000000 2.698746 0.000000 0.000000 0.000000 1.000000
1.000000 -0.000000 0.000000 1.220000 0.000000 1.000000 0.000000 2.357033 -0.000000 -0.000000 1.000000 2.698746 0.000000 0.000000 0.000000 1.000000
1.000000 -0.000000 0.000000 1.220000 0.000000 1.000000 0.000000 2.357033 -0.000000 -0.000000 1.000000 2.698746 0.000000 0.000000 0.000000 1.000000
1.000000 -0.000000 0.000000 1.220000 0.000000 1.000000 0.000000 2.357033 -0.000000 -0.000000 1.000000 2.698746 0.000000 0.000000 0.000000 1.000000
1.000000 -0.000000 0.000000 1.220000 0.000000 1.000000 0.000000 2.357033 -0.000000 -0.000000 1.000000 2.698746 0.000000 0.000000 0.000000 1.000000
1.000000 -0.000000 0.000000 1.220000 0.000000 1.000000 0.000000 2.357033 -0.000000 -0.000000 1.000000 2.698746 0.000000 0.000000 0.000000 1.000000
1.000000 -0.000000 0.000000 1.220000 0.000000 1.000000 0.000000 2.357033 -0.000000 -0.000000 1.000000 2.698746 0.000000 0.000000 0.000000 1.000000
1.000000 -0.000000 0.000000 1.220000 0.000000 1.000000 0.000000 2.357033 -0.000000 -0.000000 1.000000 2.698746 0.000000 0.000000 0.000000 1.000000
1.000000 -0.000000 0.000000 1.220000 0.000000 1.000000 0.000000 2.357033 -0.000000 -0.000000 1.000000 2.698746 0.000000 0.000000 0.000000 1.000000
1.000000 -0.000000 0.000000 1.220000 0.000000 1.000000 0.000000 2.357033 -0.000000 -0.000000 1.000000 2.698746 0.000000 0.000000 0.000000 1.000000
1.000000 -0.000000 0.000000 1.220000 0.000000 1.000000 0.000000 2.357033 -0.000000 -0.000000 1.000000 2.698746 0.000000 0.000000 0.000000 1.000000
1.000000 -0.000000 0.000000 1.220000 0.000000 1.000000 0.000000 2.357033 -0.000000 -0.000000 1.000000 2.698746 0.000000 0.000000 0.000000 1.000000
1.000000 -0.000000 0.000000 1.220000 0.000000 1.000000 0.000000 2.357033 -0.000000 -0.000000 1.000000 2.698746 0.000000 0.000000 0.000000 1.000000
