<?xml version="1.0" encoding="utf-8"?>
<COLLADA xmlns="http://www.collada.org/2005/11/COLLADASchema" version="1.4.1">
  <asset><contributor><author></author><authoring_tool>FBX COLLADA exporter</authoring_tool><comments></comments></contributor><created>2020-01-21T14:07:28Z</created><keywords></keywords><modified>2020-01-21T14:07:28Z</modified><revision></revision><subject></subject><title></title><unit meter="0.010000" name="centimeter"></unit><up_axis>Y_UP</up_axis></asset>
  <library_animations>
    <animation id="root_jnt-anim" name="root_jnt"><animation><source id="root_jnt-Matrix-animation-input"><float_array id="root_jnt-Matrix-animation-input-array" count="91">

0.000000 0.033333 0.066667 0.100000 0.133333 0.166667 0.200000 0.233333 0.266667 0.300000 0.333333 0.366667 0.400000 0.433333 0.466667 0.500000
0.533333 0.566667 0.600000 0.633333 0.666667 0.700000 0.733333 0.766667 0.800000 0.833333 0.866667 0.900000 0.933333 0.966667 1.000000 1.033333
1.066667 1.100000 1.133333 1.166667 1.200000 1.233333 1.266667 1.300000 1.333333 1.366667 1.400000 1.433333 1.466667 1.500000 1.533333 1.566667
1.600000 1.633333 1.666667 1.700000 1.733333 1.766667 1.800000 1.833333 1.866667 1.900000 1.933333 1.966667 2.000000 2.033333 2.066667 2.100000
2.133333 2.166667 2.200000 2.233333 2.266667 2.300000 2.333333 2.366667 2.400000 2.433333 2.466667 2.500000 2.533333 2.566667 2.600000 2.633333
2.666667 2.700000 2.733333 2.766667 2.800000 2.833333 2.866667 2.900000 2.933333 2.966667 3.000000</float_array><technique_common><accessor source="#root_jnt-Matrix-animation-input-array" count="91"><param name="TIME" type="float"/></accessor></technique_common></source><source id="root_jnt-Matrix-animation-output-transform"><float_array id="root_jnt-Matrix-animation-output-transform-array" count="1456">

1.000000 0.000000 0.000000 0.000000 0.000000 1.000000 0.000000 0.000000 0.000000 0.000000 1.000000 0.000000 0.000000 0.000000 0.000000 1.000000
1.000000 0.000000 0.000000 0.000000 0.000000 1.000000 0.000000 0.000000 0.000000 0.000000 1.000000 0.000000 0.000000 0.000000 0.000000 1.000000
1.000000 0.000000 0.000000 0.000000 0.000000 1.000000 0.000000 0.000000 0.000000 0.000000 1.000000 0.000000 0.000000 0.000000 0.000000 1.000000
1.000000 0.000000 0.000000 0.000000 0.000000 1.000000 0.000000 0.000000 0.000000 0.000000 1.000000 0.000000 0.000000 0.000000 0.000000 1.000000
1.000000 0.000000 0.000000 0.000000 0.000000 1.000000 0.000000 0.000000 0.000000 0.000000 1.000000 0.000000 0.000000 0.000000 0.000000 1.000000
1.000000 0.000000 0.000000 0.000000 0.000000 1.000000 0.000000 0.000000 0.000000 0.000000 1.000000 0.000000 0.000000 0.000000 0.000000 1.000000
1.000000 0.000000 0.000000 0.000000 0.000000 1.000000 0.000000 0.000000 0.000000 0.000000 1.000000 0.000000 0.000000 0.000000 0.000000 1.000000
1.000000 0.000000 0.000000 0.000000 0.000000 1.000000 0.000000 0.000000 0.000000 0.000000 1.000000 0.000000 0.000000 0.000000 0.000000 1.000000
1.000000 0.000000 0.000000 0.000000 0.000000 1.000000 0.000000 0.000000 0.000000 0.000000 1.000000 0.000000 0.000000 0.000000 0.000000 1.000000
1.000000 0.000000 0.000000 0.000000 0.000000 1.000000 0.000000 0.000000 0.000000 0.000000 1.000000 0.000000 0.000000 0.000000 0.000000 1.000000
1.000000 0.000000 0.000000 0.000000 0.000000 1.000000 0.000000 0.000000 0.000000 0.000000 1.000000 0.000000 0.000000 0.000000 0.000000 1.000000
1.000000 0.000000 0.000000 0.000000 0.000000 1.000000 0.000000 0.000000 0.000000 0.000000 1.000000 0.000000 0.000000 0.000000 0.000000 1.000000
1.000000 0.000000 0.000000 0.000000 0.000000 1.000000 0.000000 0.000000 0.000000 0.000000 1.000000 0.000000 0.000000 0.000000 0.000000 1.000000
1.000000 0.000000 0.000000 0.000000 0.000000 1.000000 0.000000 0.000000 0.000000 0.000000 1.000000 0.000000 0.000000 0.000000 0.000000 1.000000
1.000000 0.000000 0.000000 0.000000 0.000000 1.000000 0.000000 0.000000 0.000000 0.000000 1.000000 0.000000 0.000000 0.000000 0.000000 1.000000
1.000000 0.000000 0.000000 0.000000 0.000000 1.000000 0.000000 0.000000 0.000000 0.000000 1.000000 0.000000 0.000000 0.000000 0.000000 1.000000
1.000000 0.000000 0.000000 0.000000 0.000000 1.000000 0.000000 0.000000 0.000000 0.000000 1.000000 0.000000 0.000000 0.000000 0.000000 1.000000
1.000000 0.000000 0.000000 0.000000 0.000000 1.000000 0.000000 0.000000 0.000000 0.000000 1.000000 0.000000 0.000000 0.000000 0.000000 1.000000
1.000000 0.000000 0.000000 0.000000 0.000000 1.000000 0.000000 0.000000 0.000000 0.000000 1.000000 0.000000 0.000000 0.000000 0.000000 1.000000
1.000000 0.000000 0.000000 0.000000 0.000000 1.000000 0.000000 0.000000 0.000000 0.000000 1.000000 0.000000 0.000000 0.000000 0.000000 1.000000
1.000000 0.000000 0.000000 0.000000 0.000000 1.000000 0.000000 0.000000 0.000000 0.000000 1.000000 0.000000 0.000000 0.000000 0.000000 1.000000
1.000000 0.000000 0.000000 0.000000 0.000000 1.000000 0.000000 0.000000 0.000000 0.000000 1.000000 0.000000 0.000000 0.000000 0.000000 1.000000
1.000000 0.000000 0.000000 0.000000 0.000000 1.000000 0.000000 0.000000 0.000000 0.000000 1.000000 0.000000 0.000000 0.000000 0.000000 1.000000
1.000000 0.000000 0.000000 0.000000 0.000000 1.000000 0.000000 0.000000 0.000000 0.000000 1.000000 0.000000 0.000000 0.000000 0.000000 1.000000
1.000000 0.000000 0.000000 0.000000 0.000000 1.000000 0.000000 0.000000 0.000000 0.000000 1.000000 0.000000 0.000000 0.000000 0.000000 1.000000
1.000000 0.000000 0.000000 0.000000 0.000000 1.000000 0.000000 0.000000 0.000000 0.000000 1.000000 0.000000 0.000000 0.000000 0.000000 1.000000
1.000000 0.000000 0.000000 0.000000 0.000000 1.000000 0.000000 0.000000 0.000000 0.000000 1.000000 0.000000 0.000000 0.000000 0.000000 1.000000
1.000000 0.000000 0.000000 0.000000 0.000000 1.000000 0.000000 0.000000 0.000000 0.000000 1.000000 0.000000 0.000000 0.000000 0.000000 1.000000
1.000000 0.000000 0.000000 0.000000 0.000000 1.000000 0.000000 0.000000 0.000000 0.000000 1.000000 0.000000 0.000000 0.000000 0.000000 1.000000
1.000000 0.000000 0.000000 0.000000 0.000000 1.000000 0.000000 0.000000 0.000000 0.000000 1.000000 0.000000 0.000000 0.000000 0.000000 1.000000
1.000000 0.000000 0.000000 0.000000 0.000000 1.000000 0.000000 0.000000 0.000000 0.000000 1.000000 0.000000 0.000000 0.000000 0.000000 1.000000
1.000000 0.000000 0.000000 0.000000 0.000000 1.000000 0.000000 0.000000 0.000000 0.000000 1.000000 0.000000 0.000000 0.000000 0.000000 1.000000
1.000000 0.000000 0.000000 0.000000 0.000000 1.000000 0.000000 0.000000 0.000000 0.000000 1.000000 0.000000 0.000000 0.000000 0.000000 1.000000
1.000000 0.000000 0.000000 0.000000 0.000000 1.000000 0.000000 0.000000 0.000000 0.000000 1.000000 0.000000 0.000000 0.000000 0.000000 1.000000
1.000000 0.000000 0.000000 0.000000 0.000000 1.000000 0.000000 0.000000 0.000000 0.000000 1.000000 0.000000 0.000000 0.000000 0.000000 1.000000
1.000000 0.000000 0.000000 0.000000 0.000000 1.000000 0.000000 0.000000 0.000000 0.000000 1.000000 0.000000 0.000000 0.000000 0.000000 1.000000
1.000000 0.000000 0.000000 0.000000 0.000000 1.000000 0.000000 0.000000 0.000000 0.000000 1.000000 0.000000 0.000000 0.000000 0.000000 1.000000
1.000000 0.000000 0.000000 0.000000 0.000000 1.000000 0.000000 0.000000 0.000000 0.000000 1.000000 0.000000 0.000000 0.000000 0.000000 1.000000
1.000000 0.000000 0.000000 0.000000 0.000000 1.000000 0.000000 0.000000 0.000000 0.000000 1.000000 0.000000 0.000000 0.000000 0.000000 1.000000
1.000000 0.000000 0.000000 0.000000 0.000000 1.000000 0.000000 0.000000 0.000000 0.000000 1.000000 0.000000 0.000000 0.000000 0.000000 1.000000
1.000000 0.000000 0.000000 0.000000 0.000000 1.000000 0.000000 0.000000 0.000000 0.000000 1.000000 0.000000 0.000000 0.000000 0.000000 1.000000
1.000000 0.000000 0.000000 0.000000 0.000000 1.000000 0.000000 0.000000 0.000000 0.000000 1.000000 0.000000 0.000000 0.000000 0.000000 1.000000
1.000000 0.000000 0.000000 0.000000 0.000000 1.000000 0.000000 0.000000 0.000000 0.000000 1.000000 0.000000 0.000000 0.000000 0.000000 1.000000
1.000000 0.000000 0.000000 0.000000 0.000000 1.000000 0.000000 0.000000 0.000000 0.000000 1.000000 0.000000 0.000000 0.000000 0.000000 1.000000
1.000000 0.000000 0.000000 0.000000 0.000000 1.000000 0.000000 0.000000 0.000000 0.000000 1.000000 0.000000 0.000000 0.000000 0.000000 1.000000
1.000000 0.000000 0.000000 0.000000 0.000000 1.000000 0.000000 0.000000 0.000000 0.000000 1.000000 0.000000 0.000000 0.000000 0.000000 1.000000
1.000000 0.000000 0.000000 0.000000 0.000000 1.000000 0.000000 0.000000 0.000000 0.000000 1.000000 0.000000 0.000000 0.000000 0.000000 1.000000
1.000000 0.000000 0.000000 0.000000 0.000000 1.000000 0.000000 0.000000 0.000000 0.000000 1.000000 0.000000 0.000000 0.000000 0.000000 1.000000
1.000000 0.000000 0.000000 0.000000 0.000000 1.000000 0.000000 0.000000 0.000000 0.000000 1.000000 0.000000 0.000000 0.000000 0.000000 1.000000
1.000000 0.000000 0.000000 0.000000 0.000000 1.000000 0.000000 0.000000 0.000000 0.000000 1.000000 0.000000 0.000000 0.000000 0.000000 1.000000
1.000000 0.000000 0.000000 0.000000 0.000000 1.000000 0.000000 0.000000 0.000000 0.000000 1.000000 0.000000 0.000000 0.000000 0.000000 1.000000
1.000000 0.000000 0.000000 0.000000 0.000000 1.000000 0.000000 0.000000 0.000000 0.000000 1.000000 0.000000 0.000000 0.000000 0.000000 1.000000
1.000000 0.000000 0.000000 0.000000 0.000000 1.000000 0.000000 0.000000 0.000000 0.000000 1.000000 0.000000 0.000000 0.000000 0.000000 1.000000
1.000000 0.000000 0.000000 0.000000 0.000000 1.000000 0.000000 0.000000 0.000000 0.000000 1.000000 0.000000 0.000000 0.000000 0.000000 1.000000
1.000000 0.000000 0.000000 0.000000 0.000000 1.000000 0.000000 0.000000 0.000000 0.000000 1.000000 0.000000 0.000000 0.000000 0.000000 1.000000
1.000000 0.000000 0.000000 0.000000 0.000000 1.000000 0.000000 0.000000 0.000000 0.000000 1.000000 0.000000 0.000000 0.000000 0.000000 1.000000
1.000000 0.000000 0.000000 0.000000 0.000000 1.000000 0.000000 0.000000 0.000000 0.000000 1.000000 0.000000 0.000000 0.000000 0.000000 1.000000
1.000000 0.000000 0.000000 0.000000 0.000000 1.000000 0.000000 0.000000 0.000000 0.000000 1.000000 0.000000 0.000000 0.000000 0.000000 1.000000
1.000000 0.000000 0.000000 0.000000 0.000000 1.000000 0.000000 0.000000 0.000000 0.000000 1.000000 0.000000 0.000000 0.000000 0.000000 1.000000
1.000000 0.000000 0.000000 0.000000 0.000000 1.000000 0.000000 0.000000 0.000000 0.000000 1.000000 0.000000 0.000000 0.000000 0.000000 1.000000
1.000000 0.000000 0.000000 0.000000 0.000000 1.000000 0.000000 0.000000 0.000000 0.000000 1.000000 0.000000 0.000000 0.000000 0.000000 1.000000
1.000000 0.000000 0.000000 0.000000 0.000000 1.000000 0.000000 0.000000 0.000000 0.000000 1.000000 0.000000 0.000000 0.000000 0.000000 1.000000
1.000000 0.000000 0.000000 0.000000 0.000000 1.000000 0.000000 0.000000 0.000000 0.000000 1.000000 0.000000 0.000000 0.000000 0.000000 1.000000
1.000000 0.000000 0.000000 0.000000 0.000000 1.000000 0.000000 0.000000 0.000000 0.000000 1.000000 0.000000 0.000000 0.000000 0.000000 1.000000
1.000000 0.000000 0.000000 0.000000 0.000000 1.000000 0.000000 0.000000 0.000000 0.000000 1.000000 0.000000 0.000000 0.000000 0.000000 1.000000
1.000000 0.000000 0.000000 0.000000 0.000000 1.000000 0.000000 0.000000 0.000000 0.000000 1.000000 0.000000 0.000000 0.000000 0.000000 1.000000
1.000000 0.000000 0.000000 0.000000 0.000000 1.000000 0.000000 0.000000 0.000000 0.000000 1.000000 0.000000 0.000000 0.000000 0.000000 1.000000
1.000000 0.000000 0.000000 0.000000 0.000000 1.000000 0.000000 0.000000 0.000000 0.000000 1.000000 0.000000 0.000000 0.000000 0.000000 1.000000
1.000000 0.000000 0.000000 0.000000 0.000000 1.000000 0.000000 0.000000 0.000000 0.000000 1.000000 0.000000 0.000000 0.000000 0.000000 1.000000
1.000000 0.000000 0.000000 0.000000 0.000000 1.000000 0.000000 0.000000 0.000000 0.000000 1.000000 0.000000 0.000000 0.000000 0.000000 1.000000
1.000000 0.000000 0.000000 0.000000 0.000000 1.000000 0.000000 0.000000 0.000000 0.000000 1.000000 0.000000 0.000000 0.000000 0.000000 1.000000
1.000000 0.000000 0.000000 0.000000 0.000000 1.000000 0.000000 0.000000 0.000000 0.000000 1.000000 0.000000 0.000000 0.000000 0.000000 1.000000
1.000000 0.000000 0.000000 0.000000 0.000000 1.000000 0.000000 0.000000 0.000000 0.000000 1.000000 0.000000 0.000000 0.000000 0.000000 1.000000
1.000000 0.000000 0.000000 0.000000 0.000000 1.000000 0.000000 0.000000 0.000000 0.000000 1.000000 0.000000 0.000000 0.000000 0.000000 1.000000
1.000000 0.000000 0.000000 0.000000 0.000000 1.000000 0.000000 0.000000 0.000000 0.000000 1.000000 0.000000 0.000000 0.000000 0.000000 1.000000
1.000000 0.000000 0.000000 0.000000 0.000000 1.000000 0.000000 0.000000 0.000000 0.000000 1.000000 0.000000 0.000000 0.000000 0.000000 1.000000
1.000000 0.000000 0.000000 0.000000 0.000000 1.000000 0.000000 0.000000 0.000000 0.000000 1.000000 0.000000 0.000000 0.000000 0.000000 1.000000
1.000000 0.000000 0.000000 0.000000 0.000000 1.000000 0.000000 0.000000 0.000000 0.000000 1.000000 0.000000 0.000000 0.000000 0.000000 1.000000
1.000000 0.000000 0.000000 0.000000 0.000000 1.000000 0.000000 0.000000 0.000000 0.000000 1.000000 0.000000 0.000000 0.000000 0.000000 1.000000
1.000000 0.000000 0.000000 0.000000 0.000000 1.000000 0.000000 0.000000 0.000000 0.000000 1.000000 0.000000 0.000000 0.000000 0.000000 1.000000
1.000000 0.000000 0.000000 0.000000 0.000000 1.000000 0.000000 0.000000 0.000000 0.000000 1.000000 0.000000 0.000000 0.000000 0.000000 1.000000
1.000000 0.000000 0.000000 0.000000 0.000000 1.000000 0.000000 0.000000 0.000000 0.000000 1.000000 0.000000 0.000000 0.000000 0.000000 1.000000
1.000000 0.000000 0.000000 0.000000 0.000000 1.000000 0.000000 0.000000 0.000000 0.000000 1.000000 0.000000 0.000000 0.000000 0.000000 1.000000
1.000000 0.000000 0.000000 0.000000 0.000000 1.000000 0.000000 0.000000 0.000000 0.000000 1.000000 0.000000 0.000000 0.000000 0.000000 1.000000
1.000000 0.000000 0.000000 0.000000 0.000000 1.000000 0.000000 0.000000 0.000000 0.000000 1.000000 0.000000 0.000000 0.000000 0.000000 1.000000
1.000000 0.000000 0.000000 0.000000 0.000000 1.000000 0.000000 0.000000 0.000000 0.000000 1.000000 0.000000 0.000000 0.000000 0.000000 1.000000
1.000000 0.000000 0.000000 0.000000 0.000000 1.000000 0.000000 0.000000 0.000000 0.000000 1.000000 0.000000 0.000000 0.000000 0.000000 1.000000
1.000000 0.000000 0.000000 0.000000 0.000000 1.000000 0.000000 0.000000 0.000000 0.000000 1.000000 0.000000 0.000000 0.000000 0.000000 1.000000
1.000000 0.000000 0.000000 0.000000 0.000000 1.000000 0.000000 0.000000 0.000000 0.000000 1.000000 0.000000 0.000000 0.000000 0.000000 1.000000
1.000000 0.000000 0.000000 0.000000 0.000000 1.000000 0.000000 0.000000 0.000000 0.000000 1.000000 0.000000 0.000000 0.000000 0.000000 1.000000
1.000000 0.000000 0.000000 0.000000 0.000000 1.000000 0.000000 0.000000 0.000000 0.000000 1.000000 0.000000 0.000000 0.000000 0.000000 1.000000</float_array><technique_common><accessor source="#root_jnt-Matrix-animation-output-transform-array" count="91" stride="16"><param type="float4x4"/></accessor></technique_common></source><source id="root_jnt-Interpolations"><Name_array id="root_jnt-Interpolations-array" count="91">
 LINEAR LINEAR LINEAR LINEAR LINEAR LINEAR LINEAR LINEAR LINEAR LINEAR LINEAR
LINEAR LINEAR LINEAR LINEAR LINEAR LINEAR LINEAR LINEAR LINEAR LINEAR LINEAR LINEAR
LINEAR LINEAR LINEAR LINEAR LINEAR LINEAR LINEAR LINEAR LINEAR LINEAR LINEAR LINEAR
LINEAR LINEAR LINEAR LINEAR LINEAR LINEAR LINEAR LINEAR LINEAR LINEAR LINEAR LINEAR
LINEAR LINEAR LINEAR LINEAR LINEAR LINEAR LINEAR LINEAR LINEAR LINEAR LINEAR LINEAR
LINEAR LINEAR LINEAR LINEAR LINEAR LINEAR LINEAR LINEAR LINEAR LINEAR LINEAR LINEAR
LINEAR LINEAR LINEAR LINEAR LINEAR LINEAR LINEAR LINEAR LINEAR LINEAR LINEAR LINEAR
LINEAR LINEAR LINEAR LINEAR LINEAR LINEAR LINEAR LINEAR</Name_array><technique_common><accessor source="#root_jnt-Interpolations-array" count="91"><param type="name"/></accessor></technique_common></source><sampler id="root_jnt-Matrix-animation-transform"><input semantic="INPUT" source="#root_jnt-Matrix-animation-input"/><input semantic="OUTPUT" source="#root_jnt-Matrix-animation-output-transform"/><input semantic="INTERPOLATION" source="#root_jnt-Interpolations"/></sampler><channel source="#root_jnt-Matrix-animation-transform" target="root_jnt/matrix"/></animation></animation>
    <animation id="jnt_spine2-anim" name="jnt_spine2"><animation><source id="jnt_spine2-Matrix-animation-input"><float_array id="jnt_spine2-Matrix-animation-input-array" count="91">

0.000000 0.033333 0.066667 0.100000 0.133333 0.166667 0.200000 0.233333 0.266667 0.300000 0.333333 0.366667 0.400000 0.433333 0.466667 0.500000
0.533333 0.566667 0.600000 0.633333 0.666667 0.700000 0.733333 0.766667 0.800000 0.833333 0.866667 0.900000 0.933333 0.966667 1.000000 1.033333
1.066667 1.100000 1.133333 1.166667 1.200000 1.233333 1.266667 1.300000 1.333333 1.366667 1.400000 1.433333 1.466667 1.500000 1.533333 1.566667
1.600000 1.633333 1.666667 1.700000 1.733333 1.766667 1.800000 1.833333 1.866667 1.900000 1.933333 1.966667 2.000000 2.033333 2.066667 2.100000
2.133333 2.166667 2.200000 2.233333 2.266667 2.300000 2.333333 2.366667 2.400000 2.433333 2.466667 2.500000 2.533333 2.566667 2.600000 2.633333
2.666667 2.700000 2.733333 2.766667 2.800000 2.833333 2.866667 2.900000 2.933333 2.966667 3.000000</float_array><technique_common><accessor source="#jnt_spine2-Matrix-animation-input-array" count="91"><param name="TIME" type="float"/></accessor></technique_common></source><source id="jnt_spine2-Matrix-animation-output-transform"><float_array id="jnt_spine2-Matrix-animation-output-transform-array" count="1456">

0.990914 0.117614 -0.065239 0.001922 -0.124429 0.985804 -0.112732 7.869586 0.051054 0.119826 0.991481 -0.000000 0.000000 0.000000 0.000000 1.000000
0.990943 0.117260 -0.065445 0.001922 -0.124203 0.985606 -0.114689 7.871451 0.051055 0.121779 0.991243 -0.000000 0.000000 0.000000 0.000000 1.000000
0.991026 0.116221 -0.066037 0.001922 -0.123537 0.985011 -0.120381 7.876874 0.051056 0.127459 0.990529 -0.000000 0.000000 0.000000 0.000000 1.000000
0.991160 0.114530 -0.066968 0.001922 -0.122453 0.983984 -0.129538 7.885603 0.051060 0.136593 0.989310 -0.000000 0.000000 0.000000 0.000000 1.000000
0.991342 0.112217 -0.068185 0.001922 -0.120971 0.982464 -0.141885 7.897383 0.051067 0.148905 0.987532 -0.000000 0.000000 0.000000 0.000000 1.000000
0.991566 0.109313 -0.069624 0.001922 -0.119112 0.980366 -0.157144 7.911959 0.051079 0.164112 0.985118 -0.000000 0.000000 0.000000 0.000000 1.000000
0.991829 0.105847 -0.071220 0.001922 -0.116896 0.977599 -0.175031 7.929077 0.051098 0.181926 0.981984 -0.000000 0.000000 0.000000 0.000000 1.000000
0.992125 0.101851 -0.072901 0.001922 -0.114345 0.974063 -0.195258 7.948483 0.051123 0.202056 0.978039 -0.000000 0.000000 0.000000 0.000000 1.000000
0.992449 0.097362 -0.074599 0.001922 -0.111478 0.969667 -0.217530 7.969924 0.051157 0.224204 0.973199 -0.000000 0.000000 0.000000 0.000000 1.000000
0.992797 0.092416 -0.076244 0.001922 -0.108316 0.964324 -0.241551 7.993144 0.051201 0.248069 0.967388 -0.000000 0.000000 0.000000 0.000000 1.000000
0.993163 0.087057 -0.077770 0.001922 -0.104881 0.957968 -0.267017 8.017889 0.051255 0.273347 0.960549 -0.000000 0.000000 0.000000 0.000000 1.000000
0.993542 0.081330 -0.079114 0.001922 -0.101192 0.950550 -0.293624 8.043905 0.051321 0.299734 0.952641 -0.000000 0.000000 0.000000 0.000000 1.000000
0.993930 0.075285 -0.080222 0.001922 -0.097270 0.942047 -0.321070 8.070939 0.051401 0.326924 0.943652 -0.000000 0.000000 0.000000 0.000000 1.000000
0.994321 0.068976 -0.081045 0.001922 -0.093136 0.932464 -0.349050 8.098735 0.051495 0.354616 0.933593 -0.000000 0.000000 0.000000 0.000000 1.000000
0.994711 0.062459 -0.081543 0.001922 -0.088810 0.921835 -0.377270 8.127040 0.051605 0.382516 0.922506 -0.000000 0.000000 0.000000 0.000000 1.000000
0.995095 0.055791 -0.081685 0.001922 -0.084314 0.910226 -0.405438 8.155599 0.051732 0.410337 0.910466 -0.000000 0.000000 0.000000 0.000000 1.000000
0.995471 0.049032 -0.081450 0.001922 -0.079669 0.897734 -0.433275 8.184157 0.051876 0.437801 0.897574 -0.000000 0.000000 0.000000 0.000000 1.000000
0.995833 0.042239 -0.080829 0.001922 -0.074895 0.884487 -0.460514 8.212461 0.052040 0.464649 0.883965 -0.000000 0.000000 0.000000 0.000000 1.000000
0.996178 0.035469 -0.079819 0.001922 -0.070012 0.870645 -0.486904 8.240258 0.052225 0.490631 0.869801 -0.000000 0.000000 0.000000 0.000000 1.000000
0.996504 0.028774 -0.078433 0.001922 -0.065044 0.856394 -0.512209 8.267291 0.052431 0.515520 0.855272 -0.000000 0.000000 0.000000 0.000000 1.000000
0.996808 0.022206 -0.076688 0.001922 -0.060009 0.841947 -0.536213 8.293308 0.052660 0.539103 0.840592 -0.000000 0.000000 0.000000 0.000000 1.000000
0.997087 0.015808 -0.074613 0.001922 -0.054929 0.827538 -0.558716 8.318053 0.052913 0.561187 0.825996 -0.000000 0.000000 0.000000 0.000000 1.000000
0.997341 0.009619 -0.072245 0.001922 -0.049826 0.813419 -0.579540 8.341273 0.053191 0.581598 0.811735 -0.000000 0.000000 0.000000 0.000000 1.000000
0.997566 0.003672 -0.069629 0.001922 -0.044720 0.799859 -0.598520 8.362713 0.053496 0.600177 0.798076 -0.000000 0.000000 0.000000 0.000000 1.000000
0.997763 -0.002008 -0.066815 0.001922 -0.039633 0.787133 -0.615508 8.382120 0.053828 0.616780 0.785293 -0.000000 0.000000 0.000000 0.000000 1.000000
0.997932 -0.007402 -0.063858 0.001922 -0.034586 0.775525 -0.630368 8.399238 0.054190 0.631273 0.773665 -0.000000 0.000000 0.000000 0.000000 1.000000
0.998071 -0.012496 -0.060820 0.001922 -0.029599 0.765318 -0.642971 8.413815 0.054581 0.643531 0.763472 -0.000000 0.000000 0.000000 0.000000 1.000000
0.998181 -0.017284 -0.057763 0.001922 -0.024695 0.756790 -0.653191 8.425593 0.055004 0.653429 0.754987 -0.000000 0.000000 0.000000 0.000000 1.000000
0.998263 -0.021763 -0.054753 0.001922 -0.019894 0.750211 -0.660899 8.434322 0.055459 0.660841 0.748474 -0.000000 0.000000 0.000000 0.000000 1.000000
0.998318 -0.025935 -0.051857 0.001922 -0.015217 0.745834 -0.665958 8.439746 0.055948 0.665627 0.744184 -0.000000 0.000000 0.000000 0.000000 1.000000
0.998347 -0.029802 -0.049144 0.001922 -0.010686 0.743892 -0.668215 8.441610 0.056472 0.667635 0.742344 -0.000000 0.000000 0.000000 0.000000 1.000000
0.998299 -0.034436 -0.047036 0.001922 -0.005882 0.743251 -0.668987 8.441024 0.057996 0.668126 0.741785 -0.000000 0.000000 0.000000 0.000000 1.000000
0.998116 -0.040763 -0.045851 0.001922 -0.000437 0.742614 -0.669719 8.439345 0.061349 0.668477 0.741198 -0.000000 0.000000 0.000000 0.000000 1.000000
0.997783 -0.048575 -0.045497 0.001922 0.005550 0.741952 -0.670430 8.436697 0.066323 0.668691 0.740576 -0.000000 0.000000 0.000000 0.000000 1.000000
0.997281 -0.057663 -0.045882 0.001922 0.011981 0.741234 -0.671140 8.433199 0.072709 0.668765 0.739910 -0.000000 0.000000 0.000000 0.000000 1.000000
0.996594 -0.067816 -0.046915 0.001922 0.018757 0.740436 -0.671865 8.428974 0.080301 0.668697 0.739186 -0.000000 0.000000 0.000000 0.000000 1.000000
0.995708 -0.078822 -0.048506 0.001922 0.025776 0.739538 -0.672621 8.424142 0.088890 0.668484 0.738396 -0.000000 0.000000 0.000000 0.000000 1.000000
0.994615 -0.090469 -0.050565 0.001922 0.032940 0.738527 -0.673419 8.418824 0.098267 0.668126 0.737530 -0.000000 0.000000 0.000000 0.000000 1.000000
0.993315 -0.102544 -0.053000 0.001922 0.040148 0.737398 -0.674264 8.413142 0.108224 0.667629 0.736586 -0.000000 0.000000 0.000000 0.000000 1.000000
0.991820 -0.114836 -0.055723 0.001922 0.047302 0.736153 -0.675160 8.407219 0.118554 0.667001 0.735564 -0.000000 0.000000 0.000000 0.000000 1.000000
0.990150 -0.127134 -0.058645 0.001922 0.054304 0.734805 -0.676101 8.401174 0.129049 0.666257 0.734471 -0.000000 0.000000 0.000000 0.000000 1.000000
0.988338 -0.139228 -0.061679 0.001922 0.061057 0.733374 -0.677078 8.395128 0.139502 0.665416 0.733322 -0.000000 0.000000 0.000000 0.000000 1.000000
0.986426 -0.150910 -0.064738 0.001922 0.067468 0.731889 -0.678075 8.389204 0.149709 0.664503 0.732136 -0.000000 0.000000 0.000000 0.000000 1.000000
0.984468 -0.161973 -0.067737 0.001922 0.073445 0.730387 -0.679074 8.383523 0.159466 0.663551 0.730938 -0.000000 0.000000 0.000000 0.000000 1.000000
0.982527 -0.172212 -0.070594 0.001922 0.078899 0.728910 -0.680048 8.378205 0.168569 0.662596 0.729761 -0.000000 0.000000 0.000000 0.000000 1.000000
0.980674 -0.181427 -0.073226 0.001922 0.083743 0.727507 -0.680970 8.373373 0.176819 0.661678 0.728641 -0.000000 0.000000 0.000000 0.000000 1.000000
0.978986 -0.189415 -0.075553 0.001922 0.087893 0.726230 -0.681810 8.369147 0.184014 0.660842 0.727617 -0.000000 0.000000 0.000000 0.000000 1.000000
0.977541 -0.195978 -0.077496 0.001922 0.091266 0.725133 -0.682535 8.365649 0.189957 0.660133 0.726733 -0.000000 0.000000 0.000000 0.000000 1.000000
0.976420 -0.200916 -0.078976 0.001922 0.093779 0.724267 -0.683112 8.363001 0.194449 0.659598 0.726031 -0.000000 0.000000 0.000000 0.000000 1.000000
0.975697 -0.204031 -0.079914 0.001922 0.095349 0.723684 -0.683513 8.361323 0.197290 0.659282 0.725551 -0.000000 0.000000 0.000000 0.000000 1.000000
0.975443 -0.205120 -0.080228 0.001922 0.095892 0.723427 -0.683709 8.360737 0.198282 0.659226 0.725331 -0.000000 0.000000 0.000000 0.000000 1.000000
0.975970 -0.202581 -0.080269 0.001922 0.094034 0.723856 -0.683513 8.360062 0.196570 0.659540 0.725511 -0.000000 0.000000 0.000000 0.000000 1.000000
0.977443 -0.195288 -0.080426 0.001922 0.088708 0.725196 -0.682804 8.358130 0.191668 0.660267 0.726162 -0.000000 0.000000 0.000000 0.000000 1.000000
0.979658 -0.183746 -0.080670 0.001922 0.080269 0.727241 -0.681672 8.355083 0.183921 0.661330 0.727197 -0.000000 0.000000 0.000000 0.000000 1.000000
0.982378 -0.168455 -0.080968 0.001922 0.069070 0.729745 -0.680222 8.351058 0.173673 0.662643 0.728521 -0.000000 0.000000 0.000000 0.000000 1.000000
0.985351 -0.149920 -0.081286 0.001922 0.055463 0.732447 -0.678562 8.346196 0.161268 0.664113 0.730032 -0.000000 0.000000 0.000000 0.000000 1.000000
0.988328 -0.128650 -0.081596 0.001922 0.039810 0.735090 -0.676800 8.340635 0.147051 0.665652 0.731631 -0.000000 0.000000 0.000000 0.000000 1.000000
0.991078 -0.105168 -0.081876 0.001922 0.022486 0.737440 -0.675039 8.334517 0.131371 0.667175 0.733225 -0.000000 0.000000 0.000000 0.000000 1.000000
0.993406 -0.080008 -0.082113 0.001922 0.003883 0.739297 -0.673369 8.327979 0.114581 0.668610 0.734733 -0.000000 0.000000 0.000000 0.000000 1.000000
0.995158 -0.053718 -0.082306 0.001922 -0.015595 0.740510 -0.671865 8.321163 0.097040 0.669895 0.736087 -0.000000 0.000000 0.000000 0.000000 1.000000
0.996233 -0.026855 -0.082458 0.001922 -0.035530 0.740983 -0.670583 8.314207 0.079108 0.670987 0.737237 -0.000000 0.000000 0.000000 0.000000 1.000000
0.996585 0.000020 -0.082578 0.001922 -0.055495 0.740681 -0.669561 8.307250 0.061151 0.671856 0.738153 -0.000000 0.000000 0.000000 0.000000 1.000000
0.996228 0.026342 -0.082680 0.001922 -0.075064 0.739634 -0.668810 8.300434 0.043535 0.672494 0.738821 -0.000000 0.000000 0.000000 0.000000 1.000000
0.995234 0.051554 -0.082775 0.001922 -0.093811 0.737929 -0.668326 8.293897 0.026627 0.672906 0.739249 -0.000000 0.000000 0.000000 0.000000 1.000000
0.993726 0.075103 -0.082873 0.001922 -0.111318 0.735715 -0.668081 8.287778 0.010796 0.673115 0.739459 -0.000000 0.000000 0.000000 0.000000 1.000000
0.991873 0.096449 -0.082977 0.001922 -0.127180 0.733184 -0.668032 8.282217 -0.003593 0.673156 0.739492 -0.000000 0.000000 0.000000 0.000000 1.000000
0.989877 0.115063 -0.083087 0.001922 -0.141001 0.730567 -0.668125 8.277355 -0.016176 0.673077 0.739395 -0.000000 0.000000 0.000000 0.000000 1.000000
0.987961 0.130428 -0.083195 0.001922 -0.152401 0.728117 -0.668296 8.273330 -0.026589 0.672930 0.739228 -0.000000 0.000000 0.000000 0.000000 1.000000
0.986352 0.142034 -0.083288 0.001922 -0.161004 0.726091 -0.668483 8.270283 -0.034473 0.672769 0.739049 -0.000000 0.000000 0.000000 0.000000 1.000000
0.985261 0.149373 -0.083353 0.001922 -0.166441 0.724732 -0.668627 8.268352 -0.039466 0.672645 0.738912 -0.000000 0.000000 0.000000 0.000000 1.000000
0.984868 0.151935 -0.083377 0.001922 -0.168338 0.724243 -0.668681 8.267676 -0.041211 0.672598 0.738860 -0.000000 0.000000 0.000000 0.000000 1.000000
0.985089 0.150636 -0.083118 0.001922 -0.167210 0.724526 -0.668657 8.267676 -0.040503 0.672585 0.738910 -0.000000 0.000000 0.000000 0.000000 1.000000
0.985713 0.146916 -0.082377 0.001922 -0.163981 0.725325 -0.668591 8.267676 -0.038477 0.672547 0.739054 -0.000000 0.000000 0.000000 0.000000 1.000000
0.986668 0.141038 -0.081211 0.001922 -0.158878 0.726553 -0.668490 8.267676 -0.035278 0.672480 0.739274 -0.000000 0.000000 0.000000 0.000000 1.000000
0.987873 0.133263 -0.079678 0.001922 -0.152128 0.728110 -0.668366 8.267676 -0.031054 0.672382 0.739553 -0.000000 0.000000 0.000000 0.000000 1.000000
0.989243 0.123852 -0.077835 0.001922 -0.143959 0.729894 -0.668230 8.267676 -0.025950 0.672247 0.739872 -0.000000 0.000000 0.000000 0.000000 1.000000
0.990696 0.113068 -0.075740 0.001922 -0.134597 0.731803 -0.668092 8.267676 -0.020113 0.672071 0.740214 -0.000000 0.000000 0.000000 0.000000 1.000000
0.992154 0.101175 -0.073449 0.001922 -0.124273 0.733744 -0.667964 8.267676 -0.013688 0.671851 0.740560 -0.000000 0.000000 0.000000 0.000000 1.000000
0.993546 0.088442 -0.071018 0.001922 -0.113221 0.735631 -0.667854 8.267676 -0.006824 0.671584 0.740897 -0.000000 0.000000 0.000000 0.000000 1.000000
0.994818 0.075138 -0.068498 0.001922 -0.101674 0.737392 -0.667769 8.267676 0.000335 0.671273 0.741210 -0.000000 0.000000 0.000000 0.000000 1.000000
0.995924 0.061538 -0.065942 0.001922 -0.089872 0.738972 -0.667715 8.267676 0.007640 0.670920 0.741491 -0.000000 0.000000 0.000000 0.000000 1.000000
0.996837 0.047917 -0.063401 0.001922 -0.078054 0.740333 -0.667693 8.267676 0.014944 0.670530 0.741732 -0.000000 0.000000 0.000000 0.000000 1.000000
0.997544 0.034552 -0.060923 0.001922 -0.066460 0.741454 -0.667705 8.267676 0.022101 0.670114 0.741929 -0.000000 0.000000 0.000000 0.000000 1.000000
0.998048 0.021721 -0.058557 0.001922 -0.055333 0.742330 -0.667746 8.267676 0.028964 0.669682 0.742083 -0.000000 0.000000 0.000000 0.000000 1.000000
0.998364 0.009704 -0.056350 0.001922 -0.044915 0.742974 -0.667812 8.267676 0.035386 0.669250 0.742194 -0.000000 0.000000 0.000000 0.000000 1.000000
0.998521 -0.001221 -0.054351 0.001922 -0.035445 0.743412 -0.667894 8.267676 0.041221 0.668833 0.742269 -0.000000 0.000000 0.000000 0.000000 1.000000
0.998557 -0.010778 -0.052606 0.001922 -0.027164 0.743679 -0.667985 8.267676 0.046322 0.668450 0.742313 -0.000000 0.000000 0.000000 0.000000 1.000000
0.998515 -0.018690 -0.051165 0.001922 -0.020310 0.743819 -0.668072 8.267676 0.050544 0.668119 0.742335 -0.000000 0.000000 0.000000 0.000000 1.000000
0.998440 -0.024681 -0.050075 0.001922 -0.015122 0.743876 -0.668146 8.267676 0.053740 0.667861 0.742343 -0.000000 0.000000 0.000000 0.000000 1.000000
0.998374 -0.028476 -0.049385 0.001922 -0.011835 0.743891 -0.668196 8.267676 0.055764 0.667694 0.742344 -0.000000 0.000000 0.000000 0.000000 1.000000
0.998347 -0.029802 -0.049144 0.001922 -0.010686 0.743892 -0.668215 8.267676 0.056472 0.667635 0.742344 -0.000000 0.000000 0.000000 0.000000 1.000000</float_array><technique_common><accessor source="#jnt_spine2-Matrix-animation-output-transform-array" count="91" stride="16"><param type="float4x4"/></accessor></technique_common></source><source id="jnt_spine2-Interpolations"><Name_array id="jnt_spine2-Interpolations-array" count="91">
 LINEAR LINEAR LINEAR LINEAR LINEAR LINEAR LINEAR LINEAR LINEAR LINEAR LINEAR
LINEAR LINEAR LINEAR LINEAR LINEAR LINEAR LINEAR LINEAR LINEAR LINEAR LINEAR LINEAR
LINEAR LINEAR LINEAR LINEAR LINEAR LINEAR LINEAR LINEAR LINEAR LINEAR LINEAR LINEAR
LINEAR LINEAR LINEAR LINEAR LINEAR LINEAR LINEAR LINEAR LINEAR LINEAR LINEAR LINEAR
LINEAR LINEAR LINEAR LINEAR LINEAR LINEAR LINEAR LINEAR LINEAR LINEAR LINEAR LINEAR
LINEAR LINEAR LINEAR LINEAR LINEAR LINEAR LINEAR LINEAR LINEAR LINEAR LINEAR LINEAR
LINEAR LINEAR LINEAR LINEAR LINEAR LINEAR LINEAR LINEAR LINEAR LINEAR LINEAR LINEAR
LINEAR LINEAR LINEAR LINEAR LINEAR LINEAR LINEAR LINEAR</Name_array><technique_common><accessor source="#jnt_spine2-Interpolations-array" count="91"><param type="name"/></accessor></technique_common></source><sampler id="jnt_spine2-Matrix-animation-transform"><input semantic="INPUT" source="#jnt_spine2-Matrix-animation-input"/><input semantic="OUTPUT" source="#jnt_spine2-Matrix-animation-output-transform"/><input semantic="INTERPOLATION" source="#jnt_spine2-Interpolations"/></sampler><channel source="#jnt_spine2-Matrix-animation-transform" target="jnt_spine2/matrix"/></animation></animation>
    <animation id="neck_jnt-anim" name="neck_jnt"><animation><source id="neck_jnt-Matrix-animation-input"><float_array id="neck_jnt-Matrix-animation-input-array" count="91">

0.000000 0.033333 0.066667 0.100000 0.133333 0.166667 0.200000 0.233333 0.266667 0.300000 0.333333 0.366667 0.400000 0.433333 0.466667 0.500000
0.533333 0.566667 0.600000 0.633333 0.666667 0.700000 0.733333 0.766667 0.800000 0.833333 0.866667 0.900000 0.933333 0.966667 1.000000 1.033333
1.066667 1.100000 1.133333 1.166667 1.200000 1.233333 1.266667 1.300000 1.333333 1.366667 1.400000 1.433333 1.466667 1.500000 1.533333 1.566667
1.600000 1.633333 1.666667 1.700000 1.733333 1.766667 1.800000 1.833333 1.866667 1.900000 1.933333 1.966667 2.000000 2.033333 2.066667 2.100000
2.133333 2.166667 2.200000 2.233333 2.266667 2.300000 2.333333 2.366667 2.400000 2.433333 2.466667 2.500000 2.533333 2.566667 2.600000 2.633333
2.666667 2.700000 2.733333 2.766667 2.800000 2.833333 2.866667 2.900000 2.933333 2.966667 3.000000</float_array><technique_common><accessor source="#neck_jnt-Matrix-animation-input-array" count="91"><param name="TIME" type="float"/></accessor></technique_common></source><source id="neck_jnt-Matrix-animation-output-transform"><float_array id="neck_jnt-Matrix-animation-output-transform-array" count="1456">

1.000000 -0.000000 0.000000 -0.000000 0.000000 1.000000 0.000000 2.357033 -0.000000 -0.000000 1.000000 2.698746 0.000000 0.000000 0.000000 1.000000
1.000000 -0.000000 0.000000 0.000000 0.000000 1.000000 0.000000 2.357033 -0.000000 -0.000000 1.000000 2.698746 0.000000 0.000000 0.000000 1.000000
1.000000 -0.000000 0.000000 -0.000000 0.000000 1.000000 0.000000 2.357033 -0.000000 -0.000000 1.000000 2.698746 0.000000 0.000000 0.000000 1.000000
1.000000 -0.000000 0.000000 -0.000000 0.000000 1.000000 0.000000 2.357033 -0.000000 -0.000000 1.000000 2.698746 0.000000 0.000000 0.000000 1.000000
1.000000 -0.000000 0.000000 -0.000000 0.000000 1.000000 0.000000 2.357033 -0.000000 -0.000000 1.000000 2.698746 0.000000 0.000000 0.000000 1.000000
1.000000 -0.000000 0.000000 -0.000000 0.000000 1.000000 0.000000 2.357033 -0.000000 -0.000000 1.000000 2.698746 0.000000 0.000000 0.000000 1.000000
1.000000 -0.000000 0.000000 0.000000 0.000000 1.000000 0.000000 2.357033 -0.000000 -0.000000 1.000000 2.698746 0.000000 0.000000 0.000000 1.000000
1.000000 -0.000000 0.000000 0.000000 0.000000 1.000000 0.000000 2.357033 -0.000000 -0.000000 1.000000 2.698746 0.000000 0.000000 0.000000 1.000000
1.000000 -0.000000 0.000000 -0.000000 0.000000 1.000000 0.000000 2.357033 -0.000000 -0.000000 1.000000 2.698746 0.000000 0.000000 0.000000 1.000000
1.000000 -0.000000 0.000000 0.000000 0.000000 1.000000 0.000000 2.357033 -0.000000 -0.000000 1.000000 2.698746 0.000000 0.000000 0.000000 1.000000
1.000000 -0.000000 0.000000 0.000000 0.000000 1.000000 0.000000 2.357033 -0.000000 -0.000000 1.000000 2.698746 0.000000 0.000000 0.000000 1.000000
1.000000 -0.000000 0.000000 0.000000 0.000000 1.000000 0.000000 2.357033 -0.000000 -0.000000 1.000000 2.698746 0.000000 0.000000 0.000000 1.000000
1.000000 -0.000000 0.000000 0.000000 0.000000 1.000000 0.000000 2.357033 -0.000000 -0.000000 1.000000 2.698746 0.000000 0.000000 0.000000 1.000000
1.000000 -0.000000 0.000000 -0.000000 0.000000 1.000000 0.000000 2.357033 -0.000000 -0.000000 1.000000 2.698746 0.000000 0.000000 0.000000 1.000000
1.000000 -0.000000 0.000000 0.000000 0.000000 1.000000 0.000000 2.357033 -0.000000 -0.000000 1.000000 2.698746 0.000000 0.000000 0.000000 1.000000
1.000000 -0.000000 0.000000 0.000000 0.000000 1.000000 0.000000 2.357033 -0.000000 -0.000000 1.000000 2.698746 0.000000 0.000000 0.000000 1.000000
1.000000 -0.000000 0.000000 -0.000000 0.000000 1.000000 0.000000 2.357033 -0.000000 -0.000000 1.000000 2.698746 0.000000 0.000000 0.000000 1.000000
1.000000 -0.000000 0.000000 -0.000000 0.000000 1.000000 0.000000 2.357033 -0.000000 -0.000000 1.000000 2.698746 0.000000 0.000000 0.000000 1.000000
1.000000 -0.000000 0.000000 -0.000000 0.000000 1.000000 0.000000 2.357033 -0.000000 -0.000000 1.000000 2.698746 0.000000 0.000000 0.000000 1.000000
1.000000 -0.000000 0.000000 0.000000 0.000000 1.000000 0.000000 2.357033 -0.000000 -0.000000 1.000000 2.698746 0.000000 0.000000 0.000000 1.000000
1.000000 -0.000000 0.000000 0.000000 0.000000 1.000000 0.000000 2.357033 -0.000000 0.000000 1.000000 2.698746 0.000000 0.000000 0.000000 1.000000
1.000000 -0.000000 0.000000 0.000000 0.000000 1.000000 0.000000 2.357033 -0.000000 0.000000 1.000000 2.698746 0.000000 0.000000 0.000000 1.000000
1.000000 -0.000000 0.000000 -0.000000 0.000000 1.000000 0.000000 2.357033 -0.000000 -0.000000 1.000000 2.698746 0.000000 0.000000 0.000000 1.000000
1.000000 -0.000000 0.000000 -0.000000 0.000000 1.000000 0.000000 2.357033 -0.000000 -0.000000 1.000000 2.698746 0.000000 0.000000 0.000000 1.000000
1.000000 -0.000000 0.000000 0.000000 0.000000 1.000000 0.000000 2.357033 -0.000000 -0.000000 1.000000 2.698746 0.000000 0.000000 0.000000 1.000000
1.000000 -0.000000 0.000000 -0.000000 0.000000 1.000000 0.000000 2.357033 -0.000000 0.000000 1.000000 2.698746 0.000000 0.000000 0.000000 1.000000
1.000000 -0.000000 0.000000 -0.000000 0.000000 1.000000 0.000000 2.357033 -0.000000 -0.000000 1.000000 2.698746 0.000000 0.000000 0.000000 1.000000
1.000000 -0.000000 0.000000 0.000000 0.000000 1.000000 0.000000 2.357033 -0.000000 -0.000000 1.000000 2.698746 0.000000 0.000000 0.000000 1.000000
1.000000 -0.000000 0.000000 0.000000 0.000000 1.000000 0.000000 2.357033 -0.000000 -0.000000 1.000000 2.698746 0.000000 0.000000 0.000000 1.000000
1.000000 -0.000000 0.000000 0.000000 0.000000 1.000000 0.000000 2.357033 -0.000000 -0.000000 1.000000 2.698746 0.000000 0.000000 0.000000 1.000000
1.000000 -0.000000 0.000000 0.000000 0.000000 1.000000 0.000000 2.357033 -0.000000 0.000000 1.000000 2.698746 0.000000 0.000000 0.000000 1.000000
1.000000 -0.000000 0.000000 0.000000 0.000000 1.000000 0.000000 2.357033 -0.000000 -0.000000 1.000000 2.698746 0.000000 0.000000 0.000000 1.000000
1.000000 -0.000000 0.000000 0.000000 0.000000 1.000000 0.000000 2.357033 -0.000000 -0.000000 1.000000 2.698746 0.000000 0.000000 0.000000 1.000000
1.000000 -0.000000 0.000000 0.000000 0.000000 1.000000 0.000000 2.357033 -0.000000 -0.000000 1.000000 2.698746 0.000000 0.000000 0.000000 1.000000
1.000000 -0.000000 0.000000 0.000000 0.000000 1.000000 0.000000 2.357033 -0.000000 -0.000000 1.000000 2.698746 0.000000 0.000000 0.000000 1.000000
1.000000 -0.000000 0.000000 -0.000000 0.000000 1.000000 0.000000 2.357033 -0.000000 -0.000000 1.000000 2.698746 0.000000 0.000000 0.000000 1.000000
1.000000 -0.000000 0.000000 -0.000000 0.000000 1.000000 0.000000 2.357033 -0.000000 -0.000000 1.000000 2.698746 0.000000 0.000000 0.000000 1.000000
1.000000 -0.000000 0.000000 -0.000000 0.000000 1.000000 0.000000 2.357033 -0.000000 -0.000000 1.000000 2.698746 0.000000 0.000000 0.000000 1.000000
1.000000 -0.000000 0.000000 0.000000 0.000000 1.000000 0.000000 2.357033 -0.000000 -0.000000 1.000000 2.698746 0.000000 0.000000 0.000000 1.000000
1.000000 -0.000000 0.000000 0.000000 0.000000 1.000000 0.000000 2.357033 -0.000000 0.000000 1.000000 2.698746 0.000000 0.000000 0.000000 1.000000
1.000000 -0.000000 0.000000 -0.000000 0.000000 1.000000 0.000000 2.357033 -0.000000 -0.000000 1.000000 2.698746 0.000000 0.000000 0.000000 1.000000
