<?xml version="1.0" encoding="utf-8"?>
<COLLADA xmlns="http://www.collada.org/2005/11/COLLADASchema" version="1.4.1">
  <asset><contributor><author></author><authoring_tool>FBX COLLADA exporter</authoring_tool><comments></comments></contributor><created>2020-01-21T09:09:12Z</created><keywords></keywords><modified>2020-01-21T09:09:12Z</modified><revision></revision><subject></subject><title></title><unit meter="0.010000" name="centimeter"></unit><up_axis>Y_UP</up_axis></asset>
  <library_animations>
    <animation id="root_jnt-anim" name="root_jnt"><animation><source id="root_jnt-Matrix-animation-input"><float_array id="root_jnt-Matrix-animation-input-array" count="19">

0.000000 0.033333 0.066667 0.100000 0.133333 0.166667 0.200000 0.233333 0.266667 0.300000 0.333333 0.366667 0.400000 0.433333 0.466667 0.500000
0.533333 0.566667 0.600000</float_array><technique_common><accessor source="#root_jnt-Matrix-animation-input-array" count="19"><param name="TIME" type="float"/></accessor></technique_common></source><source id="root_jnt-Matrix-animation-output-transform"><float_array id="root_jnt-Matrix-animation-output-transform-array" count="304">

1.000000 0.000000 0.000000 0.000000 0.000000 1.000000 0.000000 0.000000 0.000000 0.000000 1.000000 0.000000 0.000000 0.000000 0.000000 1.000000
1.000000 0.000000 0.000000 0.000000 0.000000 1.000000 0.000000 0.000000 0.000000 0.000000 1.000000 0.000000 0.000000 0.000000 0.000000 1.000000
1.000000 0.000000 0.000000 0.000000 0.000000 1.000000 0.000000 0.000000 0.000000 0.000000 1.000000 0.000000 0.000000 0.000000 0.000000 1.000000
1.000000 0.000000 0.000000 0.000000 0.000000 1.000000 0.000000 0.000000 0.000000 0.000000 1.000000 0.000000 0.000000 0.000000 0.000000 1.000000
1.000000 0.000000 0.000000 0.000000 0.000000 1.000000 0.000000 0.000000 0.000000 0.000000 1.000000 0.000000 0.000000 0.000000 0.000000 1.000000
1.000000 0.000000 0.000000 0.000000 0.000000 1.000000 0.000000 0.000000 0.000000 0.000000 1.000000 0.000000 0.000000 0.000000 0.000000 1.000000
1.000000 0.000000 0.000000 0.000000 0.000000 1.000000 0.000000 0.000000 0.000000 0.000000 1.000000 0.000000 0.000000 0.000000 0.000000 1.000000
1.000000 0.000000 0.000000 0.000000 0.000000 1.000000 0.000000 0.000000 0.000000 0.000000 1.000000 0.000000 0.000000 0.000000 0.000000 1.000000
1.000000 0.000000 0.000000 0.000000 0.000000 1.000000 0.000000 0.000000 0.000000 0.000000 1.000000 0.000000 0.000000 0.000000 0.000000 1.000000
1.000000 0.000000 0.000000 0.000000 0.000000 1.000000 0.000000 0.000000 0.000000 0.000000 1.000000 0.000000 0.000000 0.000000 0.000000 1.000000
1.000000 0.000000 0.000000 0.000000 0.000000 1.000000 0.000000 0.000000 0.000000 0.000000 1.000000 0.000000 0.000000 0.000000 0.000000 1.000000
1.000000 0.000000 0.000000 0.000000 0.000000 1.000000 0.000000 0.000000 0.000000 0.000000 1.000000 0.000000 0.000000 0.000000 0.000000 1.000000
1.000000 0.000000 0.000000 0.000000 0.000000 1.000000 0.000000 0.000000 0.000000 0.000000 1.000000 0.000000 0.000000 0.000000 0.000000 1.000000
1.000000 0.000000 0.000000 0.000000 0.000000 1.000000 0.000000 0.000000 0.000000 0.000000 1.000000 0.000000 0.000000 0.000000 0.000000 1.000000
1.000000 0.000000 0.000000 0.000000 0.000000 1.000000 0.000000 0.000000 0.000000 0.000000 1.000000 0.000000 0.000000 0.000000 0.000000 1.000000
1.000000 0.000000 0.000000 0.000000 0.000000 1.000000 0.000000 0.000000 0.000000 0.000000 1.000000 0.000000 0.000000 0.000000 0.000000 1.000000
1.000000 0.000000 0.000000 0.000000 0.000000 1.000000 0.000000 0.000000 0.000000 0.000000 1.000000 0.000000 0.000000 0.000000 0.000000 1.000000
1.000000 0.000000 0.000000 0.000000 0.000000 1.000000 0.000000 0.000000 0.000000 0.000000 1.000000 0.000000 0.000000 0.000000 0.000000 1.000000
1.000000 0.000000 0.000000 0.000000 0.000000 1.000000 0.000000 0.000000 0.000000 0.000000 1.000000 0.000000 0.000000 0.000000 0.000000 1.000000</float_array><technique_common><accessor source="#root_jnt-Matrix-animation-output-transform-array" count="19" stride="16"><param type="float4x4"/></accessor></technique_common></source><source id="root_jnt-Interpolations"><Name_array id="root_jnt-Interpolations-array" count="19">
 LINEAR LINEAR LINEAR LINEAR LINEAR LINEAR LINEAR LINEAR LINEAR LINEAR LINEAR
LINEAR LINEAR LINEAR LINEAR LINEAR LINEAR LINEAR LINEAR</Name_array><technique_common><accessor source="#root_jnt-Interpolations-array" count="19"><param type="name"/></accessor></technique_common></source><sampler id="root_jnt-Matrix-animation-transform"><input semantic="INPUT" source="#root_jnt-Matrix-animation-input"/><input semantic="OUTPUT" source="#root_jnt-Matrix-animation-output-transform"/><input semantic="INTERPOLATION" source="#root_jnt-Interpolations"/></sampler><channel source="#root_jnt-Matrix-animation-transform" target="root_jnt/matrix"/></animation></animation>
    <animation id="jnt_spine2-anim" name="jnt_spine2"><animation><source id="jnt_spine2-Matrix-animation-input"><float_array id="jnt_spine2-Matrix-animation-input-array" count="19">

0.000000 0.033333 0.066667 0.100000 0.133333 0.166667 0.200000 0.233333 0.266667 0.300000 0.333333 0.366667 0.400000 0.433333 0.466667 0.500000
0.533333 0.566667 0.600000</float_array><technique_common><accessor source="#jnt_spine2-Matrix-animation-input-array" count="19"><param name="TIME" type="float"/></accessor></technique_common></source><source id="jnt_spine2-Matrix-animation-output-transform"><float_array id="jnt_spine2-Matrix-animation-output-transform-array" count="304">

0.850821 0.063578 0.521596 0.000000 -0.023023 0.996210 -0.083875 7.866755 -0.524952 0.059354 0.849060 -0.000000 0.000000 0.000000 0.000000 1.000000
0.850605 0.073884 0.520589 0.000000 -0.031843 0.995500 -0.089255 7.865460 -0.524840 0.059344 0.849130 -0.000000 0.000000 0.000000 0.000000 1.000000
0.850819 0.072907 0.520377 0.000000 -0.031054 0.995573 -0.088709 7.816564 -0.524541 0.059315 0.849316 -0.000000 0.000000 0.000000 0.000000 1.000000
0.851307 0.064836 0.520646 0.000000 -0.024223 0.996134 -0.084441 7.753298 -0.524108 0.059274 0.849587 -0.000000 0.000000 0.000000 0.000000 1.000000
0.851837 0.053855 0.521031 0.000000 -0.014914 0.996791 -0.078648 7.708894 -0.523595 0.059224 0.849907 -0.000000 0.000000 0.000000 0.000000 1.000000
0.852273 0.044157 0.521230 0.000000 -0.006702 0.997271 -0.073528 7.716584 -0.523054 0.059173 0.850243 -0.000000 0.000000 0.000000 0.000000 1.000000
0.852609 0.039941 0.521021 0.000000 -0.003168 0.997451 -0.071280 7.806908 -0.522540 0.059123 0.850562 -0.000000 0.000000 0.000000 0.000000 1.000000
0.852864 0.042393 0.520410 0.000000 -0.005323 0.997353 -0.072522 7.947363 -0.522106 0.059082 0.850832 -0.000000 0.000000 0.000000 0.000000 1.000000
0.852998 0.048556 0.519651 0.000000 -0.010636 0.997073 -0.075709 8.076615 -0.521807 0.059053 0.851017 -0.000000 0.000000 0.000000 0.000000 1.000000
0.852955 0.056420 0.518926 0.000000 -0.017380 0.996660 -0.079794 8.133328 -0.521695 0.059042 0.851087 -0.000000 0.000000 0.000000 0.000000 1.000000
0.852731 0.063972 0.518418 0.000000 -0.023827 0.996203 -0.083737 8.090846 -0.521807 0.059053 0.851017 -0.000000 0.000000 0.000000 0.000000 1.000000
0.852412 0.069192 0.518272 0.000000 -0.028250 0.995852 -0.086487 7.982926 -0.522106 0.059082 0.850832 -0.000000 0.000000 0.000000 0.000000 1.000000
0.852124 0.070059 0.518629 0.000000 -0.028926 0.995789 -0.086989 7.838857 -0.522540 0.059123 0.850562 -0.000000 0.000000 0.000000 0.000000 1.000000
0.851958 0.064550 0.519616 0.000000 -0.024137 0.996159 -0.084176 7.687929 -0.523054 0.059173 0.850243 -0.000000 0.000000 0.000000 0.000000 1.000000
0.851881 0.050636 0.521282 0.000000 -0.012163 0.996960 -0.076965 7.559431 -0.523595 0.059224 0.849907 -0.000000 0.000000 0.000000 0.000000 1.000000
0.851649 0.038845 0.522671 0.000000 -0.002022 0.997486 -0.070839 7.482653 -0.524108 0.059274 0.849587 -0.000000 0.000000 0.000000 0.000000 1.000000
0.851382 0.039077 0.523088 0.000000 -0.002162 0.997474 -0.070997 7.552330 -0.524541 0.059315 0.849316 -0.000000 0.000000 0.000000 0.000000 1.000000
0.851142 0.048326 0.522707 0.000000 -0.010016 0.997067 -0.075873 7.734799 -0.524840 0.059344 0.849130 -0.000000 0.000000 0.000000 0.000000 1.000000
0.850821 0.063578 0.521596 0.000000 -0.023023 0.996210 -0.083875 7.866755 -0.524952 0.059354 0.849060 -0.000000 0.000000 0.000000 0.000000 1.000000</float_array><technique_common><accessor source="#jnt_spine2-Matrix-animation-output-transform-array" count="19" stride="16"><param type="float4x4"/></accessor></technique_common></source><source id="jnt_spine2-Interpolations"><Name_array id="jnt_spine2-Interpolations-array" count="19">
 LINEAR LINEAR LINEAR LINEAR LINEAR LINEAR LINEAR LINEAR LINEAR LINEAR LINEAR
LINEAR LINEAR LINEAR LINEAR LINEAR LINEAR LINEAR LINEAR</Name_array><technique_common><accessor source="#jnt_spine2-Interpolations-array" count="19"><param type="name"/></accessor></technique_common></source><sampler id="jnt_spine2-Matrix-animation-transform"><input semantic="INPUT" source="#jnt_spine2-Matrix-animation-input"/><input semantic="OUTPUT" source="#jnt_spine2-Matrix-animation-output-transform"/><input semantic="INTERPOLATION" source="#jnt_spine2-Interpolations"/></sampler><channel source="#jnt_spine2-Matrix-animation-transform" target="jnt_spine2/matrix"/></animation></animation>
    <animation id="neck_jnt-anim" name="neck_jnt"><animation><source id="neck_jnt-Matrix-animation-input"><float_array id="neck_jnt-Matrix-animation-input-array" count="19">

0.000000 0.033333 0.066667 0.100000 0.133333 0.166667 0.200000 0.233333 0.266667 0.300000 0.333333 0.366667 0.400000 0.433333 0.466667 0.500000
0.533333 0.566667 0.600000</float_array><technique_common><accessor source="#neck_jnt-Matrix-animation-input-array" count="19"><param name="TIME" type="float"/></accessor></technique_common></source><source id="neck_jnt-Matrix-animation-output-transform"><float_array id="neck_jnt-Matrix-animation-output-transform-array" count="304">

1.000000 -0.000000 0.000000 -0.000000 0.000000 1.000000 0.000000 2.357033 -0.000000 -0.000000 1.000000 2.698746 0.000000 0.000000 0.000000 1.000000
1.000000 -0.000000 0.000000 -0.000000 0.000000 1.000000 0.000000 2.357033 -0.000000 -0.000000 1.000000 2.698746 0.000000 0.000000 0.000000 1.000000
1.000000 -0.000000 0.000000 0.000000 0.000000 1.000000 0.000000 2.357033 -0.000000 -0.000000 1.000000 2.698746 0.000000 0.000000 0.000000 1.000000
1.000000 -0.000000 0.000000 -0.000000 0.000000 1.000000 0.000000 2.357033 -0.000000 -0.000000 1.000000 2.698746 0.000000 0.000000 0.000000 1.000000
1.000000 -0.000000 0.000000 -0.000000 0.000000 1.000000 0.000000 2.357033 -0.000000 -0.000000 1.000000 2.698746 0.000000 0.000000 0.000000 1.000000
1.000000 -0.000000 0.000000 -0.000000 0.000000 1.000000 0.000000 2.357033 -0.000000 -0.000000 1.000000 2.698746 0.000000 0.000000 0.000000 1.000000
1.000000 -0.000000 0.000000 0.000000 0.000000 1.000000 0.000000 2.357033 -0.000000 -0.000000 1.000000 2.698746 0.000000 0.000000 0.000000 1.000000
1.000000 -0.000000 0.000000 -0.000000 0.000000 1.000000 0.000000 2.357033 -0.000000 -0.000000 1.000000 2.698746 0.000000 0.000000 0.000000 1.000000
1.000000 -0.000000 0.000000 0.000000 0.000000 1.000000 0.000000 2.357033 -0.000000 -0.000000 1.000000 2.698746 0.000000 0.000000 0.000000 1.000000
1.000000 -0.000000 0.000000 -0.000000 0.000000 1.000000 0.000000 2.357033 -0.000000 -0.000000 1.000000 2.698746 0.000000 0.000000 0.000000 1.000000
1.000000 -0.000000 0.000000 -0.000000 0.000000 1.000000 0.000000 2.357033 -0.000000 -0.000000 1.000000 2.698746 0.000000 0.000000 0.000000 1.000000
1.000000 -0.000000 0.000000 0.000000 0.000000 1.000000 0.000000 2.357033 -0.000000 -0.000000 1.000000 2.698746 0.000000 0.000000 0.000000 1.000000
1.000000 -0.000000 0.000000 -0.000000 0.000000 1.000000 0.000000 2.357033 -0.000000 -0.000000 1.000000 2.698746 0.000000 0.000000 0.000000 1.000000
1.000000 -0.000000 0.000000 0.000000 0.000000 1.000000 0.000000 2.357033 -0.000000 -0.000000 1.000000 2.698746 0.000000 0.000000 0.000000 1.000000
1.000000 -0.000000 0.000000 -0.000000 0.000000 1.000000 0.000000 2.357033 -0.000000 -0.000000 1.000000 2.698746 0.000000 0.000000 0.000000 1.000000
1.000000 -0.000000 0.000000 0.000000 0.000000 1.000000 0.000000 2.357033 -0.000000 -0.000000 1.000000 2.698746 0.000000 0.000000 0.000000 1.000000
1.000000 -0.000000 0.000000 -0.000000 0.000000 1.000000 0.000000 2.357033 -0.000000 -0.000000 1.000000 2.698746 0.000000 0.000000 0.000000 1.000000
1.000000 -0.000000 0.000000 0.000000 0.000000 1.000000 0.000000 2.357033 -0.000000 -0.000000 1.000000 2.698746 0.000000 0.000000 0.000000 1.000000
1.000000 -0.000000 0.000000 -0.000000 0.000000 1.000000 0.000000 2.357033 -0.000000 -0.000000 1.000000 2.698746 0.000000 0.000000 0.000000 1.000000</float_array><technique_common><accessor source="#neck_jnt-Matrix-animation-output-transform-array" count="19" stride="16"><param type="float4x4"/></accessor></technique_common></source><source id="neck_jnt-Interpolations"><Name_array id="neck_jnt-Interpolations-array" count="19">
 LINEAR LINEAR LINEAR LINEAR LINEAR LINEAR LINEAR LINEAR LINEAR LINEAR LINEAR
LINEAR LINEAR LINEAR LINEAR LINEAR LINEAR LINEAR LINEAR</Name_array><technique_common><accessor source="#neck_jnt-Interpolations-array" count="19"><param type="name"/></accessor></technique_common></source><sampler id="neck_jnt-Matrix-animation-transform"><input semantic="INPUT" source="#neck_jnt-Matrix-animation-input"/><input semantic="OUTPUT" source="#neck_jnt-Matrix-animation-output-transform"/><input semantic="INTERPOLATION" source="#neck_jnt-Interpolations"/></sampler><channel source="#neck_jnt-Matrix-animation-transform" target="neck_jnt/matrix"/></animation></animation>
    <animation id="head_jnt-anim" name="head_jnt"><animation><source id="head_jnt-Matrix-animation-input"><float_array id="head_jnt-Matrix-animation-input-array" count="19">

0.000000 0.033333 0.066667 0.100000 0.133333 0.166667 0.200000 0.233333 0.266667 0.300000 0.333333 0.366667 0.400000 0.433333 0.466667 0.500000
0.533333 0.566667 0.600000</float_array><technique_common><accessor source="#head_jnt-Matrix-animation-input-array" count="19"><param name="TIME" type="float"/></accessor></technique_common></source><source id="head_jnt-Matrix-animation-output-transform"><float_array id="head_jnt-Matrix-animation-output-transform-array" count="304">

0.986093 0.163650 -0.028984 0.722739 -0.166197 0.970981 -0.171972 -0.050900 -0.000000 0.174398 0.984675 -0.103117 0.000000 0.000000 0.000000 1.000000
0.986093 0.163650 -0.028984 0.722739 -0.166197 0.970981 -0.171972 -0.050900 -0.000000 0.174398 0.984675 -0.103117 0.000000 0.000000 0.000000 1.000000
0.986093 0.163650 -0.028984 0.722739 -0.166197 0.970981 -0.171972 -0.050900 -0.000000 0.174398 0.984675 -0.103117 0.000000 0.000000 0.000000 1.000000
0.986093 0.163650 -0.028984 0.722739 -0.166197 0.970981 -0.171972 -0.050900 0.000000 0.174398 0.984675 -0.103117 0.000000 0.000000 0.000000 1.000000
0.986093 0.163650 -0.028984 0.722739 -0.166197 0.970981 -0.171972 -0.050900 0.000000 0.174398 0.984675 -0.103117 0.000000 0.000000 0.000000 1.000000
0.986093 0.163650 -0.028984 0.722739 -0.166197 0.970981 -0.171972 -0.050900 -0.000000 0.174398 0.984675 -0.103117 0.000000 0.000000 0.000000 1.000000
0.986093 0.163650 -0.028984 0.722739 -0.166197 0.970981 -0.171972 -0.050900 -0.000000 0.174398 0.984675 -0.103117 0.000000 0.000000 0.000000 1.000000
0.986093 0.163650 -0.028984 0.722739 -0.166197 0.970981 -0.171972 -0.050900 0.000000 0.174398 0.984675 -0.103117 0.000000 0.000000 0.000000 1.000000
0.986093 0.163650 -0.028984 0.722739 -0.166197 0.970981 -0.171972 -0.050900 0.000000 0.174398 0.984675 -0.103117 0.000000 0.000000 0.000000 1.000000
0.986093 0.163650 -0.028984 0.722739 -0.166197 0.970981 -0.171972 -0.050900 0.000000 0.174398 0.984675 -0.103117 0.000000 0.000000 0.000000 1.000000
0.986093 0.163650 -0.028984 0.722739 -0.166197 0.970981 -0.171972 -0.050900 0.000000 0.174398 0.984675 -0.103117 0.000000 0.000000 0.000000 1.000000
0.986093 0.163650 -0.028984 0.722739 -0.166197 0.970981 -0.171972 -0.050900 0.000000 0.174398 0.984675 -0.103117 0.000000 0.000000 0.000000 1.000000
0.986093 0.163650 -0.028984 0.722739 -0.166197 0.970981 -0.171972 -0.050900 0.000000 0.174398 0.984675 -0.103117 0.000000 0.000000 0.000000 1.000000
0.986093 0.163650 -0.028984 0.722739 -0.166197 0.970981 -0.171972 -0.050900 -0.000000 0.174398 0.984675 -0.103117 0.000000 0.000000 0.000000 1.000000
0.986093 0.163650 -0.028984 0.722739 -0.166197 0.970981 -0.171972 -0.050900 0.000000 0.174398 0.984675 -0.103117 0.000000 0.000000 0.000000 1.000000
0.986093 0.163650 -0.028984 0.722739 -0.166197 0.970981 -0.171972 -0.050900 0.000000 0.174398 0.984675 -0.103117 0.000000 0.000000 0.000000 1.000000
0.986093 0.163650 -0.028984 0.722739 -0.166197 0.970981 -0.171972 -0.050900 -0.000000 0.174398 0.984675 -0.103117 0.000000 0.000000 0.000000 1.000000
0.986093 0.163650 -0.028984 0.722739 -0.166197 0.970981 -0.171972 -0.050900 -0.000000 0.174398 0.984675 -0.103117 0.000000 0.000000 0.000000 1.000000
0.986093 0.163650 -0.028984 0.722739 -0.166197 0.970981 -0.171972 -0.050900 -0.000000 0.174398 0.984675 -0.103117 0.000000 0.000000 0.000000 1.000000</float_array><technique_common><accessor source="#head_jnt-Matrix-animation-output-transform-array" count="19" stride="16"><param type="float4x4"/></accessor></technique_common></source><source id="head_jnt-Interpolations"><Name_array id="head_jnt-Interpolations-array" count="19">
 LINEAR LINEAR LINEAR LINEAR LINEAR LINEAR LINEAR LINEAR LINEAR LINEAR LINEAR
LINEAR LINEAR LINEAR LINEAR LINEAR LINEAR LINEAR LINEAR</Name_array><technique_common><accessor source="#head_jnt-Interpolations-array" count="19"><param type="name"/></accessor></technique_common></source><sampler id="head_jnt-Matrix-animation-transform"><input semantic="INPUT" source="#head_jnt-Matrix-animation-input"/><input semantic="OUTPUT" source="#head_jnt-Matrix-animation-output-transform"/><input semantic="INTERPOLATION" source="#head_jnt-Interpolations"/></sampler><channel source="#head_jnt-Matrix-animation-transform" target="head_jnt/matrix"/></animation></animation>
    <animation id="r_arm01_jnt-anim" name="r_arm01_jnt"><animation><source id="r_arm01_jnt-Matrix-animation-input"><float_array id="r_arm01_jnt-Matrix-animation-input-array" count="19">

0.000000 0.033333 0.066667 0.100000 0.133333 0.166667 0.200000 0.233333 0.266667 0.300000 0.333333 0.366667 0.400000 0.433333 0.466667 0.500000
0.533333 0.566667 0.600000</float_array><technique_common><accessor source="#r_arm01_jnt-Matrix-animation-input-array" count="19"><param name="TIME" type="float"/></accessor></technique_common></source><source id="r_arm01_jnt-Matrix-animation-output-transform"><float_array id="r_arm01_jnt-Matrix-animation-output-transform-array" count="304">

-0.966114 0.145537 0.213171 -2.858765 0.216779 0.905800 0.364051 2.350029 -0.140108 0.397926 -0.906656 -0.000000 0.000000 0.000000 0.000000 1.000000
-0.966114 0.145537 0.213171 -2.858765 0.216779 0.905800 0.364051 2.350029 -0.140108 0.397926 -0.906656 -0.000000 0.000000 0.000000 0.000000 1.000000
-0.966114 0.145537 0.213171 -2.858765 0.216779 0.905800 0.364051 2.350029 -0.140108 0.397926 -0.906656 -0.000000 0.000000 0.000000 0.000000 1.000000
-0.966114 0.145537 0.213171 -2.858765 0.216779 0.905800 0.364051 2.350029 -0.140108 0.397926 -0.906656 -0.000000 0.000000 0.000000 0.000000 1.000000
-0.966114 0.145537 0.213171 -2.858765 0.216779 0.905800 0.364051 2.350029 -0.140108 0.397926 -0.906656 -0.000000 0.000000 0.000000 0.000000 1.000000
-0.966114 0.145537 0.213171 -2.858765 0.216779 0.905800 0.364051 2.350029 -0.140108 0.397926 -0.906656 -0.000000 0.000000 0.000000 0.000000 1.000000
-0.966114 0.145537 0.213171 -2.858765 0.216779 0.905800 0.364051 2.350029 -0.140108 0.397926 -0.906656 -0.000000 0.000000 0.000000 0.000000 1.000000
-0.966114 0.145537 0.213171 -2.858765 0.216779 0.905800 0.364051 2.350029 -0.140108 0.397926 -0.906656 -0.000000 0.000000 0.000000 0.000000 1.000000
-0.966114 0.145537 0.213171 -2.858765 0.216779 0.905800 0.364051 2.350029 -0.140108 0.397926 -0.906656 -0.000000 0.000000 0.000000 0.000000 1.000000
-0.966114 0.145537 0.213171 -2.858765 0.216779 0.905800 0.364051 2.350029 -0.140108 0.397926 -0.906656 -0.000000 0.000000 0.000000 0.000000 1.000000
-0.966114 0.145537 0.213171 -2.858765 0.216779 0.905800 0.364051 2.350029 -0.140108 0.397926 -0.906656 -0.000000 0.000000 0.000000 0.000000 1.000000
-0.966114 0.145537 0.213171 -2.858765 0.216779 0.905800 0.364051 2.350029 -0.140108 0.397926 -0.906656 -0.000000 0.000000 0.000000 0.000000 1.000000
-0.966114 0.145537 0.213171 -2.858765 0.216779 0.905800 0.364051 2.350029 -0.140108 0.397926 -0.906656 -0.000000 0.000000 0.000000 0.000000 1.000000
-0.966114 0.145537 0.213171 -2.858765 0.216779 0.905800 0.364051 2.350029 -0.140108 0.397926 -0.906656 -0.000000 0.000000 0.000000 0.000000 1.000000
-0.966114 0.145537 0.213171 -2.858765 0.216779 0.905800 0.364051 2.350029 -0.140108 0.397926 -0.906656 -0.000000 0.000000 0.000000 0.000000 1.000000
-0.966114 0.145537 0.213171 -2.858765 0.216779 0.905800 0.364051 2.350029 -0.140108 0.397926 -0.906656 -0.000000 0.000000 0.000000 0.000000 1.000000
-0.966114 0.145537 0.213171 -2.858765 0.216779 0.905800 0.364051 2.350029 -0.140108 0.397926 -0.906656 -0.000000 0.000000 0.000000 0.000000 1.000000
-0.966114 0.145537 0.213171 -2.858765 0.216779 0.905800 0.364051 2.350029 -0.140108 0.397926 -0.906656 -0.000000 0.000000 0.000000 0.000000 1.000000
-0.966114 0.145537 0.213171 -2.858765 0.216779 0.905800 0.364051 2.350029 -0.140108 0.397926 -0.906656 -0.000000 0.000000 0.000000 0.000000 1.000000</float_array><technique_common><accessor source="#r_arm01_jnt-Matrix-animation-output-transform-array" count="19" stride="16"><param type="float4x4"/></accessor></technique_common></source><source id="r_arm01_jnt-Interpolations"><Name_array id="r_arm01_jnt-Interpolations-array" count="19">
 LINEAR LINEAR LINEAR LINEAR LINEAR LINEAR LINEAR LINEAR LINEAR LINEAR LINEAR
LINEAR LINEAR LINEAR LINEAR LINEAR LINEAR LINEAR LINEAR</Name_array><technique_common><accessor source="#r_arm01_jnt-Interpolations-array" count="19"><param type="name"/></accessor></technique_common></source><sampler id="r_arm01_jnt-Matrix-animation-transform"><input semantic="INPUT" source="#r_arm01_jnt-Matrix-animation-input"/><input semantic="OUTPUT" source="#r_arm01_jnt-Matrix-animation-output-transform"/><input semantic="INTERPOLATION" source="#r_arm01_jnt-Interpolations"/></sampler><channel source="#r_arm01_jnt-Matrix-animation-transform" target="r_arm01_jnt/matrix"/></animation></animation>
    <animation id="r_arm02_jnt-anim" name="r_arm02_jnt"><animation><source id="r_arm02_jnt-Matrix-animation-input"><float_array id="r_arm02_jnt-Matrix-animation-input-array" count="19">

0.000000 0.033333 0.066667 0.100000 0.133333 0.166667 0.200000 0.233333 0.266667 0.300000 0.333333 0.366667 0.400000 0.433333 0.466667 0.500000
0.533333 0.566667 0.600000</float_array><technique_common><accessor source="#r_arm02_jnt-Matrix-animation-input-array" count="19"><param name="TIME" type="float"/></accessor></technique_common></source><source id="r_arm02_jnt-Matrix-animation-output-transform"><float_array id="r_arm02_jnt-Matrix-animation-output-transform-array" count="304">

0.131758 0.801150 -0.583780 1.138730 -0.975417 -0.000158 -0.220366 -0.000000 -0.176638 0.598464 0.781435 -0.000000 0.000000 0.000000 0.000000 1.000000
0.124042 0.803216 -0.582630 1.138730 -0.975743 -0.008004 -0.218771 0.000000 -0.180384 0.595634 0.782740 -0.000000 0.000000 0.000000 0.000000 1.000000
0.132310 0.802038 -0.582434 1.138730 -0.975656 0.001696 -0.219301 0.000000 -0.174900 0.597270 0.782738 -0.000000 0.000000 0.000000 0.000000 1.000000
0.150314 0.798590 -0.582803 1.138730 -0.974984 0.022106 -0.221173 0.000000 -0.163743 0.601469 0.781935 0.000000 0.000000 0.000000 0.000000 1.000000
0.171702 0.793875 -0.583336 1.138730 -0.973579 0.046257 -0.223615 -0.000000 -0.150539 0.606319 0.780842 -0.000000 0.000000 0.000000 0.000000 1.000000
0.189885 0.789483 -0.583660 1.138730 -0.971875 0.066805 -0.225821 0.000000 -0.139290 0.610125 0.779965 -0.000000 0.000000 0.000000 0.000000 1.000000
0.198240 0.787587 -0.583445 1.138730 -0.970917 0.076263 -0.226947 0.000000 -0.134245 0.611466 0.779799 0.000000 0.000000 0.000000 0.000000 1.000000
0.196288 0.788646 -0.582674 1.138730 -0.971122 0.074165 -0.226764 0.000000 -0.135623 0.610358 0.780429 0.000000 0.000000 0.000000 0.000000 1.000000
0.189047 0.791126 -0.581705 1.138730 -0.971916 0.066202 -0.225826 0.000000 -0.140147 0.608060 0.781423 -0.000000 0.000000 0.000000 0.000000 1.000000
0.180678 0.793738 -0.580806 1.138730 -0.972791 0.057143 -0.224525 -0.000000 -0.145025 0.605570 0.782466 -0.000000 0.000000 0.000000 0.000000 1.000000
0.173832 0.795694 -0.580218 1.138730 -0.973492 0.049913 -0.223207 0.000000 -0.148644 0.603638 0.783279 -0.000000 0.000000 0.000000 0.000000 1.000000
0.169272 0.796773 -0.580086 1.138730 -0.973958 0.045151 -0.222188 0.000000 -0.150842 0.602589 0.783666 0.000000 0.000000 0.000000 0.000000 1.000000
0.168310 0.796643 -0.580545 1.138730 -0.974090 0.044159 -0.221809 0.000000 -0.151066 0.602835 0.783434 0.000000 0.000000 0.000000 0.000000 1.000000
0.172260 0.794938 -0.581721 1.138730 -0.973757 0.048249 -0.222416 0.000000 -0.148740 0.604769 0.782388 -0.000000 0.000000 0.000000 0.000000 1.000000
0.182445 0.791194 -0.583717 1.138730 -0.972726 0.058758 -0.224390 0.000000 -0.143238 0.608736 0.780336 -0.000000 0.000000 0.000000 0.000000 1.000000
0.188439 0.788523 -0.585425 1.138730 -0.971993 0.064505 -0.225986 -0.000000 -0.140432 0.611613 0.778594 -0.000000 0.000000 0.000000 0.000000 1.000000
0.177145 0.790825 -0.585846 1.138730 -0.972935 0.050970 -0.225388 -0.000000 -0.148381 0.609916 0.778450 -0.000000 0.000000 0.000000 0.000000 1.000000
0.154304 0.796065 -0.585210 1.138730 -0.974451 0.024777 -0.223231 0.000000 -0.163207 0.604704 0.779549 0.000000 0.000000 0.000000 0.000000 1.000000
0.131758 0.801150 -0.583780 1.138730 -0.975417 -0.000158 -0.220366 -0.000000 -0.176638 0.598464 0.781435 -0.000000 0.000000 0.000000 0.000000 1.000000</float_array><technique_common><accessor source="#r_arm02_jnt-Matrix-animation-output-transform-array" count="19" stride="16"><param type="float4x4"/></accessor></technique_common></source><source id="r_arm02_jnt-Interpolations"><Name_array id="r_arm02_jnt-Interpolations-array" count="19">
 LINEAR LINEAR LINEAR LINEAR LINEAR LINEAR LINEAR LINEAR LINEAR LINEAR LINEAR
LINEAR LINEAR LINEAR LINEAR LINEAR LINEAR LINEAR LINEAR</Name_array><technique_common><accessor source="#r_arm02_jnt-Interpolations-array" count="19"><param type="name"/></accessor></technique_common></source><sampler id="r_arm02_jnt-Matrix-animation-transform"><input semantic="INPUT" source="#r_arm02_jnt-Matrix-animation-input"/><input semantic="OUTPUT" source="#r_arm02_jnt-Matrix-animation-output-transform"/><input semantic="INTERPOLATION" source="#r_arm02_jnt-Interpolations"/></sampler><channel source="#r_arm02_jnt-Matrix-animation-transform" target="r_arm02_jnt/matrix"/></animation></animation>
    <animation id="r_arm03_jnt-anim" name="r_arm03_jnt"><animation><source id="r_arm03_jnt-Matrix-animation-input"><float_array id="r_arm03_jnt-Matrix-animation-input-array" count="19">

0.000000 0.033333 0.066667 0.100000 0.133333 0.166667 0.200000 0.233333 0.266667 0.300000 0.333333 0.366667 0.400000 0.433333 0.466667 0.500000
0.533333 0.566667 0.600000</float_array><technique_common><accessor source="#r_arm03_jnt-Matrix-animation-input-array" count="19"><param name="TIME" type="float"/></accessor></technique_common></source><source id="r_arm03_jnt-Matrix-animation-output-transform"><float_array id="r_arm03_jnt-Matrix-animation-output-transform-array" count="304">

0.407432 -0.732925 0.544812 1.183853 0.484329 0.679181 0.551488 -0.368546 -0.774225 0.039174 0.631697 -0.000000 0.000000 0.000000 0.000000 1.000000
0.407784 -0.732431 0.545213 1.183585 0.484032 0.679714 0.551092 -0.368796 -0.774225 0.039174 0.631697 -0.000000 0.000000 0.000000 0.000000 1.000000
0.404630 -0.736833 0.541620 1.185975 0.486672 0.674939 0.554624 -0.366552 -0.774225 0.039174 0.631697 -0.000000 0.000000 0.000000 0.000000 1.000000
0.399500 -0.743875 0.535770 1.189802 0.490892 0.667170 0.560277 -0.362897 -0.774225 0.039174 0.631697 -0.000000 0.000000 0.000000 0.000000 1.000000
0.393912 -0.751387 0.529387 1.193892 0.495387 0.658698 0.566312 -0.358905 -0.774225 0.039174 0.631697 -0.000000 0.000000 0.000000 0.000000 1.000000
0.389357 -0.757391 0.524175 1.197166 0.498976 0.651785 0.571139 -0.355644 -0.774225 0.039174 0.631697 -0.000000 0.000000 0.000000 0.000000 1.000000
0.387242 -0.760142 0.521755 1.198667 0.500618 0.648575 0.573351 -0.354128 -0.774225 0.039174 0.631697 -0.000000 0.000000 0.000000 0.000000 1.000000
0.387402 -0.759935 0.521937 1.198554 0.500495 0.648818 0.573185 -0.354242 -0.774225 0.039174 0.631697 -0.000000 0.000000 0.000000 0.000000 1.000000
0.388651 -0.758312 0.523368 1.197668 0.499525 0.650714 0.571879 -0.355138 -0.774225 0.039174 0.631697 -0.000000 0.000000 0.000000 0.000000 1.000000
0.389917 -0.756659 0.524816 1.196766 0.498538 0.652635 0.570550 -0.356045 -0.774225 0.039174 0.631697 -0.000000 0.000000 0.000000 0.000000 1.000000
0.390683 -0.755654 0.525694 1.196218 0.497937 0.653799 0.569741 -0.356595 -0.774225 0.039174 0.631697 -0.000000 0.000000 0.000000 0.000000 1.000000
0.391146 -0.755045 0.526224 1.195886 0.497574 0.654501 0.569252 -0.356926 -0.774225 0.039174 0.631697 -0.000000 0.000000 0.000000 0.000000 1.000000
0.391293 -0.754853 0.526391 1.195781 0.497459 0.654724 0.569097 -0.357031 -0.774225 0.039174 0.631697 -0.000000 0.000000 0.000000 0.000000 1.000000
0.391112 -0.755091 0.526184 1.195911 0.497601 0.654449 0.569289 -0.356901 -0.774225 0.039174 0.631697 -0.000000 0.000000 0.000000 0.000000 1.000000
0.390596 -0.755769 0.525594 1.196280 0.498006 0.653666 0.569834 -0.356532 -0.774225 0.039174 0.631697 -0.000000 0.000000 0.000000 0.000000 1.000000
0.391173 -0.755011 0.526253 1.195867 0.497553 0.654541 0.569225 -0.356945 -0.774225 0.039174 0.631697 -0.000000 0.000000 0.000000 0.000000 1.000000
0.395507 -0.749260 0.531209 1.192733 0.494115 0.661116 0.564603 -0.360046 -0.774225 0.039174 0.631697 -0.000000 0.000000 0.000000 0.000000 1.000000
0.402272 -0.740088 0.538932 1.187743 0.488623 0.671368 0.557236 -0.364873 -0.774225 0.039174 0.631697 -0.000000 0.000000 0.000000 0.000000 1.000000
0.407432 -0.732925 0.544812 1.183853 0.484329 0.679181 0.551488 -0.368546 -0.774225 0.039174 0.631697 -0.000000 0.000000 0.000000 0.000000 1.000000</float_array><technique_common><accessor source="#r_arm03_jnt-Matrix-animation-output-transform-array" count="19" stride="16"><param type="float4x4"/></accessor></technique_common></source><source id="r_arm03_jnt-Interpolations"><Name_array id="r_arm03_jnt-Interpolations-array" count="19">
 LINEAR LINEAR LINEAR LINEAR LINEAR LINEAR LINEAR LINEAR LINEAR LINEAR LINEAR
LINEAR LINEAR LINEAR LINEAR LINEAR LINEAR LINEAR LINEAR</Name_array><technique_common><accessor source="#r_arm03_jnt-Interpolations-array" count="19"><param type="name"/></accessor></technique_common></source><sampler id="r_arm03_jnt-Matrix-animation-transform"><input semantic="INPUT" source="#r_arm03_jnt-Matrix-animation-input"/><input semantic="OUTPUT" source="#r_arm03_jnt-Matrix-animation-output-transform"/><input semantic="INTERPOLATION" source="#r_arm03_jnt-Interpolations"/></sampler><channel source="#r_arm03_jnt-Matrix-animation-transform" target="r_arm03_jnt/matrix"/></animation></animation>
    <animation id="r_arm04_jnt-anim" name="r_arm04_jnt"><animation><source id="r_arm04_jnt-Matrix-animation-input"><float_array id="r_arm04_jnt-Matrix-animation-input-array" count="19">

0.000000 0.033333 0.066667 0.100000 0.133333 0.166667 0.200000 0.233333 0.266667 0.300000 0.333333 0.366667 0.400000 0.433333 0.466667 0.500000
0.533333 0.566667 0.600000</float_array><technique_common><accessor source="#r_arm04_jnt-Matrix-animation-input-array" count="19"><param name="TIME" type="float"/></accessor></technique_common></source><source id="r_arm04_jnt-Matrix-animation-output-transform"><float_array id="r_arm04_jnt-Matrix-animation-output-transform-array" count="304">

0.914620 -0.403035 -0.032132 3.327914 0.402836 0.915184 -0.012731 -0.000000 0.034538 -0.001300 0.999403 -0.000000 0.000000 0.000000 0.000000 1.000000
0.914034 -0.404364 -0.032104 3.327914 0.404166 0.914597 -0.012718 -0.000000 0.034505 -0.001350 0.999404 -0.000000 0.000000 0.000000 0.000000 1.000000
0.919203 -0.392452 -0.032356 3.327914 0.392244 0.919772 -0.012828 -0.000000 0.034795 -0.000900 0.999394 0.000000 0.000000 0.000000 0.000000 1.000000
0.927221 -0.373079 -0.032767 3.327914 0.372852 0.927800 -0.012998 -0.000000 0.035250 -0.000165 0.999379 0.000000 0.000000 0.000000 0.000000 1.000000
0.935419 -0.351976 -0.033214 3.327914 0.351730 0.936009 -0.013172 -0.000000 0.035724 0.000639 0.999361 -0.000000 0.000000 0.000000 0.000000 1.000000
0.941698 -0.334779 -0.033578 3.327914 0.334517 0.942296 -0.013305 -0.000000 0.036095 0.001297 0.999348 -0.000000 0.000000 0.000000 0.000000 1.000000
0.944490 -0.326802 -0.033747 3.327914 0.326533 0.945091 -0.013364 -0.000000 0.036261 0.001603 0.999341 0.000000 0.000000 0.000000 0.000000 1.000000
0.944282 -0.327404 -0.033734 3.327914 0.327135 0.944883 -0.013360 -0.000000 0.036249 0.001580 0.999342 0.000000 0.000000 0.000000 0.000000 1.000000
0.942638 -0.332117 -0.033634 3.327914 0.331853 0.943237 -0.013325 -0.000000 0.036151 0.001399 0.999345 0.000000 0.000000 0.000000 0.000000 1.000000
0.940946 -0.336893 -0.033533 3.327914 0.336633 0.941542 -0.013289 -0.000000 0.036050 0.001216 0.999349 0.000000 0.000000 0.000000 0.000000 1.000000
0.939907 -0.339787 -0.033472 3.327914 0.339530 0.940502 -0.013267 -0.000000 0.035988 0.001105 0.999352 0.000000 0.000000 0.000000 0.000000 1.000000
0.939274 -0.341534 -0.033435 3.327914 0.341278 0.939869 -0.013254 -0.000000 0.035951 0.001038 0.999353 -0.000000 0.000000 0.000000 0.000000 1.000000
0.939074 -0.342087 -0.033423 3.327914 0.341832 0.939668 -0.013249 -0.000000 0.035939 0.001017 0.999353 0.000000 0.000000 0.000000 0.000000 1.000000
0.939322 -0.341403 -0.033438 3.327914 0.341147 0.939917 -0.013255 -0.000000 0.035954 0.001043 0.999353 0.000000 0.000000 0.000000 0.000000 1.000000
0.940026 -0.339456 -0.033479 3.327914 0.339198 0.940621 -0.013270 -0.000000 0.035995 0.001118 0.999351 0.000000 0.000000 0.000000 0.000000 1.000000
0.939239 -0.341633 -0.033433 3.327914 0.341378 0.939833 -0.013253 -0.000000 0.035949 0.001034 0.999353 -0.000000 0.000000 0.000000 0.000000 1.000000
0.933136 -0.357997 -0.033086 3.327914 0.357757 0.933723 -0.013123 -0.000000 0.035591 0.000409 0.999366 0.000000 0.000000 0.000000 0.000000 1.000000
0.922948 -0.383546 -0.032545 3.327914 0.383329 0.923522 -0.012907 -0.000000 0.035007 -0.000563 0.999387 0.000000 0.000000 0.000000 0.000000 1.000000
0.914620 -0.403035 -0.032132 3.327914 0.402836 0.915184 -0.012731 -0.000000 0.034538 -0.001300 0.999403 -0.000000 0.000000 0.000000 0.000000 1.000000</float_array><technique_common><accessor source="#r_arm04_jnt-Matrix-animation-output-transform-array" count="19" stride="16"><param type="float4x4"/></accessor></technique_common></source><source id="r_arm04_jnt-Interpolations"><Name_array id="r_arm04_jnt-Interpolations-array" count="19">
 LINEAR LINEAR LINEAR LINEAR LINEAR LINEAR LINEAR LINEAR LINEAR LINEAR LINEAR
LINEAR LINEAR LINEAR LINEAR LINEAR LINEAR LINEAR LINEAR</Name_array><technique_common><accessor source="#r_arm04_jnt-Interpolations-array" count="19"><param type="name"/></accessor></technique_common></source><sampler id="r_arm04_jnt-Matrix-animation-transform"><input semantic="INPUT" source="#r_arm04_jnt-Matrix-animation-input"/><input semantic="OUTPUT" source="#r_arm04_jnt-Matrix-animation-output-transform"/><input semantic="INTERPOLATION" source="#r_arm04_jnt-Interpolations"/></sampler><channel source="#r_arm04_jnt-Matrix-animation-transform" target="r_arm04_jnt/matrix"/></animation></animation>
    <animation id="r_arm05_jnt-anim" name="r_arm05_jnt"><animation><source id="r_arm05_jnt-Matrix-animation-input"><float_array id="r_arm05_jnt-Matrix-animation-input-array" count="19">

0.000000 0.033333 0.066667 0.100000 0.133333 0.166667 0.200000 0.233333 0.266667 0.300000 0.333333 0.366667 0.400000 0.433333 0.466667 0.500000
0.533333 0.566667 0.600000</float_array><technique_common><accessor source="#r_arm05_jnt-Matrix-animation-input-array" count="19"><param name="TIME" type="float"/></accessor></technique_common></source><source id="r_arm05_jnt-Matrix-animation-output-transform"><float_array id="r_arm05_jnt-Matrix-animation-output-transform-array" count="304">

-0.112999 0.993593 0.002268 1.353106 -0.993593 -0.112993 -0.002540 -0.000000 -0.002268 -0.002540 0.999994 0.000000 0.000000 0.000000 0.000000 1.000000
-0.112999 0.993593 0.002268 1.353106 -0.993593 -0.112993 -0.002540 -0.000000 -0.002268 -0.002540 0.999994 0.000000 0.000000 0.000000 0.000000 1.000000
-0.112999 0.993593 0.002268 1.353106 -0.993593 -0.112993 -0.002540 -0.000000 -0.002268 -0.002540 0.999994 0.000000 0.000000 0.000000 0.000000 1.000000
-0.112999 0.993593 0.002268 1.353106 -0.993593 -0.112993 -0.002540 -0.000000 -0.002268 -0.002540 0.999994 -0.000000 0.000000 0.000000 0.000000 1.000000
-0.112999 0.993593 0.002268 1.353106 -0.993593 -0.112993 -0.002540 -0.000000 -0.002268 -0.002540 0.999994 -0.000000 0.000000 0.000000 0.000000 1.000000
-0.112999 0.993593 0.002268 1.353106 -0.993593 -0.112993 -0.002540 0.000000 -0.002268 -0.002540 0.999994 0.000000 0.000000 0.000000 0.000000 1.000000
-0.112999 0.993593 0.002268 1.353106 -0.993593 -0.112993 -0.002540 -0.000000 -0.002268 -0.002540 0.999994 -0.000000 0.000000 0.000000 0.000000 1.000000
-0.112999 0.993593 0.002268 1.353106 -0.993593 -0.112993 -0.002540 0.000000 -0.002268 -0.002540 0.999994 -0.000000 0.000000 0.000000 0.000000 1.000000
-0.112999 0.993593 0.002268 1.353106 -0.993593 -0.112993 -0.002540 -0.000000 -0.002268 -0.002540 0.999994 -0.000000 0.000000 0.000000 0.000000 1.000000
-0.112999 0.993593 0.002268 1.353106 -0.993593 -0.112993 -0.002540 -0.000000 -0.002268 -0.002540 0.999994 -0.000000 0.000000 0.000000 0.000000 1.000000
-0.112999 0.993593 0.002268 1.353106 -0.993593 -0.112993 -0.002540 -0.000000 -0.002268 -0.002540 0.999994 -0.000000 0.000000 0.000000 0.000000 1.000000
-0.112999 0.993593 0.002268 1.353106 -0.993593 -0.112993 -0.002540 -0.000000 -0.002268 -0.002540 0.999994 -0.000000 0.000000 0.000000 0.000000 1.000000
-0.112999 0.993593 0.002268 1.353106 -0.993593 -0.112993 -0.002540 -0.000000 -0.002268 -0.002540 0.999994 -0.000000 0.000000 0.000000 0.000000 1.000000
-0.112999 0.993593 0.002268 1.353106 -0.993593 -0.112993 -0.002540 -0.000000 -0.002268 -0.002540 0.999994 0.000000 0.000000 0.000000 0.000000 1.000000
-0.112999 0.993593 0.002268 1.353106 -0.993593 -0.112993 -0.002540 -0.000000 -0.002268 -0.002540 0.999994 0.000000 0.000000 0.000000 0.000000 1.000000
-0.112999 0.993593 0.002268 1.353106 -0.993593 -0.112993 -0.002540 -0.000000 -0.002268 -0.002540 0.999994 0.000000 0.000000 0.000000 0.000000 1.000000
-0.112999 0.993593 0.002268 1.353106 -0.993593 -0.112993 -0.002540 -0.000000 -0.002268 -0.002540 0.999994 0.000000 0.000000 0.000000 0.000000 1.000000
-0.112999 0.993593 0.002268 1.353106 -0.993593 -0.112993 -0.002540 -0.000000 -0.002268 -0.002540 0.999994 0.000000 0.000000 0.000000 0.000000 1.000000
-0.112999 0.993593 0.002268 1.353106 -0.993593 -0.112993 -0.002540 -0.000000 -0.002268 -0.002540 0.999994 0.000000 0.000000 0.000000 0.000000 1.000000</float_array><technique_common><accessor source="#r_arm05_jnt-Matrix-animation-output-transform-array" count="19" stride="16"><param type="float4x4"/></accessor></technique_common></source><source id="r_arm05_jnt-Interpolations"><Name_array id="r_arm05_jnt-Interpolations-array" count="19">
 LINEAR LINEAR LINEAR LINEAR LINEAR LINEAR LINEAR LINEAR LINEAR LINEAR LINEAR
