<?xml version="1.0" encoding="utf-8"?>
<COLLADA xmlns="http://www.collada.org/2005/11/COLLADASchema" version="1.4.1">
  <asset><contributor><author></author><authoring_tool>FBX COLLADA exporter</authoring_tool><comments></comments></contributor><created>2020-01-21T12:17:18Z</created><keywords></keywords><modified>2020-01-21T12:17:18Z</modified><revision></revision><subject></subject><title></title><unit meter="0.010000" name="centimeter"></unit><up_axis>Y_UP</up_axis></asset>
  <library_animations>
    <animation id="root_jnt-anim" name="root_jnt"><animation><source id="root_jnt-Matrix-animation-input"><float_array id="root_jnt-Matrix-animation-input-array" count="15">

0.000000 0.033333 0.066667 0.100000 0.133333 0.166667 0.200000 0.233333 0.266667 0.300000 0.333333 0.366667 0.400000 0.433333 0.466667</float_array><technique_common><accessor source="#root_jnt-Matrix-animation-input-array" count="15"><param name="TIME" type="float"/></accessor></technique_common></source><source id="root_jnt-Matrix-animation-output-transform"><float_array id="root_jnt-Matrix-animation-output-transform-array" count="240">

1.000000 0.000000 0.000000 0.000000 0.000000 1.000000 0.000000 0.000000 0.000000 0.000000 1.000000 0.000000 0.000000 0.000000 0.000000 1.000000
1.000000 0.000000 0.000000 0.000000 0.000000 1.000000 0.000000 0.000000 0.000000 0.000000 1.000000 0.000000 0.000000 0.000000 0.000000 1.000000
1.000000 0.000000 0.000000 0.000000 0.000000 1.000000 0.000000 0.000000 0.000000 0.000000 1.000000 0.000000 0.000000 0.000000 0.000000 1.000000
1.000000 0.000000 0.000000 0.000000 0.000000 1.000000 0.000000 0.000000 0.000000 0.000000 1.000000 0.000000 0.000000 0.000000 0.000000 1.000000
1.000000 0.000000 0.000000 0.000000 0.000000 1.000000 0.000000 0.000000 0.000000 0.000000 1.000000 0.000000 0.000000 0.000000 0.000000 1.000000
1.000000 0.000000 0.000000 0.000000 0.000000 1.000000 0.000000 0.000000 0.000000 0.000000 1.000000 0.000000 0.000000 0.000000 0.000000 1.000000
1.000000 0.000000 0.000000 0.000000 0.000000 1.000000 0.000000 0.000000 0.000000 0.000000 1.000000 0.000000 0.000000 0.000000 0.000000 1.000000
1.000000 0.000000 0.000000 0.000000 0.000000 1.000000 0.000000 0.000000 0.000000 0.000000 1.000000 0.000000 0.000000 0.000000 0.000000 1.000000
1.000000 0.000000 0.000000 0.000000 0.000000 1.000000 0.000000 0.000000 0.000000 0.000000 1.000000 0.000000 0.000000 0.000000 0.000000 1.000000
1.000000 0.000000 0.000000 0.000000 0.000000 1.000000 0.000000 0.000000 0.000000 0.000000 1.000000 0.000000 0.000000 0.000000 0.000000 1.000000
1.000000 0.000000 0.000000 0.000000 0.000000 1.000000 0.000000 0.000000 0.000000 0.000000 1.000000 0.000000 0.000000 0.000000 0.000000 1.000000
1.000000 0.000000 0.000000 0.000000 0.000000 1.000000 0.000000 0.000000 0.000000 0.000000 1.000000 0.000000 0.000000 0.000000 0.000000 1.000000
1.000000 0.000000 0.000000 0.000000 0.000000 1.000000 0.000000 0.000000 0.000000 0.000000 1.000000 0.000000 0.000000 0.000000 0.000000 1.000000
1.000000 0.000000 0.000000 0.000000 0.000000 1.000000 0.000000 0.000000 0.000000 0.000000 1.000000 0.000000 0.000000 0.000000 0.000000 1.000000
1.000000 0.000000 0.000000 0.000000 0.000000 1.000000 0.000000 0.000000 0.000000 0.000000 1.000000 0.000000 0.000000 0.000000 0.000000 1.000000</float_array><technique_common><accessor source="#root_jnt-Matrix-animation-output-transform-array" count="15" stride="16"><param type="float4x4"/></accessor></technique_common></source><source id="root_jnt-Interpolations"><Name_array id="root_jnt-Interpolations-array" count="15">
 LINEAR LINEAR LINEAR LINEAR LINEAR LINEAR LINEAR LINEAR LINEAR LINEAR LINEAR
LINEAR LINEAR LINEAR LINEAR</Name_array><technique_common><accessor source="#root_jnt-Interpolations-array" count="15"><param type="name"/></accessor></technique_common></source><sampler id="root_jnt-Matrix-animation-transform"><input semantic="INPUT" source="#root_jnt-Matrix-animation-input"/><input semantic="OUTPUT" source="#root_jnt-Matrix-animation-output-transform"/><input semantic="INTERPOLATION" source="#root_jnt-Interpolations"/></sampler><channel source="#root_jnt-Matrix-animation-transform" target="root_jnt/matrix"/></animation></animation>
    <animation id="jnt_spine2-anim" name="jnt_spine2"><animation><source id="jnt_spine2-Matrix-animation-input"><float_array id="jnt_spine2-Matrix-animation-input-array" count="15">

0.000000 0.033333 0.066667 0.100000 0.133333 0.166667 0.200000 0.233333 0.266667 0.300000 0.333333 0.366667 0.400000 0.433333 0.466667</float_array><technique_common><accessor source="#jnt_spine2-Matrix-animation-input-array" count="15"><param name="TIME" type="float"/></accessor></technique_common></source><source id="jnt_spine2-Matrix-animation-output-transform"><float_array id="jnt_spine2-Matrix-animation-output-transform-array" count="240">

0.521063 -0.064016 0.851114 0.490000 -0.009975 0.996659 0.081070 6.754634 -0.853460 -0.050732 0.518683 -0.167000 0.000000 0.000000 0.000000 1.000000
0.521063 -0.063097 0.851183 0.490000 -0.009975 0.996745 0.079993 6.749092 -0.853460 -0.050172 0.518738 -0.167000 0.000000 0.000000 0.000000 1.000000
0.521063 -0.060633 0.851362 0.490000 -0.009975 0.996973 0.077108 6.734239 -0.853460 -0.048670 0.518881 -0.167000 0.000000 0.000000 0.000000 1.000000
0.521063 -0.057066 0.851608 0.490000 -0.009975 0.997287 0.072931 6.712735 -0.853460 -0.046496 0.519080 -0.167000 0.000000 0.000000 0.000000 1.000000
0.521063 -0.052835 0.851881 0.490000 -0.009975 0.997637 0.067976 6.687240 -0.853460 -0.043917 0.519305 -0.167000 0.000000 0.000000 0.000000 1.000000
0.521063 -0.048381 0.852146 0.490000 -0.009975 0.997979 0.062760 6.660415 -0.853460 -0.041202 0.519527 -0.167000 0.000000 0.000000 0.000000 1.000000
0.521063 -0.044148 0.852376 0.490000 -0.009975 0.998278 0.057802 6.634921 -0.853460 -0.038621 0.519726 -0.167000 0.000000 0.000000 0.000000 1.000000
0.521063 -0.040576 0.852553 0.490000 -0.009975 0.998512 0.053619 6.613416 -0.853460 -0.036443 0.519883 -0.167000 0.000000 0.000000 0.000000 1.000000
0.521063 -0.038108 0.852667 0.490000 -0.009975 0.998663 0.050729 6.598563 -0.853460 -0.034938 0.519986 -0.167000 0.000000 0.000000 0.000000 1.000000
0.521063 -0.037188 0.852708 0.490000 -0.009975 0.998717 0.049650 6.593020 -0.853460 -0.034376 0.520024 -0.167000 0.000000 0.000000 0.000000 1.000000
0.521063 -0.039980 0.852581 0.490000 -0.009975 0.998549 0.052921 6.609828 -0.853460 -0.036079 0.519908 -0.167000 0.000000 0.000000 0.000000 1.000000
0.521063 -0.046637 0.852243 0.490000 -0.009975 0.998105 0.060717 6.649909 -0.853460 -0.040138 0.519611 -0.167000 0.000000 0.000000 0.000000 1.000000
0.521063 -0.054578 0.851771 0.490000 -0.009975 0.997496 0.070018 6.697746 -0.853460 -0.044980 0.519214 -0.167000 0.000000 0.000000 0.000000 1.000000
0.521063 -0.061229 0.851319 0.490000 -0.009975 0.996919 0.077805 6.737826 -0.853460 -0.049033 0.518847 -0.167000 0.000000 0.000000 0.000000 1.000000
0.521063 -0.064016 0.851114 0.490000 -0.009975 0.996659 0.081070 6.754634 -0.853460 -0.050732 0.518683 -0.167000 0.000000 0.000000 0.000000 1.000000</float_array><technique_common><accessor source="#jnt_spine2-Matrix-animation-output-transform-array" count="15" stride="16"><param type="float4x4"/></accessor></technique_common></source><source id="jnt_spine2-Interpolations"><Name_array id="jnt_spine2-Interpolations-array" count="15">
 LINEAR LINEAR LINEAR LINEAR LINEAR LINEAR LINEAR LINEAR LINEAR LINEAR LINEAR
LINEAR LINEAR LINEAR LINEAR</Name_array><technique_common><accessor source="#jnt_spine2-Interpolations-array" count="15"><param type="name"/></accessor></technique_common></source><sampler id="jnt_spine2-Matrix-animation-transform"><input semantic="INPUT" source="#jnt_spine2-Matrix-animation-input"/><input semantic="OUTPUT" source="#jnt_spine2-Matrix-animation-output-transform"/><input semantic="INTERPOLATION" source="#jnt_spine2-Interpolations"/></sampler><channel source="#jnt_spine2-Matrix-animation-transform" target="jnt_spine2/matrix"/></animation></animation>
    <animation id="neck_jnt-anim" name="neck_jnt"><animation><source id="neck_jnt-Matrix-animation-input"><float_array id="neck_jnt-Matrix-animation-input-array" count="15">

0.000000 0.033333 0.066667 0.100000 0.133333 0.166667 0.200000 0.233333 0.266667 0.300000 0.333333 0.366667 0.400000 0.433333 0.466667</float_array><technique_common><accessor source="#neck_jnt-Matrix-animation-input-array" count="15"><param name="TIME" type="float"/></accessor></technique_common></source><source id="neck_jnt-Matrix-animation-output-transform"><float_array id="neck_jnt-Matrix-animation-output-transform-array" count="240">

1.000000 -0.000000 0.000000 -1.220000 0.000000 1.000000 0.000000 2.357033 -0.000000 -0.000000 1.000000 2.698746 0.000000 0.000000 0.000000 1.000000
1.000000 -0.000000 0.000000 -1.220000 0.000000 1.000000 0.000000 2.357033 -0.000000 -0.000000 1.000000 2.698746 0.000000 0.000000 0.000000 1.000000
1.000000 -0.000000 0.000000 -1.220000 0.000000 1.000000 0.000000 2.357033 -0.000000 -0.000000 1.000000 2.698746 0.000000 0.000000 0.000000 1.000000
1.000000 -0.000000 0.000000 -1.220000 0.000000 1.000000 0.000000 2.357033 -0.000000 -0.000000 1.000000 2.698746 0.000000 0.000000 0.000000 1.000000
1.000000 -0.000000 0.000000 -1.220000 0.000000 1.000000 0.000000 2.357033 -0.000000 -0.000000 1.000000 2.698746 0.000000 0.000000 0.000000 1.000000
1.000000 -0.000000 0.000000 -1.220000 0.000000 1.000000 0.000000 2.357033 -0.000000 -0.000000 1.000000 2.698746 0.000000 0.000000 0.000000 1.000000
1.000000 -0.000000 0.000000 -1.220000 0.000000 1.000000 0.000000 2.357033 -0.000000 -0.000000 1.000000 2.698746 0.000000 0.000000 0.000000 1.000000
1.000000 -0.000000 0.000000 -1.220000 0.000000 1.000000 0.000000 2.357033 -0.000000 -0.000000 1.000000 2.698746 0.000000 0.000000 0.000000 1.000000
1.000000 -0.000000 0.000000 -1.220000 0.000000 1.000000 0.000000 2.357033 -0.000000 -0.000000 1.000000 2.698746 0.000000 0.000000 0.000000 1.000000
1.000000 -0.000000 0.000000 -1.220000 0.000000 1.000000 0.000000 2.357033 -0.000000 -0.000000 1.000000 2.698746 0.000000 0.000000 0.000000 1.000000
1.000000 -0.000000 0.000000 -1.220000 0.000000 1.000000 0.000000 2.357033 -0.000000 -0.000000 1.000000 2.698746 0.000000 0.000000 0.000000 1.000000
1.000000 -0.000000 0.000000 -1.220000 0.000000 1.000000 0.000000 2.357033 -0.000000 -0.000000 1.000000 2.698746 0.000000 0.000000 0.000000 1.000000
1.000000 -0.000000 0.000000 -1.220000 0.000000 1.000000 0.000000 2.357033 -0.000000 -0.000000 1.000000 2.698746 0.000000 0.000000 0.000000 1.000000
1.000000 -0.000000 0.000000 -1.220000 0.000000 1.000000 0.000000 2.357033 -0.000000 -0.000000 1.000000 2.698746 0.000000 0.000000 0.000000 1.000000
1.000000 -0.000000 0.000000 -1.220000 0.000000 1.000000 0.000000 2.357033 -0.000000 -0.000000 1.000000 2.698746 0.000000 0.000000 0.000000 1.000000</float_array><technique_common><accessor source="#neck_jnt-Matrix-animation-output-transform-array" count="15" stride="16"><param type="float4x4"/></accessor></technique_common></source><source id="neck_jnt-Interpolations"><Name_array id="neck_jnt-Interpolations-array" count="15">
 LINEAR LINEAR LINEAR LINEAR LINEAR LINEAR LINEAR LINEAR LINEAR LINEAR LINEAR
LINEAR LINEAR LINEAR LINEAR</Name_array><technique_common><accessor source="#neck_jnt-Interpolations-array" count="15"><param type="name"/></accessor></technique_common></source><sampler id="neck_jnt-Matrix-animation-transform"><input semantic="INPUT" source="#neck_jnt-Matrix-animation-input"/><input semantic="OUTPUT" source="#neck_jnt-Matrix-animation-output-transform"/><input semantic="INTERPOLATION" source="#neck_jnt-Interpolations"/></sampler><channel source="#neck_jnt-Matrix-animation-transform" target="neck_jnt/matrix"/></animation></animation>
    <animation id="head_jnt-anim" name="head_jnt"><animation><source id="head_jnt-Matrix-animation-input"><float_array id="head_jnt-Matrix-animation-input-array" count="15">

0.000000 0.033333 0.066667 0.100000 0.133333 0.166667 0.200000 0.233333 0.266667 0.300000 0.333333 0.366667 0.400000 0.433333 0.466667</float_array><technique_common><accessor source="#head_jnt-Matrix-animation-input-array" count="15"><param name="TIME" type="float"/></accessor></technique_common></source><source id="head_jnt-Matrix-animation-output-transform"><float_array id="head_jnt-Matrix-animation-output-transform-array" count="240">

0.596835 0.036082 -0.801552 0.595216 -0.213109 0.970236 -0.115006 0.585912 0.773545 0.239458 0.586760 -0.006286 0.000000 0.000000 0.000000 1.000000
0.596835 0.036082 -0.801552 0.595216 -0.213109 0.970236 -0.115006 0.585912 0.773545 0.239458 0.586760 -0.006286 0.000000 0.000000 0.000000 1.000000
0.596835 0.036082 -0.801552 0.595216 -0.213109 0.970236 -0.115006 0.585912 0.773545 0.239458 0.586760 -0.006286 0.000000 0.000000 0.000000 1.000000
0.596835 0.036082 -0.801552 0.595216 -0.213109 0.970236 -0.115006 0.585912 0.773545 0.239458 0.586760 -0.006286 0.000000 0.000000 0.000000 1.000000
0.596835 0.036082 -0.801552 0.595216 -0.213109 0.970236 -0.115006 0.585912 0.773545 0.239458 0.586760 -0.006286 0.000000 0.000000 0.000000 1.000000
0.596835 0.036082 -0.801552 0.595216 -0.213109 0.970236 -0.115006 0.585912 0.773545 0.239458 0.586760 -0.006286 0.000000 0.000000 0.000000 1.000000
0.596835 0.036082 -0.801552 0.595216 -0.213109 0.970236 -0.115006 0.585912 0.773545 0.239458 0.586760 -0.006286 0.000000 0.000000 0.000000 1.000000
0.596835 0.036082 -0.801552 0.595216 -0.213109 0.970236 -0.115006 0.585912 0.773545 0.239458 0.586760 -0.006286 0.000000 0.000000 0.000000 1.000000
0.596835 0.036082 -0.801552 0.595216 -0.213109 0.970236 -0.115006 0.585912 0.773545 0.239458 0.586760 -0.006286 0.000000 0.000000 0.000000 1.000000
0.596835 0.036082 -0.801552 0.595216 -0.213109 0.970236 -0.115006 0.585912 0.773545 0.239458 0.586760 -0.006286 0.000000 0.000000 0.000000 1.000000
0.596835 0.036082 -0.801552 0.595216 -0.213109 0.970236 -0.115006 0.585912 0.773545 0.239458 0.586760 -0.006286 0.000000 0.000000 0.000000 1.000000
0.596835 0.036082 -0.801552 0.595216 -0.213109 0.970236 -0.115006 0.585912 0.773545 0.239458 0.586760 -0.006286 0.000000 0.000000 0.000000 1.000000
0.596835 0.036082 -0.801552 0.595216 -0.213109 0.970236 -0.115006 0.585912 0.773545 0.239458 0.586760 -0.006286 0.000000 0.000000 0.000000 1.000000
0.596835 0.036082 -0.801552 0.595216 -0.213109 0.970236 -0.115006 0.585912 0.773545 0.239458 0.586760 -0.006286 0.000000 0.000000 0.000000 1.000000
0.596835 0.036082 -0.801552 0.595216 -0.213109 0.970236 -0.115006 0.585912 0.773545 0.239458 0.586760 -0.006286 0.000000 0.000000 0.000000 1.000000</float_array><technique_common><accessor source="#head_jnt-Matrix-animation-output-transform-array" count="15" stride="16"><param type="float4x4"/></accessor></technique_common></source><source id="head_jnt-Interpolations"><Name_array id="head_jnt-Interpolations-array" count="15">
 LINEAR LINEAR LINEAR LINEAR LINEAR LINEAR LINEAR LINEAR LINEAR LINEAR LINEAR
LINEAR LINEAR LINEAR LINEAR</Name_array><technique_common><accessor source="#head_jnt-Interpolations-array" count="15"><param type="name"/></accessor></technique_common></source><sampler id="head_jnt-Matrix-animation-transform"><input semantic="INPUT" source="#head_jnt-Matrix-animation-input"/><input semantic="OUTPUT" source="#head_jnt-Matrix-animation-output-transform"/><input semantic="INTERPOLATION" source="#head_jnt-Interpolations"/></sampler><channel source="#head_jnt-Matrix-animation-transform" target="head_jnt/matrix"/></animation></animation>
    <animation id="r_arm01_jnt-anim" name="r_arm01_jnt"><animation><source id="r_arm01_jnt-Matrix-animation-input"><float_array id="r_arm01_jnt-Matrix-animation-input-array" count="15">

0.000000 0.033333 0.066667 0.100000 0.133333 0.166667 0.200000 0.233333 0.266667 0.300000 0.333333 0.366667 0.400000 0.433333 0.466667</float_array><technique_common><accessor source="#r_arm01_jnt-Matrix-animation-input-array" count="15"><param name="TIME" type="float"/></accessor></technique_common></source><source id="r_arm01_jnt-Matrix-animation-output-transform"><float_array id="r_arm01_jnt-Matrix-animation-output-transform-array" count="240">

-0.998300 -0.000000 0.058291 -2.858765 -0.000000 1.000000 -0.000000 2.350029 -0.058291 0.000000 -0.998300 -0.000000 0.000000 0.000000 0.000000 1.000000
-0.998300 -0.000000 0.058291 -2.858765 0.000000 1.000000 0.000000 2.350029 -0.058291 -0.000000 -0.998300 -0.000000 0.000000 0.000000 0.000000 1.000000
-0.998300 0.000000 0.058291 -2.858765 0.000000 1.000000 0.000000 2.350029 -0.058291 0.000000 -0.998300 -0.000000 0.000000 0.000000 0.000000 1.000000
-0.998300 0.000000 0.058291 -2.858765 -0.000000 1.000000 0.000000 2.350029 -0.058291 0.000000 -0.998300 -0.000000 0.000000 0.000000 0.000000 1.000000
-0.998300 0.000000 0.058291 -2.858765 0.000000 1.000000 -0.000000 2.350029 -0.058291 -0.000000 -0.998300 -0.000000 0.000000 0.000000 0.000000 1.000000
-0.998300 0.000000 0.058291 -2.858765 0.000000 1.000000 0.000000 2.350029 -0.058291 -0.000000 -0.998300 -0.000000 0.000000 0.000000 0.000000 1.000000
-0.998300 0.000000 0.058291 -2.858765 0.000000 1.000000 0.000000 2.350029 -0.058291 0.000000 -0.998300 -0.000000 0.000000 0.000000 0.000000 1.000000
-0.998300 -0.000000 0.058291 -2.858765 0.000000 1.000000 0.000000 2.350029 -0.058291 0.000000 -0.998300 -0.000000 0.000000 0.000000 0.000000 1.000000
-0.998300 0.000000 0.058291 -2.858765 0.000000 1.000000 -0.000000 2.350029 -0.058291 0.000000 -0.998300 -0.000000 0.000000 0.000000 0.000000 1.000000
-0.998300 0.000000 0.058291 -2.858765 0.000000 1.000000 -0.000000 2.350029 -0.058291 -0.000000 -0.998300 -0.000000 0.000000 0.000000 0.000000 1.000000
-0.998300 -0.000000 0.058291 -2.858765 0.000000 1.000000 -0.000000 2.350029 -0.058291 -0.000000 -0.998300 -0.000000 0.000000 0.000000 0.000000 1.000000
-0.998300 -0.000000 0.058291 -2.858765 0.000000 1.000000 0.000000 2.350029 -0.058291 -0.000000 -0.998300 -0.000000 0.000000 0.000000 0.000000 1.000000
-0.998300 -0.000000 0.058291 -2.858765 -0.000000 1.000000 0.000000 2.350029 -0.058291 0.000000 -0.998300 -0.000000 0.000000 0.000000 0.000000 1.000000
-0.998300 -0.000000 0.058291 -2.858765 0.000000 1.000000 -0.000000 2.350029 -0.058291 0.000000 -0.998300 -0.000000 0.000000 0.000000 0.000000 1.000000
-0.998300 -0.000000 0.058291 -2.858765 -0.000000 1.000000 -0.000000 2.350029 -0.058291 0.000000 -0.998300 -0.000000 0.000000 0.000000 0.000000 1.000000</float_array><technique_common><accessor source="#r_arm01_jnt-Matrix-animation-output-transform-array" count="15" stride="16"><param type="float4x4"/></accessor></technique_common></source><source id="r_arm01_jnt-Interpolations"><Name_array id="r_arm01_jnt-Interpolations-array" count="15">
 LINEAR LINEAR LINEAR LINEAR LINEAR LINEAR LINEAR LINEAR LINEAR LINEAR LINEAR
LINEAR LINEAR LINEAR LINEAR</Name_array><technique_common><accessor source="#r_arm01_jnt-Interpolations-array" count="15"><param type="name"/></accessor></technique_common></source><sampler id="r_arm01_jnt-Matrix-animation-transform"><input semantic="INPUT" source="#r_arm01_jnt-Matrix-animation-input"/><input semantic="OUTPUT" source="#r_arm01_jnt-Matrix-animation-output-transform"/><input semantic="INTERPOLATION" source="#r_arm01_jnt-Interpolations"/></sampler><channel source="#r_arm01_jnt-Matrix-animation-transform" target="r_arm01_jnt/matrix"/></animation></animation>
    <animation id="r_arm02_jnt-anim" name="r_arm02_jnt"><animation><source id="r_arm02_jnt-Matrix-animation-input"><float_array id="r_arm02_jnt-Matrix-animation-input-array" count="15">

0.000000 0.033333 0.066667 0.100000 0.133333 0.166667 0.200000 0.233333 0.266667 0.300000 0.333333 0.366667 0.400000 0.433333 0.466667</float_array><technique_common><accessor source="#r_arm02_jnt-Matrix-animation-input-array" count="15"><param name="TIME" type="float"/></accessor></technique_common></source><source id="r_arm02_jnt-Matrix-animation-output-transform"><float_array id="r_arm02_jnt-Matrix-animation-output-transform-array" count="240">

0.905307 0.142256 -0.400227 1.138730 0.335785 -0.816738 0.469241 0.000000 -0.260129 -0.559197 -0.787167 0.000000 0.000000 0.000000 0.000000 1.000000
0.908236 0.138059 -0.395027 1.138730 0.330906 -0.814788 0.476048 0.000000 -0.256141 -0.563081 -0.785705 0.000000 0.000000 0.000000 0.000000 1.000000
0.915612 0.127333 -0.381368 1.138730 0.318084 -0.809571 0.493374 0.000000 -0.245921 -0.573046 -0.781755 0.000000 0.000000 0.000000 0.000000 1.000000
0.925268 0.112905 -0.362121 1.138730 0.300010 -0.802005 0.516510 0.000000 -0.232106 -0.586550 -0.775942 0.000000 0.000000 0.000000 0.000000 1.000000
0.935203 0.097515 -0.340421 1.138730 0.279622 -0.793205 0.540960 0.000000 -0.217272 -0.601096 -0.769075 0.000000 0.000000 0.000000 0.000000 1.000000
0.943761 0.083707 -0.319856 1.138730 0.260293 -0.784630 0.562675 0.000000 -0.203869 -0.614287 -0.762292 0.000000 0.000000 0.000000 0.000000 1.000000
0.949669 0.073809 -0.304435 1.138730 0.245794 -0.778064 0.578102 0.000000 -0.194201 -0.623834 -0.757045 -0.000000 0.000000 0.000000 0.000000 1.000000
0.951878 0.070018 -0.298370 1.138730 0.240091 -0.775452 0.583978 0.000000 -0.190483 -0.627512 -0.754947 0.000000 0.000000 0.000000 0.000000 1.000000
0.949669 0.073809 -0.304435 1.138730 0.245794 -0.778064 0.578102 0.000000 -0.194201 -0.623834 -0.757045 0.000000 0.000000 0.000000 0.000000 1.000000
0.943761 0.083707 -0.319856 1.138730 0.260293 -0.784630 0.562675 0.000000 -0.203869 -0.614287 -0.762292 0.000000 0.000000 0.000000 0.000000 1.000000
0.935203 0.097515 -0.340421 1.138730 0.279622 -0.793205 0.540960 0.000000 -0.217272 -0.601096 -0.769075 0.000000 0.000000 0.000000 0.000000 1.000000
0.925268 0.112905 -0.362121 1.138730 0.300010 -0.802005 0.516510 0.000000 -0.232106 -0.586550 -0.775942 0.000000 0.000000 0.000000 0.000000 1.000000
0.915612 0.127333 -0.381368 1.138730 0.318084 -0.809571 0.493374 0.000000 -0.245921 -0.573046 -0.781755 0.000000 0.000000 0.000000 0.000000 1.000000
0.908236 0.138059 -0.395027 1.138730 0.330906 -0.814788 0.476048 0.000000 -0.256141 -0.563081 -0.785705 0.000000 0.000000 0.000000 0.000000 1.000000
0.905307 0.142256 -0.400227 1.138730 0.335785 -0.816738 0.469241 0.000000 -0.260129 -0.559197 -0.787167 0.000000 0.000000 0.000000 0.000000 1.000000</float_array><technique_common><accessor source="#r_arm02_jnt-Matrix-animation-output-transform-array" count="15" stride="16"><param type="float4x4"/></accessor></technique_common></source><source id="r_arm02_jnt-Interpolations"><Name_array id="r_arm02_jnt-Interpolations-array" count="15">
 LINEAR LINEAR LINEAR LINEAR LINEAR LINEAR LINEAR LINEAR LINEAR LINEAR LINEAR
LINEAR LINEAR LINEAR LINEAR</Name_array><technique_common><accessor source="#r_arm02_jnt-Interpolations-array" count="15"><param type="name"/></accessor></technique_common></source><sampler id="r_arm02_jnt-Matrix-animation-transform"><input semantic="INPUT" source="#r_arm02_jnt-Matrix-animation-input"/><input semantic="OUTPUT" source="#r_arm02_jnt-Matrix-animation-output-transform"/><input semantic="INTERPOLATION" source="#r_arm02_jnt-Interpolations"/></sampler><channel source="#r_arm02_jnt-Matrix-animation-transform" target="r_arm02_jnt/matrix"/></animation></animation>
    <animation id="r_arm03_jnt-anim" name="r_arm03_jnt"><animation><source id="r_arm03_jnt-Matrix-animation-input"><float_array id="r_arm03_jnt-Matrix-animation-input-array" count="15">

0.000000 0.033333 0.066667 0.100000 0.133333 0.166667 0.200000 0.233333 0.266667 0.300000 0.333333 0.366667 0.400000 0.433333 0.466667</float_array><technique_common><accessor source="#r_arm03_jnt-Matrix-animation-input-array" count="15"><param name="TIME" type="float"/></accessor></technique_common></source><source id="r_arm03_jnt-Matrix-animation-output-transform"><float_array id="r_arm03_jnt-Matrix-animation-output-transform-array" count="240">

0.451809 -0.889127 0.072954 0.839582 0.770905 0.430270 0.469653 0.000000 -0.448971 -0.155953 0.879832 -0.000000 0.000000 0.000000 0.000000 1.000000
0.451886 -0.889084 0.073001 0.839582 0.770859 0.430359 0.469646 0.000000 -0.448971 -0.155953 0.879832 -0.000000 0.000000 0.000000 0.000000 1.000000
0.452096 -0.888966 0.073129 0.839582 0.770736 0.430601 0.469626 0.000000 -0.448971 -0.155953 0.879832 0.000000 0.000000 0.000000 0.000000 1.000000
0.452403 -0.888795 0.073316 0.839582 0.770556 0.430956 0.469597 0.000000 -0.448971 -0.155953 0.879832 -0.000000 0.000000 0.000000 0.000000 1.000000
0.452773 -0.888588 0.073542 0.839582 0.770338 0.431383 0.469561 0.000000 -0.448971 -0.155953 0.879832 -0.000000 0.000000 0.000000 0.000000 1.000000
0.453169 -0.888366 0.073783 0.839582 0.770106 0.431839 0.469524 0.000000 -0.448971 -0.155953 0.879832 0.000000 0.000000 0.000000 0.000000 1.000000
0.453552 -0.888151 0.074016 0.839582 0.769880 0.432280 0.469487 0.000000 -0.448971 -0.155953 0.879832 -0.000000 0.000000 0.000000 0.000000 1.000000
0.453879 -0.887967 0.074216 0.839582 0.769688 0.432658 0.469455 0.000000 -0.448971 -0.155953 0.879832 0.000000 0.000000 0.000000 0.000000 1.000000
0.454108 -0.887839 0.074355 0.839582 0.769553 0.432922 0.469433 0.000000 -0.448971 -0.155953 0.879832 0.000000 0.000000 0.000000 0.000000 1.000000
0.454193 -0.887790 0.074408 0.839582 0.769502 0.433021 0.469425 0.000000 -0.448971 -0.155953 0.879832 -0.000000 0.000000 0.000000 0.000000 1.000000
0.453934 -0.887936 0.074250 0.839582 0.769655 0.432721 0.469450 0.000000 -0.448971 -0.155953 0.879832 -0.000000 0.000000 0.000000 0.000000 1.000000
0.453326 -0.888278 0.073879 0.839582 0.770013 0.432020 0.469508 0.000000 -0.448971 -0.155953 0.879832 -0.000000 0.000000 0.000000 0.000000 1.000000
0.452620 -0.888673 0.073448 0.839582 0.770428 0.431206 0.469576 0.000000 -0.448971 -0.155953 0.879832 -0.000000 0.000000 0.000000 0.000000 1.000000
0.452045 -0.888995 0.073098 0.839582 0.770766 0.430543 0.469631 0.000000 -0.448971 -0.155953 0.879832 -0.000000 0.000000 0.000000 0.000000 1.000000
0.451809 -0.889127 0.072954 0.839582 0.770905 0.430270 0.469653 0.000000 -0.448971 -0.155953 0.879832 -0.000000 0.000000 0.000000 0.000000 1.000000</float_array><technique_common><accessor source="#r_arm03_jnt-Matrix-animation-output-transform-array" count="15" stride="16"><param type="float4x4"/></accessor></technique_common></source><source id="r_arm03_jnt-Interpolations"><Name_array id="r_arm03_jnt-Interpolations-array" count="15">
 LINEAR LINEAR LINEAR LINEAR LINEAR LINEAR LINEAR LINEAR LINEAR LINEAR LINEAR
LINEAR LINEAR LINEAR LINEAR</Name_array><technique_common><accessor source="#r_arm03_jnt-Interpolations-array" count="15"><param type="name"/></accessor></technique_common></source><sampler id="r_arm03_jnt-Matrix-animation-transform"><input semantic="INPUT" source="#r_arm03_jnt-Matrix-animation-input"/><input semantic="OUTPUT" source="#r_arm03_jnt-Matrix-animation-output-transform"/><input semantic="INTERPOLATION" source="#r_arm03_jnt-Interpolations"/></sampler><channel source="#r_arm03_jnt-Matrix-animation-transform" target="r_arm03_jnt/matrix"/></animation></animation>
    <animation id="r_arm04_jnt-anim" name="r_arm04_jnt"><animation><source id="r_arm04_jnt-Matrix-animation-input"><float_array id="r_arm04_jnt-Matrix-animation-input-array" count="15">

0.000000 0.033333 0.066667 0.100000 0.133333 0.166667 0.200000 0.233333 0.266667 0.300000 0.333333 0.366667 0.400000 0.433333 0.466667</float_array><technique_common><accessor source="#r_arm04_jnt-Matrix-animation-input-array" count="15"><param name="TIME" type="float"/></accessor></technique_common></source><source id="r_arm04_jnt-Matrix-animation-output-transform"><float_array id="r_arm04_jnt-Matrix-animation-output-transform-array" count="240">

0.939742 0.338521 -0.047841 3.327914 -0.339477 0.940521 -0.013267 -0.000000 0.040504 0.028709 0.998767 0.000000 0.000000 0.000000 0.000000 1.000000
0.940322 0.336912 -0.047807 3.327914 -0.337866 0.941100 -0.013280 -0.000000 0.040517 0.028640 0.998768 0.000000 0.000000 0.000000 0.000000 1.000000
0.941863 0.332591 -0.047715 3.327914 -0.333541 0.942642 -0.013312 -0.000000 0.040551 0.028453 0.998772 -0.000000 0.000000 0.000000 0.000000 1.000000
0.944063 0.326314 -0.047582 3.327914 -0.327257 0.944841 -0.013359 -0.000000 0.040598 0.028183 0.998778 0.000000 0.000000 0.000000 0.000000 1.000000
0.946621 0.318840 -0.047424 3.327914 -0.319774 0.947399 -0.013413 -0.000000 0.040653 0.027862 0.998785 0.000000 0.000000 0.000000 0.000000 1.000000
0.949255 0.310938 -0.047256 3.327914 -0.311863 0.950032 -0.013469 -0.000000 0.040707 0.027523 0.998792 -0.000000 0.000000 0.000000 0.000000 1.000000
0.951701 0.303391 -0.047097 3.327914 -0.304308 0.952478 -0.013521 -0.000000 0.040756 0.027200 0.998799 0.000000 0.000000 0.000000 0.000000 1.000000
0.953722 0.296999 -0.046961 3.327914 -0.297909 0.954498 -0.013564 -0.000000 0.040796 0.026926 0.998805 0.000000 0.000000 0.000000 0.000000 1.000000
0.955095 0.292570 -0.046867 3.327914 -0.293474 0.955870 -0.013593 -0.000000 0.040822 0.026737 0.998809 -0.000000 0.000000 0.000000 0.000000 1.000000
0.955602 0.290914 -0.046832 3.327914 -0.291817 0.956377 -0.013603 -0.000000 0.040832 0.026666 0.998810 0.000000 0.000000 0.000000 0.000000 1.000000
0.954056 0.295930 -0.046939 3.327914 -0.296839 0.954831 -0.013571 -0.000000 0.040802 0.026880 0.998806 0.000000 0.000000 0.000000 0.000000 1.000000
0.950270 0.307832 -0.047191 3.327914 -0.308754 0.951046 -0.013490 -0.000000 0.040728 0.027390 0.998795 0.000000 0.000000 0.000000 0.000000 1.000000
0.945574 0.321925 -0.047489 3.327914 -0.322862 0.946351 -0.013391 -0.000000 0.040631 0.027995 0.998782 0.000000 0.000000 0.000000 0.000000 1.000000
0.941492 0.333636 -0.047737 3.327914 -0.334587 0.942271 -0.013305 -0.000000 0.040543 0.028498 0.998771 -0.000000 0.000000 0.000000 0.000000 1.000000
0.939742 0.338521 -0.047841 3.327914 -0.339477 0.940521 -0.013267 -0.000000 0.040504 0.028709 0.998767 0.000000 0.000000 0.000000 0.000000 1.000000</float_array><technique_common><accessor source="#r_arm04_jnt-Matrix-animation-output-transform-array" count="15" stride="16"><param type="float4x4"/></accessor></technique_common></source><source id="r_arm04_jnt-Interpolations"><Name_array id="r_arm04_jnt-Interpolations-array" count="15">
 LINEAR LINEAR LINEAR LINEAR LINEAR LINEAR LINEAR LINEAR LINEAR LINEAR LINEAR
LINEAR LINEAR LINEAR LINEAR</Name_array><technique_common><accessor source="#r_arm04_jnt-Interpolations-array" count="15"><param type="name"/></accessor></technique_common></source><sampler id="r_arm04_jnt-Matrix-animation-transform"><input semantic="INPUT" source="#r_arm04_jnt-Matrix-animation-input"/><input semantic="OUTPUT" source="#r_arm04_jnt-Matrix-animation-output-transform"/><input semantic="INTERPOLATION" source="#r_arm04_jnt-Interpolations"/></sampler><channel source="#r_arm04_jnt-Matrix-animation-transform" target="r_arm04_jnt/matrix"/></animation></animation>
    <animation id="r_arm05_jnt-anim" name="r_arm05_jnt"><animation><source id="r_arm05_jnt-Matrix-animation-input"><float_array id="r_arm05_jnt-Matrix-animation-input-array" count="15">

0.000000 0.033333 0.066667 0.100000 0.133333 0.166667 0.200000 0.233333 0.266667 0.300000 0.333333 0.366667 0.400000 0.433333 0.466667</float_array><technique_common><accessor source="#r_arm05_jnt-Matrix-animation-input-array" count="15"><param name="TIME" type="float"/></accessor></technique_common></source><source id="r_arm05_jnt-Matrix-animation-output-transform"><float_array id="r_arm05_jnt-Matrix-animation-output-transform-array" count="240">

-0.112999 0.993593 0.002268 1.353106 -0.993593 -0.112993 -0.002540 -0.000000 -0.002268 -0.002540 0.999994 -0.000000 0.000000 0.000000 0.000000 1.000000
-0.112999 0.993593 0.002268 1.353106 -0.993593 -0.112993 -0.002540 -0.000000 -0.002268 -0.002540 0.999994 -0.000000 0.000000 0.000000 0.000000 1.000000
-0.112999 0.993593 0.002268 1.353106 -0.993593 -0.112993 -0.002540 -0.000000 -0.002268 -0.002540 0.999994 -0.000000 0.000000 0.000000 0.000000 1.000000
-0.112999 0.993593 0.002268 1.353106 -0.993593 -0.112993 -0.002540 -0.000000 -0.002268 -0.002540 0.999994 -0.000000 0.000000 0.000000 0.000000 1.000000
-0.112999 0.993593 0.002268 1.353106 -0.993593 -0.112993 -0.002540 -0.000000 -0.002268 -0.002540 0.999994 0.000000 0.000000 0.000000 0.000000 1.000000
-0.112999 0.993593 0.002268 1.353106 -0.993593 -0.112993 -0.002540 -0.000000 -0.002268 -0.002540 0.999994 0.000000 0.000000 0.000000 0.000000 1.000000
-0.112999 0.993593 0.002268 1.353106 -0.993593 -0.112993 -0.002540 0.000000 -0.002268 -0.002540 0.999994 0.000000 0.000000 0.000000 0.000000 1.000000
-0.112999 0.993593 0.002268 1.353106 -0.993593 -0.112993 -0.002540 -0.000000 -0.002268 -0.002540 0.999994 -0.000000 0.000000 0.000000 0.000000 1.000000
-0.112999 0.993593 0.002268 1.353106 -0.993593 -0.112993 -0.002540 -0.000000 -0.002268 -0.002540 0.999994 0.000000 0.000000 0.000000 0.000000 1.000000
-0.112999 0.993593 0.002268 1.353106 -0.993593 -0.112993 -0.002540 -0.000000 -0.002268 -0.002540 0.999994 -0.000000 0.000000 0.000000 0.000000 1.000000
-0.112999 0.993593 0.002268 1.353106 -0.993593 -0.112993 -0.002540 0.000000 -0.002268 -0.002540 0.999994 -0.000000 0.000000 0.000000 0.000000 1.000000
-0.112999 0.993593 0.002268 1.353106 -0.993593 -0.112993 -0.002540 0.000000 -0.002268 -0.002540 0.999994 0.000000 0.000000 0.000000 0.000000 1.000000
-0.112999 0.993593 0.002268 1.353106 -0.993593 -0.112993 -0.002540 -0.000000 -0.002268 -0.002540 0.999994 0.000000 0.000000 0.000000 0.000000 1.000000
-0.112999 0.993593 0.002268 1.353106 -0.993593 -0.112993 -0.002540 -0.000000 -0.002268 -0.002540 0.999994 -0.000000 0.000000 0.000000 0.000000 1.000000
-0.112999 0.993593 0.002268 1.353106 -0.993593 -0.112993 -0.002540 -0.000000 -0.002268 -0.002540 0.999994 -0.000000 0.000000 0.000000 0.000000 1.000000</float_array><technique_common><accessor source="#r_arm05_jnt-Matrix-animation-output-transform-array" count="15" stride="16"><param type="float4x4"/></accessor></technique_common></source><source id="r_arm05_jnt-Interpolations"><Name_array id="r_arm05_jnt-Interpolations-array" count="15">
 LINEAR LINEAR LINEAR LINEAR LINEAR LINEAR LINEAR LINEAR LINEAR LINEAR LINEAR
LINEAR LINEAR LINEAR LINEAR</Name_array><technique_common><accessor source="#r_arm05_jnt-Interpolations-array" count="15"><param type="name"/></accessor></technique_common></source><sampler id="r_arm05_jnt-Matrix-animation-transform"><input semantic="INPUT" source="#r_arm05_jnt-Matrix-animation-input"/><input semantic="OUTPUT" source="#r_arm05_jnt-Matrix-animation-output-transform"/><input semantic="INTERPOLATION" source="#r_arm05_jnt-Interpolations"/></sampler><channel source="#r_arm05_jnt-Matrix-animation-transform" target="r_arm05_jnt/matrix"/></animation></animation>
    <animation id="scythe01_jnt-anim" name="scythe01_jnt"><animation><source id="scythe01_jnt-Matrix-animation-input"><float_array id="scythe01_jnt-Matrix-animation-input-array" count="15">

0.000000 0.033333 0.066667 0.100000 0.133333 0.166667 0.200000 0.233333 0.266667 0.300000 0.333333 0.366667 0.400000 0.433333 0.466667</float_array><technique_common><accessor source="#scythe01_jnt-Matrix-animation-input-array" count="15"><param name="TIME" type="float"/></accessor></technique_common></source><source id="scythe01_jnt-Matrix-animation-output-transform"><float_array id="scythe01_jnt-Matrix-animation-output-transform-array" count="240">

-0.587651 -0.809094 -0.005776 4.703162 0.809056 -0.587680 0.007806 0.000000 -0.009710 -0.000086 0.999953 0.000000 0.000000 0.000000 0.000000 1.000000
-0.589189 -0.807974 -0.005800 4.703162 0.807936 -0.589218 0.007839 0.000000 -0.009752 -0.000067 0.999952 0.000000 0.000000 0.000000 0.000000 1.000000
-0.593297 -0.804962 -0.005865 4.703162 0.804923 -0.593326 0.007928 0.000000 -0.009862 -0.000017 0.999951 0.000000 0.000000 0.000000 0.000000 1.000000
-0.599209 -0.800571 -0.005961 4.703162 0.800530 -0.599238 0.008057 0.000000 -0.010022 0.000056 0.999950 0.000000 0.000000 0.000000 0.000000 1.000000
-0.606164 -0.795317 -0.006075 4.703162 0.795274 -0.606194 0.008207 0.000000 -0.010210 0.000144 0.999948 0.000000 0.000000 0.000000 0.000000 1.000000
-0.613418 -0.789734 -0.006196 4.703162 0.789690 -0.613449 0.008365 0.000000 -0.010407 0.000238 0.999946 0.000000 0.000000 0.000000 0.000000 1.000000
-0.620252 -0.784377 -0.006312 4.703162 0.784331 -0.620284 0.008513 0.000000 -0.010592 0.000330 0.999944 0.000000 0.000000 0.000000 0.000000 1.000000
-0.625971 -0.779820 -0.006410 4.703162 0.779773 -0.626003 0.008637 0.000000 -0.010748 0.000408 0.999942 0.000000 0.000000 0.000000 0.000000 1.000000
-0.629895 -0.776653 -0.006479 4.703162 0.776604 -0.629929 0.008722 0.000000 -0.010855 0.000462 0.999941 0.000000 0.000000 0.000000 0.000000 1.000000
-0.631355 -0.775467 -0.006505 4.703162 0.775417 -0.631388 0.008754 0.000000 -0.010895 0.000483 0.999941 0.000000 0.000000 0.000000 0.000000 1.000000
-0.626920 -0.779057 -0.006427 4.703162 0.779009 -0.626953 0.008657 0.000000 -0.010774 0.000421 0.999942 0.000000 0.000000 0.000000 0.000000 1.000000
-0.616242 -0.787532 -0.006243 4.703162 0.787487 -0.616273 0.008426 0.000000 -0.010483 0.000276 0.999945 0.000000 0.000000 0.000000 0.000000 1.000000
-0.603305 -0.797488 -0.006027 4.703162 0.797446 -0.603335 0.008145 0.000000 -0.010132 0.000108 0.999949 0.000000 0.000000 0.000000 0.000000 1.000000
-0.592306 -0.805692 -0.005850 4.703162 0.805653 -0.592335 0.007907 0.000000 -0.009836 -0.000029 0.999952 0.000000 0.000000 0.000000 0.000000 1.000000
-0.587651 -0.809094 -0.005776 4.703162 0.809056 -0.587680 0.007806 0.000000 -0.009710 -0.000086 0.999953 0.000000 0.000000 0.000000 0.000000 1.000000</float_array><technique_common><accessor source="#scythe01_jnt-Matrix-animation-output-transform-array" count="15" stride="16"><param type="float4x4"/></accessor></technique_common></source><source id="scythe01_jnt-Interpolations"><Name_array id="scythe01_jnt-Interpolations-array" count="15">
 LINEAR LINEAR LINEAR LINEAR LINEAR LINEAR LINEAR LINEAR LINEAR LINEAR LINEAR
LINEAR LINEAR LINEAR LINEAR</Name_array><technique_common><accessor source="#scythe01_jnt-Interpolations-array" count="15"><param type="name"/></accessor></technique_common></source><sampler id="scythe01_jnt-Matrix-animation-transform"><input semantic="INPUT" source="#scythe01_jnt-Matrix-animation-input"/><input semantic="OUTPUT" source="#scythe01_jnt-Matrix-animation-output-transform"/><input semantic="INTERPOLATION" source="#scythe01_jnt-Interpolations"/></sampler><channel source="#scythe01_jnt-Matrix-animation-transform" target="scythe01_jnt/matrix"/></animation></animation>
    <animation id="scythe02_jnt-anim" name="scythe02_jnt"><animation><source id="scythe02_jnt-Matrix-animation-input"><float_array id="scythe02_jnt-Matrix-animation-input-array" count="15">

0.000000 0.033333 0.066667 0.100000 0.133333 0.166667 0.200000 0.233333 0.266667 0.300000 0.333333 0.366667 0.400000 0.433333 0.466667</float_array><technique_common><accessor source="#scythe02_jnt-Matrix-animation-input-array" count="15"><param name="TIME" type="float"/></accessor></technique_common></source><source id="scythe02_jnt-Matrix-animation-output-transform"><float_array id="scythe02_jnt-Matrix-animation-output-transform-array" count="240">

0.923010 -0.384685 0.008339 2.551548 0.384685 0.923047 0.001668 0.000000 -0.008339 0.001668 0.999964 0.000000 0.000000 0.000000 0.000000 1.000000
0.923010 -0.384685 0.008339 2.551548 0.384685 0.923047 0.001668 0.000000 -0.008339 0.001668 0.999964 -0.000000 0.000000 0.000000 0.000000 1.000000
0.923010 -0.384685 0.008339 2.551548 0.384685 0.923047 0.001668 0.000000 -0.008339 0.001668 0.999964 -0.000000 0.000000 0.000000 0.000000 1.000000
0.923010 -0.384685 0.008339 2.551548 0.384685 0.923047 0.001668 0.000000 -0.008339 0.001668 0.999964 -0.000000 0.000000 0.000000 0.000000 1.000000
0.923010 -0.384685 0.008339 2.551548 0.384685 0.923047 0.001668 0.000000 -0.008339 0.001668 0.999964 -0.000000 0.000000 0.000000 0.000000 1.000000
