<?xml version="1.0" encoding="utf-8"?>
<COLLADA xmlns="http://www.collada.org/2005/11/COLLADASchema" version="1.4.1">
  <asset><contributor><author></author><authoring_tool>FBX COLLADA exporter</authoring_tool><comments></comments></contributor><created>2020-03-30T19:58:54Z</created><keywords></keywords><modified>2020-03-30T19:58:54Z</modified><revision></revision><subject></subject><title></title><unit meter="0.010000" name="centimeter"></unit><up_axis>Y_UP</up_axis></asset>
  <library_animations>
    <animation id="root_jnt-anim" name="root_jnt"><animation><source id="root_jnt-Matrix-animation-input"><float_array id="root_jnt-Matrix-animation-input-array" count="33">

0.000000 0.033333 0.066667 0.100000 0.133333 0.166667 0.200000 0.233333 0.266667 0.300000 0.333333 0.366667 0.400000 0.433333 0.466667 0.500000
0.533333 0.566667 0.600000 0.633333 0.666667 0.700000 0.733333 0.766667 0.800000 0.833333 0.866667 0.900000 0.933333 0.966667 1.000000 1.033333
1.066667</float_array><technique_common><accessor source="#root_jnt-Matrix-animation-input-array" count="33"><param name="TIME" type="float"/></accessor></technique_common></source><source id="root_jnt-Matrix-animation-output-transform"><float_array id="root_jnt-Matrix-animation-output-transform-array" count="528">

1.000000 0.000000 0.000000 0.000000 0.000000 1.000000 0.000000 0.000000 0.000000 0.000000 1.000000 0.000000 0.000000 0.000000 0.000000 1.000000
1.000000 0.000000 0.000000 0.000000 0.000000 1.000000 0.000000 0.000000 0.000000 0.000000 1.000000 0.000000 0.000000 0.000000 0.000000 1.000000
1.000000 0.000000 0.000000 0.000000 0.000000 1.000000 0.000000 0.000000 0.000000 0.000000 1.000000 0.000000 0.000000 0.000000 0.000000 1.000000
1.000000 0.000000 0.000000 0.000000 0.000000 1.000000 0.000000 0.000000 0.000000 0.000000 1.000000 0.000000 0.000000 0.000000 0.000000 1.000000
1.000000 0.000000 0.000000 0.000000 0.000000 1.000000 0.000000 0.000000 0.000000 0.000000 1.000000 0.000000 0.000000 0.000000 0.000000 1.000000
1.000000 0.000000 0.000000 0.000000 0.000000 1.000000 0.000000 0.000000 0.000000 0.000000 1.000000 0.000000 0.000000 0.000000 0.000000 1.000000
1.000000 0.000000 0.000000 0.000000 0.000000 1.000000 0.000000 0.000000 0.000000 0.000000 1.000000 0.000000 0.000000 0.000000 0.000000 1.000000
1.000000 0.000000 0.000000 0.000000 0.000000 1.000000 0.000000 0.000000 0.000000 0.000000 1.000000 0.000000 0.000000 0.000000 0.000000 1.000000
1.000000 0.000000 0.000000 0.000000 0.000000 1.000000 0.000000 0.000000 0.000000 0.000000 1.000000 0.000000 0.000000 0.000000 0.000000 1.000000
1.000000 0.000000 0.000000 0.000000 0.000000 1.000000 0.000000 0.000000 0.000000 0.000000 1.000000 0.000000 0.000000 0.000000 0.000000 1.000000
1.000000 0.000000 0.000000 0.000000 0.000000 1.000000 0.000000 0.000000 0.000000 0.000000 1.000000 0.000000 0.000000 0.000000 0.000000 1.000000
1.000000 0.000000 0.000000 0.000000 0.000000 1.000000 0.000000 0.000000 0.000000 0.000000 1.000000 0.000000 0.000000 0.000000 0.000000 1.000000
1.000000 0.000000 0.000000 0.000000 0.000000 1.000000 0.000000 0.000000 0.000000 0.000000 1.000000 0.000000 0.000000 0.000000 0.000000 1.000000
1.000000 0.000000 0.000000 0.000000 0.000000 1.000000 0.000000 0.000000 0.000000 0.000000 1.000000 0.000000 0.000000 0.000000 0.000000 1.000000
1.000000 0.000000 0.000000 0.000000 0.000000 1.000000 0.000000 0.000000 0.000000 0.000000 1.000000 0.000000 0.000000 0.000000 0.000000 1.000000
1.000000 0.000000 0.000000 0.000000 0.000000 1.000000 0.000000 0.000000 0.000000 0.000000 1.000000 0.000000 0.000000 0.000000 0.000000 1.000000
1.000000 0.000000 0.000000 0.000000 0.000000 1.000000 0.000000 0.000000 0.000000 0.000000 1.000000 0.000000 0.000000 0.000000 0.000000 1.000000
1.000000 0.000000 0.000000 0.000000 0.000000 1.000000 0.000000 0.000000 0.000000 0.000000 1.000000 0.000000 0.000000 0.000000 0.000000 1.000000
1.000000 0.000000 0.000000 0.000000 0.000000 1.000000 0.000000 0.000000 0.000000 0.000000 1.000000 0.000000 0.000000 0.000000 0.000000 1.000000
1.000000 0.000000 0.000000 0.000000 0.000000 1.000000 0.000000 0.000000 0.000000 0.000000 1.000000 0.000000 0.000000 0.000000 0.000000 1.000000
1.000000 0.000000 0.000000 0.000000 0.000000 1.000000 0.000000 0.000000 0.000000 0.000000 1.000000 0.000000 0.000000 0.000000 0.000000 1.000000
1.000000 0.000000 0.000000 0.000000 0.000000 1.000000 0.000000 0.000000 0.000000 0.000000 1.000000 0.000000 0.000000 0.000000 0.000000 1.000000
1.000000 0.000000 0.000000 0.000000 0.000000 1.000000 0.000000 0.000000 0.000000 0.000000 1.000000 0.000000 0.000000 0.000000 0.000000 1.000000
1.000000 0.000000 0.000000 0.000000 0.000000 1.000000 0.000000 0.000000 0.000000 0.000000 1.000000 0.000000 0.000000 0.000000 0.000000 1.000000
1.000000 0.000000 0.000000 0.000000 0.000000 1.000000 0.000000 0.000000 0.000000 0.000000 1.000000 0.000000 0.000000 0.000000 0.000000 1.000000
1.000000 0.000000 0.000000 0.000000 0.000000 1.000000 0.000000 0.000000 0.000000 0.000000 1.000000 0.000000 0.000000 0.000000 0.000000 1.000000
1.000000 0.000000 0.000000 0.000000 0.000000 1.000000 0.000000 0.000000 0.000000 0.000000 1.000000 0.000000 0.000000 0.000000 0.000000 1.000000
1.000000 0.000000 0.000000 0.000000 0.000000 1.000000 0.000000 0.000000 0.000000 0.000000 1.000000 0.000000 0.000000 0.000000 0.000000 1.000000
1.000000 0.000000 0.000000 0.000000 0.000000 1.000000 0.000000 0.000000 0.000000 0.000000 1.000000 0.000000 0.000000 0.000000 0.000000 1.000000
1.000000 0.000000 0.000000 0.000000 0.000000 1.000000 0.000000 0.000000 0.000000 0.000000 1.000000 0.000000 0.000000 0.000000 0.000000 1.000000
1.000000 0.000000 0.000000 0.000000 0.000000 1.000000 0.000000 0.000000 0.000000 0.000000 1.000000 0.000000 0.000000 0.000000 0.000000 1.000000
1.000000 0.000000 0.000000 0.000000 0.000000 1.000000 0.000000 0.000000 0.000000 0.000000 1.000000 0.000000 0.000000 0.000000 0.000000 1.000000
1.000000 0.000000 0.000000 0.000000 0.000000 1.000000 0.000000 0.000000 0.000000 0.000000 1.000000 0.000000 0.000000 0.000000 0.000000 1.000000</float_array><technique_common><accessor source="#root_jnt-Matrix-animation-output-transform-array" count="33" stride="16"><param type="float4x4"/></accessor></technique_common></source><source id="root_jnt-Interpolations"><Name_array id="root_jnt-Interpolations-array" count="33">
 LINEAR LINEAR LINEAR LINEAR LINEAR LINEAR LINEAR LINEAR LINEAR LINEAR LINEAR
LINEAR LINEAR LINEAR LINEAR LINEAR LINEAR LINEAR LINEAR LINEAR LINEAR LINEAR LINEAR
LINEAR LINEAR LINEAR LINEAR LINEAR LINEAR LINEAR LINEAR LINEAR LINEAR</Name_array><technique_common><accessor source="#root_jnt-Interpolations-array" count="33"><param type="name"/></accessor></technique_common></source><sampler id="root_jnt-Matrix-animation-transform"><input semantic="INPUT" source="#root_jnt-Matrix-animation-input"/><input semantic="OUTPUT" source="#root_jnt-Matrix-animation-output-transform"/><input semantic="INTERPOLATION" source="#root_jnt-Interpolations"/></sampler><channel source="#root_jnt-Matrix-animation-transform" target="root_jnt/matrix"/></animation></animation>
    <animation id="jnt_spine2-anim" name="jnt_spine2"><animation><source id="jnt_spine2-Matrix-animation-input"><float_array id="jnt_spine2-Matrix-animation-input-array" count="33">

0.000000 0.033333 0.066667 0.100000 0.133333 0.166667 0.200000 0.233333 0.266667 0.300000 0.333333 0.366667 0.400000 0.433333 0.466667 0.500000
0.533333 0.566667 0.600000 0.633333 0.666667 0.700000 0.733333 0.766667 0.800000 0.833333 0.866667 0.900000 0.933333 0.966667 1.000000 1.033333
1.066667</float_array><technique_common><accessor source="#jnt_spine2-Matrix-animation-input-array" count="33"><param name="TIME" type="float"/></accessor></technique_common></source><source id="jnt_spine2-Matrix-animation-output-transform"><float_array id="jnt_spine2-Matrix-animation-output-transform-array" count="528">

0.629449 0.053826 -0.775175 -0.467351 -0.090945 0.995845 -0.004699 7.870280 0.771701 0.073456 0.631729 -3.582971 0.000000 0.000000 0.000000 1.000000
0.629449 0.053826 -0.775175 -0.467351 -0.090945 0.995845 -0.004699 7.870280 0.771701 0.073456 0.631729 -3.582971 0.000000 0.000000 0.000000 1.000000
0.629449 0.053826 -0.775175 -0.467351 -0.090945 0.995845 -0.004699 7.870280 0.771701 0.073456 0.631729 -3.582971 0.000000 0.000000 0.000000 1.000000
0.629449 0.053826 -0.775175 -0.467351 -0.090945 0.995845 -0.004699 7.870280 0.771701 0.073456 0.631729 -3.582971 0.000000 0.000000 0.000000 1.000000
0.629234 0.053787 -0.775352 -0.466187 -0.091708 0.995772 -0.005348 7.891826 0.771786 0.074471 0.631506 -3.562619 0.000000 0.000000 0.000000 1.000000
0.628631 0.053675 -0.775850 -0.463066 -0.093830 0.995563 -0.007151 7.949569 0.772023 0.077294 0.630877 -3.508078 0.000000 0.000000 0.000000 1.000000
0.627697 0.053496 -0.776617 -0.458547 -0.097060 0.995229 -0.009893 8.033167 0.772383 0.081588 0.629895 -3.429115 0.000000 0.000000 0.000000 1.000000
0.626489 0.053256 -0.777608 -0.453190 -0.101143 0.994782 -0.013357 8.132277 0.772840 0.087018 0.628607 -3.335499 0.000000 0.000000 0.000000 1.000000
0.625066 0.052960 -0.778773 -0.447554 -0.105827 0.994234 -0.017327 8.236560 0.773364 0.093245 0.627067 -3.236999 0.000000 0.000000 0.000000 1.000000
0.623492 0.052618 -0.780057 -0.442196 -0.110861 0.993601 -0.021588 8.335670 0.773930 0.099938 0.625336 -3.143383 0.000000 0.000000 0.000000 1.000000
0.621837 0.052241 -0.781402 -0.437678 -0.115998 0.992911 -0.025929 8.419269 0.774508 0.106765 0.623489 -3.064420 0.000000 0.000000 0.000000 1.000000
0.620180 0.051847 -0.782744 -0.434557 -0.120993 0.992195 -0.030145 8.477012 0.775072 0.113402 0.621613 -3.009878 0.000000 0.000000 0.000000 1.000000
0.618608 0.051458 -0.784013 -0.433392 -0.125608 0.991496 -0.034032 8.498557 0.775595 0.119531 0.619810 -2.989527 0.000000 0.000000 0.000000 1.000000
0.617213 0.051101 -0.785135 -0.449805 -0.129603 0.990861 -0.037394 8.194914 0.776049 0.124836 0.618195 -3.195459 0.000000 0.000000 0.000000 1.000000
0.616094 0.050806 -0.786032 -0.485911 -0.132747 0.990341 -0.040035 7.526897 0.776406 0.129009 0.616888 -3.648511 0.000000 0.000000 0.000000 1.000000
0.615351 0.050607 -0.786627 -0.522018 -0.134804 0.989992 -0.041762 6.858881 0.776641 0.131739 0.616015 -4.101563 0.000000 0.000000 0.000000 1.000000
0.615083 0.050535 -0.786841 -0.538430 -0.135543 0.989865 -0.042382 6.555236 0.776725 0.132719 0.615698 -4.307496 0.000000 0.000000 0.000000 1.000000
0.615351 0.050607 -0.786627 -0.537233 -0.134804 0.989992 -0.041762 6.577384 0.776641 0.131739 0.616015 -4.295294 0.000000 0.000000 0.000000 1.000000
0.616094 0.050806 -0.786032 -0.533901 -0.132747 0.990341 -0.040035 6.639035 0.776406 0.129009 0.616888 -4.261326 0.000000 0.000000 0.000000 1.000000
0.617213 0.051101 -0.785135 -0.528822 -0.129603 0.990861 -0.037394 6.733010 0.776049 0.124836 0.618195 -4.209551 0.000000 0.000000 0.000000 1.000000
0.618608 0.051458 -0.784013 -0.522383 -0.125608 0.991496 -0.034032 6.852124 0.775595 0.119531 0.619810 -4.143925 0.000000 0.000000 0.000000 1.000000
0.620180 0.051847 -0.782744 -0.514975 -0.120993 0.992195 -0.030145 6.989195 0.775072 0.113402 0.621613 -4.068406 0.000000 0.000000 0.000000 1.000000
0.621837 0.052241 -0.781402 -0.506983 -0.115998 0.992911 -0.025929 7.137040 0.774508 0.106765 0.623489 -3.986950 0.000000 0.000000 0.000000 1.000000
0.623492 0.052618 -0.780057 -0.498798 -0.110861 0.993601 -0.021588 7.288476 0.773930 0.099938 0.625336 -3.903516 0.000000 0.000000 0.000000 1.000000
0.625066 0.052960 -0.778773 -0.490807 -0.105827 0.994234 -0.017327 7.436322 0.773364 0.093245 0.627067 -3.822061 0.000000 0.000000 0.000000 1.000000
0.626489 0.053256 -0.777608 -0.483398 -0.101143 0.994782 -0.013357 7.573393 0.772840 0.087018 0.628607 -3.746541 0.000000 0.000000 0.000000 1.000000
0.627697 0.053496 -0.776617 -0.476960 -0.097060 0.995229 -0.009893 7.692507 0.772383 0.081588 0.629895 -3.680915 0.000000 0.000000 0.000000 1.000000
0.628631 0.053675 -0.775850 -0.471881 -0.093830 0.995563 -0.007151 7.786481 0.772023 0.077294 0.630877 -3.629140 0.000000 0.000000 0.000000 1.000000
0.629234 0.053787 -0.775352 -0.468548 -0.091708 0.995772 -0.005348 7.848134 0.771786 0.074471 0.631506 -3.595173 0.000000 0.000000 0.000000 1.000000
0.629449 0.053826 -0.775175 -0.467351 -0.090945 0.995845 -0.004699 7.870280 0.771701 0.073456 0.631729 -3.582971 0.000000 0.000000 0.000000 1.000000
0.629449 0.053826 -0.775175 -0.467351 -0.090945 0.995845 -0.004699 7.870280 0.771701 0.073456 0.631729 -3.582971 0.000000 0.000000 0.000000 1.000000
0.629449 0.053826 -0.775175 -0.467351 -0.090945 0.995845 -0.004699 7.870280 0.771701 0.073456 0.631729 -3.582971 0.000000 0.000000 0.000000 1.000000
0.629449 0.053826 -0.775175 -0.467351 -0.090945 0.995845 -0.004699 7.870280 0.771701 0.073456 0.631729 -3.582971 0.000000 0.000000 0.000000 1.000000</float_array><technique_common><accessor source="#jnt_spine2-Matrix-animation-output-transform-array" count="33" stride="16"><param type="float4x4"/></accessor></technique_common></source><source id="jnt_spine2-Interpolations"><Name_array id="jnt_spine2-Interpolations-array" count="33">
 LINEAR LINEAR LINEAR LINEAR LINEAR LINEAR LINEAR LINEAR LINEAR LINEAR LINEAR
LINEAR LINEAR LINEAR LINEAR LINEAR LINEAR LINEAR LINEAR LINEAR LINEAR LINEAR LINEAR
LINEAR LINEAR LINEAR LINEAR LINEAR LINEAR LINEAR LINEAR LINEAR LINEAR</Name_array><technique_common><accessor source="#jnt_spine2-Interpolations-array" count="33"><param type="name"/></accessor></technique_common></source><sampler id="jnt_spine2-Matrix-animation-transform"><input semantic="INPUT" source="#jnt_spine2-Matrix-animation-input"/><input semantic="OUTPUT" source="#jnt_spine2-Matrix-animation-output-transform"/><input semantic="INTERPOLATION" source="#jnt_spine2-Interpolations"/></sampler><channel source="#jnt_spine2-Matrix-animation-transform" target="jnt_spine2/matrix"/></animation></animation>
    <animation id="neck_jnt-anim" name="neck_jnt"><animation><source id="neck_jnt-Matrix-animation-input"><float_array id="neck_jnt-Matrix-animation-input-array" count="33">

0.000000 0.033333 0.066667 0.100000 0.133333 0.166667 0.200000 0.233333 0.266667 0.300000 0.333333 0.366667 0.400000 0.433333 0.466667 0.500000
0.533333 0.566667 0.600000 0.633333 0.666667 0.700000 0.733333 0.766667 0.800000 0.833333 0.866667 0.900000 0.933333 0.966667 1.000000 1.033333
1.066667</float_array><technique_common><accessor source="#neck_jnt-Matrix-animation-input-array" count="33"><param name="TIME" type="float"/></accessor></technique_common></source><source id="neck_jnt-Matrix-animation-output-transform"><float_array id="neck_jnt-Matrix-animation-output-transform-array" count="528">

1.000000 -0.000000 0.000000 1.220000 0.000000 1.000000 0.000000 2.357033 -0.000000 -0.000000 1.000000 2.698746 0.000000 0.000000 0.000000 1.000000
1.000000 -0.000000 0.000000 1.220000 0.000000 1.000000 0.000000 2.357033 -0.000000 -0.000000 1.000000 2.698746 0.000000 0.000000 0.000000 1.000000
1.000000 -0.000000 0.000000 1.220000 0.000000 1.000000 0.000000 2.357033 -0.000000 -0.000000 1.000000 2.698746 0.000000 0.000000 0.000000 1.000000
1.000000 -0.000000 0.000000 1.220000 0.000000 1.000000 0.000000 2.357033 -0.000000 -0.000000 1.000000 2.698746 0.000000 0.000000 0.000000 1.000000
1.000000 -0.000000 0.000000 1.220000 0.000000 1.000000 0.000000 2.357033 -0.000000 -0.000000 1.000000 2.698746 0.000000 0.000000 0.000000 1.000000
1.000000 -0.000000 0.000000 1.220000 0.000000 1.000000 0.000000 2.357033 -0.000000 -0.000000 1.000000 2.698746 0.000000 0.000000 0.000000 1.000000
1.000000 -0.000000 0.000000 1.220000 0.000000 1.000000 0.000000 2.357033 -0.000000 -0.000000 1.000000 2.698746 0.000000 0.000000 0.000000 1.000000
1.000000 -0.000000 0.000000 1.220000 0.000000 1.000000 0.000000 2.357033 -0.000000 -0.000000 1.000000 2.698746 0.000000 0.000000 0.000000 1.000000
1.000000 -0.000000 0.000000 1.220000 0.000000 1.000000 0.000000 2.357033 -0.000000 -0.000000 1.000000 2.698746 0.000000 0.000000 0.000000 1.000000
1.000000 -0.000000 0.000000 1.220000 0.000000 1.000000 0.000000 2.357033 -0.000000 -0.000000 1.000000 2.698746 0.000000 0.000000 0.000000 1.000000
1.000000 -0.000000 0.000000 1.220000 0.000000 1.000000 0.000000 2.357033 -0.000000 -0.000000 1.000000 2.698746 0.000000 0.000000 0.000000 1.000000
1.000000 -0.000000 0.000000 1.220000 0.000000 1.000000 0.000000 2.357033 -0.000000 -0.000000 1.000000 2.698746 0.000000 0.000000 0.000000 1.000000
1.000000 -0.000000 0.000000 1.220000 0.000000 1.000000 0.000000 2.357033 -0.000000 -0.000000 1.000000 2.698746 0.000000 0.000000 0.000000 1.000000
1.000000 -0.000000 0.000000 1.220000 0.000000 1.000000 0.000000 2.357033 -0.000000 -0.000000 1.000000 2.698746 0.000000 0.000000 0.000000 1.000000
1.000000 -0.000000 0.000000 1.220000 0.000000 1.000000 0.000000 2.357033 -0.000000 -0.000000 1.000000 2.698746 0.000000 0.000000 0.000000 1.000000
1.000000 -0.000000 0.000000 1.220000 0.000000 1.000000 0.000000 2.357033 -0.000000 -0.000000 1.000000 2.698746 0.000000 0.000000 0.000000 1.000000
1.000000 -0.000000 0.000000 1.220000 0.000000 1.000000 0.000000 2.357033 -0.000000 -0.000000 1.000000 2.698746 0.000000 0.000000 0.000000 1.000000
1.000000 -0.000000 0.000000 1.220000 0.000000 1.000000 0.000000 2.357033 -0.000000 -0.000000 1.000000 2.698746 0.000000 0.000000 0.000000 1.000000
1.000000 -0.000000 0.000000 1.220000 0.000000 1.000000 0.000000 2.357033 -0.000000 -0.000000 1.000000 2.698746 0.000000 0.000000 0.000000 1.000000
1.000000 -0.000000 0.000000 1.220000 0.000000 1.000000 0.000000 2.357033 -0.000000 -0.000000 1.000000 2.698746 0.000000 0.000000 0.000000 1.000000
1.000000 -0.000000 0.000000 1.220000 0.000000 1.000000 0.000000 2.357033 -0.000000 -0.000000 1.000000 2.698746 0.000000 0.000000 0.000000 1.000000
1.000000 -0.000000 0.000000 1.220000 0.000000 1.000000 0.000000 2.357033 -0.000000 -0.000000 1.000000 2.698746 0.000000 0.000000 0.000000 1.000000
1.000000 -0.000000 0.000000 1.220000 0.000000 1.000000 0.000000 2.357033 -0.000000 -0.000000 1.000000 2.698746 0.000000 0.000000 0.000000 1.000000
1.000000 -0.000000 0.000000 1.220000 0.000000 1.000000 0.000000 2.357033 -0.000000 -0.000000 1.000000 2.698746 0.000000 0.000000 0.000000 1.000000
1.000000 -0.000000 0.000000 1.220000 0.000000 1.000000 0.000000 2.357033 -0.000000 -0.000000 1.000000 2.698746 0.000000 0.000000 0.000000 1.000000
1.000000 -0.000000 0.000000 1.220000 0.000000 1.000000 0.000000 2.357033 -0.000000 -0.000000 1.000000 2.698746 0.000000 0.000000 0.000000 1.000000
1.000000 -0.000000 0.000000 1.220000 0.000000 1.000000 0.000000 2.357033 -0.000000 -0.000000 1.000000 2.698746 0.000000 0.000000 0.000000 1.000000
1.000000 -0.000000 0.000000 1.220000 0.000000 1.000000 0.000000 2.357033 -0.000000 -0.000000 1.000000 2.698746 0.000000 0.000000 0.000000 1.000000
1.000000 -0.000000 0.000000 1.220000 0.000000 1.000000 0.000000 2.357033 -0.000000 -0.000000 1.000000 2.698746 0.000000 0.000000 0.000000 1.000000
1.000000 -0.000000 0.000000 1.220000 0.000000 1.000000 0.000000 2.357033 -0.000000 -0.000000 1.000000 2.698746 0.000000 0.000000 0.000000 1.000000
1.000000 -0.000000 0.000000 1.220000 0.000000 1.000000 0.000000 2.357033 -0.000000 -0.000000 1.000000 2.698746 0.000000 0.000000 0.000000 1.000000
1.000000 -0.000000 0.000000 1.220000 0.000000 1.000000 0.000000 2.357033 -0.000000 -0.000000 1.000000 2.698746 0.000000 0.000000 0.000000 1.000000
1.000000 -0.000000 0.000000 1.220000 0.000000 1.000000 0.000000 2.357033 -0.000000 -0.000000 1.000000 2.698746 0.000000 0.000000 0.000000 1.000000</float_array><technique_common><accessor source="#neck_jnt-Matrix-animation-output-transform-array" count="33" stride="16"><param type="float4x4"/></accessor></technique_common></source><source id="neck_jnt-Interpolations"><Name_array id="neck_jnt-Interpolations-array" count="33">
 LINEAR LINEAR LINEAR LINEAR LINEAR LINEAR LINEAR LINEAR LINEAR LINEAR LINEAR
LINEAR LINEAR LINEAR LINEAR LINEAR LINEAR LINEAR LINEAR LINEAR LINEAR LINEAR LINEAR
LINEAR LINEAR LINEAR LINEAR LINEAR LINEAR LINEAR LINEAR LINEAR LINEAR</Name_array><technique_common><accessor source="#neck_jnt-Interpolations-array" count="33"><param type="name"/></accessor></technique_common></source><sampler id="neck_jnt-Matrix-animation-transform"><input semantic="INPUT" source="#neck_jnt-Matrix-animation-input"/><input semantic="OUTPUT" source="#neck_jnt-Matrix-animation-output-transform"/><input semantic="INTERPOLATION" source="#neck_jnt-Interpolations"/></sampler><channel source="#neck_jnt-Matrix-animation-transform" target="neck_jnt/matrix"/></animation></animation>
    <animation id="head_jnt-anim" name="head_jnt"><animation><source id="head_jnt-Matrix-animation-input"><float_array id="head_jnt-Matrix-animation-input-array" count="33">

0.000000 0.033333 0.066667 0.100000 0.133333 0.166667 0.200000 0.233333 0.266667 0.300000 0.333333 0.366667 0.400000 0.433333 0.466667 0.500000
0.533333 0.566667 0.600000 0.633333 0.666667 0.700000 0.733333 0.766667 0.800000 0.833333 0.866667 0.900000 0.933333 0.966667 1.000000 1.033333
1.066667</float_array><technique_common><accessor source="#head_jnt-Matrix-animation-input-array" count="33"><param name="TIME" type="float"/></accessor></technique_common></source><source id="head_jnt-Matrix-animation-output-transform"><float_array id="head_jnt-Matrix-animation-output-transform-array" count="528">

0.620313 -0.122434 0.774740 -0.068576 0.039683 0.991376 0.124896 0.393787 -0.783350 -0.046730 0.619822 0.070697 0.000000 0.000000 0.000000 1.000000
0.620313 -0.122434 0.774740 -0.070490 0.039683 0.991376 0.124896 0.409284 -0.783350 -0.046730 0.619822 0.069967 0.000000 0.000000 0.000000 1.000000
0.620313 -0.122434 0.774740 -0.075619 0.039683 0.991376 0.124896 0.450816 -0.783350 -0.046730 0.619822 0.068009 0.000000 0.000000 0.000000 1.000000
0.620313 -0.122434 0.774740 -0.083045 0.039683 0.991376 0.124896 0.510944 -0.783350 -0.046730 0.619822 0.065175 0.000000 0.000000 0.000000 1.000000
0.620313 -0.122434 0.774740 -0.091848 0.039683 0.991376 0.124896 0.582230 -0.783350 -0.046730 0.619822 0.061815 0.000000 0.000000 0.000000 1.000000
0.620313 -0.122434 0.774740 -0.101111 0.039683 0.991376 0.124896 0.657235 -0.783350 -0.046730 0.619822 0.058279 0.000000 0.000000 0.000000 1.000000
0.620313 -0.122434 0.774740 -0.109915 0.039683 0.991376 0.124896 0.728520 -0.783350 -0.046730 0.619822 0.054919 0.000000 0.000000 0.000000 1.000000
0.620313 -0.122434 0.774740 -0.117341 0.039683 0.991376 0.124896 0.788648 -0.783350 -0.046730 0.619822 0.052085 0.000000 0.000000 0.000000 1.000000
0.620313 -0.122434 0.774740 -0.122470 0.039683 0.991376 0.124896 0.830180 -0.783350 -0.046730 0.619822 0.050127 0.000000 0.000000 0.000000 1.000000
0.620313 -0.122434 0.774740 -0.124384 0.039683 0.991376 0.124896 0.845677 -0.783350 -0.046730 0.619822 0.049397 0.000000 0.000000 0.000000 1.000000
0.620313 -0.093609 0.778748 -0.107942 0.039683 0.995327 0.088033 0.712545 -0.783350 -0.023705 0.621129 0.055672 0.000000 0.000000 0.000000 1.000000
0.620313 -0.029798 0.783788 -0.071771 0.039683 0.999191 0.006580 0.419655 -0.783350 0.027022 0.620994 0.069478 0.000000 0.000000 0.000000 1.000000
0.620313 0.034212 0.783608 -0.035599 0.039683 0.996400 -0.074916 0.126764 -0.783350 0.077568 0.616722 0.083284 0.000000 0.000000 0.000000 1.000000
0.620313 0.063257 0.781799 -0.019157 0.039683 0.992935 -0.111828 -0.006368 -0.783350 0.100393 0.613420 0.089559 0.000000 0.000000 0.000000 1.000000
0.620313 0.058058 0.782203 -0.019899 0.039683 0.993657 -0.105223 -0.000365 -0.783350 0.096312 0.614074 0.089276 0.000000 0.000000 0.000000 1.000000
0.620313 0.043932 0.783123 -0.021970 0.039683 0.995394 -0.087273 0.016404 -0.783350 0.085214 0.615712 0.088486 0.000000 0.000000 0.000000 1.000000
0.620313 0.023090 0.784014 -0.025140 0.039683 0.997363 -0.060771 0.042079 -0.783350 0.068810 0.617761 0.087276 0.000000 0.000000 0.000000 1.000000
0.620313 -0.002238 0.784351 -0.029182 0.039683 0.998805 -0.028534 0.074803 -0.783350 0.048826 0.619661 0.085733 0.000000 0.000000 0.000000 1.000000
0.620313 -0.029798 0.783788 -0.033864 0.039683 0.999191 0.006580 0.112715 -0.783350 0.027022 0.620994 0.083946 0.000000 0.000000 0.000000 1.000000
0.620313 -0.057321 0.782257 -0.038957 0.039683 0.998342 0.041687 0.153957 -0.783350 0.005184 0.621560 0.082002 0.000000 0.000000 0.000000 1.000000
0.620313 -0.082551 0.779998 -0.044232 0.039683 0.996476 0.073902 0.196669 -0.783350 -0.014889 0.621403 0.079989 0.000000 0.000000 0.000000 1.000000
0.620313 -0.103264 0.777527 -0.049459 0.039683 0.994158 0.100376 0.238993 -0.783350 -0.031410 0.620787 0.077994 0.000000 0.000000 0.000000 1.000000
0.620313 -0.117280 0.775537 -0.054408 0.039683 0.992184 0.118301 0.279070 -0.783350 -0.042608 0.620119 0.076105 0.000000 0.000000 0.000000 1.000000
0.620313 -0.122434 0.774740 -0.058851 0.039683 0.991376 0.124896 0.315039 -0.783350 -0.046730 0.619822 0.074409 0.000000 0.000000 0.000000 1.000000
0.620313 -0.122434 0.774740 -0.062556 0.039683 0.991376 0.124896 0.345044 -0.783350 -0.046730 0.619822 0.072995 0.000000 0.000000 0.000000 1.000000
0.620313 -0.122434 0.774740 -0.065295 0.039683 0.991376 0.124896 0.367223 -0.783350 -0.046730 0.619822 0.071949 0.000000 0.000000 0.000000 1.000000
0.620313 -0.122434 0.774740 -0.066839 0.039683 0.991376 0.124896 0.379719 -0.783350 -0.046730 0.619822 0.071360 0.000000 0.000000 0.000000 1.000000
0.620313 -0.122434 0.774740 -0.067571 0.039683 0.991376 0.124896 0.385646 -0.783350 -0.046730 0.619822 0.071081 0.000000 0.000000 0.000000 1.000000
0.620313 -0.122434 0.774740 -0.068061 0.039683 0.991376 0.124896 0.389619 -0.783350 -0.046730 0.619822 0.070894 0.000000 0.000000 0.000000 1.000000
0.620313 -0.122434 0.774740 -0.068359 0.039683 0.991376 0.124896 0.392029 -0.783350 -0.046730 0.619822 0.070780 0.000000 0.000000 0.000000 1.000000
0.620313 -0.122434 0.774740 -0.068512 0.039683 0.991376 0.124896 0.393266 -0.783350 -0.046730 0.619822 0.070722 0.000000 0.000000 0.000000 1.000000
0.620313 -0.122434 0.774740 -0.068568 0.039683 0.991376 0.124896 0.393722 -0.783350 -0.046730 0.619822 0.070700 0.000000 0.000000 0.000000 1.000000
0.620313 -0.122434 0.774740 -0.068576 0.039683 0.991376 0.124896 0.393787 -0.783350 -0.046730 0.619822 0.070697 0.000000 0.000000 0.000000 1.000000</float_array><technique_common><accessor source="#head_jnt-Matrix-animation-output-transform-array" count="33" stride="16"><param type="float4x4"/></accessor></technique_common></source><source id="head_jnt-Interpolations"><Name_array id="head_jnt-Interpolations-array" count="33">
 LINEAR LINEAR LINEAR LINEAR LINEAR LINEAR LINEAR LINEAR LINEAR LINEAR LINEAR
LINEAR LINEAR LINEAR LINEAR LINEAR LINEAR LINEAR LINEAR LINEAR LINEAR LINEAR LINEAR
LINEAR LINEAR LINEAR LINEAR LINEAR LINEAR LINEAR LINEAR LINEAR LINEAR</Name_array><technique_common><accessor source="#head_jnt-Interpolations-array" count="33"><param type="name"/></accessor></technique_common></source><sampler id="head_jnt-Matrix-animation-transform"><input semantic="INPUT" source="#head_jnt-Matrix-animation-input"/><input semantic="OUTPUT" source="#head_jnt-Matrix-animation-output-transform"/><input semantic="INTERPOLATION" source="#head_jnt-Interpolations"/></sampler><channel source="#head_jnt-Matrix-animation-transform" target="head_jnt/matrix"/></animation></animation>
    <animation id="r_arm01_jnt-anim" name="r_arm01_jnt"><animation><source id="r_arm01_jnt-Matrix-animation-input"><float_array id="r_arm01_jnt-Matrix-animation-input-array" count="33">

0.000000 0.033333 0.066667 0.100000 0.133333 0.166667 0.200000 0.233333 0.266667 0.300000 0.333333 0.366667 0.400000 0.433333 0.466667 0.500000
0.533333 0.566667 0.600000 0.633333 0.666667 0.700000 0.733333 0.766667 0.800000 0.833333 0.866667 0.900000 0.933333 0.966667 1.000000 1.033333
1.066667</float_array><technique_common><accessor source="#r_arm01_jnt-Matrix-animation-input-array" count="33"><param name="TIME" type="float"/></accessor></technique_common></source><source id="r_arm01_jnt-Matrix-animation-output-transform"><float_array id="r_arm01_jnt-Matrix-animation-output-transform-array" count="528">

-0.964823 0.262900 0.000000 -2.858765 0.262900 0.964823 -0.000000 2.350029 -0.000000 -0.000000 -1.000000 -0.000000 0.000000 0.000000 0.000000 1.000000
-0.964823 0.262900 0.000000 -2.858765 0.262900 0.964823 -0.000000 2.350029 -0.000000 -0.000000 -1.000000 -0.000000 0.000000 0.000000 0.000000 1.000000
-0.964823 0.262900 0.000000 -2.858765 0.262900 0.964823 -0.000000 2.350029 -0.000000 -0.000000 -1.000000 -0.000000 0.000000 0.000000 0.000000 1.000000
-0.964823 0.262900 0.000000 -2.858765 0.262900 0.964823 -0.000000 2.350029 -0.000000 -0.000000 -1.000000 -0.000000 0.000000 0.000000 0.000000 1.000000
-0.964823 0.262900 0.000000 -2.858765 0.262900 0.964823 -0.000000 2.350029 -0.000000 -0.000000 -1.000000 -0.000000 0.000000 0.000000 0.000000 1.000000
-0.964823 0.262900 0.000000 -2.858765 0.262900 0.964823 -0.000000 2.350029 -0.000000 0.000000 -1.000000 -0.000000 0.000000 0.000000 0.000000 1.000000
-0.964823 0.262900 0.000000 -2.858765 0.262900 0.964823 -0.000000 2.350029 -0.000000 0.000000 -1.000000 -0.000000 0.000000 0.000000 0.000000 1.000000
-0.964823 0.262900 0.000000 -2.858765 0.262900 0.964823 -0.000000 2.350029 -0.000000 0.000000 -1.000000 -0.000000 0.000000 0.000000 0.000000 1.000000
-0.964823 0.262900 0.000000 -2.858765 0.262900 0.964823 -0.000000 2.350029 0.000000 -0.000000 -1.000000 -0.000000 0.000000 0.000000 0.000000 1.000000
-0.964823 0.262900 0.000000 -2.858765 0.262900 0.964823 -0.000000 2.350029 -0.000000 0.000000 -1.000000 -0.000000 0.000000 0.000000 0.000000 1.000000
-0.964823 0.262900 0.000000 -2.858765 0.262900 0.964823 -0.000000 2.350029 -0.000000 -0.000000 -1.000000 -0.000000 0.000000 0.000000 0.000000 1.000000
-0.964823 0.262900 0.000000 -2.858765 0.262900 0.964823 -0.000000 2.350029 -0.000000 0.000000 -1.000000 -0.000000 0.000000 0.000000 0.000000 1.000000
-0.964823 0.262900 0.000000 -2.858765 0.262900 0.964823 -0.000000 2.350029 -0.000000 0.000000 -1.000000 -0.000000 0.000000 0.000000 0.000000 1.000000
-0.964823 0.262900 0.000000 -2.858765 0.262900 0.964823 -0.000000 2.350029 -0.000000 -0.000000 -1.000000 -0.000000 0.000000 0.000000 0.000000 1.000000
-0.964823 0.262900 0.000000 -2.858765 0.262900 0.964823 -0.000000 2.350029 -0.000000 -0.000000 -1.000000 -0.000000 0.000000 0.000000 0.000000 1.000000
-0.964823 0.262900 0.000000 -2.858765 0.262900 0.964823 -0.000000 2.350029 -0.000000 -0.000000 -1.000000 -0.000000 0.000000 0.000000 0.000000 1.000000
-0.964823 0.262900 0.000000 -2.858765 0.262900 0.964823 -0.000000 2.350029 -0.000000 0.000000 -1.000000 -0.000000 0.000000 0.000000 0.000000 1.000000
-0.964823 0.262900 0.000000 -2.858765 0.262900 0.964823 -0.000000 2.350029 -0.000000 -0.000000 -1.000000 -0.000000 0.000000 0.000000 0.000000 1.000000
-0.964823 0.262900 0.000000 -2.858765 0.262900 0.964823 -0.000000 2.350029 -0.000000 -0.000000 -1.000000 -0.000000 0.000000 0.000000 0.000000 1.000000
-0.964823 0.262900 0.000000 -2.858765 0.262900 0.964823 -0.000000 2.350029 -0.000000 -0.000000 -1.000000 -0.000000 0.000000 0.000000 0.000000 1.000000
-0.964823 0.262900 0.000000 -2.858765 0.262900 0.964823 -0.000000 2.350029 -0.000000 0.000000 -1.000000 -0.000000 0.000000 0.000000 0.000000 1.000000
-0.964823 0.262900 0.000000 -2.858765 0.262900 0.964823 -0.000000 2.350029 -0.000000 0.000000 -1.000000 -0.000000 0.000000 0.000000 0.000000 1.000000
-0.964823 0.262900 0.000000 -2.858765 0.262900 0.964823 -0.000000 2.350029 -0.000000 -0.000000 -1.000000 -0.000000 0.000000 0.000000 0.000000 1.000000
-0.964823 0.262900 0.000000 -2.858765 0.262900 0.964823 -0.000000 2.350029 -0.000000 0.000000 -1.000000 -0.000000 0.000000 0.000000 0.000000 1.000000
-0.964823 0.262900 0.000000 -2.858765 0.262900 0.964823 -0.000000 2.350029 0.000000 -0.000000 -1.000000 -0.000000 0.000000 0.000000 0.000000 1.000000
-0.964823 0.262900 0.000000 -2.858765 0.262900 0.964823 -0.000000 2.350029 -0.000000 0.000000 -1.000000 -0.000000 0.000000 0.000000 0.000000 1.000000
-0.964823 0.262900 0.000000 -2.858765 0.262900 0.964823 -0.000000 2.350029 -0.000000 0.000000 -1.000000 -0.000000 0.000000 0.000000 0.000000 1.000000
-0.964823 0.262900 0.000000 -2.858765 0.262900 0.964823 -0.000000 2.350029 -0.000000 0.000000 -1.000000 -0.000000 0.000000 0.000000 0.000000 1.000000
-0.964823 0.262900 0.000000 -2.858765 0.262900 0.964823 -0.000000 2.350029 -0.000000 -0.000000 -1.000000 -0.000000 0.000000 0.000000 0.000000 1.000000
-0.964823 0.262900 0.000000 -2.858765 0.262900 0.964823 -0.000000 2.350029 -0.000000 -0.000000 -1.000000 -0.000000 0.000000 0.000000 0.000000 1.000000
-0.964823 0.262900 0.000000 -2.858765 0.262900 0.964823 -0.000000 2.350029 -0.000000 -0.000000 -1.000000 -0.000000 0.000000 0.000000 0.000000 1.000000
-0.964823 0.262900 0.000000 -2.858765 0.262900 0.964823 -0.000000 2.350029 -0.000000 -0.000000 -1.000000 -0.000000 0.000000 0.000000 0.000000 1.000000
-0.964823 0.262900 0.000000 -2.858765 0.262900 0.964823 -0.000000 2.350029 -0.000000 -0.000000 -1.000000 -0.000000 0.000000 0.000000 0.000000 1.000000</float_array><technique_common><accessor source="#r_arm01_jnt-Matrix-animation-output-transform-array" count="33" stride="16"><param type="float4x4"/></accessor></technique_common></source><source id="r_arm01_jnt-Interpolations"><Name_array id="r_arm01_jnt-Interpolations-array" count="33">
 LINEAR LINEAR LINEAR LINEAR LINEAR LINEAR LINEAR LINEAR LINEAR LINEAR LINEAR
LINEAR LINEAR LINEAR LINEAR LINEAR LINEAR LINEAR LINEAR LINEAR LINEAR LINEAR LINEAR
LINEAR LINEAR LINEAR LINEAR LINEAR LINEAR LINEAR LINEAR LINEAR LINEAR</Name_array><technique_common><accessor source="#r_arm01_jnt-Interpolations-array" count="33"><param type="name"/></accessor></technique_common></source><sampler id="r_arm01_jnt-Matrix-animation-transform"><input semantic="INPUT" source="#r_arm01_jnt-Matrix-animation-input"/><input semantic="OUTPUT" source="#r_arm01_jnt-Matrix-animation-output-transform"/><input semantic="INTERPOLATION" source="#r_arm01_jnt-Interpolations"/></sampler><channel source="#r_arm01_jnt-Matrix-animation-transform" target="r_arm01_jnt/matrix"/></animation></animation>
    <animation id="r_arm02_jnt-anim" name="r_arm02_jnt"><animation><source id="r_arm02_jnt-Matrix-animation-input"><float_array id="r_arm02_jnt-Matrix-animation-input-array" count="33">

0.000000 0.033333 0.066667 0.100000 0.133333 0.166667 0.200000 0.233333 0.266667 0.300000 0.333333 0.366667 0.400000 0.433333 0.466667 0.500000
0.533333 0.566667 0.600000 0.633333 0.666667 0.700000 0.733333 0.766667 0.800000 0.833333 0.866667 0.900000 0.933333 0.966667 1.000000 1.033333
1.066667</float_array><technique_common><accessor source="#r_arm02_jnt-Matrix-animation-input-array" count="33"><param name="TIME" type="float"/></accessor></technique_common></source><source id="r_arm02_jnt-Matrix-animation-output-transform"><float_array id="r_arm02_jnt-Matrix-animation-output-transform-array" count="528">

0.580327 0.442157 0.683899 1.138730 0.808733 -0.214136 -0.547811 0.000000 -0.095770 0.871001 -0.481856 -0.000000 0.000000 0.000000 0.000000 1.000000
0.580327 0.442157 0.683899 1.138730 0.808733 -0.214136 -0.547811 0.000000 -0.095770 0.871001 -0.481856 -0.000000 0.000000 0.000000 0.000000 1.000000
0.580327 0.442157 0.683899 1.138730 0.808733 -0.214136 -0.547811 0.000000 -0.095770 0.871001 -0.481856 -0.000000 0.000000 0.000000 0.000000 1.000000
0.575051 0.445468 0.686203 1.138730 0.812924 -0.216767 -0.540525 0.000000 -0.092041 0.868660 -0.486784 -0.000000 0.000000 0.000000 0.000000 1.000000
0.561059 0.454250 0.692004 1.138730 0.823702 -0.223531 -0.521104 0.000000 -0.082027 0.862375 -0.499581 -0.000000 0.000000 0.000000 0.000000 1.000000
0.541085 0.466786 0.699527 1.138730 0.838260 -0.232668 -0.493139 0.000000 -0.067433 0.853216 -0.517181 -0.000000 0.000000 0.000000 0.000000 1.000000
0.517939 0.481313 0.707161 1.138730 0.853950 -0.242516 -0.460387 0.000000 -0.050093 0.842332 -0.536626 -0.000000 0.000000 0.000000 0.000000 1.000000
0.494558 0.495988 0.713729 1.138730 0.868550 -0.251680 -0.426940 -0.000000 -0.032126 0.831056 -0.555260 -0.000000 0.000000 0.000000 0.000000 1.000000
0.473999 0.508891 0.718578 1.138730 0.880380 -0.259104 -0.397235 0.000000 -0.015962 0.820911 -0.570833 -0.000000 0.000000 0.000000 0.000000 1.000000
0.459379 0.518066 0.721511 1.138730 0.888230 -0.264031 -0.375946 0.000000 -0.004264 0.813569 -0.581452 -0.000000 0.000000 0.000000 0.000000 1.000000
0.453819 0.521556 0.722515 1.138730 0.891094 -0.265828 -0.367814 0.000000 0.000229 0.810749 -0.585393 0.000000 0.000000 0.000000 0.000000 1.000000
0.475130 0.508181 0.718334 1.138730 0.879754 -0.258711 -0.398875 0.000000 -0.016860 0.821475 -0.569996 -0.000000 0.000000 0.000000 0.000000 1.000000
0.525348 0.476663 0.704842 1.138730 0.849063 -0.239449 -0.470910 0.000000 -0.055692 0.845847 -0.530511 -0.000000 0.000000 0.000000 0.000000 1.000000
0.583785 0.439986 0.682354 1.138730 0.805947 -0.212388 -0.552576 0.000000 -0.098202 0.872527 -0.478595 -0.000000 0.000000 0.000000 0.000000 1.000000
0.631092 0.410295 0.658316 1.138730 0.764683 -0.186490 -0.616831 0.000000 -0.130314 0.892681 -0.431438 -0.000000 0.000000 0.000000 0.000000 1.000000
0.650397 0.398179 0.646867 1.138730 0.746057 -0.174799 -0.642529 0.000000 -0.142770 0.900499 -0.410754 -0.000000 0.000000 0.000000 0.000000 1.000000
0.649250 0.398899 0.647576 1.138730 0.747194 -0.175513 -0.641012 0.000000 -0.142041 0.900042 -0.412006 -0.000000 0.000000 0.000000 0.000000 1.000000
0.646052 0.400906 0.649531 1.138730 0.750344 -0.177490 -0.636774 0.000000 -0.140001 0.898761 -0.415485 -0.000000 0.000000 0.000000 0.000000 1.000000
0.641160 0.403977 0.652470 1.138730 0.755105 -0.180478 -0.630272 0.000000 -0.136859 0.896789 -0.420760 -0.000000 0.000000 0.000000 0.000000 1.000000
0.634926 0.407889 0.656121 1.138730 0.761070 -0.184222 -0.621960 0.000000 -0.132818 0.894253 -0.427399 -0.000000 0.000000 0.000000 0.000000 1.000000
0.627711 0.412417 0.660220 1.138730 0.767835 -0.188468 -0.612298 0.000000 -0.128092 0.891287 -0.434972 0.000000 0.000000 0.000000 0.000000 1.000000
0.619879 0.417333 0.664517 1.138730 0.775013 -0.192973 -0.601761 0.000000 -0.122901 0.888029 -0.443058 -0.000000 0.000000 0.000000 0.000000 1.000000
0.611805 0.422400 0.668784 1.138730 0.782235 -0.197506 -0.590847 0.000000 -0.117485 0.884630 -0.451251 -0.000000 0.000000 0.000000 0.000000 1.000000
0.603873 0.427378 0.672819 1.138730 0.789158 -0.201850 -0.580074 0.000000 -0.112103 0.881251 -0.459161 -0.000000 0.000000 0.000000 0.000000 1.000000
0.596478 0.432020 0.676441 1.138730 0.795462 -0.205807 -0.569986 0.000000 -0.107029 0.878067 -0.466415 -0.000000 0.000000 0.000000 0.000000 1.000000
0.590019 0.436074 0.679498 1.138730 0.800849 -0.209189 -0.561142 0.000000 -0.102556 0.875260 -0.472655 0.000000 0.000000 0.000000 0.000000 1.000000
0.584903 0.439284 0.681849 1.138730 0.805040 -0.211819 -0.554114 0.000000 -0.098986 0.873019 -0.477535 -0.000000 0.000000 0.000000 0.000000 1.000000
0.581538 0.441397 0.683362 1.138730 0.807761 -0.213526 -0.549480 0.000000 -0.096623 0.871536 -0.480717 -0.000000 0.000000 0.000000 0.000000 1.000000
0.580327 0.442157 0.683899 1.138730 0.808733 -0.214136 -0.547811 0.000000 -0.095770 0.871001 -0.481856 -0.000000 0.000000 0.000000 0.000000 1.000000
0.580327 0.442157 0.683899 1.138730 0.808733 -0.214136 -0.547811 0.000000 -0.095770 0.871001 -0.481856 -0.000000 0.000000 0.000000 0.000000 1.000000
0.580327 0.442157 0.683899 1.138730 0.808733 -0.214136 -0.547811 0.000000 -0.095770 0.871001 -0.481856 -0.000000 0.000000 0.000000 0.000000 1.000000
0.580327 0.442157 0.683899 1.138730 0.808733 -0.214136 -0.547811 0.000000 -0.095770 0.871001 -0.481856 -0.000000 0.000000 0.000000 0.000000 1.000000
