<?xml version="1.0" encoding="utf-8"?>
<COLLADA xmlns="http://www.collada.org/2005/11/COLLADASchema" version="1.4.1">
  <asset><contributor><author></author><authoring_tool>FBX COLLADA exporter</authoring_tool><comments></comments></contributor><created>2020-01-21T12:31:26Z</created><keywords></keywords><modified>2020-01-21T12:31:26Z</modified><revision></revision><subject></subject><title></title><unit meter="0.010000" name="centimeter"></unit><up_axis>Y_UP</up_axis></asset>
  <library_animations>
    <animation id="root_jnt-anim" name="root_jnt"><animation><source id="root_jnt-Matrix-animation-input"><float_array id="root_jnt-Matrix-animation-input-array" count="19">

0.000000 0.033333 0.066667 0.100000 0.133333 0.166667 0.200000 0.233333 0.266667 0.300000 0.333333 0.366667 0.400000 0.433333 0.466667 0.500000
0.533333 0.566667 0.600000</float_array><technique_common><accessor source="#root_jnt-Matrix-animation-input-array" count="19"><param name="TIME" type="float"/></accessor></technique_common></source><source id="root_jnt-Matrix-animation-output-transform"><float_array id="root_jnt-Matrix-animation-output-transform-array" count="304">

1.000000 0.000000 0.000000 0.000000 0.000000 1.000000 0.000000 0.000000 0.000000 0.000000 1.000000 0.000000 0.000000 0.000000 0.000000 1.000000
1.000000 0.000000 0.000000 0.000000 0.000000 1.000000 0.000000 0.000000 0.000000 0.000000 1.000000 0.000000 0.000000 0.000000 0.000000 1.000000
1.000000 0.000000 0.000000 0.000000 0.000000 1.000000 0.000000 0.000000 0.000000 0.000000 1.000000 0.000000 0.000000 0.000000 0.000000 1.000000
1.000000 0.000000 0.000000 0.000000 0.000000 1.000000 0.000000 0.000000 0.000000 0.000000 1.000000 0.000000 0.000000 0.000000 0.000000 1.000000
1.000000 0.000000 0.000000 0.000000 0.000000 1.000000 0.000000 0.000000 0.000000 0.000000 1.000000 0.000000 0.000000 0.000000 0.000000 1.000000
1.000000 0.000000 0.000000 0.000000 0.000000 1.000000 0.000000 0.000000 0.000000 0.000000 1.000000 0.000000 0.000000 0.000000 0.000000 1.000000
1.000000 0.000000 0.000000 0.000000 0.000000 1.000000 0.000000 0.000000 0.000000 0.000000 1.000000 0.000000 0.000000 0.000000 0.000000 1.000000
1.000000 0.000000 0.000000 0.000000 0.000000 1.000000 0.000000 0.000000 0.000000 0.000000 1.000000 0.000000 0.000000 0.000000 0.000000 1.000000
1.000000 0.000000 0.000000 0.000000 0.000000 1.000000 0.000000 0.000000 0.000000 0.000000 1.000000 0.000000 0.000000 0.000000 0.000000 1.000000
1.000000 0.000000 0.000000 0.000000 0.000000 1.000000 0.000000 0.000000 0.000000 0.000000 1.000000 0.000000 0.000000 0.000000 0.000000 1.000000
1.000000 0.000000 0.000000 0.000000 0.000000 1.000000 0.000000 0.000000 0.000000 0.000000 1.000000 0.000000 0.000000 0.000000 0.000000 1.000000
1.000000 0.000000 0.000000 0.000000 0.000000 1.000000 0.000000 0.000000 0.000000 0.000000 1.000000 0.000000 0.000000 0.000000 0.000000 1.000000
1.000000 0.000000 0.000000 0.000000 0.000000 1.000000 0.000000 0.000000 0.000000 0.000000 1.000000 0.000000 0.000000 0.000000 0.000000 1.000000
1.000000 0.000000 0.000000 0.000000 0.000000 1.000000 0.000000 0.000000 0.000000 0.000000 1.000000 0.000000 0.000000 0.000000 0.000000 1.000000
1.000000 0.000000 0.000000 0.000000 0.000000 1.000000 0.000000 0.000000 0.000000 0.000000 1.000000 0.000000 0.000000 0.000000 0.000000 1.000000
1.000000 0.000000 0.000000 0.000000 0.000000 1.000000 0.000000 0.000000 0.000000 0.000000 1.000000 0.000000 0.000000 0.000000 0.000000 1.000000
1.000000 0.000000 0.000000 0.000000 0.000000 1.000000 0.000000 0.000000 0.000000 0.000000 1.000000 0.000000 0.000000 0.000000 0.000000 1.000000
1.000000 0.000000 0.000000 0.000000 0.000000 1.000000 0.000000 0.000000 0.000000 0.000000 1.000000 0.000000 0.000000 0.000000 0.000000 1.000000
1.000000 0.000000 0.000000 0.000000 0.000000 1.000000 0.000000 0.000000 0.000000 0.000000 1.000000 0.000000 0.000000 0.000000 0.000000 1.000000</float_array><technique_common><accessor source="#root_jnt-Matrix-animation-output-transform-array" count="19" stride="16"><param type="float4x4"/></accessor></technique_common></source><source id="root_jnt-Interpolations"><Name_array id="root_jnt-Interpolations-array" count="19">
 LINEAR LINEAR LINEAR LINEAR LINEAR LINEAR LINEAR LINEAR LINEAR LINEAR LINEAR
LINEAR LINEAR LINEAR LINEAR LINEAR LINEAR LINEAR LINEAR</Name_array><technique_common><accessor source="#root_jnt-Interpolations-array" count="19"><param type="name"/></accessor></technique_common></source><sampler id="root_jnt-Matrix-animation-transform"><input semantic="INPUT" source="#root_jnt-Matrix-animation-input"/><input semantic="OUTPUT" source="#root_jnt-Matrix-animation-output-transform"/><input semantic="INTERPOLATION" source="#root_jnt-Interpolations"/></sampler><channel source="#root_jnt-Matrix-animation-transform" target="root_jnt/matrix"/></animation></animation>
    <animation id="jnt_spine2-anim" name="jnt_spine2"><animation><source id="jnt_spine2-Matrix-animation-input"><float_array id="jnt_spine2-Matrix-animation-input-array" count="19">

0.000000 0.033333 0.066667 0.100000 0.133333 0.166667 0.200000 0.233333 0.266667 0.300000 0.333333 0.366667 0.400000 0.433333 0.466667 0.500000
0.533333 0.566667 0.600000</float_array><technique_common><accessor source="#jnt_spine2-Matrix-animation-input-array" count="19"><param name="TIME" type="float"/></accessor></technique_common></source><source id="jnt_spine2-Matrix-animation-output-transform"><float_array id="jnt_spine2-Matrix-animation-output-transform-array" count="304">

0.990914 0.117614 -0.065239 0.001922 -0.124429 0.985804 -0.112732 7.869586 0.051054 0.119826 0.991481 -0.000000 0.000000 0.000000 0.000000 1.000000
0.991329 0.116786 -0.060234 0.001922 -0.123032 0.985914 -0.113297 7.877902 0.046154 0.119725 0.991734 -0.000000 0.000000 0.000000 0.000000 1.000000
0.992334 0.114508 -0.046494 0.001922 -0.119180 0.986217 -0.114773 7.900701 0.032711 0.119434 0.992303 -0.000000 0.000000 0.000000 0.000000 1.000000
0.993472 0.111088 -0.025935 0.001922 -0.113375 0.986665 -0.116781 7.934765 0.012616 0.118959 0.992819 -0.000000 0.000000 0.000000 0.000000 1.000000
0.994277 0.106829 -0.000480 0.001922 -0.106127 0.987214 -0.118934 7.976876 -0.012232 0.118304 0.992902 -0.000000 0.000000 0.000000 0.000000 1.000000
0.994388 0.102040 0.027923 0.001922 -0.097971 0.987818 -0.120903 8.023815 -0.039919 0.117489 0.992271 -0.000000 0.000000 0.000000 0.000000 1.000000
0.993630 0.097037 0.057303 0.001922 -0.089467 0.988433 -0.122460 8.072364 -0.068524 0.116553 0.990818 -0.000000 0.000000 0.000000 0.000000 1.000000
0.992051 0.092150 0.085687 0.001922 -0.081201 0.989017 -0.123499 8.119303 -0.096126 0.115560 0.988638 -0.000000 0.000000 0.000000 0.000000 1.000000
0.989929 0.087721 0.111110 0.001922 -0.073764 0.989532 -0.124041 8.161413 -0.120828 0.114596 0.986037 -0.000000 0.000000 0.000000 0.000000 1.000000
0.987724 0.084107 0.131633 0.001922 -0.067743 0.989941 -0.124210 8.195477 -0.140755 0.113768 0.983486 -0.000000 0.000000 0.000000 0.000000 1.000000
0.986005 0.081672 0.145342 0.001922 -0.063714 0.990211 -0.124188 8.218277 -0.154061 0.113189 0.981557 -0.000000 0.000000 0.000000 0.000000 1.000000
0.985329 0.080780 0.150335 0.001922 -0.062246 0.990309 -0.124153 8.226592 -0.158907 0.112974 0.980809 -0.000000 0.000000 0.000000 0.000000 1.000000
0.986893 0.082898 0.138453 0.001922 -0.065739 0.990076 -0.124212 8.206816 -0.147376 0.113482 0.982549 -0.000000 0.000000 0.000000 0.000000 1.000000
0.990250 0.088313 0.107733 0.001922 -0.074753 0.989464 -0.123990 8.155815 -0.117548 0.114728 0.986418 -0.000000 0.000000 0.000000 0.000000 1.000000
0.993254 0.095614 0.065601 0.001922 -0.087056 0.988604 -0.122811 8.086080 -0.076596 0.116272 0.990260 -0.000000 0.000000 0.000000 0.000000 1.000000
0.994442 0.103444 0.019621 0.001922 -0.100362 0.987642 -0.120375 8.010098 -0.031831 0.117737 0.992535 -0.000000 0.000000 0.000000 0.000000 1.000000
0.993618 0.110524 -0.022553 0.001922 -0.112416 0.986739 -0.117088 7.940363 0.009313 0.118876 0.992865 -0.000000 0.000000 0.000000 0.000000 1.000000
0.991858 0.115642 -0.053329 0.001922 -0.121099 0.986067 -0.114052 7.889362 0.039397 0.119582 0.992042 -0.000000 0.000000 0.000000 0.000000 1.000000
0.990914 0.117614 -0.065239 0.001922 -0.124429 0.985804 -0.112732 7.869586 0.051054 0.119826 0.991481 -0.000000 0.000000 0.000000 0.000000 1.000000</float_array><technique_common><accessor source="#jnt_spine2-Matrix-animation-output-transform-array" count="19" stride="16"><param type="float4x4"/></accessor></technique_common></source><source id="jnt_spine2-Interpolations"><Name_array id="jnt_spine2-Interpolations-array" count="19">
 LINEAR LINEAR LINEAR LINEAR LINEAR LINEAR LINEAR LINEAR LINEAR LINEAR LINEAR
LINEAR LINEAR LINEAR LINEAR LINEAR LINEAR LINEAR LINEAR</Name_array><technique_common><accessor source="#jnt_spine2-Interpolations-array" count="19"><param type="name"/></accessor></technique_common></source><sampler id="jnt_spine2-Matrix-animation-transform"><input semantic="INPUT" source="#jnt_spine2-Matrix-animation-input"/><input semantic="OUTPUT" source="#jnt_spine2-Matrix-animation-output-transform"/><input semantic="INTERPOLATION" source="#jnt_spine2-Interpolations"/></sampler><channel source="#jnt_spine2-Matrix-animation-transform" target="jnt_spine2/matrix"/></animation></animation>
    <animation id="neck_jnt-anim" name="neck_jnt"><animation><source id="neck_jnt-Matrix-animation-input"><float_array id="neck_jnt-Matrix-animation-input-array" count="19">

0.000000 0.033333 0.066667 0.100000 0.133333 0.166667 0.200000 0.233333 0.266667 0.300000 0.333333 0.366667 0.400000 0.433333 0.466667 0.500000
0.533333 0.566667 0.600000</float_array><technique_common><accessor source="#neck_jnt-Matrix-animation-input-array" count="19"><param name="TIME" type="float"/></accessor></technique_common></source><source id="neck_jnt-Matrix-animation-output-transform"><float_array id="neck_jnt-Matrix-animation-output-transform-array" count="304">

1.000000 -0.000000 0.000000 -0.000000 0.000000 1.000000 0.000000 2.357033 -0.000000 -0.000000 1.000000 2.698746 0.000000 0.000000 0.000000 1.000000
1.000000 -0.000000 0.000000 -0.000000 0.000000 1.000000 0.000000 2.357033 -0.000000 -0.000000 1.000000 2.698746 0.000000 0.000000 0.000000 1.000000
1.000000 -0.000000 0.000000 0.000000 0.000000 1.000000 0.000000 2.357033 -0.000000 -0.000000 1.000000 2.698746 0.000000 0.000000 0.000000 1.000000
1.000000 -0.000000 0.000000 0.000000 0.000000 1.000000 0.000000 2.357033 -0.000000 -0.000000 1.000000 2.698746 0.000000 0.000000 0.000000 1.000000
1.000000 -0.000000 0.000000 -0.000000 0.000000 1.000000 0.000000 2.357033 -0.000000 -0.000000 1.000000 2.698746 0.000000 0.000000 0.000000 1.000000
1.000000 -0.000000 0.000000 -0.000000 0.000000 1.000000 0.000000 2.357033 -0.000000 -0.000000 1.000000 2.698746 0.000000 0.000000 0.000000 1.000000
1.000000 -0.000000 0.000000 0.000000 0.000000 1.000000 0.000000 2.357033 -0.000000 -0.000000 1.000000 2.698746 0.000000 0.000000 0.000000 1.000000
1.000000 -0.000000 0.000000 0.000000 0.000000 1.000000 0.000000 2.357033 -0.000000 -0.000000 1.000000 2.698746 0.000000 0.000000 0.000000 1.000000
1.000000 -0.000000 0.000000 0.000000 0.000000 1.000000 0.000000 2.357033 -0.000000 -0.000000 1.000000 2.698746 0.000000 0.000000 0.000000 1.000000
1.000000 -0.000000 0.000000 0.000000 0.000000 1.000000 0.000000 2.357033 -0.000000 -0.000000 1.000000 2.698746 0.000000 0.000000 0.000000 1.000000
1.000000 -0.000000 0.000000 0.000000 0.000000 1.000000 0.000000 2.357033 -0.000000 -0.000000 1.000000 2.698746 0.000000 0.000000 0.000000 1.000000
1.000000 -0.000000 0.000000 0.000000 0.000000 1.000000 0.000000 2.357033 -0.000000 -0.000000 1.000000 2.698746 0.000000 0.000000 0.000000 1.000000
1.000000 -0.000000 0.000000 0.000000 0.000000 1.000000 0.000000 2.357033 -0.000000 -0.000000 1.000000 2.698746 0.000000 0.000000 0.000000 1.000000
1.000000 -0.000000 0.000000 0.000000 0.000000 1.000000 0.000000 2.357033 -0.000000 -0.000000 1.000000 2.698746 0.000000 0.000000 0.000000 1.000000
1.000000 -0.000000 0.000000 0.000000 0.000000 1.000000 0.000000 2.357033 -0.000000 -0.000000 1.000000 2.698746 0.000000 0.000000 0.000000 1.000000
1.000000 -0.000000 0.000000 -0.000000 0.000000 1.000000 0.000000 2.357033 -0.000000 -0.000000 1.000000 2.698746 0.000000 0.000000 0.000000 1.000000
1.000000 -0.000000 0.000000 0.000000 0.000000 1.000000 0.000000 2.357033 -0.000000 -0.000000 1.000000 2.698746 0.000000 0.000000 0.000000 1.000000
1.000000 -0.000000 0.000000 0.000000 0.000000 1.000000 0.000000 2.357033 -0.000000 -0.000000 1.000000 2.698746 0.000000 0.000000 0.000000 1.000000
1.000000 -0.000000 0.000000 -0.000000 0.000000 1.000000 0.000000 2.357033 -0.000000 -0.000000 1.000000 2.698746 0.000000 0.000000 0.000000 1.000000</float_array><technique_common><accessor source="#neck_jnt-Matrix-animation-output-transform-array" count="19" stride="16"><param type="float4x4"/></accessor></technique_common></source><source id="neck_jnt-Interpolations"><Name_array id="neck_jnt-Interpolations-array" count="19">
 LINEAR LINEAR LINEAR LINEAR LINEAR LINEAR LINEAR LINEAR LINEAR LINEAR LINEAR
LINEAR LINEAR LINEAR LINEAR LINEAR LINEAR LINEAR LINEAR</Name_array><technique_common><accessor source="#neck_jnt-Interpolations-array" count="19"><param type="name"/></accessor></technique_common></source><sampler id="neck_jnt-Matrix-animation-transform"><input semantic="INPUT" source="#neck_jnt-Matrix-animation-input"/><input semantic="OUTPUT" source="#neck_jnt-Matrix-animation-output-transform"/><input semantic="INTERPOLATION" source="#neck_jnt-Interpolations"/></sampler><channel source="#neck_jnt-Matrix-animation-transform" target="neck_jnt/matrix"/></animation></animation>
    <animation id="head_jnt-anim" name="head_jnt"><animation><source id="head_jnt-Matrix-animation-input"><float_array id="head_jnt-Matrix-animation-input-array" count="19">

0.000000 0.033333 0.066667 0.100000 0.133333 0.166667 0.200000 0.233333 0.266667 0.300000 0.333333 0.366667 0.400000 0.433333 0.466667 0.500000
0.533333 0.566667 0.600000</float_array><technique_common><accessor source="#head_jnt-Matrix-animation-input-array" count="19"><param name="TIME" type="float"/></accessor></technique_common></source><source id="head_jnt-Matrix-animation-output-transform"><float_array id="head_jnt-Matrix-animation-output-transform-array" count="304">

0.985301 -0.168941 -0.025311 0.595216 0.161689 0.970116 -0.180918 0.585912 0.055119 0.174166 0.983172 -0.006286 0.000000 0.000000 0.000000 1.000000
0.985156 -0.168923 -0.030532 0.595216 0.160706 0.970104 -0.181858 0.585912 0.060339 0.174252 0.982851 -0.006286 0.000000 0.000000 0.000000 1.000000
0.984622 -0.168882 -0.044702 0.595216 0.158017 0.970073 -0.184360 0.585912 0.074499 0.174461 0.981842 -0.006286 0.000000 0.000000 0.000000 1.000000
0.983460 -0.168838 -0.065577 0.595216 0.154004 0.970037 -0.187910 0.585912 0.095338 0.174703 0.979995 -0.006286 0.000000 0.000000 0.000000 1.000000
0.981448 -0.168808 -0.090901 0.595216 0.149058 0.970009 -0.192003 0.585912 0.120586 0.174891 0.977175 -0.006286 0.000000 0.000000 0.000000 1.000000
0.978511 -0.168804 -0.118410 0.595216 0.143595 0.969997 -0.196182 0.585912 0.147973 0.174963 0.973392 -0.006286 0.000000 0.000000 0.000000 1.000000
0.974796 -0.168823 -0.145845 0.595216 0.138059 0.970005 -0.200073 0.585912 0.175247 0.174895 0.968865 -0.006286 0.000000 0.000000 0.000000 1.000000
0.970699 -0.168858 -0.170971 0.595216 0.132918 0.970033 -0.203394 0.585912 0.200192 0.174709 0.964054 -0.006286 0.000000 0.000000 0.000000 1.000000
0.966834 -0.168897 -0.191590 0.595216 0.128652 0.970070 -0.205944 0.585912 0.220639 0.174465 0.959625 -0.006286 0.000000 0.000000 0.000000 1.000000
0.963959 -0.168928 -0.205538 0.595216 0.125744 0.970102 -0.207580 0.585912 0.234459 0.174254 0.956381 -0.006286 0.000000 0.000000 0.000000 1.000000
0.962849 -0.168941 -0.210667 0.595216 0.124670 0.970116 -0.208164 0.585912 0.239539 0.174166 0.955137 -0.006286 0.000000 0.000000 0.000000 1.000000
0.964541 -0.168922 -0.202793 0.595216 0.126318 0.970096 -0.207264 0.585912 0.231740 0.174298 0.957035 -0.006286 0.000000 0.000000 0.000000 1.000000
0.968692 -0.168878 -0.181980 0.595216 0.130646 0.970051 -0.204775 0.585912 0.211111 0.174589 0.961744 -0.006286 0.000000 0.000000 0.000000 1.000000
0.973787 -0.168830 -0.152429 0.595216 0.136718 0.970011 -0.200966 0.585912 0.181787 0.174858 0.967666 -0.006286 0.000000 0.000000 0.000000 1.000000
0.978511 -0.168804 -0.118410 0.595216 0.143595 0.969997 -0.196182 0.585912 0.147973 0.174963 0.973392 -0.006286 0.000000 0.000000 0.000000 1.000000
0.982038 -0.168814 -0.084277 0.595216 0.150359 0.970015 -0.190955 0.585912 0.113985 0.174853 0.977974 -0.006286 0.000000 0.000000 0.000000 1.000000
0.984136 -0.168859 -0.054442 0.595216 0.156152 0.970055 -0.186036 0.585912 0.084226 0.174584 0.981033 -0.006286 0.000000 0.000000 0.000000 1.000000
0.985067 -0.168914 -0.033323 0.595216 0.160178 0.970097 -0.182357 0.585912 0.063129 0.174296 0.982668 -0.006286 0.000000 0.000000 0.000000 1.000000
0.985301 -0.168941 -0.025311 0.595216 0.161689 0.970116 -0.180918 0.585912 0.055119 0.174166 0.983172 -0.006286 0.000000 0.000000 0.000000 1.000000</float_array><technique_common><accessor source="#head_jnt-Matrix-animation-output-transform-array" count="19" stride="16"><param type="float4x4"/></accessor></technique_common></source><source id="head_jnt-Interpolations"><Name_array id="head_jnt-Interpolations-array" count="19">
 LINEAR LINEAR LINEAR LINEAR LINEAR LINEAR LINEAR LINEAR LINEAR LINEAR LINEAR
LINEAR LINEAR LINEAR LINEAR LINEAR LINEAR LINEAR LINEAR</Name_array><technique_common><accessor source="#head_jnt-Interpolations-array" count="19"><param type="name"/></accessor></technique_common></source><sampler id="head_jnt-Matrix-animation-transform"><input semantic="INPUT" source="#head_jnt-Matrix-animation-input"/><input semantic="OUTPUT" source="#head_jnt-Matrix-animation-output-transform"/><input semantic="INTERPOLATION" source="#head_jnt-Interpolations"/></sampler><channel source="#head_jnt-Matrix-animation-transform" target="head_jnt/matrix"/></animation></animation>
    <animation id="r_arm01_jnt-anim" name="r_arm01_jnt"><animation><source id="r_arm01_jnt-Matrix-animation-input"><float_array id="r_arm01_jnt-Matrix-animation-input-array" count="19">

0.000000 0.033333 0.066667 0.100000 0.133333 0.166667 0.200000 0.233333 0.266667 0.300000 0.333333 0.366667 0.400000 0.433333 0.466667 0.500000
0.533333 0.566667 0.600000</float_array><technique_common><accessor source="#r_arm01_jnt-Matrix-animation-input-array" count="19"><param name="TIME" type="float"/></accessor></technique_common></source><source id="r_arm01_jnt-Matrix-animation-output-transform"><float_array id="r_arm01_jnt-Matrix-animation-output-transform-array" count="304">

-0.998300 0.000000 0.058291 -2.858765 0.000000 1.000000 0.000000 2.350029 -0.058291 -0.000000 -0.998300 -0.000000 0.000000 0.000000 0.000000 1.000000
-0.998300 0.000000 0.058291 -2.858765 0.000000 1.000000 0.000000 2.350029 -0.058291 -0.000000 -0.998300 -0.000000 0.000000 0.000000 0.000000 1.000000
-0.998300 -0.000000 0.058291 -2.858765 -0.000000 1.000000 -0.000000 2.350029 -0.058291 -0.000000 -0.998300 -0.000000 0.000000 0.000000 0.000000 1.000000
-0.998300 0.000000 0.058291 -2.858765 -0.000000 1.000000 -0.000000 2.350029 -0.058291 0.000000 -0.998300 -0.000000 0.000000 0.000000 0.000000 1.000000
-0.998300 0.000000 0.058291 -2.858765 -0.000000 1.000000 -0.000000 2.350029 -0.058291 0.000000 -0.998300 -0.000000 0.000000 0.000000 0.000000 1.000000
-0.998300 0.000000 0.058291 -2.858765 0.000000 1.000000 0.000000 2.350029 -0.058291 0.000000 -0.998300 -0.000000 0.000000 0.000000 0.000000 1.000000
-0.998300 0.000000 0.058291 -2.858765 0.000000 1.000000 0.000000 2.350029 -0.058291 -0.000000 -0.998300 -0.000000 0.000000 0.000000 0.000000 1.000000
-0.998300 -0.000000 0.058291 -2.858765 -0.000000 1.000000 -0.000000 2.350029 -0.058291 0.000000 -0.998300 -0.000000 0.000000 0.000000 0.000000 1.000000
-0.998300 0.000000 0.058291 -2.858765 0.000000 1.000000 0.000000 2.350029 -0.058291 0.000000 -0.998300 -0.000000 0.000000 0.000000 0.000000 1.000000
-0.998300 0.000000 0.058291 -2.858765 -0.000000 1.000000 0.000000 2.350029 -0.058291 0.000000 -0.998300 -0.000000 0.000000 0.000000 0.000000 1.000000
-0.998300 0.000000 0.058291 -2.858765 -0.000000 1.000000 0.000000 2.350029 -0.058291 0.000000 -0.998300 -0.000000 0.000000 0.000000 0.000000 1.000000
-0.998300 -0.000000 0.058291 -2.858765 -0.000000 1.000000 -0.000000 2.350029 -0.058291 0.000000 -0.998300 -0.000000 0.000000 0.000000 0.000000 1.000000
-0.998300 -0.000000 0.058291 -2.858765 0.000000 1.000000 0.000000 2.350029 -0.058291 0.000000 -0.998300 -0.000000 0.000000 0.000000 0.000000 1.000000
-0.998300 0.000000 0.058291 -2.858765 -0.000000 1.000000 0.000000 2.350029 -0.058291 -0.000000 -0.998300 -0.000000 0.000000 0.000000 0.000000 1.000000
-0.998300 0.000000 0.058291 -2.858765 -0.000000 1.000000 -0.000000 2.350029 -0.058291 0.000000 -0.998300 -0.000000 0.000000 0.000000 0.000000 1.000000
-0.998300 -0.000000 0.058291 -2.858765 0.000000 1.000000 -0.000000 2.350029 -0.058291 0.000000 -0.998300 -0.000000 0.000000 0.000000 0.000000 1.000000
-0.998300 0.000000 0.058291 -2.858765 0.000000 1.000000 0.000000 2.350029 -0.058291 0.000000 -0.998300 -0.000000 0.000000 0.000000 0.000000 1.000000
-0.998300 0.000000 0.058291 -2.858765 -0.000000 1.000000 0.000000 2.350029 -0.058291 0.000000 -0.998300 -0.000000 0.000000 0.000000 0.000000 1.000000
-0.998300 0.000000 0.058291 -2.858765 0.000000 1.000000 0.000000 2.350029 -0.058291 -0.000000 -0.998300 -0.000000 0.000000 0.000000 0.000000 1.000000</float_array><technique_common><accessor source="#r_arm01_jnt-Matrix-animation-output-transform-array" count="19" stride="16"><param type="float4x4"/></accessor></technique_common></source><source id="r_arm01_jnt-Interpolations"><Name_array id="r_arm01_jnt-Interpolations-array" count="19">
 LINEAR LINEAR LINEAR LINEAR LINEAR LINEAR LINEAR LINEAR LINEAR LINEAR LINEAR
LINEAR LINEAR LINEAR LINEAR LINEAR LINEAR LINEAR LINEAR</Name_array><technique_common><accessor source="#r_arm01_jnt-Interpolations-array" count="19"><param type="name"/></accessor></technique_common></source><sampler id="r_arm01_jnt-Matrix-animation-transform"><input semantic="INPUT" source="#r_arm01_jnt-Matrix-animation-input"/><input semantic="OUTPUT" source="#r_arm01_jnt-Matrix-animation-output-transform"/><input semantic="INTERPOLATION" source="#r_arm01_jnt-Interpolations"/></sampler><channel source="#r_arm01_jnt-Matrix-animation-transform" target="r_arm01_jnt/matrix"/></animation></animation>
    <animation id="r_arm02_jnt-anim" name="r_arm02_jnt"><animation><source id="r_arm02_jnt-Matrix-animation-input"><float_array id="r_arm02_jnt-Matrix-animation-input-array" count="19">

0.000000 0.033333 0.066667 0.100000 0.133333 0.166667 0.200000 0.233333 0.266667 0.300000 0.333333 0.366667 0.400000 0.433333 0.466667 0.500000
0.533333 0.566667 0.600000</float_array><technique_common><accessor source="#r_arm02_jnt-Matrix-animation-input-array" count="19"><param name="TIME" type="float"/></accessor></technique_common></source><source id="r_arm02_jnt-Matrix-animation-output-transform"><float_array id="r_arm02_jnt-Matrix-animation-output-transform-array" count="304">

0.905307 0.142256 -0.400227 1.138730 0.335785 -0.816738 0.469241 0.000000 -0.260129 -0.559197 -0.787167 0.000000 0.000000 0.000000 0.000000 1.000000
0.908236 0.138059 -0.395027 1.138730 0.330906 -0.814788 0.476048 0.000000 -0.256141 -0.563081 -0.785705 0.000000 0.000000 0.000000 0.000000 1.000000
0.915612 0.127333 -0.381368 1.138730 0.318084 -0.809571 0.493374 0.000000 -0.245921 -0.573046 -0.781755 0.000000 0.000000 0.000000 0.000000 1.000000
0.925268 0.112905 -0.362121 1.138730 0.300010 -0.802005 0.516510 0.000000 -0.232106 -0.586550 -0.775942 0.000000 0.000000 0.000000 0.000000 1.000000
0.935203 0.097515 -0.340421 1.138730 0.279622 -0.793205 0.540960 0.000000 -0.217272 -0.601096 -0.769075 0.000000 0.000000 0.000000 0.000000 1.000000
0.943761 0.083707 -0.319856 1.138730 0.260293 -0.784630 0.562675 0.000000 -0.203869 -0.614287 -0.762292 0.000000 0.000000 0.000000 0.000000 1.000000
0.949669 0.073809 -0.304435 1.138730 0.245794 -0.778064 0.578102 0.000000 -0.194201 -0.623834 -0.757045 0.000000 0.000000 0.000000 0.000000 1.000000
0.951878 0.070018 -0.298370 1.138730 0.240091 -0.775452 0.583978 0.000000 -0.190483 -0.627512 -0.754947 0.000000 0.000000 0.000000 0.000000 1.000000
0.949669 0.073809 -0.304435 1.138730 0.245794 -0.778064 0.578102 0.000000 -0.194201 -0.623834 -0.757045 0.000000 0.000000 0.000000 0.000000 1.000000
0.943761 0.083707 -0.319856 1.138730 0.260293 -0.784630 0.562675 0.000000 -0.203869 -0.614287 -0.762292 0.000000 0.000000 0.000000 0.000000 1.000000
0.935203 0.097515 -0.340421 1.138730 0.279622 -0.793205 0.540960 0.000000 -0.217272 -0.601096 -0.769075 0.000000 0.000000 0.000000 0.000000 1.000000
0.925268 0.112905 -0.362121 1.138730 0.300010 -0.802005 0.516510 0.000000 -0.232106 -0.586550 -0.775942 0.000000 0.000000 0.000000 0.000000 1.000000
0.915612 0.127333 -0.381368 1.138730 0.318084 -0.809571 0.493374 0.000000 -0.245921 -0.573046 -0.781755 0.000000 0.000000 0.000000 0.000000 1.000000
0.908236 0.138059 -0.395027 1.138730 0.330906 -0.814788 0.476048 0.000000 -0.256141 -0.563081 -0.785705 0.000000 0.000000 0.000000 0.000000 1.000000
0.905307 0.142256 -0.400227 1.138730 0.335785 -0.816738 0.469241 0.000000 -0.260129 -0.559197 -0.787167 0.000000 0.000000 0.000000 0.000000 1.000000
0.905307 0.142256 -0.400227 1.138730 0.335785 -0.816738 0.469241 0.000000 -0.260129 -0.559197 -0.787167 0.000000 0.000000 0.000000 0.000000 1.000000
0.905307 0.142256 -0.400227 1.138730 0.335785 -0.816738 0.469241 0.000000 -0.260129 -0.559197 -0.787167 0.000000 0.000000 0.000000 0.000000 1.000000
0.905307 0.142256 -0.400227 1.138730 0.335785 -0.816738 0.469241 0.000000 -0.260129 -0.559197 -0.787167 0.000000 0.000000 0.000000 0.000000 1.000000
0.905307 0.142256 -0.400227 1.138730 0.335785 -0.816738 0.469241 0.000000 -0.260129 -0.559197 -0.787167 0.000000 0.000000 0.000000 0.000000 1.000000</float_array><technique_common><accessor source="#r_arm02_jnt-Matrix-animation-output-transform-array" count="19" stride="16"><param type="float4x4"/></accessor></technique_common></source><source id="r_arm02_jnt-Interpolations"><Name_array id="r_arm02_jnt-Interpolations-array" count="19">
 LINEAR LINEAR LINEAR LINEAR LINEAR LINEAR LINEAR LINEAR LINEAR LINEAR LINEAR
LINEAR LINEAR LINEAR LINEAR LINEAR LINEAR LINEAR LINEAR</Name_array><technique_common><accessor source="#r_arm02_jnt-Interpolations-array" count="19"><param type="name"/></accessor></technique_common></source><sampler id="r_arm02_jnt-Matrix-animation-transform"><input semantic="INPUT" source="#r_arm02_jnt-Matrix-animation-input"/><input semantic="OUTPUT" source="#r_arm02_jnt-Matrix-animation-output-transform"/><input semantic="INTERPOLATION" source="#r_arm02_jnt-Interpolations"/></sampler><channel source="#r_arm02_jnt-Matrix-animation-transform" target="r_arm02_jnt/matrix"/></animation></animation>
    <animation id="r_arm03_jnt-anim" name="r_arm03_jnt"><animation><source id="r_arm03_jnt-Matrix-animation-input"><float_array id="r_arm03_jnt-Matrix-animation-input-array" count="19">

0.000000 0.033333 0.066667 0.100000 0.133333 0.166667 0.200000 0.233333 0.266667 0.300000 0.333333 0.366667 0.400000 0.433333 0.466667 0.500000
0.533333 0.566667 0.600000</float_array><technique_common><accessor source="#r_arm03_jnt-Matrix-animation-input-array" count="19"><param name="TIME" type="float"/></accessor></technique_common></source><source id="r_arm03_jnt-Matrix-animation-output-transform"><float_array id="r_arm03_jnt-Matrix-animation-output-transform-array" count="304">

0.716983 -0.650501 0.250567 0.839582 0.533255 0.743321 0.403872 0.000000 -0.448971 -0.155953 0.879832 -0.000000 0.000000 0.000000 0.000000 1.000000
0.716996 -0.650483 0.250577 0.839582 0.533238 0.743337 0.403866 0.000000 -0.448971 -0.155953 0.879832 -0.000000 0.000000 0.000000 0.000000 1.000000
0.717043 -0.650417 0.250613 0.839582 0.533173 0.743395 0.403843 -0.000000 -0.448971 -0.155953 0.879832 -0.000000 0.000000 0.000000 0.000000 1.000000
0.717149 -0.650270 0.250693 0.839582 0.533032 0.743524 0.403794 0.000000 -0.448971 -0.155953 0.879832 0.000000 0.000000 0.000000 0.000000 1.000000
0.717335 -0.650010 0.250834 0.839582 0.532781 0.743751 0.403706 -0.000000 -0.448971 -0.155953 0.879832 -0.000000 0.000000 0.000000 0.000000 1.000000
0.717617 -0.649616 0.251048 0.839582 0.532401 0.744095 0.403573 0.000000 -0.448971 -0.155953 0.879832 0.000000 0.000000 0.000000 0.000000 1.000000
0.717991 -0.649093 0.251331 0.839582 0.531897 0.744552 0.403397 0.000000 -0.448971 -0.155953 0.879832 -0.000000 0.000000 0.000000 0.000000 1.000000
0.718432 -0.648474 0.251666 0.839582 0.531300 0.745090 0.403188 0.000000 -0.448971 -0.155953 0.879832 -0.000000 0.000000 0.000000 0.000000 1.000000
0.718895 -0.647824 0.252018 0.839582 0.530673 0.745656 0.402968 0.000000 -0.448971 -0.155953 0.879832 -0.000000 0.000000 0.000000 0.000000 1.000000
0.719316 -0.647232 0.252338 0.839582 0.530103 0.746170 0.402768 0.000000 -0.448971 -0.155953 0.879832 0.000000 0.000000 0.000000 0.000000 1.000000
0.719621 -0.646803 0.252569 0.839582 0.529689 0.746542 0.402623 0.000000 -0.448971 -0.155953 0.879832 0.000000 0.000000 0.000000 0.000000 1.000000
0.719737 -0.646640 0.252657 0.839582 0.529531 0.746683 0.402567 0.000000 -0.448971 -0.155953 0.879832 -0.000000 0.000000 0.000000 0.000000 1.000000
0.719466 -0.647022 0.252451 0.839582 0.529900 0.746352 0.402697 0.000000 -0.448971 -0.155953 0.879832 -0.000000 0.000000 0.000000 0.000000 1.000000
0.718830 -0.647916 0.251968 0.839582 0.530762 0.745576 0.402999 0.000000 -0.448971 -0.155953 0.879832 0.000000 0.000000 0.000000 0.000000 1.000000
0.718112 -0.648924 0.251423 0.839582 0.531734 0.744699 0.403340 0.000000 -0.448971 -0.155953 0.879832 -0.000000 0.000000 0.000000 0.000000 1.000000
0.717526 -0.649742 0.250979 0.839582 0.532523 0.743985 0.403616 0.000000 -0.448971 -0.155953 0.879832 -0.000000 0.000000 0.000000 0.000000 1.000000
0.717170 -0.650240 0.250709 0.839582 0.533003 0.743550 0.403784 0.000000 -0.448971 -0.155953 0.879832 -0.000000 0.000000 0.000000 0.000000 1.000000
0.717017 -0.650453 0.250593 0.839582 0.533208 0.743364 0.403855 0.000000 -0.448971 -0.155953 0.879832 -0.000000 0.000000 0.000000 0.000000 1.000000
0.716983 -0.650501 0.250567 0.839582 0.533255 0.743321 0.403872 0.000000 -0.448971 -0.155953 0.879832 -0.000000 0.000000 0.000000 0.000000 1.000000</float_array><technique_common><accessor source="#r_arm03_jnt-Matrix-animation-output-transform-array" count="19" stride="16"><param type="float4x4"/></accessor></technique_common></source><source id="r_arm03_jnt-Interpolations"><Name_array id="r_arm03_jnt-Interpolations-array" count="19">
 LINEAR LINEAR LINEAR LINEAR LINEAR LINEAR LINEAR LINEAR LINEAR LINEAR LINEAR
LINEAR LINEAR LINEAR LINEAR LINEAR LINEAR LINEAR LINEAR</Name_array><technique_common><accessor source="#r_arm03_jnt-Interpolations-array" count="19"><param type="name"/></accessor></technique_common></source><sampler id="r_arm03_jnt-Matrix-animation-transform"><input semantic="INPUT" source="#r_arm03_jnt-Matrix-animation-input"/><input semantic="OUTPUT" source="#r_arm03_jnt-Matrix-animation-output-transform"/><input semantic="INTERPOLATION" source="#r_arm03_jnt-Interpolations"/></sampler><channel source="#r_arm03_jnt-Matrix-animation-transform" target="r_arm03_jnt/matrix"/></animation></animation>
    <animation id="r_arm04_jnt-anim" name="r_arm04_jnt"><animation><source id="r_arm04_jnt-Matrix-animation-input"><float_array id="r_arm04_jnt-Matrix-animation-input-array" count="19">

0.000000 0.033333 0.066667 0.100000 0.133333 0.166667 0.200000 0.233333 0.266667 0.300000 0.333333 0.366667 0.400000 0.433333 0.466667 0.500000
0.533333 0.566667 0.600000</float_array><technique_common><accessor source="#r_arm04_jnt-Matrix-animation-input-array" count="19"><param name="TIME" type="float"/></accessor></technique_common></source><source id="r_arm04_jnt-Matrix-animation-output-transform"><float_array id="r_arm04_jnt-Matrix-animation-output-transform-array" count="304">

0.897193 -0.440525 -0.031338 3.327914 0.440360 0.897736 -0.012361 -0.000000 0.033579 -0.002710 0.999432 0.000000 0.000000 0.000000 0.000000 1.000000
0.896506 -0.441923 -0.031308 3.327914 0.441759 0.897049 -0.012347 -0.000000 0.033541 -0.002762 0.999434 0.000000 0.000000 0.000000 0.000000 1.000000
0.894634 -0.445708 -0.031228 3.327914 0.445547 0.895174 -0.012307 -0.000000 0.033440 -0.002903 0.999437 0.000000 0.000000 0.000000 0.000000 1.000000
0.891833 -0.451294 -0.031110 3.327914 0.451138 0.892370 -0.012247 -0.000000 0.033289 -0.003112 0.999441 0.000000 0.000000 0.000000 0.000000 1.000000
0.888361 -0.458100 -0.030966 3.327914 0.457950 0.888894 -0.012174 -0.000000 0.033102 -0.003366 0.999446 0.000000 0.000000 0.000000 0.000000 1.000000
0.884503 -0.465516 -0.030808 3.327914 0.465374 0.885032 -0.012092 -0.000000 0.032896 -0.003642 0.999452 0.000000 0.000000 0.000000 0.000000 1.000000
0.880590 -0.472887 -0.030652 3.327914 0.472751 0.881114 -0.012009 -0.000000 0.032687 -0.003916 0.999458 0.000000 0.000000 0.000000 0.000000 1.000000
0.877014 -0.479495 -0.030512 3.327914 0.479365 0.877535 -0.011933 -0.000000 0.032498 -0.004161 0.999463 0.000000 0.000000 0.000000 0.000000 1.000000
0.874226 -0.484566 -0.030405 3.327914 0.484440 0.874744 -0.011874 -0.000000 0.032350 -0.004349 0.999467 0.000000 0.000000 0.000000 0.000000 1.000000
0.872723 -0.487271 -0.030348 3.327914 0.487148 0.873239 -0.011842 -0.000000 0.032271 -0.004449 0.999469 0.000000 0.000000 0.000000 0.000000 1.000000
0.874387 -0.484276 -0.030411 3.327914 0.484150 0.874905 -0.011878 -0.000000 0.032359 -0.004338 0.999467 -0.000000 0.000000 0.000000 0.000000 1.000000
0.879408 -0.475083 -0.030606 3.327914 0.474949 0.879932 -0.011984 -0.000000 0.032624 -0.003997 0.999460 0.000000 0.000000 0.000000 0.000000 1.000000
0.885991 -0.462674 -0.030869 3.327914 0.462528 0.886522 -0.012124 -0.000000 0.032975 -0.003536 0.999450 -0.000000 0.000000 0.000000 0.000000 1.000000
0.892065 -0.450835 -0.031120 3.327914 0.450679 0.892602 -0.012252 -0.000000 0.033301 -0.003095 0.999441 -0.000000 0.000000 0.000000 0.000000 1.000000
0.895320 -0.444325 -0.031257 3.327914 0.444163 0.895861 -0.012321 -0.000000 0.033477 -0.002852 0.999435 0.000000 0.000000 0.000000 0.000000 1.000000
0.896294 -0.442355 -0.031299 3.327914 0.442192 0.896836 -0.012342 -0.000000 0.033530 -0.002778 0.999434 0.000000 0.000000 0.000000 0.000000 1.000000
0.896884 -0.441155 -0.031325 3.327914 0.440990 0.897427 -0.012355 -0.000000 0.033562 -0.002733 0.999433 -0.000000 0.000000 0.000000 0.000000 1.000000
0.897136 -0.440642 -0.031335 3.327914 0.440477 0.897679 -0.012360 -0.000000 0.033575 -0.002714 0.999433 0.000000 0.000000 0.000000 0.000000 1.000000
0.897193 -0.440525 -0.031338 3.327914 0.440360 0.897736 -0.012361 -0.000000 0.033579 -0.002710 0.999432 0.000000 0.000000 0.000000 0.000000 1.000000</float_array><technique_common><accessor source="#r_arm04_jnt-Matrix-animation-output-transform-array" count="19" stride="16"><param type="float4x4"/></accessor></technique_common></source><source id="r_arm04_jnt-Interpolations"><Name_array id="r_arm04_jnt-Interpolations-array" count="19">
 LINEAR LINEAR LINEAR LINEAR LINEAR LINEAR LINEAR LINEAR LINEAR LINEAR LINEAR
LINEAR LINEAR LINEAR LINEAR LINEAR LINEAR LINEAR LINEAR</Name_array><technique_common><accessor source="#r_arm04_jnt-Interpolations-array" count="19"><param type="name"/></accessor></technique_common></source><sampler id="r_arm04_jnt-Matrix-animation-transform"><input semantic="INPUT" source="#r_arm04_jnt-Matrix-animation-input"/><input semantic="OUTPUT" source="#r_arm04_jnt-Matrix-animation-output-transform"/><input semantic="INTERPOLATION" source="#r_arm04_jnt-Interpolations"/></sampler><channel source="#r_arm04_jnt-Matrix-animation-transform" target="r_arm04_jnt/matrix"/></animation></animation>
    <animation id="r_arm05_jnt-anim" name="r_arm05_jnt"><animation><source id="r_arm05_jnt-Matrix-animation-input"><float_array id="r_arm05_jnt-Matrix-animation-input-array" count="19">

0.000000 0.033333 0.066667 0.100000 0.133333 0.166667 0.200000 0.233333 0.266667 0.300000 0.333333 0.366667 0.400000 0.433333 0.466667 0.500000
0.533333 0.566667 0.600000</float_array><technique_common><accessor source="#r_arm05_jnt-Matrix-animation-input-array" count="19"><param name="TIME" type="float"/></accessor></technique_common></source><source id="r_arm05_jnt-Matrix-animation-output-transform"><float_array id="r_arm05_jnt-Matrix-animation-output-transform-array" count="304">

-0.112999 0.993593 0.002268 1.353106 -0.993593 -0.112993 -0.002540 -0.000000 -0.002268 -0.002540 0.999994 -0.000000 0.000000 0.000000 0.000000 1.000000
-0.112999 0.993593 0.002268 1.353106 -0.993593 -0.112993 -0.002540 -0.000000 -0.002268 -0.002540 0.999994 -0.000000 0.000000 0.000000 0.000000 1.000000
-0.112999 0.993593 0.002268 1.353106 -0.993593 -0.112993 -0.002540 -0.000000 -0.002268 -0.002540 0.999994 -0.000000 0.000000 0.000000 0.000000 1.000000
-0.112999 0.993593 0.002268 1.353106 -0.993593 -0.112993 -0.002540 -0.000000 -0.002268 -0.002540 0.999994 -0.000000 0.000000 0.000000 0.000000 1.000000
-0.112999 0.993593 0.002268 1.353106 -0.993593 -0.112993 -0.002540 -0.000000 -0.002268 -0.002540 0.999994 -0.000000 0.000000 0.000000 0.000000 1.000000
-0.112999 0.993593 0.002268 1.353106 -0.993593 -0.112993 -0.002540 -0.000000 -0.002268 -0.002540 0.999994 -0.000000 0.000000 0.000000 0.000000 1.000000
-0.112999 0.993593 0.002268 1.353106 -0.993593 -0.112993 -0.002540 -0.000000 -0.002268 -0.002540 0.999994 -0.000000 0.000000 0.000000 0.000000 1.000000
-0.112999 0.993593 0.002268 1.353106 -0.993593 -0.112993 -0.002540 -0.000000 -0.002268 -0.002540 0.999994 -0.000000 0.000000 0.000000 0.000000 1.000000
-0.112999 0.993593 0.002268 1.353106 -0.993593 -0.112993 -0.002540 0.000000 -0.002268 -0.002540 0.999994 -0.000000 0.000000 0.000000 0.000000 1.000000
-0.112999 0.993593 0.002268 1.353106 -0.993593 -0.112993 -0.002540 -0.000000 -0.002268 -0.002540 0.999994 -0.000000 0.000000 0.000000 0.000000 1.000000
-0.112999 0.993593 0.002268 1.353106 -0.993593 -0.112993 -0.002540 -0.000000 -0.002268 -0.002540 0.999994 -0.000000 0.000000 0.000000 0.000000 1.000000
-0.112999 0.993593 0.002268 1.353106 -0.993593 -0.112993 -0.002540 -0.000000 -0.002268 -0.002540 0.999994 0.000000 0.000000 0.000000 0.000000 1.000000
-0.112999 0.993593 0.002268 1.353106 -0.993593 -0.112993 -0.002540 -0.000000 -0.002268 -0.002540 0.999994 -0.000000 0.000000 0.000000 0.000000 1.000000
-0.112999 0.993593 0.002268 1.353106 -0.993593 -0.112993 -0.002540 -0.000000 -0.002268 -0.002540 0.999994 -0.000000 0.000000 0.000000 0.000000 1.000000
-0.112999 0.993593 0.002268 1.353106 -0.993593 -0.112993 -0.002540 -0.000000 -0.002268 -0.002540 0.999994 0.000000 0.000000 0.000000 0.000000 1.000000
-0.112999 0.993593 0.002268 1.353106 -0.993593 -0.112993 -0.002540 -0.000000 -0.002268 -0.002540 0.999994 0.000000 0.000000 0.000000 0.000000 1.000000
-0.112999 0.993593 0.002268 1.353106 -0.993593 -0.112993 -0.002540 -0.000000 -0.002268 -0.002540 0.999994 -0.000000 0.000000 0.000000 0.000000 1.000000
-0.112999 0.993593 0.002268 1.353106 -0.993593 -0.112993 -0.002540 -0.000000 -0.002268 -0.002540 0.999994 -0.000000 0.000000 0.000000 0.000000 1.000000
-0.112999 0.993593 0.002268 1.353106 -0.993593 -0.112993 -0.002540 -0.000000 -0.002268 -0.002540 0.999994 -0.000000 0.000000 0.000000 0.000000 1.000000</float_array><technique_common><accessor source="#r_arm05_jnt-Matrix-animation-output-transform-array" count="19" stride="16"><param type="float4x4"/></accessor></technique_common></source><source id="r_arm05_jnt-Interpolations"><Name_array id="r_arm05_jnt-Interpolations-array" count="19">
 LINEAR LINEAR LINEAR LINEAR LINEAR LINEAR LINEAR LINEAR LINEAR LINEAR LINEAR
