<?xml version="1.0" encoding="utf-8"?>
<COLLADA xmlns="http://www.collada.org/2005/11/COLLADASchema" version="1.4.1">
  <asset><contributor><author></author><authoring_tool>FBX COLLADA exporter</authoring_tool><comments></comments></contributor><created>2020-03-27T16:34:32Z</created><keywords></keywords><modified>2020-03-27T16:34:32Z</modified><revision></revision><subject></subject><title></title><unit meter="0.010000" name="centimeter"></unit><up_axis>Y_UP</up_axis></asset>
  <library_animations>
    <animation id="root_jnt-anim" name="root_jnt"><animation><source id="root_jnt-Matrix-animation-input"><float_array id="root_jnt-Matrix-animation-input-array" count="23">

0.000000 0.033333 0.066667 0.100000 0.133333 0.166667 0.200000 0.233333 0.266667 0.300000 0.333333 0.366667 0.400000 0.433333 0.466667 0.500000
0.533333 0.566667 0.600000 0.633333 0.666667 0.700000 0.733333</float_array><technique_common><accessor source="#root_jnt-Matrix-animation-input-array" count="23"><param name="TIME" type="float"/></accessor></technique_common></source><source id="root_jnt-Matrix-animation-output-transform"><float_array id="root_jnt-Matrix-animation-output-transform-array" count="368">

1.000000 0.000000 0.000000 0.000000 0.000000 1.000000 0.000000 0.000000 0.000000 0.000000 1.000000 0.000000 0.000000 0.000000 0.000000 1.000000
1.000000 0.000000 0.000000 0.000000 0.000000 1.000000 0.000000 0.000000 0.000000 0.000000 1.000000 0.000000 0.000000 0.000000 0.000000 1.000000
1.000000 0.000000 0.000000 0.000000 0.000000 1.000000 0.000000 0.000000 0.000000 0.000000 1.000000 0.000000 0.000000 0.000000 0.000000 1.000000
1.000000 0.000000 0.000000 0.000000 0.000000 1.000000 0.000000 0.000000 0.000000 0.000000 1.000000 0.000000 0.000000 0.000000 0.000000 1.000000
1.000000 0.000000 0.000000 0.000000 0.000000 1.000000 0.000000 0.000000 0.000000 0.000000 1.000000 0.000000 0.000000 0.000000 0.000000 1.000000
1.000000 0.000000 0.000000 0.000000 0.000000 1.000000 0.000000 0.000000 0.000000 0.000000 1.000000 0.000000 0.000000 0.000000 0.000000 1.000000
1.000000 0.000000 0.000000 0.000000 0.000000 1.000000 0.000000 0.000000 0.000000 0.000000 1.000000 0.000000 0.000000 0.000000 0.000000 1.000000
1.000000 0.000000 0.000000 0.000000 0.000000 1.000000 0.000000 0.000000 0.000000 0.000000 1.000000 0.000000 0.000000 0.000000 0.000000 1.000000
1.000000 0.000000 0.000000 0.000000 0.000000 1.000000 0.000000 0.000000 0.000000 0.000000 1.000000 0.000000 0.000000 0.000000 0.000000 1.000000
1.000000 0.000000 0.000000 0.000000 0.000000 1.000000 0.000000 0.000000 0.000000 0.000000 1.000000 0.000000 0.000000 0.000000 0.000000 1.000000
1.000000 0.000000 0.000000 0.000000 0.000000 1.000000 0.000000 0.000000 0.000000 0.000000 1.000000 0.000000 0.000000 0.000000 0.000000 1.000000
1.000000 0.000000 0.000000 0.000000 0.000000 1.000000 0.000000 0.000000 0.000000 0.000000 1.000000 0.000000 0.000000 0.000000 0.000000 1.000000
1.000000 0.000000 0.000000 0.000000 0.000000 1.000000 0.000000 0.000000 0.000000 0.000000 1.000000 0.000000 0.000000 0.000000 0.000000 1.000000
1.000000 0.000000 0.000000 0.000000 0.000000 1.000000 0.000000 0.000000 0.000000 0.000000 1.000000 0.000000 0.000000 0.000000 0.000000 1.000000
1.000000 0.000000 0.000000 0.000000 0.000000 1.000000 0.000000 0.000000 0.000000 0.000000 1.000000 0.000000 0.000000 0.000000 0.000000 1.000000
1.000000 0.000000 0.000000 0.000000 0.000000 1.000000 0.000000 0.000000 0.000000 0.000000 1.000000 0.000000 0.000000 0.000000 0.000000 1.000000
1.000000 0.000000 0.000000 0.000000 0.000000 1.000000 0.000000 0.000000 0.000000 0.000000 1.000000 0.000000 0.000000 0.000000 0.000000 1.000000
1.000000 0.000000 0.000000 0.000000 0.000000 1.000000 0.000000 0.000000 0.000000 0.000000 1.000000 0.000000 0.000000 0.000000 0.000000 1.000000
1.000000 0.000000 0.000000 0.000000 0.000000 1.000000 0.000000 0.000000 0.000000 0.000000 1.000000 0.000000 0.000000 0.000000 0.000000 1.000000
1.000000 0.000000 0.000000 0.000000 0.000000 1.000000 0.000000 0.000000 0.000000 0.000000 1.000000 0.000000 0.000000 0.000000 0.000000 1.000000
1.000000 0.000000 0.000000 0.000000 0.000000 1.000000 0.000000 0.000000 0.000000 0.000000 1.000000 0.000000 0.000000 0.000000 0.000000 1.000000
1.000000 0.000000 0.000000 0.000000 0.000000 1.000000 0.000000 0.000000 0.000000 0.000000 1.000000 0.000000 0.000000 0.000000 0.000000 1.000000
1.000000 0.000000 0.000000 0.000000 0.000000 1.000000 0.000000 0.000000 0.000000 0.000000 1.000000 0.000000 0.000000 0.000000 0.000000 1.000000</float_array><technique_common><accessor source="#root_jnt-Matrix-animation-output-transform-array" count="23" stride="16"><param type="float4x4"/></accessor></technique_common></source><source id="root_jnt-Interpolations"><Name_array id="root_jnt-Interpolations-array" count="23">
 LINEAR LINEAR LINEAR LINEAR LINEAR LINEAR LINEAR LINEAR LINEAR LINEAR LINEAR
LINEAR LINEAR LINEAR LINEAR LINEAR LINEAR LINEAR LINEAR LINEAR LINEAR LINEAR LINEAR</Name_array><technique_common><accessor source="#root_jnt-Interpolations-array" count="23"><param type="name"/></accessor></technique_common></source><sampler id="root_jnt-Matrix-animation-transform"><input semantic="INPUT" source="#root_jnt-Matrix-animation-input"/><input semantic="OUTPUT" source="#root_jnt-Matrix-animation-output-transform"/><input semantic="INTERPOLATION" source="#root_jnt-Interpolations"/></sampler><channel source="#root_jnt-Matrix-animation-transform" target="root_jnt/matrix"/></animation></animation>
    <animation id="jnt_spine2-anim" name="jnt_spine2"><animation><source id="jnt_spine2-Matrix-animation-input"><float_array id="jnt_spine2-Matrix-animation-input-array" count="23">

0.000000 0.033333 0.066667 0.100000 0.133333 0.166667 0.200000 0.233333 0.266667 0.300000 0.333333 0.366667 0.400000 0.433333 0.466667 0.500000
0.533333 0.566667 0.600000 0.633333 0.666667 0.700000 0.733333</float_array><technique_common><accessor source="#jnt_spine2-Matrix-animation-input-array" count="23"><param name="TIME" type="float"/></accessor></technique_common></source><source id="jnt_spine2-Matrix-animation-output-transform"><float_array id="jnt_spine2-Matrix-animation-output-transform-array" count="368">

0.999281 0.027049 0.026581 0.180235 -0.028386 0.998282 0.051258 7.047826 -0.025149 -0.051975 0.998332 -0.000000 0.000000 0.000000 0.000000 1.000000
0.999343 0.025848 0.025407 0.180235 -0.027129 0.998308 0.051436 7.375017 -0.024034 -0.052091 0.998353 -0.004824 0.000000 0.000000 0.000000 1.000000
0.999499 0.022555 0.022183 0.180235 -0.023682 0.998371 0.051909 7.606985 -0.020976 -0.052408 0.998405 -0.016327 0.000000 0.000000 0.000000 1.000000
0.999694 0.017639 0.017361 0.180235 -0.018530 0.998445 0.052576 7.756663 -0.016407 -0.052881 0.998466 -0.030056 0.000000 0.000000 0.000000 1.000000
0.999868 0.011567 0.011392 0.180235 -0.012159 0.998503 0.053333 7.836986 -0.010758 -0.053465 0.998512 -0.041558 0.000000 0.000000 0.000000 1.000000
0.999977 0.004807 0.004728 0.180235 -0.005055 0.998523 0.054090 7.860886 -0.004461 -0.054113 0.998525 -0.046382 0.000000 0.000000 0.000000 1.000000
0.999995 -0.002177 -0.002175 0.180235 0.002293 0.998496 0.054777 7.771378 0.002053 -0.054781 0.998496 -0.042946 0.000000 0.000000 0.000000 1.000000
0.999921 -0.008920 -0.008858 0.180235 0.009397 0.998423 0.055346 7.550986 0.008350 -0.055425 0.998428 -0.034357 0.000000 0.000000 0.000000 1.000000
0.999778 -0.014961 -0.014859 0.180235 0.015768 0.998319 0.055779 7.271910 0.013999 -0.056001 0.998333 -0.023191 0.000000 0.000000 0.000000 1.000000
0.999609 -0.019843 -0.019717 0.180235 0.020921 0.998207 0.056075 7.006349 0.018569 -0.056465 0.998232 -0.012025 0.000000 0.000000 0.000000 1.000000
0.999469 -0.023108 -0.022970 0.180235 0.024369 0.998120 0.056246 6.826501 0.021627 -0.056775 0.998153 -0.003436 0.000000 0.000000 0.000000 1.000000
0.999413 -0.024298 -0.024156 0.180235 0.025626 0.998085 0.056302 7.047826 0.022742 -0.056888 0.998121 -0.000000 0.000000 0.000000 0.000000 1.000000
0.999468 -0.023158 -0.022972 0.180235 0.024419 0.998119 0.056240 7.434150 0.021627 -0.056771 0.998153 -0.003436 0.000000 0.000000 0.000000 1.000000
0.999605 -0.020032 -0.019727 0.180235 0.021110 0.998204 0.056055 7.676024 0.018569 -0.056449 0.998233 -0.012025 0.000000 0.000000 0.000000 1.000000
0.999771 -0.015356 -0.014880 0.180235 0.016163 0.998314 0.055740 7.806541 0.013999 -0.055968 0.998334 -0.023191 0.000000 0.000000 0.000000 1.000000
0.999915 -0.009569 -0.008893 0.180235 0.010047 0.998420 0.055286 7.858795 0.008350 -0.055370 0.998431 -0.034357 0.000000 0.000000 0.000000 1.000000
0.999993 -0.003110 -0.002226 0.180235 0.003227 0.998498 0.054696 7.865879 0.002053 -0.054703 0.998501 -0.042946 0.000000 0.000000 0.000000 1.000000
0.999983 0.003580 0.004661 0.180235 -0.003826 0.998534 0.053993 7.860886 -0.004461 -0.054009 0.998530 -0.046382 0.000000 0.000000 0.000000 1.000000
0.999885 0.010057 0.011310 0.180235 -0.010646 0.998526 0.053223 7.720437 -0.010758 -0.053337 0.998519 -0.041558 0.000000 0.000000 0.000000 1.000000
0.999725 0.015876 0.017266 0.180235 -0.016762 0.998482 0.052457 7.400156 -0.016407 -0.052732 0.998474 -0.030056 0.000000 0.000000 0.000000 1.000000
0.999544 0.020587 0.022077 0.180235 -0.021708 0.998422 0.051786 7.051644 -0.020976 -0.052242 0.998414 -0.016327 0.000000 0.000000 0.000000 1.000000
0.999398 0.023743 0.025294 0.180235 -0.025017 0.998369 0.051311 6.826501 -0.024034 -0.051913 0.998362 -0.004824 0.000000 0.000000 0.000000 1.000000
0.999340 0.024894 0.026466 0.180235 -0.026223 0.998348 0.051133 7.047826 -0.025149 -0.051793 0.998341 -0.000000 0.000000 0.000000 0.000000 1.000000</float_array><technique_common><accessor source="#jnt_spine2-Matrix-animation-output-transform-array" count="23" stride="16"><param type="float4x4"/></accessor></technique_common></source><source id="jnt_spine2-Interpolations"><Name_array id="jnt_spine2-Interpolations-array" count="23">
 LINEAR LINEAR LINEAR LINEAR LINEAR LINEAR LINEAR LINEAR LINEAR LINEAR LINEAR
LINEAR LINEAR LINEAR LINEAR LINEAR LINEAR LINEAR LINEAR LINEAR LINEAR LINEAR LINEAR</Name_array><technique_common><accessor source="#jnt_spine2-Interpolations-array" count="23"><param type="name"/></accessor></technique_common></source><sampler id="jnt_spine2-Matrix-animation-transform"><input semantic="INPUT" source="#jnt_spine2-Matrix-animation-input"/><input semantic="OUTPUT" source="#jnt_spine2-Matrix-animation-output-transform"/><input semantic="INTERPOLATION" source="#jnt_spine2-Interpolations"/></sampler><channel source="#jnt_spine2-Matrix-animation-transform" target="jnt_spine2/matrix"/></animation></animation>
    <animation id="neck_jnt-anim" name="neck_jnt"><animation><source id="neck_jnt-Matrix-animation-input"><float_array id="neck_jnt-Matrix-animation-input-array" count="23">

0.000000 0.033333 0.066667 0.100000 0.133333 0.166667 0.200000 0.233333 0.266667 0.300000 0.333333 0.366667 0.400000 0.433333 0.466667 0.500000
0.533333 0.566667 0.600000 0.633333 0.666667 0.700000 0.733333</float_array><technique_common><accessor source="#neck_jnt-Matrix-animation-input-array" count="23"><param name="TIME" type="float"/></accessor></technique_common></source><source id="neck_jnt-Matrix-animation-output-transform"><float_array id="neck_jnt-Matrix-animation-output-transform-array" count="368">

1.000000 -0.000000 0.000000 -1.220000 0.000000 1.000000 0.000000 2.357033 -0.000000 -0.000000 1.000000 2.698746 0.000000 0.000000 0.000000 1.000000
1.000000 -0.000000 0.000000 -1.220000 0.000000 1.000000 0.000000 2.357033 -0.000000 -0.000000 1.000000 2.698746 0.000000 0.000000 0.000000 1.000000
1.000000 -0.000000 0.000000 -1.220000 0.000000 1.000000 0.000000 2.357033 -0.000000 -0.000000 1.000000 2.698746 0.000000 0.000000 0.000000 1.000000
1.000000 -0.000000 0.000000 -1.220000 0.000000 1.000000 0.000000 2.357033 -0.000000 -0.000000 1.000000 2.698746 0.000000 0.000000 0.000000 1.000000
1.000000 -0.000000 0.000000 -1.220000 0.000000 1.000000 0.000000 2.357033 -0.000000 -0.000000 1.000000 2.698746 0.000000 0.000000 0.000000 1.000000
1.000000 -0.000000 0.000000 -1.220000 0.000000 1.000000 0.000000 2.357033 -0.000000 -0.000000 1.000000 2.698746 0.000000 0.000000 0.000000 1.000000
1.000000 -0.000000 0.000000 -1.220000 0.000000 1.000000 0.000000 2.357033 -0.000000 -0.000000 1.000000 2.698746 0.000000 0.000000 0.000000 1.000000
1.000000 -0.000000 0.000000 -1.220000 0.000000 1.000000 0.000000 2.357033 -0.000000 -0.000000 1.000000 2.698746 0.000000 0.000000 0.000000 1.000000
1.000000 -0.000000 0.000000 -1.220000 0.000000 1.000000 0.000000 2.357033 -0.000000 -0.000000 1.000000 2.698746 0.000000 0.000000 0.000000 1.000000
1.000000 -0.000000 0.000000 -1.220000 0.000000 1.000000 0.000000 2.357033 -0.000000 -0.000000 1.000000 2.698746 0.000000 0.000000 0.000000 1.000000
1.000000 -0.000000 0.000000 -1.220000 0.000000 1.000000 0.000000 2.357033 -0.000000 -0.000000 1.000000 2.698746 0.000000 0.000000 0.000000 1.000000
1.000000 -0.000000 0.000000 -1.220000 0.000000 1.000000 0.000000 2.357033 -0.000000 -0.000000 1.000000 2.698746 0.000000 0.000000 0.000000 1.000000
1.000000 -0.000000 0.000000 -1.220000 0.000000 1.000000 0.000000 2.357033 -0.000000 -0.000000 1.000000 2.698746 0.000000 0.000000 0.000000 1.000000
1.000000 -0.000000 0.000000 -1.220000 0.000000 1.000000 0.000000 2.357033 -0.000000 -0.000000 1.000000 2.698746 0.000000 0.000000 0.000000 1.000000
1.000000 -0.000000 0.000000 -1.220000 0.000000 1.000000 0.000000 2.357033 -0.000000 -0.000000 1.000000 2.698746 0.000000 0.000000 0.000000 1.000000
1.000000 -0.000000 0.000000 -1.220000 0.000000 1.000000 0.000000 2.357033 -0.000000 -0.000000 1.000000 2.698746 0.000000 0.000000 0.000000 1.000000
1.000000 -0.000000 0.000000 -1.220000 0.000000 1.000000 0.000000 2.357033 -0.000000 -0.000000 1.000000 2.698746 0.000000 0.000000 0.000000 1.000000
1.000000 -0.000000 0.000000 -1.220000 0.000000 1.000000 0.000000 2.357033 -0.000000 -0.000000 1.000000 2.698746 0.000000 0.000000 0.000000 1.000000
1.000000 -0.000000 0.000000 -1.220000 0.000000 1.000000 0.000000 2.357033 -0.000000 -0.000000 1.000000 2.698746 0.000000 0.000000 0.000000 1.000000
1.000000 -0.000000 0.000000 -1.220000 0.000000 1.000000 0.000000 2.357033 -0.000000 -0.000000 1.000000 2.698746 0.000000 0.000000 0.000000 1.000000
1.000000 -0.000000 0.000000 -1.220000 0.000000 1.000000 0.000000 2.357033 -0.000000 -0.000000 1.000000 2.698746 0.000000 0.000000 0.000000 1.000000
1.000000 -0.000000 0.000000 -1.220000 0.000000 1.000000 0.000000 2.357033 -0.000000 -0.000000 1.000000 2.698746 0.000000 0.000000 0.000000 1.000000
1.000000 -0.000000 0.000000 -1.220000 0.000000 1.000000 0.000000 2.357033 -0.000000 -0.000000 1.000000 2.698746 0.000000 0.000000 0.000000 1.000000</float_array><technique_common><accessor source="#neck_jnt-Matrix-animation-output-transform-array" count="23" stride="16"><param type="float4x4"/></accessor></technique_common></source><source id="neck_jnt-Interpolations"><Name_array id="neck_jnt-Interpolations-array" count="23">
 LINEAR LINEAR LINEAR LINEAR LINEAR LINEAR LINEAR LINEAR LINEAR LINEAR LINEAR
LINEAR LINEAR LINEAR LINEAR LINEAR LINEAR LINEAR LINEAR LINEAR LINEAR LINEAR LINEAR</Name_array><technique_common><accessor source="#neck_jnt-Interpolations-array" count="23"><param type="name"/></accessor></technique_common></source><sampler id="neck_jnt-Matrix-animation-transform"><input semantic="INPUT" source="#neck_jnt-Matrix-animation-input"/><input semantic="OUTPUT" source="#neck_jnt-Matrix-animation-output-transform"/><input semantic="INTERPOLATION" source="#neck_jnt-Interpolations"/></sampler><channel source="#neck_jnt-Matrix-animation-transform" target="neck_jnt/matrix"/></animation></animation>
    <animation id="head_jnt-anim" name="head_jnt"><animation><source id="head_jnt-Matrix-animation-input"><float_array id="head_jnt-Matrix-animation-input-array" count="23">

0.000000 0.033333 0.066667 0.100000 0.133333 0.166667 0.200000 0.233333 0.266667 0.300000 0.333333 0.366667 0.400000 0.433333 0.466667 0.500000
0.533333 0.566667 0.600000 0.633333 0.666667 0.700000 0.733333</float_array><technique_common><accessor source="#head_jnt-Matrix-animation-input-array" count="23"><param name="TIME" type="float"/></accessor></technique_common></source><source id="head_jnt-Matrix-animation-output-transform"><float_array id="head_jnt-Matrix-animation-output-transform-array" count="368">

0.997720 -0.067486 0.000000 0.000000 0.067486 0.997720 0.000000 0.000000 0.000000 0.000000 1.000000 0.000000 0.000000 0.000000 0.000000 1.000000
0.997893 -0.064876 0.000000 0.000000 0.064876 0.997893 0.000000 -0.000000 -0.000000 -0.000000 1.000000 -0.000000 0.000000 0.000000 0.000000 1.000000
0.998333 -0.057715 0.000000 0.000000 0.057715 0.998333 0.000000 0.000000 -0.000000 -0.000000 1.000000 0.000000 0.000000 0.000000 0.000000 1.000000
0.998894 -0.047011 0.000000 0.000000 0.047011 0.998894 -0.000000 -0.000000 0.000000 -0.000000 1.000000 0.000000 0.000000 0.000000 0.000000 1.000000
0.999430 -0.033771 0.000000 0.000000 0.033771 0.999430 0.000000 0.000000 -0.000000 0.000000 1.000000 0.000000 0.000000 0.000000 0.000000 1.000000
0.999819 -0.019006 0.000000 0.000000 0.019006 0.999819 -0.000000 0.000000 0.000000 -0.000000 1.000000 0.000000 0.000000 0.000000 0.000000 1.000000
0.999993 -0.003731 0.000000 0.000000 0.003731 0.999993 0.000000 0.000000 -0.000000 0.000000 1.000000 0.000000 0.000000 0.000000 0.000000 1.000000
0.999939 0.011039 -0.000000 0.000000 -0.011039 0.999939 -0.000000 0.000000 -0.000000 0.000000 1.000000 0.000000 0.000000 0.000000 0.000000 1.000000
0.999705 0.024288 -0.000000 0.000000 -0.024288 0.999705 -0.000000 0.000000 0.000000 0.000000 1.000000 -0.000000 0.000000 0.000000 0.000000 1.000000
0.999387 0.035002 -0.000000 0.000000 -0.035002 0.999387 -0.000000 -0.000000 0.000000 0.000000 1.000000 -0.000000 0.000000 0.000000 0.000000 1.000000
0.999110 0.042171 0.000000 0.000000 -0.042171 0.999110 -0.000000 -0.000000 -0.000000 0.000000 1.000000 -0.000000 0.000000 0.000000 0.000000 1.000000
0.998997 0.044785 -0.000000 0.000000 -0.044785 0.998997 0.000000 -0.000000 0.000000 0.000000 1.000000 0.000000 0.000000 0.000000 0.000000 1.000000
0.999110 0.042171 0.000000 0.000000 -0.042171 0.999110 0.000000 0.000000 0.000000 0.000000 1.000000 0.000000 0.000000 0.000000 0.000000 1.000000
0.999387 0.035002 -0.000000 0.000000 -0.035002 0.999387 0.000000 0.000000 -0.000000 0.000000 1.000000 0.000000 0.000000 0.000000 0.000000 1.000000
0.999705 0.024288 0.000000 0.000000 -0.024288 0.999705 0.000000 0.000000 0.000000 0.000000 1.000000 -0.000000 0.000000 0.000000 0.000000 1.000000
0.999939 0.011039 0.000000 0.000000 -0.011039 0.999939 0.000000 -0.000000 0.000000 -0.000000 1.000000 0.000000 0.000000 0.000000 0.000000 1.000000
0.999993 -0.003731 -0.000000 0.000000 0.003731 0.999993 -0.000000 -0.000000 0.000000 -0.000000 1.000000 -0.000000 0.000000 0.000000 0.000000 1.000000
0.999819 -0.019006 0.000000 0.000000 0.019006 0.999819 -0.000000 0.000000 0.000000 -0.000000 1.000000 0.000000 0.000000 0.000000 0.000000 1.000000
0.999430 -0.033771 0.000000 0.000000 0.033771 0.999430 -0.000000 0.000000 -0.000000 -0.000000 1.000000 -0.000000 0.000000 0.000000 0.000000 1.000000
0.998894 -0.047011 -0.000000 0.000000 0.047011 0.998894 -0.000000 -0.000000 0.000000 -0.000000 1.000000 0.000000 0.000000 0.000000 0.000000 1.000000
0.998333 -0.057715 0.000000 0.000000 0.057715 0.998333 0.000000 -0.000000 -0.000000 0.000000 1.000000 -0.000000 0.000000 0.000000 0.000000 1.000000
0.997893 -0.064876 -0.000000 0.000000 0.064876 0.997893 0.000000 0.000000 0.000000 0.000000 1.000000 -0.000000 0.000000 0.000000 0.000000 1.000000
0.997720 -0.067486 0.000000 0.000000 0.067486 0.997720 -0.000000 -0.000000 -0.000000 -0.000000 1.000000 0.000000 0.000000 0.000000 0.000000 1.000000</float_array><technique_common><accessor source="#head_jnt-Matrix-animation-output-transform-array" count="23" stride="16"><param type="float4x4"/></accessor></technique_common></source><source id="head_jnt-Interpolations"><Name_array id="head_jnt-Interpolations-array" count="23">
 LINEAR LINEAR LINEAR LINEAR LINEAR LINEAR LINEAR LINEAR LINEAR LINEAR LINEAR
LINEAR LINEAR LINEAR LINEAR LINEAR LINEAR LINEAR LINEAR LINEAR LINEAR LINEAR LINEAR</Name_array><technique_common><accessor source="#head_jnt-Interpolations-array" count="23"><param type="name"/></accessor></technique_common></source><sampler id="head_jnt-Matrix-animation-transform"><input semantic="INPUT" source="#head_jnt-Matrix-animation-input"/><input semantic="OUTPUT" source="#head_jnt-Matrix-animation-output-transform"/><input semantic="INTERPOLATION" source="#head_jnt-Interpolations"/></sampler><channel source="#head_jnt-Matrix-animation-transform" target="head_jnt/matrix"/></animation></animation>
    <animation id="r_arm01_jnt-anim" name="r_arm01_jnt"><animation><source id="r_arm01_jnt-Matrix-animation-input"><float_array id="r_arm01_jnt-Matrix-animation-input-array" count="23">

0.000000 0.033333 0.066667 0.100000 0.133333 0.166667 0.200000 0.233333 0.266667 0.300000 0.333333 0.366667 0.400000 0.433333 0.466667 0.500000
0.533333 0.566667 0.600000 0.633333 0.666667 0.700000 0.733333</float_array><technique_common><accessor source="#r_arm01_jnt-Matrix-animation-input-array" count="23"><param name="TIME" type="float"/></accessor></technique_common></source><source id="r_arm01_jnt-Matrix-animation-output-transform"><float_array id="r_arm01_jnt-Matrix-animation-output-transform-array" count="368">

-0.610274 0.792190 0.000000 -2.858765 0.792190 0.610274 -0.000000 2.350029 -0.000000 0.000000 -1.000000 -0.000000 0.000000 0.000000 0.000000 1.000000
-0.610274 0.792190 0.000000 -2.858765 0.792190 0.610274 -0.000000 2.350029 -0.000000 -0.000000 -1.000000 -0.000000 0.000000 0.000000 0.000000 1.000000
-0.610274 0.792190 0.000000 -2.858765 0.792190 0.610274 -0.000000 2.350029 -0.000000 -0.000000 -1.000000 -0.000000 0.000000 0.000000 0.000000 1.000000
-0.610274 0.792190 0.000000 -2.858765 0.792190 0.610274 -0.000000 2.350029 -0.000000 0.000000 -1.000000 -0.000000 0.000000 0.000000 0.000000 1.000000
-0.610274 0.792190 0.000000 -2.858765 0.792190 0.610274 -0.000000 2.350029 -0.000000 0.000000 -1.000000 -0.000000 0.000000 0.000000 0.000000 1.000000
-0.610274 0.792190 0.000000 -2.858765 0.792190 0.610274 -0.000000 2.350029 -0.000000 -0.000000 -1.000000 -0.000000 0.000000 0.000000 0.000000 1.000000
-0.610274 0.792190 0.000000 -2.858765 0.792190 0.610274 -0.000000 2.350029 -0.000000 -0.000000 -1.000000 -0.000000 0.000000 0.000000 0.000000 1.000000
-0.610274 0.792190 0.000000 -2.858765 0.792190 0.610274 -0.000000 2.350029 -0.000000 -0.000000 -1.000000 -0.000000 0.000000 0.000000 0.000000 1.000000
-0.610274 0.792190 0.000000 -2.858765 0.792190 0.610274 -0.000000 2.350029 -0.000000 -0.000000 -1.000000 -0.000000 0.000000 0.000000 0.000000 1.000000
-0.610274 0.792190 0.000000 -2.858765 0.792190 0.610274 -0.000000 2.350029 -0.000000 0.000000 -1.000000 -0.000000 0.000000 0.000000 0.000000 1.000000
-0.610274 0.792190 0.000000 -2.858765 0.792190 0.610274 -0.000000 2.350029 -0.000000 -0.000000 -1.000000 -0.000000 0.000000 0.000000 0.000000 1.000000
-0.610274 0.792190 0.000000 -2.858765 0.792190 0.610274 -0.000000 2.350029 -0.000000 -0.000000 -1.000000 -0.000000 0.000000 0.000000 0.000000 1.000000
-0.610274 0.792190 0.000000 -2.858765 0.792190 0.610274 -0.000000 2.350029 -0.000000 -0.000000 -1.000000 -0.000000 0.000000 0.000000 0.000000 1.000000
-0.610274 0.792190 0.000000 -2.858765 0.792190 0.610274 -0.000000 2.350029 -0.000000 0.000000 -1.000000 -0.000000 0.000000 0.000000 0.000000 1.000000
-0.610274 0.792190 0.000000 -2.858765 0.792190 0.610274 -0.000000 2.350029 -0.000000 -0.000000 -1.000000 -0.000000 0.000000 0.000000 0.000000 1.000000
-0.610274 0.792190 0.000000 -2.858765 0.792190 0.610274 -0.000000 2.350029 -0.000000 -0.000000 -1.000000 -0.000000 0.000000 0.000000 0.000000 1.000000
-0.610274 0.792190 0.000000 -2.858765 0.792190 0.610274 -0.000000 2.350029 -0.000000 0.000000 -1.000000 -0.000000 0.000000 0.000000 0.000000 1.000000
-0.610274 0.792190 0.000000 -2.858765 0.792190 0.610274 -0.000000 2.350029 -0.000000 0.000000 -1.000000 -0.000000 0.000000 0.000000 0.000000 1.000000
-0.610274 0.792190 0.000000 -2.858765 0.792190 0.610274 -0.000000 2.350029 -0.000000 -0.000000 -1.000000 -0.000000 0.000000 0.000000 0.000000 1.000000
-0.610274 0.792190 0.000000 -2.858765 0.792190 0.610274 -0.000000 2.350029 -0.000000 0.000000 -1.000000 -0.000000 0.000000 0.000000 0.000000 1.000000
-0.610274 0.792190 0.000000 -2.858765 0.792190 0.610274 -0.000000 2.350029 -0.000000 0.000000 -1.000000 -0.000000 0.000000 0.000000 0.000000 1.000000
-0.610274 0.792190 0.000000 -2.858765 0.792190 0.610274 -0.000000 2.350029 -0.000000 0.000000 -1.000000 -0.000000 0.000000 0.000000 0.000000 1.000000
-0.610274 0.792190 0.000000 -2.858765 0.792190 0.610274 -0.000000 2.350029 -0.000000 0.000000 -1.000000 -0.000000 0.000000 0.000000 0.000000 1.000000</float_array><technique_common><accessor source="#r_arm01_jnt-Matrix-animation-output-transform-array" count="23" stride="16"><param type="float4x4"/></accessor></technique_common></source><source id="r_arm01_jnt-Interpolations"><Name_array id="r_arm01_jnt-Interpolations-array" count="23">
 LINEAR LINEAR LINEAR LINEAR LINEAR LINEAR LINEAR LINEAR LINEAR LINEAR LINEAR
LINEAR LINEAR LINEAR LINEAR LINEAR LINEAR LINEAR LINEAR LINEAR LINEAR LINEAR LINEAR</Name_array><technique_common><accessor source="#r_arm01_jnt-Interpolations-array" count="23"><param type="name"/></accessor></technique_common></source><sampler id="r_arm01_jnt-Matrix-animation-transform"><input semantic="INPUT" source="#r_arm01_jnt-Matrix-animation-input"/><input semantic="OUTPUT" source="#r_arm01_jnt-Matrix-animation-output-transform"/><input semantic="INTERPOLATION" source="#r_arm01_jnt-Interpolations"/></sampler><channel source="#r_arm01_jnt-Matrix-animation-transform" target="r_arm01_jnt/matrix"/></animation></animation>
    <animation id="r_arm02_jnt-anim" name="r_arm02_jnt"><animation><source id="r_arm02_jnt-Matrix-animation-input"><float_array id="r_arm02_jnt-Matrix-animation-input-array" count="23">

0.000000 0.033333 0.066667 0.100000 0.133333 0.166667 0.200000 0.233333 0.266667 0.300000 0.333333 0.366667 0.400000 0.433333 0.466667 0.500000
0.533333 0.566667 0.600000 0.633333 0.666667 0.700000 0.733333</float_array><technique_common><accessor source="#r_arm02_jnt-Matrix-animation-input-array" count="23"><param name="TIME" type="float"/></accessor></technique_common></source><source id="r_arm02_jnt-Matrix-animation-output-transform"><float_array id="r_arm02_jnt-Matrix-animation-output-transform-array" count="368">

-0.316586 0.946781 -0.058132 1.138730 -0.945455 -0.309998 0.100080 -0.110455 0.076733 0.086645 0.993280 0.000000 0.000000 0.000000 0.000000 1.000000
-0.316586 0.946781 -0.058132 1.138730 -0.945455 -0.309998 0.100080 0.153317 0.076733 0.086645 0.993280 0.000000 0.000000 0.000000 0.000000 1.000000
-0.316586 0.946781 -0.058132 1.138730 -0.945455 -0.309998 0.100080 0.234056 0.076733 0.086645 0.993280 0.000000 0.000000 0.000000 0.000000 1.000000
-0.316586 0.946781 -0.058132 1.138730 -0.945455 -0.309998 0.100080 0.203235 0.076733 0.086645 0.993280 0.000000 0.000000 0.000000 0.000000 1.000000
-0.316586 0.946781 -0.058132 1.138730 -0.945455 -0.309998 0.100080 0.132329 0.076733 0.086645 0.993280 0.000000 0.000000 0.000000 0.000000 1.000000
-0.316586 0.946781 -0.058132 1.138730 -0.945455 -0.309998 0.100080 0.092810 0.076733 0.086645 0.993280 0.000000 0.000000 0.000000 0.000000 1.000000
-0.316586 0.946781 -0.058132 1.138730 -0.945455 -0.309998 0.100080 0.083984 0.076733 0.086645 0.993280 -0.000000 0.000000 0.000000 0.000000 1.000000
-0.316586 0.946781 -0.058132 1.138730 -0.945455 -0.309998 0.100080 0.055988 0.076733 0.086645 0.993280 0.000000 0.000000 0.000000 0.000000 1.000000
-0.316586 0.946781 -0.058132 1.138730 -0.945455 -0.309998 0.100080 0.006546 0.076733 0.086645 0.993280 -0.000000 0.000000 0.000000 0.000000 1.000000
-0.316586 0.946781 -0.058132 1.138730 -0.945455 -0.309998 0.100080 -0.066620 0.076733 0.086645 0.993280 0.000000 0.000000 0.000000 0.000000 1.000000
-0.316586 0.946781 -0.058132 1.138730 -0.945455 -0.309998 0.100080 -0.165786 0.076733 0.086645 0.993280 0.000000 0.000000 0.000000 0.000000 1.000000
-0.316586 0.946781 -0.058132 1.138730 -0.945455 -0.309998 0.100080 -0.110455 0.076733 0.086645 0.993280 0.000000 0.000000 0.000000 0.000000 1.000000
-0.316586 0.946781 -0.058132 1.138730 -0.945455 -0.309998 0.100080 0.230699 0.076733 0.086645 0.993280 0.000000 0.000000 0.000000 0.000000 1.000000
-0.316586 0.946781 -0.058132 1.138730 -0.945455 -0.309998 0.100080 0.359648 0.076733 0.086645 0.993280 0.000000 0.000000 0.000000 0.000000 1.000000
-0.316586 0.946781 -0.058132 1.138730 -0.945455 -0.309998 0.100080 0.343363 0.076733 0.086645 0.993280 0.000000 0.000000 0.000000 0.000000 1.000000
-0.316586 0.946781 -0.058132 1.138730 -0.945455 -0.309998 0.100080 0.248814 0.076733 0.086645 0.993280 0.000000 0.000000 0.000000 0.000000 1.000000
-0.316586 0.946781 -0.058132 1.138730 -0.945455 -0.309998 0.100080 0.142973 0.076733 0.086645 0.993280 0.000000 0.000000 0.000000 0.000000 1.000000
-0.316586 0.946781 -0.058132 1.138730 -0.945455 -0.309998 0.100080 0.092810 0.076733 0.086645 0.993280 0.000000 0.000000 0.000000 0.000000 1.000000
-0.316586 0.946781 -0.058132 1.138730 -0.945455 -0.309998 0.100080 0.073578 0.076733 0.086645 0.993280 0.000000 0.000000 0.000000 0.000000 1.000000
-0.316586 0.946781 -0.058132 1.138730 -0.945455 -0.309998 0.100080 0.019974 0.076733 0.086645 0.993280 0.000000 0.000000 0.000000 0.000000 1.000000
-0.316586 0.946781 -0.058132 1.138730 -0.945455 -0.309998 0.100080 -0.061860 0.076733 0.086645 0.993280 -0.000000 0.000000 0.000000 0.000000 1.000000
-0.316586 0.946781 -0.058132 1.138730 -0.945455 -0.309998 0.100080 -0.165786 0.076733 0.086645 0.993280 0.000000 0.000000 0.000000 0.000000 1.000000
-0.316586 0.946781 -0.058132 1.138730 -0.945455 -0.309998 0.100080 -0.110455 0.076733 0.086645 0.993280 0.000000 0.000000 0.000000 0.000000 1.000000</float_array><technique_common><accessor source="#r_arm02_jnt-Matrix-animation-output-transform-array" count="23" stride="16"><param type="float4x4"/></accessor></technique_common></source><source id="r_arm02_jnt-Interpolations"><Name_array id="r_arm02_jnt-Interpolations-array" count="23">
 LINEAR LINEAR LINEAR LINEAR LINEAR LINEAR LINEAR LINEAR LINEAR LINEAR LINEAR
LINEAR LINEAR LINEAR LINEAR LINEAR LINEAR LINEAR LINEAR LINEAR LINEAR LINEAR LINEAR</Name_array><technique_common><accessor source="#r_arm02_jnt-Interpolations-array" count="23"><param type="name"/></accessor></technique_common></source><sampler id="r_arm02_jnt-Matrix-animation-transform"><input semantic="INPUT" source="#r_arm02_jnt-Matrix-animation-input"/><input semantic="OUTPUT" source="#r_arm02_jnt-Matrix-animation-output-transform"/><input semantic="INTERPOLATION" source="#r_arm02_jnt-Interpolations"/></sampler><channel source="#r_arm02_jnt-Matrix-animation-transform" target="r_arm02_jnt/matrix"/></animation></animation>
    <animation id="r_arm03_jnt-anim" name="r_arm03_jnt"><animation><source id="r_arm03_jnt-Matrix-animation-input"><float_array id="r_arm03_jnt-Matrix-animation-input-array" count="23">

0.000000 0.033333 0.066667 0.100000 0.133333 0.166667 0.200000 0.233333 0.266667 0.300000 0.333333 0.366667 0.400000 0.433333 0.466667 0.500000
0.533333 0.566667 0.600000 0.633333 0.666667 0.700000 0.733333</float_array><technique_common><accessor source="#r_arm03_jnt-Matrix-animation-input-array" count="23"><param name="TIME" type="float"/></accessor></technique_common></source><source id="r_arm03_jnt-Matrix-animation-output-transform"><float_array id="r_arm03_jnt-Matrix-animation-output-transform-array" count="368">

0.840931 -0.467861 0.271919 1.073740 0.312627 0.830184 0.461583 -0.152856 -0.441700 -0.303150 0.844394 -0.003835 0.000000 0.000000 0.000000 1.000000
0.840931 -0.467861 0.271919 1.073740 0.312627 0.830184 0.461583 -0.152856 -0.441700 -0.303150 0.844394 -0.003835 0.000000 0.000000 0.000000 1.000000
0.840931 -0.467861 0.271919 1.073740 0.312627 0.830184 0.461583 -0.152856 -0.441700 -0.303150 0.844394 -0.003835 0.000000 0.000000 0.000000 1.000000
0.840931 -0.467861 0.271919 1.073740 0.312627 0.830184 0.461583 -0.152856 -0.441700 -0.303150 0.844394 -0.003835 0.000000 0.000000 0.000000 1.000000
0.840931 -0.467861 0.271919 1.073740 0.312627 0.830184 0.461583 -0.152856 -0.441700 -0.303150 0.844394 -0.003835 0.000000 0.000000 0.000000 1.000000
0.840931 -0.467861 0.271919 1.073740 0.312627 0.830184 0.461583 -0.152856 -0.441700 -0.303150 0.844394 -0.003835 0.000000 0.000000 0.000000 1.000000
0.840931 -0.467861 0.271919 1.073740 0.312627 0.830184 0.461583 -0.152856 -0.441700 -0.303150 0.844394 -0.003835 0.000000 0.000000 0.000000 1.000000
0.840931 -0.467861 0.271919 1.073740 0.312627 0.830184 0.461583 -0.152856 -0.441700 -0.303150 0.844394 -0.003835 0.000000 0.000000 0.000000 1.000000
0.840931 -0.467861 0.271919 1.073740 0.312627 0.830184 0.461583 -0.152856 -0.441700 -0.303150 0.844394 -0.003835 0.000000 0.000000 0.000000 1.000000
0.840931 -0.467861 0.271919 1.073740 0.312627 0.830184 0.461583 -0.152856 -0.441700 -0.303150 0.844394 -0.003835 0.000000 0.000000 0.000000 1.000000
0.840931 -0.467861 0.271919 1.073740 0.312627 0.830184 0.461583 -0.152856 -0.441700 -0.303150 0.844394 -0.003835 0.000000 0.000000 0.000000 1.000000
0.840931 -0.467861 0.271919 1.073740 0.312627 0.830184 0.461583 -0.152856 -0.441700 -0.303150 0.844394 -0.003835 0.000000 0.000000 0.000000 1.000000
0.840931 -0.467861 0.271919 1.073740 0.312627 0.830184 0.461583 -0.152856 -0.441700 -0.303150 0.844394 -0.003835 0.000000 0.000000 0.000000 1.000000
0.840931 -0.467861 0.271919 1.073740 0.312627 0.830184 0.461583 -0.152856 -0.441700 -0.303150 0.844394 -0.003835 0.000000 0.000000 0.000000 1.000000
0.840931 -0.467861 0.271919 1.073740 0.312627 0.830184 0.461583 -0.152856 -0.441700 -0.303150 0.844394 -0.003835 0.000000 0.000000 0.000000 1.000000
0.840931 -0.467861 0.271919 1.073740 0.312627 0.830184 0.461583 -0.152856 -0.441700 -0.303150 0.844394 -0.003835 0.000000 0.000000 0.000000 1.000000
0.840931 -0.467861 0.271919 1.073740 0.312627 0.830184 0.461583 -0.152856 -0.441700 -0.303150 0.844394 -0.003835 0.000000 0.000000 0.000000 1.000000
0.840931 -0.467861 0.271919 1.073740 0.312627 0.830184 0.461583 -0.152856 -0.441700 -0.303150 0.844394 -0.003835 0.000000 0.000000 0.000000 1.000000
0.840931 -0.467861 0.271919 1.073740 0.312627 0.830184 0.461583 -0.152856 -0.441700 -0.303150 0.844394 -0.003835 0.000000 0.000000 0.000000 1.000000
0.840931 -0.467861 0.271919 1.073740 0.312627 0.830184 0.461583 -0.152856 -0.441700 -0.303150 0.844394 -0.003835 0.000000 0.000000 0.000000 1.000000
0.840931 -0.467861 0.271919 1.073740 0.312627 0.830184 0.461583 -0.152856 -0.441700 -0.303150 0.844394 -0.003835 0.000000 0.000000 0.000000 1.000000
0.840931 -0.467861 0.271919 1.073740 0.312627 0.830184 0.461583 -0.152856 -0.441700 -0.303150 0.844394 -0.003835 0.000000 0.000000 0.000000 1.000000
0.840931 -0.467861 0.271919 1.073740 0.312627 0.830184 0.461583 -0.152856 -0.441700 -0.303150 0.844394 -0.003835 0.000000 0.000000 0.000000 1.000000</float_array><technique_common><accessor source="#r_arm03_jnt-Matrix-animation-output-transform-array" count="23" stride="16"><param type="float4x4"/></accessor></technique_common></source><source id="r_arm03_jnt-Interpolations"><Name_array id="r_arm03_jnt-Interpolations-array" count="23">
 LINEAR LINEAR LINEAR LINEAR LINEAR LINEAR LINEAR LINEAR LINEAR LINEAR LINEAR
LINEAR LINEAR LINEAR LINEAR LINEAR LINEAR LINEAR LINEAR LINEAR LINEAR LINEAR LINEAR</Name_array><technique_common><accessor source="#r_arm03_jnt-Interpolations-array" count="23"><param type="name"/></accessor></technique_common></source><sampler id="r_arm03_jnt-Matrix-animation-transform"><input semantic="INPUT" source="#r_arm03_jnt-Matrix-animation-input"/><input semantic="OUTPUT" source="#r_arm03_jnt-Matrix-animation-output-transform"/><input semantic="INTERPOLATION" source="#r_arm03_jnt-Interpolations"/></sampler><channel source="#r_arm03_jnt-Matrix-animation-transform" target="r_arm03_jnt/matrix"/></animation></animation>
    <animation id="r_arm04_jnt-anim" name="r_arm04_jnt"><animation><source id="r_arm04_jnt-Matrix-animation-input"><float_array id="r_arm04_jnt-Matrix-animation-input-array" count="23">

0.000000 0.033333 0.066667 0.100000 0.133333 0.166667 0.200000 0.233333 0.266667 0.300000 0.333333 0.366667 0.400000 0.433333 0.466667 0.500000
0.533333 0.566667 0.600000 0.633333 0.666667 0.700000 0.733333</float_array><technique_common><accessor source="#r_arm04_jnt-Matrix-animation-input-array" count="23"><param name="TIME" type="float"/></accessor></technique_common></source><source id="r_arm04_jnt-Matrix-animation-output-transform"><float_array id="r_arm04_jnt-Matrix-animation-output-transform-array" count="368">

0.961500 -0.273308 0.028649 3.327914 -0.271739 -0.961121 -0.049042 0.000000 0.040938 0.039369 -0.998386 -0.000000 0.000000 0.000000 0.000000 1.000000
0.955213 -0.294620 0.027709 3.327914 -0.293090 -0.954840 -0.048765 0.000000 0.040825 0.038460 -0.998426 -0.000000 0.000000 0.000000 0.000000 1.000000
0.960696 -0.276135 0.028524 3.327914 -0.274571 -0.960317 -0.049006 0.000000 0.040924 0.039248 -0.998391 -0.000000 0.000000 0.000000 0.000000 1.000000
0.971282 -0.235997 0.030294 3.327914 -0.234359 -0.970891 -0.049472 0.000000 0.041087 0.040952 -0.998316 -0.000000 0.000000 0.000000 0.000000 1.000000
0.979051 -0.201113 0.031832 3.327914 -0.199411 -0.978649 -0.049815 0.000000 0.041171 0.042423 -0.998251 0.000000 0.000000 0.000000 0.000000 1.000000
0.984259 -0.173618 0.033044 3.327914 -0.171865 -0.983849 -0.050044 0.000000 0.041199 0.043577 -0.998200 -0.000000 0.000000 0.000000 0.000000 1.000000
0.987238 -0.155618 0.033838 3.327914 -0.153832 -0.986822 -0.050175 0.000000 0.041200 0.044329 -0.998167 -0.000000 0.000000 0.000000 0.000000 1.000000
0.988223 -0.149170 0.034122 3.327914 -0.147373 -0.987805 -0.050218 0.000000 0.041197 0.044598 -0.998155 -0.000000 0.000000 0.000000 0.000000 1.000000
0.985757 -0.164817 0.033433 3.327914 -0.163048 -0.985345 -0.050109 0.000000 0.041201 0.043945 -0.998184 -0.000000 0.000000 0.000000 0.000000 1.000000
0.978903 -0.201838 0.031800 3.327914 -0.200137 -0.978501 -0.049808 0.000000 0.041170 0.042392 -0.998252 -0.000000 0.000000 0.000000 0.000000 1.000000
0.968967 -0.245376 0.029880 3.327914 -0.243755 -0.968579 -0.049370 0.000000 0.041056 0.040555 -0.998333 -0.000000 0.000000 0.000000 0.000000 1.000000
0.959304 -0.280952 0.028311 3.327914 -0.279397 -0.958927 -0.048945 0.000000 0.040900 0.039043 -0.998400 0.000000 0.000000 0.000000 0.000000 1.000000
0.955213 -0.294620 0.027709 3.327914 -0.293090 -0.954840 -0.048765 0.000000 0.040825 0.038460 -0.998426 -0.000000 0.000000 0.000000 0.000000 1.000000
0.960696 -0.276135 0.028524 3.327914 -0.274571 -0.960317 -0.049006 0.000000 0.040924 0.039248 -0.998391 0.000000 0.000000 0.000000 0.000000 1.000000
0.970784 -0.238047 0.030203 3.327914 -0.236413 -0.970394 -0.049450 0.000000 0.041081 0.040865 -0.998320 -0.000000 0.000000 0.000000 0.000000 1.000000
0.977949 -0.206439 0.031597 3.327914 -0.204746 -0.977549 -0.049766 0.000000 0.041161 0.042199 -0.998261 -0.000000 0.000000 0.000000 0.000000 1.000000
0.982834 -0.181571 0.032694 3.327914 -0.179833 -0.982426 -0.049981 0.000000 0.041194 0.043244 -0.998215 -0.000000 0.000000 0.000000 0.000000 1.000000
0.985951 -0.163643 0.033484 3.327914 -0.161872 -0.985538 -0.050118 0.000000 0.041202 0.043994 -0.998182 0.000000 0.000000 0.000000 0.000000 1.000000
0.987673 -0.152804 0.033962 3.327914 -0.151013 -0.987257 -0.050194 0.000000 0.041199 0.044447 -0.998162 0.000000 0.000000 0.000000 0.000000 1.000000
0.988223 -0.149170 0.034122 3.327914 -0.147373 -0.987805 -0.050218 0.000000 0.041197 0.044598 -0.998155 0.000000 0.000000 0.000000 0.000000 1.000000
