<?xml version="1.0" encoding="utf-8"?>
<COLLADA xmlns="http://www.collada.org/2005/11/COLLADASchema" version="1.4.1">
  <asset><contributor><author></author><authoring_tool>FBX COLLADA exporter</authoring_tool><comments></comments></contributor><created>2020-03-23T22:42:14Z</created><keywords></keywords><modified>2020-03-23T22:42:14Z</modified><revision></revision><subject></subject><title></title><unit meter="0.010000" name="centimeter"></unit><up_axis>Y_UP</up_axis></asset>
  <library_animations>
    <animation id="root_jnt-anim" name="root_jnt"><animation><source id="root_jnt-Matrix-animation-input"><float_array id="root_jnt-Matrix-animation-input-array" count="55">

0.000000 0.033333 0.066667 0.100000 0.133333 0.166667 0.200000 0.233333 0.266667 0.300000 0.333333 0.366667 0.400000 0.433333 0.466667 0.500000
0.533333 0.566667 0.600000 0.633333 0.666667 0.700000 0.733333 0.766667 0.800000 0.833333 0.866667 0.900000 0.933333 0.966667 1.000000 1.033333
1.066667 1.100000 1.133333 1.166667 1.200000 1.233333 1.266667 1.300000 1.333333 1.366667 1.400000 1.433333 1.466667 1.500000 1.533333 1.566667
1.600000 1.633333 1.666667 1.700000 1.733333 1.766667 1.800000</float_array><technique_common><accessor source="#root_jnt-Matrix-animation-input-array" count="55"><param name="TIME" type="float"/></accessor></technique_common></source><source id="root_jnt-Matrix-animation-output-transform"><float_array id="root_jnt-Matrix-animation-output-transform-array" count="880">

1.000000 0.000000 0.000000 0.000000 0.000000 1.000000 0.000000 0.000000 0.000000 0.000000 1.000000 0.000000 0.000000 0.000000 0.000000 1.000000
1.000000 0.000000 0.000000 0.000000 0.000000 1.000000 0.000000 0.000000 0.000000 0.000000 1.000000 0.000000 0.000000 0.000000 0.000000 1.000000
1.000000 0.000000 0.000000 0.000000 0.000000 1.000000 0.000000 0.000000 0.000000 0.000000 1.000000 0.000000 0.000000 0.000000 0.000000 1.000000
1.000000 0.000000 0.000000 0.000000 0.000000 1.000000 0.000000 0.000000 0.000000 0.000000 1.000000 0.000000 0.000000 0.000000 0.000000 1.000000
1.000000 0.000000 0.000000 0.000000 0.000000 1.000000 0.000000 0.000000 0.000000 0.000000 1.000000 0.000000 0.000000 0.000000 0.000000 1.000000
1.000000 0.000000 0.000000 0.000000 0.000000 1.000000 0.000000 0.000000 0.000000 0.000000 1.000000 0.000000 0.000000 0.000000 0.000000 1.000000
1.000000 0.000000 0.000000 0.000000 0.000000 1.000000 0.000000 0.000000 0.000000 0.000000 1.000000 0.000000 0.000000 0.000000 0.000000 1.000000
1.000000 0.000000 0.000000 0.000000 0.000000 1.000000 0.000000 0.000000 0.000000 0.000000 1.000000 0.000000 0.000000 0.000000 0.000000 1.000000
1.000000 0.000000 0.000000 0.000000 0.000000 1.000000 0.000000 0.000000 0.000000 0.000000 1.000000 0.000000 0.000000 0.000000 0.000000 1.000000
1.000000 0.000000 0.000000 0.000000 0.000000 1.000000 0.000000 0.000000 0.000000 0.000000 1.000000 0.000000 0.000000 0.000000 0.000000 1.000000
1.000000 0.000000 0.000000 0.000000 0.000000 1.000000 0.000000 0.000000 0.000000 0.000000 1.000000 0.000000 0.000000 0.000000 0.000000 1.000000
1.000000 0.000000 0.000000 0.000000 0.000000 1.000000 0.000000 0.000000 0.000000 0.000000 1.000000 0.000000 0.000000 0.000000 0.000000 1.000000
1.000000 0.000000 0.000000 0.000000 0.000000 1.000000 0.000000 0.000000 0.000000 0.000000 1.000000 0.000000 0.000000 0.000000 0.000000 1.000000
1.000000 0.000000 0.000000 0.000000 0.000000 1.000000 0.000000 0.000000 0.000000 0.000000 1.000000 0.000000 0.000000 0.000000 0.000000 1.000000
1.000000 0.000000 0.000000 0.000000 0.000000 1.000000 0.000000 0.000000 0.000000 0.000000 1.000000 0.000000 0.000000 0.000000 0.000000 1.000000
1.000000 0.000000 0.000000 0.000000 0.000000 1.000000 0.000000 0.000000 0.000000 0.000000 1.000000 0.000000 0.000000 0.000000 0.000000 1.000000
1.000000 0.000000 0.000000 0.000000 0.000000 1.000000 0.000000 0.000000 0.000000 0.000000 1.000000 0.000000 0.000000 0.000000 0.000000 1.000000
1.000000 0.000000 0.000000 0.000000 0.000000 1.000000 0.000000 0.000000 0.000000 0.000000 1.000000 0.000000 0.000000 0.000000 0.000000 1.000000
1.000000 0.000000 0.000000 0.000000 0.000000 1.000000 0.000000 0.000000 0.000000 0.000000 1.000000 0.000000 0.000000 0.000000 0.000000 1.000000
1.000000 0.000000 0.000000 0.000000 0.000000 1.000000 0.000000 0.000000 0.000000 0.000000 1.000000 0.000000 0.000000 0.000000 0.000000 1.000000
1.000000 0.000000 0.000000 0.000000 0.000000 1.000000 0.000000 0.000000 0.000000 0.000000 1.000000 0.000000 0.000000 0.000000 0.000000 1.000000
1.000000 0.000000 0.000000 0.000000 0.000000 1.000000 0.000000 0.000000 0.000000 0.000000 1.000000 0.000000 0.000000 0.000000 0.000000 1.000000
1.000000 0.000000 0.000000 0.000000 0.000000 1.000000 0.000000 0.000000 0.000000 0.000000 1.000000 0.000000 0.000000 0.000000 0.000000 1.000000
1.000000 0.000000 0.000000 0.000000 0.000000 1.000000 0.000000 0.000000 0.000000 0.000000 1.000000 0.000000 0.000000 0.000000 0.000000 1.000000
1.000000 0.000000 0.000000 0.000000 0.000000 1.000000 0.000000 0.000000 0.000000 0.000000 1.000000 0.000000 0.000000 0.000000 0.000000 1.000000
1.000000 0.000000 0.000000 0.000000 0.000000 1.000000 0.000000 0.000000 0.000000 0.000000 1.000000 0.000000 0.000000 0.000000 0.000000 1.000000
1.000000 0.000000 0.000000 0.000000 0.000000 1.000000 0.000000 0.000000 0.000000 0.000000 1.000000 0.000000 0.000000 0.000000 0.000000 1.000000
1.000000 0.000000 0.000000 0.000000 0.000000 1.000000 0.000000 0.000000 0.000000 0.000000 1.000000 0.000000 0.000000 0.000000 0.000000 1.000000
1.000000 0.000000 0.000000 0.000000 0.000000 1.000000 0.000000 0.000000 0.000000 0.000000 1.000000 0.000000 0.000000 0.000000 0.000000 1.000000
1.000000 0.000000 0.000000 0.000000 0.000000 1.000000 0.000000 0.000000 0.000000 0.000000 1.000000 0.000000 0.000000 0.000000 0.000000 1.000000
1.000000 0.000000 0.000000 0.000000 0.000000 1.000000 0.000000 0.000000 0.000000 0.000000 1.000000 0.000000 0.000000 0.000000 0.000000 1.000000
1.000000 0.000000 0.000000 0.000000 0.000000 1.000000 0.000000 0.000000 0.000000 0.000000 1.000000 0.000000 0.000000 0.000000 0.000000 1.000000
1.000000 0.000000 0.000000 0.000000 0.000000 1.000000 0.000000 0.000000 0.000000 0.000000 1.000000 0.000000 0.000000 0.000000 0.000000 1.000000
1.000000 0.000000 0.000000 0.000000 0.000000 1.000000 0.000000 0.000000 0.000000 0.000000 1.000000 0.000000 0.000000 0.000000 0.000000 1.000000
1.000000 0.000000 0.000000 0.000000 0.000000 1.000000 0.000000 0.000000 0.000000 0.000000 1.000000 0.000000 0.000000 0.000000 0.000000 1.000000
1.000000 0.000000 0.000000 0.000000 0.000000 1.000000 0.000000 0.000000 0.000000 0.000000 1.000000 0.000000 0.000000 0.000000 0.000000 1.000000
1.000000 0.000000 0.000000 0.000000 0.000000 1.000000 0.000000 0.000000 0.000000 0.000000 1.000000 0.000000 0.000000 0.000000 0.000000 1.000000
1.000000 0.000000 0.000000 0.000000 0.000000 1.000000 0.000000 0.000000 0.000000 0.000000 1.000000 0.000000 0.000000 0.000000 0.000000 1.000000
1.000000 0.000000 0.000000 0.000000 0.000000 1.000000 0.000000 0.000000 0.000000 0.000000 1.000000 0.000000 0.000000 0.000000 0.000000 1.000000
1.000000 0.000000 0.000000 0.000000 0.000000 1.000000 0.000000 0.000000 0.000000 0.000000 1.000000 0.000000 0.000000 0.000000 0.000000 1.000000
1.000000 0.000000 0.000000 0.000000 0.000000 1.000000 0.000000 0.000000 0.000000 0.000000 1.000000 0.000000 0.000000 0.000000 0.000000 1.000000
1.000000 0.000000 0.000000 0.000000 0.000000 1.000000 0.000000 0.000000 0.000000 0.000000 1.000000 0.000000 0.000000 0.000000 0.000000 1.000000
1.000000 0.000000 0.000000 0.000000 0.000000 1.000000 0.000000 0.000000 0.000000 0.000000 1.000000 0.000000 0.000000 0.000000 0.000000 1.000000
1.000000 0.000000 0.000000 0.000000 0.000000 1.000000 0.000000 0.000000 0.000000 0.000000 1.000000 0.000000 0.000000 0.000000 0.000000 1.000000
1.000000 0.000000 0.000000 0.000000 0.000000 1.000000 0.000000 0.000000 0.000000 0.000000 1.000000 0.000000 0.000000 0.000000 0.000000 1.000000
1.000000 0.000000 0.000000 0.000000 0.000000 1.000000 0.000000 0.000000 0.000000 0.000000 1.000000 0.000000 0.000000 0.000000 0.000000 1.000000
1.000000 0.000000 0.000000 0.000000 0.000000 1.000000 0.000000 0.000000 0.000000 0.000000 1.000000 0.000000 0.000000 0.000000 0.000000 1.000000
1.000000 0.000000 0.000000 0.000000 0.000000 1.000000 0.000000 0.000000 0.000000 0.000000 1.000000 0.000000 0.000000 0.000000 0.000000 1.000000
1.000000 0.000000 0.000000 0.000000 0.000000 1.000000 0.000000 0.000000 0.000000 0.000000 1.000000 0.000000 0.000000 0.000000 0.000000 1.000000
1.000000 0.000000 0.000000 0.000000 0.000000 1.000000 0.000000 0.000000 0.000000 0.000000 1.000000 0.000000 0.000000 0.000000 0.000000 1.000000
1.000000 0.000000 0.000000 0.000000 0.000000 1.000000 0.000000 0.000000 0.000000 0.000000 1.000000 0.000000 0.000000 0.000000 0.000000 1.000000
1.000000 0.000000 0.000000 0.000000 0.000000 1.000000 0.000000 0.000000 0.000000 0.000000 1.000000 0.000000 0.000000 0.000000 0.000000 1.000000
1.000000 0.000000 0.000000 0.000000 0.000000 1.000000 0.000000 0.000000 0.000000 0.000000 1.000000 0.000000 0.000000 0.000000 0.000000 1.000000
1.000000 0.000000 0.000000 0.000000 0.000000 1.000000 0.000000 0.000000 0.000000 0.000000 1.000000 0.000000 0.000000 0.000000 0.000000 1.000000
1.000000 0.000000 0.000000 0.000000 0.000000 1.000000 0.000000 0.000000 0.000000 0.000000 1.000000 0.000000 0.000000 0.000000 0.000000 1.000000</float_array><technique_common><accessor source="#root_jnt-Matrix-animation-output-transform-array" count="55" stride="16"><param type="float4x4"/></accessor></technique_common></source><source id="root_jnt-Interpolations"><Name_array id="root_jnt-Interpolations-array" count="55">
 LINEAR LINEAR LINEAR LINEAR LINEAR LINEAR LINEAR LINEAR LINEAR LINEAR LINEAR
LINEAR LINEAR LINEAR LINEAR LINEAR LINEAR LINEAR LINEAR LINEAR LINEAR LINEAR LINEAR
LINEAR LINEAR LINEAR LINEAR LINEAR LINEAR LINEAR LINEAR LINEAR LINEAR LINEAR LINEAR
LINEAR LINEAR LINEAR LINEAR LINEAR LINEAR LINEAR LINEAR LINEAR LINEAR LINEAR LINEAR
LINEAR LINEAR LINEAR LINEAR LINEAR LINEAR LINEAR LINEAR</Name_array><technique_common><accessor source="#root_jnt-Interpolations-array" count="55"><param type="name"/></accessor></technique_common></source><sampler id="root_jnt-Matrix-animation-transform"><input semantic="INPUT" source="#root_jnt-Matrix-animation-input"/><input semantic="OUTPUT" source="#root_jnt-Matrix-animation-output-transform"/><input semantic="INTERPOLATION" source="#root_jnt-Interpolations"/></sampler><channel source="#root_jnt-Matrix-animation-transform" target="root_jnt/matrix"/></animation></animation>
    <animation id="jnt_spine2-anim" name="jnt_spine2"><animation><source id="jnt_spine2-Matrix-animation-input"><float_array id="jnt_spine2-Matrix-animation-input-array" count="55">

0.000000 0.033333 0.066667 0.100000 0.133333 0.166667 0.200000 0.233333 0.266667 0.300000 0.333333 0.366667 0.400000 0.433333 0.466667 0.500000
0.533333 0.566667 0.600000 0.633333 0.666667 0.700000 0.733333 0.766667 0.800000 0.833333 0.866667 0.900000 0.933333 0.966667 1.000000 1.033333
1.066667 1.100000 1.133333 1.166667 1.200000 1.233333 1.266667 1.300000 1.333333 1.366667 1.400000 1.433333 1.466667 1.500000 1.533333 1.566667
1.600000 1.633333 1.666667 1.700000 1.733333 1.766667 1.800000</float_array><technique_common><accessor source="#jnt_spine2-Matrix-animation-input-array" count="55"><param name="TIME" type="float"/></accessor></technique_common></source><source id="jnt_spine2-Matrix-animation-output-transform"><float_array id="jnt_spine2-Matrix-animation-output-transform-array" count="880">

0.985305 0.106465 -0.133567 -0.467351 -0.126786 0.979865 -0.154242 8.241275 0.114457 0.168910 0.978963 1.629070 0.000000 0.000000 0.000000 1.000000
0.985785 0.106531 -0.129921 -0.467351 -0.126237 0.979921 -0.154333 8.190685 0.110871 0.168540 0.979440 1.629070 0.000000 0.000000 0.000000 1.000000
0.986971 0.106592 -0.120523 -0.467351 -0.124805 0.979942 -0.155361 8.060217 0.101546 0.168378 0.980478 1.629070 0.000000 0.000000 0.000000 1.000000
0.988466 0.106580 -0.107594 -0.467351 -0.122805 0.979836 -0.157610 7.881822 0.088626 0.169006 0.981622 1.629070 0.000000 0.000000 0.000000 1.000000
0.989923 0.106572 -0.093242 -0.467351 -0.120565 0.979683 -0.160268 7.687451 0.074268 0.169895 0.982660 1.629070 0.000000 0.000000 0.000000 1.000000
0.991109 0.106595 -0.079622 -0.467351 -0.118430 0.979520 -0.162833 7.509055 0.060634 0.170815 0.983436 1.629070 0.000000 0.000000 0.000000 1.000000
0.991906 0.106656 -0.068900 -0.467351 -0.116760 0.979384 -0.164843 7.378587 0.049898 0.171553 0.983910 1.629070 0.000000 0.000000 0.000000 1.000000
0.992272 0.106768 -0.063219 -0.467351 -0.115927 0.979359 -0.165580 7.327997 0.044235 0.171629 0.984168 1.629070 0.000000 0.000000 0.000000 1.000000
0.992157 0.106869 -0.064838 -0.467351 -0.116300 0.979339 -0.165440 7.784636 0.045818 0.171683 0.984086 1.629070 0.000000 0.000000 0.000000 1.000000
0.991360 0.106903 -0.076006 -0.467351 -0.118226 0.979221 -0.164768 8.241275 0.056813 0.172331 0.983399 1.629070 0.000000 0.000000 0.000000 1.000000
0.989434 0.106869 -0.097977 -0.467351 -0.121874 0.979103 -0.162798 8.190685 0.078532 0.173019 0.981783 1.629070 0.000000 0.000000 0.000000 1.000000
0.985927 0.106768 -0.128640 -0.467351 -0.126819 0.979036 -0.159391 8.060217 0.108926 0.173461 0.978798 1.629070 0.000000 0.000000 0.000000 1.000000
0.980509 0.106640 -0.165018 -0.467351 -0.132491 0.979063 -0.154540 7.881822 0.145083 0.173391 0.974108 1.629070 0.000000 0.000000 0.000000 1.000000
0.973125 0.106624 -0.204106 -0.467351 -0.138349 0.979254 -0.148057 7.687451 0.184085 0.172316 0.967688 1.629070 0.000000 0.000000 0.000000 1.000000
0.964126 0.106662 -0.243072 -0.467351 -0.143911 0.979494 -0.141002 7.509055 0.223048 0.170924 0.959705 1.629070 0.000000 0.000000 0.000000 1.000000
0.954304 0.106584 -0.279186 -0.467351 -0.148788 0.979669 -0.134576 7.378587 0.259166 0.169966 0.950760 1.629070 0.000000 0.000000 0.000000 1.000000
0.944845 0.106468 -0.309729 -0.467351 -0.152691 0.979821 -0.128982 7.327997 0.289747 0.169161 0.942036 1.629070 0.000000 0.000000 0.000000 1.000000
0.937215 0.106354 -0.332141 -0.467351 -0.155421 0.979936 -0.124776 7.784636 0.312207 0.168564 0.934940 1.629070 0.000000 0.000000 0.000000 1.000000
0.932960 0.106291 -0.343931 -0.467351 -0.156822 0.979996 -0.122536 8.241275 0.324027 0.168257 0.930965 1.629070 0.000000 0.000000 0.000000 1.000000
0.933169 0.106437 -0.343318 -0.467351 -0.156786 0.980028 -0.122326 8.190685 0.323441 0.167979 0.931219 1.629070 0.000000 0.000000 0.000000 1.000000
0.937373 0.106566 -0.331625 -0.467351 -0.155454 0.979966 -0.124502 8.060217 0.311713 0.168257 0.935160 1.629070 0.000000 0.000000 0.000000 1.000000
0.962980 0.114252 -0.244164 -0.467351 -0.151620 0.978454 -0.140137 7.881822 0.222892 0.171969 0.959555 1.629070 0.000000 0.000000 0.000000 1.000000
0.989960 0.134081 -0.044737 -0.467351 -0.139804 0.975461 -0.170092 7.425061 0.020833 0.174638 0.984412 1.629070 0.000000 0.000000 0.000000 1.000000
0.964661 0.158978 0.210130 -0.467351 -0.116986 0.972978 -0.199068 6.620966 -0.236100 0.167451 0.957192 1.629070 0.000000 0.000000 0.000000 1.000000
0.874852 0.180073 0.449676 -0.467351 -0.088914 0.972257 -0.216358 5.743695 -0.476161 0.149298 0.866592 1.629070 0.000000 0.000000 0.000000 1.000000
0.764270 0.191610 0.615774 -0.467351 -0.065935 0.973054 -0.220950 5.067406 -0.641517 0.128264 0.756309 1.629070 0.000000 0.000000 0.000000 1.000000
0.706991 0.194360 0.679991 -0.467351 -0.055938 0.973851 -0.220194 5.261654 -0.705007 0.117638 0.699376 1.629070 0.000000 0.000000 0.000000 1.000000
0.703366 0.194205 0.683784 -0.467351 -0.055016 0.973942 -0.220022 6.112509 -0.708695 0.117137 0.695723 1.629070 0.000000 0.000000 0.000000 1.000000
0.706991 0.194705 0.679893 -0.467351 -0.055938 0.973739 -0.220688 6.929194 -0.705007 0.117993 0.699316 1.629070 0.000000 0.000000 0.000000 1.000000
0.716604 0.195623 0.669485 -0.467351 -0.058432 0.973326 -0.221861 7.666001 -0.695028 0.119867 0.708920 1.629070 0.000000 0.000000 0.000000 1.000000
0.730260 0.196672 0.654248 -0.467351 -0.062103 0.972812 -0.223116 7.881822 -0.680341 0.122301 0.722619 1.629070 0.000000 0.000000 0.000000 1.000000
0.746040 0.197406 0.635968 -0.467351 -0.066546 0.972369 -0.223762 7.687451 -0.662568 0.124615 0.738563 1.629070 0.000000 0.000000 0.000000 1.000000
0.762153 0.198146 0.616328 -0.467351 -0.071319 0.971913 -0.224272 7.509055 -0.643456 0.126974 0.754879 1.629070 0.000000 0.000000 0.000000 1.000000
0.776992 0.199187 0.597166 -0.467351 -0.075942 0.971351 -0.225187 7.378587 -0.624912 0.129619 0.769859 1.629070 0.000000 0.000000 0.000000 1.000000
0.789142 0.200137 0.580689 -0.467351 -0.079902 0.970840 -0.226020 7.327997 -0.608991 0.131964 0.782122 1.629070 0.000000 0.000000 0.000000 1.000000
0.797335 0.200824 0.569145 -0.467351 -0.082668 0.970469 -0.226620 7.784636 -0.597848 0.133643 0.790391 1.629070 0.000000 0.000000 0.000000 1.000000
0.800351 0.201090 0.564803 -0.467351 -0.083706 0.970325 -0.226855 8.241275 -0.593660 0.134286 0.793432 1.629070 0.000000 0.000000 0.000000 1.000000
0.797335 0.200626 0.569215 -0.467351 -0.082668 0.970548 -0.226282 8.190685 -0.597848 0.133367 0.790437 1.629070 0.000000 0.000000 0.000000 1.000000
0.796703 0.198600 0.570809 -0.467351 -0.080990 0.971031 -0.224808 8.060217 -0.598920 0.132876 0.789708 1.629070 0.000000 0.000000 0.000000 1.000000
0.805710 0.194489 0.559469 -0.467351 -0.079980 0.971627 -0.222585 7.881822 -0.586886 0.134592 0.798405 1.629070 0.000000 0.000000 0.000000 1.000000
0.822855 0.188428 0.536101 -0.467351 -0.079667 0.972358 -0.219484 7.687451 -0.562639 0.137894 0.815121 1.629070 0.000000 0.000000 0.000000 1.000000
0.846200 0.180672 0.501301 -0.467351 -0.080059 0.973193 -0.215606 7.509055 -0.526816 0.142312 0.837981 1.629070 0.000000 0.000000 0.000000 1.000000
0.873516 0.171484 0.455592 -0.467351 -0.081191 0.974112 -0.210985 7.378587 -0.479978 0.147308 0.864825 1.629070 0.000000 0.000000 0.000000 1.000000
0.902412 0.161074 0.399634 -0.467351 -0.083143 0.975161 -0.205300 7.327997 -0.422776 0.152038 0.893389 1.629070 0.000000 0.000000 0.000000 1.000000
0.930483 0.150213 0.334122 -0.467351 -0.086042 0.976165 -0.199244 7.784636 -0.356087 0.156645 0.921230 1.629070 0.000000 0.000000 0.000000 1.000000
0.955444 0.139565 0.260093 -0.467351 -0.090061 0.976977 -0.193405 8.241275 -0.281098 0.161364 0.946016 1.629070 0.000000 0.000000 0.000000 1.000000
0.975125 0.129438 0.179939 -0.467351 -0.095236 0.977696 -0.187193 8.190685 -0.200155 0.165400 0.965702 1.629070 0.000000 0.000000 0.000000 1.000000
0.987707 0.120375 0.099722 -0.467351 -0.101010 0.978370 -0.180527 8.060217 -0.119296 0.168235 0.978502 1.629070 0.000000 0.000000 0.000000 1.000000
0.993232 0.113053 0.026642 -0.467351 -0.106774 0.978999 -0.173669 7.881822 -0.045716 0.169649 0.984444 1.629070 0.000000 0.000000 0.000000 1.000000
0.993608 0.108210 -0.032149 -0.467351 -0.112083 0.979579 -0.166923 7.687451 0.013429 0.169459 0.985446 1.629070 0.000000 0.000000 0.000000 1.000000
0.991848 0.106513 -0.069939 -0.467351 -0.116649 0.979877 -0.161967 7.509055 0.051280 0.168805 0.984315 1.629070 0.000000 0.000000 0.000000 1.000000
0.989853 0.106523 -0.094043 -0.467351 -0.120556 0.979894 -0.158980 7.378587 0.075217 0.168705 0.982793 1.629070 0.000000 0.000000 0.000000 1.000000
0.987715 0.106508 -0.114345 -0.467351 -0.123784 0.979887 -0.156523 7.327997 0.095374 0.168755 0.981033 1.629070 0.000000 0.000000 0.000000 1.000000
0.985996 0.106480 -0.128347 -0.467351 -0.125976 0.979873 -0.154854 7.784636 0.109275 0.168854 0.979565 1.629070 0.000000 0.000000 0.000000 1.000000
0.985305 0.106465 -0.133567 -0.467351 -0.126786 0.979865 -0.154242 8.241275 0.114457 0.168910 0.978963 1.629070 0.000000 0.000000 0.000000 1.000000</float_array><technique_common><accessor source="#jnt_spine2-Matrix-animation-output-transform-array" count="55" stride="16"><param type="float4x4"/></accessor></technique_common></source><source id="jnt_spine2-Interpolations"><Name_array id="jnt_spine2-Interpolations-array" count="55">
 LINEAR LINEAR LINEAR LINEAR LINEAR LINEAR LINEAR LINEAR LINEAR LINEAR LINEAR
LINEAR LINEAR LINEAR LINEAR LINEAR LINEAR LINEAR LINEAR LINEAR LINEAR LINEAR LINEAR
LINEAR LINEAR LINEAR LINEAR LINEAR LINEAR LINEAR LINEAR LINEAR LINEAR LINEAR LINEAR
LINEAR LINEAR LINEAR LINEAR LINEAR LINEAR LINEAR LINEAR LINEAR LINEAR LINEAR LINEAR
LINEAR LINEAR LINEAR LINEAR LINEAR LINEAR LINEAR LINEAR</Name_array><technique_common><accessor source="#jnt_spine2-Interpolations-array" count="55"><param type="name"/></accessor></technique_common></source><sampler id="jnt_spine2-Matrix-animation-transform"><input semantic="INPUT" source="#jnt_spine2-Matrix-animation-input"/><input semantic="OUTPUT" source="#jnt_spine2-Matrix-animation-output-transform"/><input semantic="INTERPOLATION" source="#jnt_spine2-Interpolations"/></sampler><channel source="#jnt_spine2-Matrix-animation-transform" target="jnt_spine2/matrix"/></animation></animation>
    <animation id="neck_jnt-anim" name="neck_jnt"><animation><source id="neck_jnt-Matrix-animation-input"><float_array id="neck_jnt-Matrix-animation-input-array" count="55">

0.000000 0.033333 0.066667 0.100000 0.133333 0.166667 0.200000 0.233333 0.266667 0.300000 0.333333 0.366667 0.400000 0.433333 0.466667 0.500000
0.533333 0.566667 0.600000 0.633333 0.666667 0.700000 0.733333 0.766667 0.800000 0.833333 0.866667 0.900000 0.933333 0.966667 1.000000 1.033333
1.066667 1.100000 1.133333 1.166667 1.200000 1.233333 1.266667 1.300000 1.333333 1.366667 1.400000 1.433333 1.466667 1.500000 1.533333 1.566667
1.600000 1.633333 1.666667 1.700000 1.733333 1.766667 1.800000</float_array><technique_common><accessor source="#neck_jnt-Matrix-animation-input-array" count="55"><param name="TIME" type="float"/></accessor></technique_common></source><source id="neck_jnt-Matrix-animation-output-transform"><float_array id="neck_jnt-Matrix-animation-output-transform-array" count="880">

1.000000 -0.000000 0.000000 1.220000 0.000000 1.000000 0.000000 2.357033 -0.000000 -0.000000 1.000000 2.698746 0.000000 0.000000 0.000000 1.000000
1.000000 -0.000000 0.000000 1.220000 0.000000 1.000000 0.000000 2.357033 -0.000000 -0.000000 1.000000 2.698746 0.000000 0.000000 0.000000 1.000000
1.000000 -0.000000 0.000000 1.220000 0.000000 1.000000 0.000000 2.357033 -0.000000 -0.000000 1.000000 2.698746 0.000000 0.000000 0.000000 1.000000
1.000000 -0.000000 0.000000 1.220000 0.000000 1.000000 0.000000 2.357033 -0.000000 -0.000000 1.000000 2.698746 0.000000 0.000000 0.000000 1.000000
1.000000 -0.000000 0.000000 1.220000 0.000000 1.000000 0.000000 2.357033 -0.000000 -0.000000 1.000000 2.698746 0.000000 0.000000 0.000000 1.000000
1.000000 -0.000000 0.000000 1.220000 0.000000 1.000000 0.000000 2.357033 -0.000000 -0.000000 1.000000 2.698746 0.000000 0.000000 0.000000 1.000000
1.000000 -0.000000 0.000000 1.220000 0.000000 1.000000 0.000000 2.357033 -0.000000 -0.000000 1.000000 2.698746 0.000000 0.000000 0.000000 1.000000
1.000000 -0.000000 0.000000 1.220000 0.000000 1.000000 0.000000 2.357033 -0.000000 -0.000000 1.000000 2.698746 0.000000 0.000000 0.000000 1.000000
1.000000 -0.000000 0.000000 1.220000 0.000000 1.000000 0.000000 2.357033 -0.000000 -0.000000 1.000000 2.698746 0.000000 0.000000 0.000000 1.000000
1.000000 -0.000000 0.000000 1.220000 0.000000 1.000000 0.000000 2.357033 -0.000000 -0.000000 1.000000 2.698746 0.000000 0.000000 0.000000 1.000000
1.000000 -0.000000 0.000000 1.220000 0.000000 1.000000 0.000000 2.357033 -0.000000 -0.000000 1.000000 2.698746 0.000000 0.000000 0.000000 1.000000
1.000000 -0.000000 0.000000 1.220000 0.000000 1.000000 0.000000 2.357033 -0.000000 -0.000000 1.000000 2.698746 0.000000 0.000000 0.000000 1.000000
1.000000 -0.000000 0.000000 1.220000 0.000000 1.000000 0.000000 2.357033 -0.000000 -0.000000 1.000000 2.698746 0.000000 0.000000 0.000000 1.000000
1.000000 -0.000000 0.000000 1.220000 0.000000 1.000000 0.000000 2.357033 -0.000000 -0.000000 1.000000 2.698746 0.000000 0.000000 0.000000 1.000000
1.000000 -0.000000 0.000000 1.220000 0.000000 1.000000 0.000000 2.357033 -0.000000 -0.000000 1.000000 2.698746 0.000000 0.000000 0.000000 1.000000
1.000000 -0.000000 0.000000 1.220000 0.000000 1.000000 0.000000 2.357033 -0.000000 -0.000000 1.000000 2.698746 0.000000 0.000000 0.000000 1.000000
1.000000 -0.000000 0.000000 1.220000 0.000000 1.000000 0.000000 2.357033 -0.000000 -0.000000 1.000000 2.698746 0.000000 0.000000 0.000000 1.000000
1.000000 -0.000000 0.000000 1.220000 0.000000 1.000000 0.000000 2.357033 -0.000000 -0.000000 1.000000 2.698746 0.000000 0.000000 0.000000 1.000000
1.000000 -0.000000 0.000000 1.220000 0.000000 1.000000 0.000000 2.357033 -0.000000 -0.000000 1.000000 2.698746 0.000000 0.000000 0.000000 1.000000
1.000000 -0.000000 0.000000 1.220000 0.000000 1.000000 0.000000 2.357033 -0.000000 -0.000000 1.000000 2.698746 0.000000 0.000000 0.000000 1.000000
1.000000 -0.000000 0.000000 1.220000 0.000000 1.000000 0.000000 2.357033 -0.000000 -0.000000 1.000000 2.698746 0.000000 0.000000 0.000000 1.000000
1.000000 -0.000000 0.000000 1.220000 0.000000 1.000000 0.000000 2.357033 -0.000000 -0.000000 1.000000 2.698746 0.000000 0.000000 0.000000 1.000000
1.000000 -0.000000 0.000000 1.220000 0.000000 1.000000 0.000000 2.357033 -0.000000 -0.000000 1.000000 2.698746 0.000000 0.000000 0.000000 1.000000
1.000000 -0.000000 0.000000 1.220000 0.000000 1.000000 0.000000 2.357033 -0.000000 -0.000000 1.000000 2.698746 0.000000 0.000000 0.000000 1.000000
1.000000 -0.000000 0.000000 1.220000 0.000000 1.000000 0.000000 2.357033 -0.000000 -0.000000 1.000000 2.698746 0.000000 0.000000 0.000000 1.000000
1.000000 -0.000000 0.000000 1.220000 0.000000 1.000000 0.000000 2.357033 -0.000000 -0.000000 1.000000 2.698746 0.000000 0.000000 0.000000 1.000000
1.000000 -0.000000 0.000000 1.220000 0.000000 1.000000 0.000000 2.357033 -0.000000 -0.000000 1.000000 2.698746 0.000000 0.000000 0.000000 1.000000
1.000000 -0.000000 0.000000 1.220000 0.000000 1.000000 0.000000 2.357033 -0.000000 -0.000000 1.000000 2.698746 0.000000 0.000000 0.000000 1.000000
1.000000 -0.000000 0.000000 1.220000 0.000000 1.000000 0.000000 2.357033 -0.000000 -0.000000 1.000000 2.698746 0.000000 0.000000 0.000000 1.000000
1.000000 -0.000000 0.000000 1.220000 0.000000 1.000000 0.000000 2.357033 -0.000000 -0.000000 1.000000 2.698746 0.000000 0.000000 0.000000 1.000000
1.000000 -0.000000 0.000000 1.220000 0.000000 1.000000 0.000000 2.357033 -0.000000 -0.000000 1.000000 2.698746 0.000000 0.000000 0.000000 1.000000
1.000000 -0.000000 0.000000 1.220000 0.000000 1.000000 0.000000 2.357033 -0.000000 -0.000000 1.000000 2.698746 0.000000 0.000000 0.000000 1.000000
1.000000 -0.000000 0.000000 1.220000 0.000000 1.000000 0.000000 2.357033 -0.000000 -0.000000 1.000000 2.698746 0.000000 0.000000 0.000000 1.000000
1.000000 -0.000000 0.000000 1.220000 0.000000 1.000000 0.000000 2.357033 -0.000000 -0.000000 1.000000 2.698746 0.000000 0.000000 0.000000 1.000000
1.000000 -0.000000 0.000000 1.220000 0.000000 1.000000 0.000000 2.357033 -0.000000 -0.000000 1.000000 2.698746 0.000000 0.000000 0.000000 1.000000
1.000000 -0.000000 0.000000 1.220000 0.000000 1.000000 0.000000 2.357033 -0.000000 -0.000000 1.000000 2.698746 0.000000 0.000000 0.000000 1.000000
1.000000 -0.000000 0.000000 1.220000 0.000000 1.000000 0.000000 2.357033 -0.000000 -0.000000 1.000000 2.698746 0.000000 0.000000 0.000000 1.000000
1.000000 -0.000000 0.000000 1.220000 0.000000 1.000000 0.000000 2.357033 -0.000000 -0.000000 1.000000 2.698746 0.000000 0.000000 0.000000 1.000000
1.000000 -0.000000 0.000000 1.220000 0.000000 1.000000 0.000000 2.357033 -0.000000 -0.000000 1.000000 2.698746 0.000000 0.000000 0.000000 1.000000
1.000000 -0.000000 0.000000 1.220000 0.000000 1.000000 0.000000 2.357033 -0.000000 -0.000000 1.000000 2.698746 0.000000 0.000000 0.000000 1.000000
1.000000 -0.000000 0.000000 1.220000 0.000000 1.000000 0.000000 2.357033 -0.000000 -0.000000 1.000000 2.698746 0.000000 0.000000 0.000000 1.000000
1.000000 -0.000000 0.000000 1.220000 0.000000 1.000000 0.000000 2.357033 -0.000000 -0.000000 1.000000 2.698746 0.000000 0.000000 0.000000 1.000000
1.000000 -0.000000 0.000000 1.220000 0.000000 1.000000 0.000000 2.357033 -0.000000 -0.000000 1.000000 2.698746 0.000000 0.000000 0.000000 1.000000
1.000000 -0.000000 0.000000 1.220000 0.000000 1.000000 0.000000 2.357033 -0.000000 -0.000000 1.000000 2.698746 0.000000 0.000000 0.000000 1.000000
1.000000 -0.000000 0.000000 1.220000 0.000000 1.000000 0.000000 2.357033 -0.000000 -0.000000 1.000000 2.698746 0.000000 0.000000 0.000000 1.000000
1.000000 -0.000000 0.000000 1.220000 0.000000 1.000000 0.000000 2.357033 -0.000000 -0.000000 1.000000 2.698746 0.000000 0.000000 0.000000 1.000000
1.000000 -0.000000 0.000000 1.220000 0.000000 1.000000 0.000000 2.357033 -0.000000 -0.000000 1.000000 2.698746 0.000000 0.000000 0.000000 1.000000
1.000000 -0.000000 0.000000 1.220000 0.000000 1.000000 0.000000 2.357033 -0.000000 -0.000000 1.000000 2.698746 0.000000 0.000000 0.000000 1.000000
1.000000 -0.000000 0.000000 1.220000 0.000000 1.000000 0.000000 2.357033 -0.000000 -0.000000 1.000000 2.698746 0.000000 0.000000 0.000000 1.000000
1.000000 -0.000000 0.000000 1.220000 0.000000 1.000000 0.000000 2.357033 -0.000000 -0.000000 1.000000 2.698746 0.000000 0.000000 0.000000 1.000000
1.000000 -0.000000 0.000000 1.220000 0.000000 1.000000 0.000000 2.357033 -0.000000 -0.000000 1.000000 2.698746 0.000000 0.000000 0.000000 1.000000
1.000000 -0.000000 0.000000 1.220000 0.000000 1.000000 0.000000 2.357033 -0.000000 -0.000000 1.000000 2.698746 0.000000 0.000000 0.000000 1.000000
1.000000 -0.000000 0.000000 1.220000 0.000000 1.000000 0.000000 2.357033 -0.000000 -0.000000 1.000000 2.698746 0.000000 0.000000 0.000000 1.000000
1.000000 -0.000000 0.000000 1.220000 0.000000 1.000000 0.000000 2.357033 -0.000000 -0.000000 1.000000 2.698746 0.000000 0.000000 0.000000 1.000000
1.000000 -0.000000 0.000000 1.220000 0.000000 1.000000 0.000000 2.357033 -0.000000 -0.000000 1.000000 2.698746 0.000000 0.000000 0.000000 1.000000</float_array><technique_common><accessor source="#neck_jnt-Matrix-animation-output-transform-array" count="55" stride="16"><param type="float4x4"/></accessor></technique_common></source><source id="neck_jnt-Interpolations"><Name_array id="neck_jnt-Interpolations-array" count="55">
 LINEAR LINEAR LINEAR LINEAR LINEAR LINEAR LINEAR LINEAR LINEAR LINEAR LINEAR
LINEAR LINEAR LINEAR LINEAR LINEAR LINEAR LINEAR LINEAR LINEAR LINEAR LINEAR LINEAR
LINEAR LINEAR LINEAR LINEAR LINEAR LINEAR LINEAR LINEAR LINEAR LINEAR LINEAR LINEAR
LINEAR LINEAR LINEAR LINEAR LINEAR LINEAR LINEAR LINEAR LINEAR LINEAR LINEAR LINEAR
LINEAR LINEAR LINEAR LINEAR LINEAR LINEAR LINEAR LINEAR</Name_array><technique_common><accessor source="#neck_jnt-Interpolations-array" count="55"><param type="name"/></accessor></technique_common></source><sampler id="neck_jnt-Matrix-animation-transform"><input semantic="INPUT" source="#neck_jnt-Matrix-animation-input"/><input semantic="OUTPUT" source="#neck_jnt-Matrix-animation-output-transform"/><input semantic="INTERPOLATION" source="#neck_jnt-Interpolations"/></sampler><channel source="#neck_jnt-Matrix-animation-transform" target="neck_jnt/matrix"/></animation></animation>
    <animation id="head_jnt-anim" name="head_jnt"><animation><source id="head_jnt-Matrix-animation-input"><float_array id="head_jnt-Matrix-animation-input-array" count="55">

0.000000 0.033333 0.066667 0.100000 0.133333 0.166667 0.200000 0.233333 0.266667 0.300000 0.333333 0.366667 0.400000 0.433333 0.466667 0.500000
0.533333 0.566667 0.600000 0.633333 0.666667 0.700000 0.733333 0.766667 0.800000 0.833333 0.866667 0.900000 0.933333 0.966667 1.000000 1.033333
1.066667 1.100000 1.133333 1.166667 1.200000 1.233333 1.266667 1.300000 1.333333 1.366667 1.400000 1.433333 1.466667 1.500000 1.533333 1.566667
1.600000 1.633333 1.666667 1.700000 1.733333 1.766667 1.800000</float_array><technique_common><accessor source="#head_jnt-Matrix-animation-input-array" count="55"><param name="TIME" type="float"/></accessor></technique_common></source><source id="head_jnt-Matrix-animation-output-transform"><float_array id="head_jnt-Matrix-animation-output-transform-array" count="880">

0.977993 -0.132632 0.161054 -0.068576 0.140863 0.989190 -0.040762 0.393787 -0.153906 0.062551 0.986104 0.070697 0.000000 0.000000 0.000000 1.000000
0.978890 -0.131618 0.156369 -0.067505 0.139765 0.989283 -0.042258 0.387037 -0.149131 0.063220 0.986794 0.071557 0.000000 0.000000 0.000000 1.000000
0.981160 -0.128772 0.144020 -0.064468 0.136668 0.989534 -0.046300 0.367888 -0.136551 0.065111 0.988491 0.073995 0.000000 0.000000 0.000000 1.000000
0.984127 -0.124410 0.126555 -0.059727 0.131851 0.989895 -0.052186 0.337993 -0.118783 0.068044 0.990586 0.077802 0.000000 0.000000 0.000000 1.000000
0.987181 -0.118846 0.106531 -0.053543 0.125613 0.990310 -0.059222 0.299006 -0.098461 0.071845 0.992544 0.082766 0.000000 0.000000 0.000000 1.000000
0.989891 -0.112359 0.086548 -0.046180 0.118293 0.990731 -0.066778 0.252580 -0.078242 0.076341 0.994007 0.088677 0.000000 0.000000 0.000000 1.000000
0.992040 -0.105176 0.069239 -0.037899 0.110266 0.991119 -0.074327 0.200368 -0.060807 0.081370 0.994827 0.095325 0.000000 0.000000 0.000000 1.000000
0.993591 -0.097452 0.057271 -0.028962 0.101938 0.991450 -0.081462 0.144023 -0.048843 0.086778 0.995030 0.102500 0.000000 0.000000 0.000000 1.000000
0.994579 -0.089267 0.053323 -0.019633 0.093722 0.991711 -0.087896 0.085198 -0.045035 0.092417 0.994701 0.109990 0.000000 0.000000 0.000000 1.000000
0.994932 -0.080625 0.060079 -0.010172 0.086021 0.991903 -0.093430 0.025546 -0.052060 0.098125 0.993812 0.117586 0.000000 0.000000 0.000000 1.000000
0.994291 -0.071505 0.079198 -0.000842 0.079149 0.992034 -0.097996 -0.033278 -0.071560 0.103705 0.992030 0.125076 0.000000 0.000000 0.000000 1.000000
0.992184 -0.062057 0.108262 0.008095 0.073160 0.992111 -0.101798 -0.089623 -0.101090 0.108923 0.988897 0.132250 0.000000 0.000000 0.000000 1.000000
0.988209 -0.052567 0.143808 0.016376 0.068055 0.992142 -0.104991 -0.141836 -0.137159 0.113540 0.984020 0.138899 0.000000 0.000000 0.000000 1.000000
0.982270 -0.043432 0.182374 0.023739 0.063849 0.992140 -0.107616 -0.188262 -0.176266 0.117353 0.977322 0.144810 0.000000 0.000000 0.000000 1.000000
0.974743 -0.035148 0.220546 0.029923 0.060580 0.992124 -0.109631 -0.227249 -0.214956 0.120223 0.969196 0.149774 0.000000 0.000000 0.000000 1.000000
0.966524 -0.028281 0.255011 0.034664 0.058302 0.992115 -0.110945 -0.257143 -0.249863 0.122098 0.960552 0.153581 0.000000 0.000000 0.000000 1.000000
0.958956 -0.023430 0.282587 0.037701 0.057082 0.992130 -0.111446 -0.276292 -0.277751 0.123002 0.952746 0.156019 0.000000 0.000000 0.000000 1.000000
0.953643 -0.021189 0.300194 0.038772 0.057000 0.992180 -0.111044 -0.283043 -0.295493 0.123007 0.947393 0.156879 0.000000 0.000000 0.000000 1.000000
0.958327 -0.028280 0.284271 0.038541 0.060993 0.992398 -0.106893 -0.281586 -0.279087 0.119777 0.952766 0.156693 0.000000 0.000000 0.000000 1.000000
0.973358 -0.048087 0.224192 0.037865 0.071475 0.992675 -0.097400 -0.277324 -0.217866 0.110829 0.969666 0.156151 0.000000 0.000000 0.000000 1.000000
0.988016 -0.075590 0.134573 0.036769 0.087533 0.992515 -0.085160 -0.270416 -0.127129 0.095919 0.987237 0.155271 0.000000 0.000000 0.000000 1.000000
0.994049 -0.105987 0.025175 0.035279 0.107572 0.991488 -0.073346 -0.261022 -0.017187 0.075618 0.996989 0.154075 0.000000 0.000000 0.000000 1.000000
0.986483 -0.135243 -0.092519 0.033421 0.129613 0.989471 -0.064402 -0.249304 0.100255 0.051540 0.993626 0.152583 0.000000 0.000000 0.000000 1.000000
0.965215 -0.160870 -0.206108 0.031219 0.151747 0.986631 -0.059437 -0.235420 0.212914 0.026093 0.976722 0.150815 0.000000 0.000000 0.000000 1.000000
0.935147 -0.182280 -0.303767 0.028699 0.172814 0.983245 -0.058005 -0.219533 0.309251 0.001748 0.950979 0.148792 0.000000 0.000000 0.000000 1.000000
0.904885 -0.200584 -0.375431 0.025887 0.192943 0.979478 -0.058270 -0.201801 0.379415 -0.019709 0.925017 0.146534 0.000000 0.000000 0.000000 1.000000
0.884354 -0.217960 -0.412808 0.022807 0.213610 0.975237 -0.057304 -0.182386 0.415076 -0.037503 0.909014 0.144062 0.000000 0.000000 0.000000 1.000000
0.870745 -0.241182 -0.428527 0.019486 0.240985 0.968931 -0.055661 -0.161448 0.428637 -0.054802 0.901813 0.141396 0.000000 0.000000 0.000000 1.000000
0.855267 -0.272266 -0.440896 0.015949 0.276433 0.959388 -0.056214 -0.139146 0.438296 -0.073800 0.895796 0.138556 0.000000 0.000000 0.000000 1.000000
0.838404 -0.306720 -0.450556 0.012221 0.315092 0.947255 -0.058523 -0.115643 0.444742 -0.092901 0.890828 0.135563 0.000000 0.000000 0.000000 1.000000
0.821315 -0.340255 -0.457894 0.008328 0.352367 0.933814 -0.061872 -0.091096 0.448641 -0.110531 0.886851 0.132438 0.000000 0.000000 0.000000 1.000000
0.805915 -0.368847 -0.463091 0.004295 0.383960 0.921032 -0.065388 -0.065668 0.450639 -0.125111 0.883896 0.129200 0.000000 0.000000 0.000000 1.000000
0.794710 -0.388716 -0.466193 0.000148 0.405829 0.911406 -0.068131 -0.039519 0.451375 -0.135050 0.882056 0.125871 0.000000 0.000000 0.000000 1.000000
0.790413 -0.396180 -0.467214 -0.004088 0.414020 0.907632 -0.069215 -0.012808 0.451480 -0.138728 0.881431 0.122469 0.000000 0.000000 0.000000 1.000000
0.792973 -0.395325 -0.463586 -0.008389 0.413105 0.908155 -0.067810 0.014304 0.447815 -0.137738 0.883453 0.119017 0.000000 0.000000 0.000000 1.000000
0.800242 -0.392821 -0.453106 -0.012727 0.410387 0.909674 -0.063849 0.041656 0.437259 -0.134854 0.889167 0.115534 0.000000 0.000000 0.000000 1.000000
0.811514 -0.388694 -0.436304 -0.017078 0.405814 0.912127 -0.057790 0.069088 0.420428 -0.130161 0.897941 0.112041 0.000000 0.000000 0.000000 1.000000
0.825994 -0.382910 -0.413658 -0.021416 0.399257 0.915465 -0.050178 0.096441 0.397903 -0.123709 0.909049 0.108559 0.000000 0.000000 0.000000 1.000000
0.842829 -0.375396 -0.385639 -0.025716 0.390566 0.919634 -0.041611 0.123552 0.370268 -0.115546 0.921711 0.105107 0.000000 0.000000 0.000000 1.000000
0.861137 -0.366063 -0.352762 -0.029952 0.379623 0.924563 -0.032714 0.150263 0.338126 -0.105745 0.935141 0.101705 0.000000 0.000000 0.000000 1.000000
0.880047 -0.354830 -0.315615 -0.034100 0.366386 0.930151 -0.024108 0.176413 0.302124 -0.094421 0.948581 0.098376 0.000000 0.000000 0.000000 1.000000
0.898728 -0.341651 -0.274886 -0.038133 0.350913 0.936265 -0.016374 0.201841 0.262961 -0.081745 0.961337 0.095138 0.000000 0.000000 0.000000 1.000000
0.916429 -0.326538 -0.231367 -0.042026 0.333382 0.942738 -0.010023 0.226387 0.221392 -0.067948 0.972815 0.092012 0.000000 0.000000 0.000000 1.000000
0.932512 -0.309586 -0.185950 -0.045753 0.314096 0.949375 -0.005456 0.249891 0.178225 -0.053318 0.982544 0.089020 0.000000 0.000000 0.000000 1.000000
0.946485 -0.290990 -0.139606 -0.049291 0.293471 0.955963 -0.002938 0.272192 0.134313 -0.038190 0.990203 0.086180 0.000000 0.000000 0.000000 1.000000
0.958024 -0.271062 -0.093361 -0.052611 0.272018 0.962289 -0.002573 0.293131 0.090537 -0.022931 0.995629 0.083514 0.000000 0.000000 0.000000 1.000000
0.966983 -0.250231 -0.048257 -0.055691 0.250319 0.968154 -0.004298 0.312546 0.047795 -0.007923 0.998826 0.081042 0.000000 0.000000 0.000000 1.000000
0.973401 -0.229045 -0.005320 -0.058503 0.229001 0.973394 -0.007879 0.330277 0.006983 0.006452 0.999955 0.078784 0.000000 0.000000 0.000000 1.000000
0.977488 -0.208156 0.034469 -0.061023 0.208698 0.977895 -0.012927 0.346165 -0.031016 0.019830 0.999322 0.076761 0.000000 0.000000 0.000000 1.000000
0.979599 -0.188299 0.070202 -0.063225 0.190039 0.981594 -0.018921 0.360048 -0.065347 0.031876 0.997353 0.074993 0.000000 0.000000 0.000000 1.000000
0.980203 -0.170269 0.101048 -0.065083 0.173616 0.984490 -0.025245 0.371767 -0.095183 0.042289 0.994561 0.073501 0.000000 0.000000 0.000000 1.000000
0.979831 -0.154889 0.126252 -0.066573 0.159988 0.986625 -0.031232 0.381160 -0.119726 0.050801 0.991506 0.072305 0.000000 0.000000 0.000000 1.000000
