<?xml version="1.0" encoding="utf-8"?>
<COLLADA xmlns="http://www.collada.org/2005/11/COLLADASchema" version="1.4.1">
  <asset><contributor><author></author><authoring_tool>FBX COLLADA exporter</authoring_tool><comments></comments></contributor><created>2020-03-27T16:32:53Z</created><keywords></keywords><modified>2020-03-27T16:32:53Z</modified><revision></revision><subject></subject><title></title><unit meter="0.010000" name="centimeter"></unit><up_axis>Y_UP</up_axis></asset>
  <library_animations>
    <animation id="root_jnt-anim" name="root_jnt"><animation><source id="root_jnt-Matrix-animation-input"><float_array id="root_jnt-Matrix-animation-input-array" count="19">

0.000000 0.033333 0.066667 0.100000 0.133333 0.166667 0.200000 0.233333 0.266667 0.300000 0.333333 0.366667 0.400000 0.433333 0.466667 0.500000
0.533333 0.566667 0.600000</float_array><technique_common><accessor source="#root_jnt-Matrix-animation-input-array" count="19"><param name="TIME" type="float"/></accessor></technique_common></source><source id="root_jnt-Matrix-animation-output-transform"><float_array id="root_jnt-Matrix-animation-output-transform-array" count="304">

1.000000 0.000000 0.000000 0.000000 0.000000 1.000000 0.000000 0.000000 0.000000 0.000000 1.000000 0.000000 0.000000 0.000000 0.000000 1.000000
1.000000 0.000000 0.000000 0.000000 0.000000 1.000000 0.000000 0.000000 0.000000 0.000000 1.000000 0.000000 0.000000 0.000000 0.000000 1.000000
1.000000 0.000000 0.000000 0.000000 0.000000 1.000000 0.000000 0.000000 0.000000 0.000000 1.000000 0.000000 0.000000 0.000000 0.000000 1.000000
1.000000 0.000000 0.000000 0.000000 0.000000 1.000000 0.000000 0.000000 0.000000 0.000000 1.000000 0.000000 0.000000 0.000000 0.000000 1.000000
1.000000 0.000000 0.000000 0.000000 0.000000 1.000000 0.000000 0.000000 0.000000 0.000000 1.000000 0.000000 0.000000 0.000000 0.000000 1.000000
1.000000 0.000000 0.000000 0.000000 0.000000 1.000000 0.000000 0.000000 0.000000 0.000000 1.000000 0.000000 0.000000 0.000000 0.000000 1.000000
1.000000 0.000000 0.000000 0.000000 0.000000 1.000000 0.000000 0.000000 0.000000 0.000000 1.000000 0.000000 0.000000 0.000000 0.000000 1.000000
1.000000 0.000000 0.000000 0.000000 0.000000 1.000000 0.000000 0.000000 0.000000 0.000000 1.000000 0.000000 0.000000 0.000000 0.000000 1.000000
1.000000 0.000000 0.000000 0.000000 0.000000 1.000000 0.000000 0.000000 0.000000 0.000000 1.000000 0.000000 0.000000 0.000000 0.000000 1.000000
1.000000 0.000000 0.000000 0.000000 0.000000 1.000000 0.000000 0.000000 0.000000 0.000000 1.000000 0.000000 0.000000 0.000000 0.000000 1.000000
1.000000 0.000000 0.000000 0.000000 0.000000 1.000000 0.000000 0.000000 0.000000 0.000000 1.000000 0.000000 0.000000 0.000000 0.000000 1.000000
1.000000 0.000000 0.000000 0.000000 0.000000 1.000000 0.000000 0.000000 0.000000 0.000000 1.000000 0.000000 0.000000 0.000000 0.000000 1.000000
1.000000 0.000000 0.000000 0.000000 0.000000 1.000000 0.000000 0.000000 0.000000 0.000000 1.000000 0.000000 0.000000 0.000000 0.000000 1.000000
1.000000 0.000000 0.000000 0.000000 0.000000 1.000000 0.000000 0.000000 0.000000 0.000000 1.000000 0.000000 0.000000 0.000000 0.000000 1.000000
1.000000 0.000000 0.000000 0.000000 0.000000 1.000000 0.000000 0.000000 0.000000 0.000000 1.000000 0.000000 0.000000 0.000000 0.000000 1.000000
1.000000 0.000000 0.000000 0.000000 0.000000 1.000000 0.000000 0.000000 0.000000 0.000000 1.000000 0.000000 0.000000 0.000000 0.000000 1.000000
1.000000 0.000000 0.000000 0.000000 0.000000 1.000000 0.000000 0.000000 0.000000 0.000000 1.000000 0.000000 0.000000 0.000000 0.000000 1.000000
1.000000 0.000000 0.000000 0.000000 0.000000 1.000000 0.000000 0.000000 0.000000 0.000000 1.000000 0.000000 0.000000 0.000000 0.000000 1.000000
1.000000 0.000000 0.000000 0.000000 0.000000 1.000000 0.000000 0.000000 0.000000 0.000000 1.000000 0.000000 0.000000 0.000000 0.000000 1.000000</float_array><technique_common><accessor source="#root_jnt-Matrix-animation-output-transform-array" count="19" stride="16"><param type="float4x4"/></accessor></technique_common></source><source id="root_jnt-Interpolations"><Name_array id="root_jnt-Interpolations-array" count="19">
 LINEAR LINEAR LINEAR LINEAR LINEAR LINEAR LINEAR LINEAR LINEAR LINEAR LINEAR
LINEAR LINEAR LINEAR LINEAR LINEAR LINEAR LINEAR LINEAR</Name_array><technique_common><accessor source="#root_jnt-Interpolations-array" count="19"><param type="name"/></accessor></technique_common></source><sampler id="root_jnt-Matrix-animation-transform"><input semantic="INPUT" source="#root_jnt-Matrix-animation-input"/><input semantic="OUTPUT" source="#root_jnt-Matrix-animation-output-transform"/><input semantic="INTERPOLATION" source="#root_jnt-Interpolations"/></sampler><channel source="#root_jnt-Matrix-animation-transform" target="root_jnt/matrix"/></animation></animation>
    <animation id="jnt_spine2-anim" name="jnt_spine2"><animation><source id="jnt_spine2-Matrix-animation-input"><float_array id="jnt_spine2-Matrix-animation-input-array" count="19">

0.000000 0.033333 0.066667 0.100000 0.133333 0.166667 0.200000 0.233333 0.266667 0.300000 0.333333 0.366667 0.400000 0.433333 0.466667 0.500000
0.533333 0.566667 0.600000</float_array><technique_common><accessor source="#jnt_spine2-Matrix-animation-input-array" count="19"><param name="TIME" type="float"/></accessor></technique_common></source><source id="jnt_spine2-Matrix-animation-output-transform"><float_array id="jnt_spine2-Matrix-animation-output-transform-array" count="304">

1.000000 0.000000 0.000000 0.180235 0.000000 0.998377 0.056954 7.047826 0.000000 -0.056954 0.998377 -0.000000 0.000000 0.000000 0.000000 1.000000
0.999995 0.002762 -0.001296 0.174461 -0.002706 0.999145 0.041261 7.009106 0.001409 -0.041257 0.999148 -0.002746 0.000000 0.000000 0.000000 1.000000
0.999936 0.009953 -0.005342 0.158027 -0.009957 0.999950 -0.000797 6.905334 0.005334 0.000850 0.999985 -0.010560 0.000000 0.000000 0.000000 1.000000
0.999727 0.019716 -0.012561 0.132265 -0.020453 0.997895 -0.061545 6.755097 0.011321 0.061785 0.998025 -0.022810 0.000000 0.000000 0.000000 1.000000
0.999280 0.030073 -0.023135 0.098509 -0.032891 0.990566 -0.133031 6.576982 0.018916 0.133696 0.990842 -0.038861 0.000000 0.000000 0.000000 1.000000
0.998560 0.039204 -0.036622 0.058091 -0.045965 0.977223 -0.207178 6.389573 0.027665 0.208563 0.977618 -0.058081 0.000000 0.000000 0.000000 1.000000
0.997605 0.045770 -0.051864 0.012342 -0.058372 0.959332 -0.276181 6.211458 0.037114 0.278546 0.959705 -0.079835 0.000000 0.000000 0.000000 1.000000
0.996531 0.049141 -0.067168 -0.037404 -0.068814 0.940445 -0.332909 6.061221 0.046808 0.336376 0.940564 -0.103489 0.000000 0.000000 0.000000 1.000000
0.995517 0.049423 -0.080638 -0.089815 -0.076001 0.925505 -0.371032 5.957449 0.056293 0.375498 0.925112 -0.128411 0.000000 0.000000 0.000000 1.000000
0.994773 0.047202 -0.090544 -0.143558 -0.078652 0.919698 -0.384669 5.918729 0.065116 0.389780 0.918603 -0.153967 0.000000 0.000000 0.000000 1.000000
0.994217 0.044960 -0.097529 -0.197302 -0.076257 0.935006 -0.346336 6.127800 0.075619 0.351770 0.933027 -0.179522 0.000000 0.000000 0.000000 1.000000
0.993554 0.045489 -0.103833 -0.249713 -0.070485 0.965271 -0.251563 6.637225 0.088783 0.257260 0.962255 -0.204444 0.000000 0.000000 0.000000 1.000000
0.992754 0.049055 -0.109698 -0.299459 -0.063329 0.989400 -0.130681 7.270326 0.102125 0.136681 0.985337 -0.228099 0.000000 0.000000 0.000000 1.000000
0.991952 0.054337 -0.114364 -0.345207 -0.056785 0.998220 -0.018252 7.850423 0.113168 0.024599 0.993271 -0.249852 0.000000 0.000000 0.000000 1.000000
0.991433 0.058360 -0.116853 -0.385626 -0.052837 0.997360 0.049818 8.200837 0.119452 -0.043217 0.991899 -0.269072 0.000000 0.000000 0.000000 1.000000
0.991781 0.061122 -0.112407 -0.419382 -0.056207 0.997341 0.046387 8.209942 0.114943 -0.039687 0.992579 -0.285123 0.000000 0.000000 0.000000 1.000000
0.993108 0.073177 -0.091552 -0.445143 -0.073722 0.997275 -0.002578 8.084142 0.091114 0.009310 0.995797 -0.297373 0.000000 0.000000 0.000000 1.000000
0.993547 0.089679 -0.069435 -0.461577 -0.093876 0.993790 -0.059742 7.939471 0.063646 0.065875 0.995796 -0.305187 0.000000 0.000000 0.000000 1.000000
0.993347 0.098515 -0.059644 -0.467351 -0.103505 0.990787 -0.087332 7.870280 0.050491 0.092925 0.994392 -0.307933 0.000000 0.000000 0.000000 1.000000</float_array><technique_common><accessor source="#jnt_spine2-Matrix-animation-output-transform-array" count="19" stride="16"><param type="float4x4"/></accessor></technique_common></source><source id="jnt_spine2-Interpolations"><Name_array id="jnt_spine2-Interpolations-array" count="19">
 LINEAR LINEAR LINEAR LINEAR LINEAR LINEAR LINEAR LINEAR LINEAR LINEAR LINEAR
LINEAR LINEAR LINEAR LINEAR LINEAR LINEAR LINEAR LINEAR</Name_array><technique_common><accessor source="#jnt_spine2-Interpolations-array" count="19"><param type="name"/></accessor></technique_common></source><sampler id="jnt_spine2-Matrix-animation-transform"><input semantic="INPUT" source="#jnt_spine2-Matrix-animation-input"/><input semantic="OUTPUT" source="#jnt_spine2-Matrix-animation-output-transform"/><input semantic="INTERPOLATION" source="#jnt_spine2-Interpolations"/></sampler><channel source="#jnt_spine2-Matrix-animation-transform" target="jnt_spine2/matrix"/></animation></animation>
    <animation id="neck_jnt-anim" name="neck_jnt"><animation><source id="neck_jnt-Matrix-animation-input"><float_array id="neck_jnt-Matrix-animation-input-array" count="19">

0.000000 0.033333 0.066667 0.100000 0.133333 0.166667 0.200000 0.233333 0.266667 0.300000 0.333333 0.366667 0.400000 0.433333 0.466667 0.500000
0.533333 0.566667 0.600000</float_array><technique_common><accessor source="#neck_jnt-Matrix-animation-input-array" count="19"><param name="TIME" type="float"/></accessor></technique_common></source><source id="neck_jnt-Matrix-animation-output-transform"><float_array id="neck_jnt-Matrix-animation-output-transform-array" count="304">

1.000000 -0.000000 0.000000 -1.220000 0.000000 1.000000 0.000000 2.357033 -0.000000 -0.000000 1.000000 2.698746 0.000000 0.000000 0.000000 1.000000
1.000000 -0.000000 0.000000 -1.198244 0.000000 1.000000 0.000000 2.357033 -0.000000 -0.000000 1.000000 2.698746 0.000000 0.000000 0.000000 1.000000
1.000000 -0.000000 0.000000 -1.136324 0.000000 1.000000 0.000000 2.357033 -0.000000 -0.000000 1.000000 2.698746 0.000000 0.000000 0.000000 1.000000
1.000000 -0.000000 0.000000 -1.039259 0.000000 1.000000 0.000000 2.357033 -0.000000 -0.000000 1.000000 2.698746 0.000000 0.000000 0.000000 1.000000
1.000000 -0.000000 0.000000 -0.912071 0.000000 1.000000 0.000000 2.357033 -0.000000 -0.000000 1.000000 2.698746 0.000000 0.000000 0.000000 1.000000
1.000000 -0.000000 0.000000 -0.759781 0.000000 1.000000 0.000000 2.357033 -0.000000 -0.000000 1.000000 2.698746 0.000000 0.000000 0.000000 1.000000
1.000000 -0.000000 0.000000 -0.587407 0.000000 1.000000 0.000000 2.357033 -0.000000 -0.000000 1.000000 2.698746 0.000000 0.000000 0.000000 1.000000
1.000000 -0.000000 0.000000 -0.399973 0.000000 1.000000 0.000000 2.357033 -0.000000 -0.000000 1.000000 2.698746 0.000000 0.000000 0.000000 1.000000
1.000000 -0.000000 0.000000 -0.202497 0.000000 1.000000 0.000000 2.357033 -0.000000 -0.000000 1.000000 2.698746 0.000000 0.000000 0.000000 1.000000
1.000000 -0.000000 0.000000 0.000000 0.000000 1.000000 0.000000 2.357033 -0.000000 -0.000000 1.000000 2.698746 0.000000 0.000000 0.000000 1.000000
1.000000 -0.000000 0.000000 0.202497 0.000000 1.000000 0.000000 2.357033 -0.000000 -0.000000 1.000000 2.698746 0.000000 0.000000 0.000000 1.000000
1.000000 -0.000000 0.000000 0.399973 0.000000 1.000000 0.000000 2.357033 -0.000000 -0.000000 1.000000 2.698746 0.000000 0.000000 0.000000 1.000000
1.000000 -0.000000 0.000000 0.587407 0.000000 1.000000 0.000000 2.357033 -0.000000 -0.000000 1.000000 2.698746 0.000000 0.000000 0.000000 1.000000
1.000000 -0.000000 0.000000 0.759781 0.000000 1.000000 0.000000 2.357033 -0.000000 -0.000000 1.000000 2.698746 0.000000 0.000000 0.000000 1.000000
1.000000 -0.000000 0.000000 0.912071 0.000000 1.000000 0.000000 2.357033 -0.000000 -0.000000 1.000000 2.698746 0.000000 0.000000 0.000000 1.000000
1.000000 -0.000000 0.000000 1.039259 0.000000 1.000000 0.000000 2.357033 -0.000000 -0.000000 1.000000 2.698746 0.000000 0.000000 0.000000 1.000000
1.000000 -0.000000 0.000000 1.136324 0.000000 1.000000 0.000000 2.357033 -0.000000 -0.000000 1.000000 2.698746 0.000000 0.000000 0.000000 1.000000
1.000000 -0.000000 0.000000 1.198244 0.000000 1.000000 0.000000 2.357033 -0.000000 -0.000000 1.000000 2.698746 0.000000 0.000000 0.000000 1.000000
1.000000 -0.000000 0.000000 1.220000 0.000000 1.000000 0.000000 2.357033 -0.000000 -0.000000 1.000000 2.698746 0.000000 0.000000 0.000000 1.000000</float_array><technique_common><accessor source="#neck_jnt-Matrix-animation-output-transform-array" count="19" stride="16"><param type="float4x4"/></accessor></technique_common></source><source id="neck_jnt-Interpolations"><Name_array id="neck_jnt-Interpolations-array" count="19">
 LINEAR LINEAR LINEAR LINEAR LINEAR LINEAR LINEAR LINEAR LINEAR LINEAR LINEAR
LINEAR LINEAR LINEAR LINEAR LINEAR LINEAR LINEAR LINEAR</Name_array><technique_common><accessor source="#neck_jnt-Interpolations-array" count="19"><param type="name"/></accessor></technique_common></source><sampler id="neck_jnt-Matrix-animation-transform"><input semantic="INPUT" source="#neck_jnt-Matrix-animation-input"/><input semantic="OUTPUT" source="#neck_jnt-Matrix-animation-output-transform"/><input semantic="INTERPOLATION" source="#neck_jnt-Interpolations"/></sampler><channel source="#neck_jnt-Matrix-animation-transform" target="neck_jnt/matrix"/></animation></animation>
    <animation id="head_jnt-anim" name="head_jnt"><animation><source id="head_jnt-Matrix-animation-input"><float_array id="head_jnt-Matrix-animation-input-array" count="19">

0.000000 0.033333 0.066667 0.100000 0.133333 0.166667 0.200000 0.233333 0.266667 0.300000 0.333333 0.366667 0.400000 0.433333 0.466667 0.500000
0.533333 0.566667 0.600000</float_array><technique_common><accessor source="#head_jnt-Matrix-animation-input-array" count="19"><param name="TIME" type="float"/></accessor></technique_common></source><source id="head_jnt-Matrix-animation-output-transform"><float_array id="head_jnt-Matrix-animation-output-transform-array" count="304">

1.000000 0.000000 0.000000 0.000000 0.000000 1.000000 0.000000 0.000000 0.000000 0.000000 1.000000 0.000000 0.000000 0.000000 0.000000 1.000000
0.999999 -0.001331 0.000204 -0.000611 0.001331 0.999998 -0.001228 0.003511 -0.000202 0.001228 0.999999 0.000630 0.000000 0.000000 0.000000 1.000000
0.999987 -0.005117 0.000802 -0.002352 0.005120 0.999976 -0.004719 0.013504 -0.000778 0.004723 0.999989 0.002424 0.000000 0.000000 0.000000 1.000000
0.999937 -0.011042 0.001793 -0.005080 0.011060 0.999887 -0.010183 0.029169 -0.001681 0.010202 0.999947 0.005237 0.000000 0.000000 0.000000 1.000000
0.999818 -0.018789 0.003190 -0.008654 0.018841 0.999672 -0.017324 0.049696 -0.002864 0.017381 0.999845 0.008922 0.000000 0.000000 0.000000 1.000000
0.999594 -0.028037 0.005008 -0.012934 0.028158 0.999269 -0.025845 0.074274 -0.004280 0.025975 0.999653 0.013335 0.000000 0.000000 0.000000 1.000000
0.999234 -0.038465 0.007256 -0.017779 0.038699 0.998622 -0.035447 0.102093 -0.005883 0.035701 0.999345 0.018329 0.000000 0.000000 0.000000 1.000000
0.998712 -0.049752 0.009929 -0.023047 0.050156 0.997689 -0.045832 0.132343 -0.007626 0.046271 0.998900 0.023760 0.000000 0.000000 0.000000 1.000000
0.998018 -0.061578 0.013000 -0.028597 0.062220 0.996450 -0.056706 0.164213 -0.009462 0.057402 0.998306 0.029481 0.000000 0.000000 0.000000 1.000000
0.997151 -0.073629 0.016419 -0.034288 0.074580 0.994909 -0.067777 0.196894 -0.011345 0.068808 0.997565 0.035349 0.000000 0.000000 0.000000 1.000000
0.996127 -0.085598 0.020109 -0.039979 0.086927 0.993096 -0.078761 0.229574 -0.013228 0.080204 0.996691 0.041216 0.000000 0.000000 0.000000 1.000000
0.994978 -0.097184 0.023965 -0.045529 0.098955 0.991069 -0.089385 0.261444 -0.015064 0.091307 0.995709 0.046938 0.000000 0.000000 0.000000 1.000000
0.993750 -0.108097 0.027859 -0.050797 0.110357 0.988911 -0.099381 0.291694 -0.016807 0.101834 0.994659 0.052368 0.000000 0.000000 0.000000 1.000000
0.992503 -0.118058 0.031638 -0.055642 0.120829 0.986727 -0.108495 0.319513 -0.018410 0.111504 0.993593 0.057363 0.000000 0.000000 0.000000 1.000000
0.991307 -0.126794 0.035135 -0.059922 0.130069 0.984639 -0.116481 0.344091 -0.019826 0.120038 0.992571 0.061775 0.000000 0.000000 0.000000 1.000000
0.990240 -0.134042 0.038166 -0.063496 0.137777 0.982784 -0.123101 0.364618 -0.021008 0.127158 0.991660 0.065460 0.000000 0.000000 0.000000 1.000000
0.989385 -0.139543 0.040548 -0.066224 0.143654 0.981299 -0.128122 0.380283 -0.021911 0.132587 0.990929 0.068273 0.000000 0.000000 0.000000 1.000000
0.988821 -0.143039 0.042097 -0.067965 0.147399 0.980322 -0.131311 0.390276 -0.022487 0.136048 0.990447 0.070067 0.000000 0.000000 0.000000 1.000000
0.988620 -0.144264 0.042648 -0.068576 0.148715 0.979973 -0.132428 0.393787 -0.022689 0.137264 0.990275 0.070697 0.000000 0.000000 0.000000 1.000000</float_array><technique_common><accessor source="#head_jnt-Matrix-animation-output-transform-array" count="19" stride="16"><param type="float4x4"/></accessor></technique_common></source><source id="head_jnt-Interpolations"><Name_array id="head_jnt-Interpolations-array" count="19">
 LINEAR LINEAR LINEAR LINEAR LINEAR LINEAR LINEAR LINEAR LINEAR LINEAR LINEAR
LINEAR LINEAR LINEAR LINEAR LINEAR LINEAR LINEAR LINEAR</Name_array><technique_common><accessor source="#head_jnt-Interpolations-array" count="19"><param type="name"/></accessor></technique_common></source><sampler id="head_jnt-Matrix-animation-transform"><input semantic="INPUT" source="#head_jnt-Matrix-animation-input"/><input semantic="OUTPUT" source="#head_jnt-Matrix-animation-output-transform"/><input semantic="INTERPOLATION" source="#head_jnt-Interpolations"/></sampler><channel source="#head_jnt-Matrix-animation-transform" target="head_jnt/matrix"/></animation></animation>
    <animation id="r_arm01_jnt-anim" name="r_arm01_jnt"><animation><source id="r_arm01_jnt-Matrix-animation-input"><float_array id="r_arm01_jnt-Matrix-animation-input-array" count="19">

0.000000 0.033333 0.066667 0.100000 0.133333 0.166667 0.200000 0.233333 0.266667 0.300000 0.333333 0.366667 0.400000 0.433333 0.466667 0.500000
0.533333 0.566667 0.600000</float_array><technique_common><accessor source="#r_arm01_jnt-Matrix-animation-input-array" count="19"><param name="TIME" type="float"/></accessor></technique_common></source><source id="r_arm01_jnt-Matrix-animation-output-transform"><float_array id="r_arm01_jnt-Matrix-animation-output-transform-array" count="304">

-0.610274 0.792190 0.000000 -2.858765 0.792190 0.610274 -0.000000 2.350029 -0.000000 0.000000 -1.000000 -0.000000 0.000000 0.000000 0.000000 1.000000
-0.610226 0.791642 -0.030438 -2.858765 0.792081 0.610401 -0.004249 2.350029 0.015216 -0.026702 -0.999528 -0.000000 0.000000 0.000000 0.000000 1.000000
-0.609496 0.784878 -0.111722 -2.858765 0.790811 0.611856 -0.015787 2.350029 0.055967 -0.097973 -0.993614 -0.000000 0.000000 0.000000 0.000000 1.000000
-0.606838 0.761581 -0.227468 -2.858765 0.786494 0.616690 -0.033477 2.350029 0.114781 -0.199218 -0.973210 -0.000000 0.000000 0.000000 0.000000 1.000000
-0.601258 0.713826 -0.359083 -2.858765 0.777587 0.626163 -0.057254 2.350029 0.183976 -0.313643 -0.931548 -0.000000 0.000000 0.000000 0.000000 1.000000
-0.592659 0.641216 -0.487440 -2.858765 0.763755 0.639581 -0.087265 2.350029 0.255801 -0.424003 -0.868785 -0.000000 0.000000 0.000000 0.000000 1.000000
-0.582152 0.552578 -0.596454 -2.858765 0.746263 0.654346 -0.122158 2.350029 0.322786 -0.516226 -0.793297 -0.000000 0.000000 0.000000 0.000000 1.000000
-0.572027 0.464140 -0.676284 -2.858765 0.727907 0.667288 -0.157726 2.350029 0.378070 -0.582495 -0.719557 -0.000000 0.000000 0.000000 0.000000 1.000000
-0.565420 0.395577 -0.723753 -2.858765 0.712504 0.676292 -0.186996 2.350029 0.415497 -0.621408 -0.664239 -0.000000 0.000000 0.000000 0.000000 1.000000
-0.565732 0.365937 -0.738943 -2.858765 0.704029 0.680892 -0.201813 2.350029 0.429289 -0.634410 -0.642833 -0.000000 0.000000 0.000000 0.000000 1.000000
-0.588645 0.373024 -0.717182 -2.858765 0.693440 0.688989 -0.210798 2.350029 0.415497 -0.621408 -0.664239 -0.000000 0.000000 0.000000 0.000000 1.000000
-0.640744 0.396367 -0.657526 -2.858765 0.668214 0.709643 -0.223376 2.350029 0.378070 -0.582495 -0.719557 -0.000000 0.000000 0.000000 0.000000 1.000000
-0.710317 0.421801 -0.563502 -2.858765 0.625508 0.745382 -0.230532 2.350029 0.322786 -0.516226 -0.793297 -0.000000 0.000000 0.000000 0.000000 1.000000
-0.784759 0.433741 -0.442744 -2.858765 0.564552 0.795041 -0.221789 2.350029 0.255801 -0.424003 -0.868785 -0.000000 0.000000 0.000000 0.000000 1.000000
-0.852468 0.420897 -0.310070 -2.858765 0.489337 0.851160 -0.189936 2.350029 0.183976 -0.313643 -0.931548 -0.000000 0.000000 0.000000 0.000000 1.000000
-0.905325 0.382296 -0.185032 -2.858765 0.408916 0.902309 -0.136476 2.350029 0.114781 -0.199218 -0.973210 -0.000000 0.000000 0.000000 0.000000 1.000000
-0.940307 0.329425 -0.085446 -2.858765 0.335693 0.939085 -0.073688 2.350029 0.055967 -0.097973 -0.993614 -0.000000 0.000000 0.000000 0.000000 1.000000
-0.959019 0.282474 -0.022145 -2.858765 0.282932 0.958903 -0.021309 2.350029 0.015216 -0.026702 -0.999528 -0.000000 0.000000 0.000000 0.000000 1.000000
-0.964823 0.262900 0.000000 -2.858765 0.262900 0.964823 -0.000000 2.350029 -0.000000 0.000000 -1.000000 -0.000000 0.000000 0.000000 0.000000 1.000000</float_array><technique_common><accessor source="#r_arm01_jnt-Matrix-animation-output-transform-array" count="19" stride="16"><param type="float4x4"/></accessor></technique_common></source><source id="r_arm01_jnt-Interpolations"><Name_array id="r_arm01_jnt-Interpolations-array" count="19">
 LINEAR LINEAR LINEAR LINEAR LINEAR LINEAR LINEAR LINEAR LINEAR LINEAR LINEAR
LINEAR LINEAR LINEAR LINEAR LINEAR LINEAR LINEAR LINEAR</Name_array><technique_common><accessor source="#r_arm01_jnt-Interpolations-array" count="19"><param type="name"/></accessor></technique_common></source><sampler id="r_arm01_jnt-Matrix-animation-transform"><input semantic="INPUT" source="#r_arm01_jnt-Matrix-animation-input"/><input semantic="OUTPUT" source="#r_arm01_jnt-Matrix-animation-output-transform"/><input semantic="INTERPOLATION" source="#r_arm01_jnt-Interpolations"/></sampler><channel source="#r_arm01_jnt-Matrix-animation-transform" target="r_arm01_jnt/matrix"/></animation></animation>
    <animation id="r_arm02_jnt-anim" name="r_arm02_jnt"><animation><source id="r_arm02_jnt-Matrix-animation-input"><float_array id="r_arm02_jnt-Matrix-animation-input-array" count="19">

0.000000 0.033333 0.066667 0.100000 0.133333 0.166667 0.200000 0.233333 0.266667 0.300000 0.333333 0.366667 0.400000 0.433333 0.466667 0.500000
0.533333 0.566667 0.600000</float_array><technique_common><accessor source="#r_arm02_jnt-Matrix-animation-input-array" count="19"><param name="TIME" type="float"/></accessor></technique_common></source><source id="r_arm02_jnt-Matrix-animation-output-transform"><float_array id="r_arm02_jnt-Matrix-animation-output-transform-array" count="304">

-0.316586 0.946781 -0.058132 1.138730 -0.945455 -0.309998 0.100080 0.000000 0.076733 0.086645 0.993280 0.000000 0.000000 0.000000 0.000000 1.000000
-0.305266 0.949012 -0.078664 1.138730 -0.950221 -0.298156 0.090461 0.000000 0.062394 0.102363 0.992788 -0.000000 0.000000 0.000000 0.000000 1.000000
-0.270562 0.953090 -0.135708 1.138730 -0.962457 -0.264609 0.060484 0.000000 0.021738 0.146978 0.988901 -0.000000 0.000000 0.000000 0.000000 1.000000
-0.209063 0.952816 -0.220080 1.138730 -0.977037 -0.212986 0.006024 0.000000 -0.041134 0.216286 0.975463 -0.000000 0.000000 0.000000 0.000000 1.000000
-0.116511 0.940633 -0.318801 1.138730 -0.985819 -0.148558 -0.078042 0.000000 -0.120770 0.305187 0.944603 -0.000000 0.000000 0.000000 0.000000 1.000000
0.009207 0.909861 -0.414811 1.138730 -0.977692 -0.078861 -0.194677 0.000000 -0.209842 0.407350 0.888838 -0.000000 0.000000 0.000000 0.000000 1.000000
0.165193 0.856926 -0.488251 1.138730 -0.939777 -0.013426 -0.341524 -0.000000 -0.299216 0.515264 0.803102 -0.000000 0.000000 0.000000 0.000000 1.000000
0.341642 0.783071 -0.519692 1.138730 -0.860111 0.037639 -0.508716 -0.000000 -0.378800 0.620792 0.686388 -0.000000 0.000000 0.000000 0.000000 1.000000
0.521941 0.694824 -0.494770 1.138730 -0.731309 0.065953 -0.678850 0.000000 -0.439049 0.716149 0.542555 -0.000000 0.000000 0.000000 0.000000 1.000000
0.685328 0.602792 -0.408617 1.138730 -0.553940 0.067263 -0.829835 0.000000 -0.472733 0.795058 0.380007 -0.000000 0.000000 0.000000 0.000000 1.000000
0.811643 0.518966 -0.268159 1.138730 -0.338030 0.042870 -0.940159 0.000000 -0.476415 0.853719 0.210221 -0.000000 0.000000 0.000000 0.000000 1.000000
0.886643 0.453430 -0.090916 1.138730 -0.101669 -0.000662 -0.994818 0.000000 -0.451141 0.891292 0.045513 -0.000000 0.000000 0.000000 0.000000 1.000000
0.905854 0.411725 0.099555 1.138730 0.133100 -0.053539 -0.989656 0.000000 -0.402136 0.909734 -0.103299 -0.000000 0.000000 0.000000 0.000000 1.000000
0.875528 0.393839 0.279895 1.138730 0.345625 -0.105706 -0.932400 0.000000 -0.337628 0.913081 -0.228669 -0.000000 0.000000 0.000000 0.000000 1.000000
0.810530 0.395005 0.432449 1.138730 0.521181 -0.149543 -0.840243 0.000000 -0.267231 0.906426 -0.327078 -0.000000 0.000000 0.000000 0.000000 1.000000
0.730291 0.407731 0.548115 1.138730 0.653079 -0.181319 -0.735263 0.000000 -0.200406 0.894918 -0.398696 -0.000000 0.000000 0.000000 0.000000 1.000000
0.654574 0.424034 0.625881 1.138730 0.741882 -0.201057 -0.639677 0.000000 -0.145407 0.883046 -0.446190 -0.000000 0.000000 0.000000 0.000000 1.000000
0.600373 0.437111 0.669691 1.138730 0.792278 -0.211121 -0.572471 0.000000 -0.108848 0.874278 -0.473064 -0.000000 0.000000 0.000000 0.000000 1.000000
0.580327 0.442157 0.683899 1.138730 0.808733 -0.214136 -0.547811 0.000000 -0.095770 0.871001 -0.481856 -0.000000 0.000000 0.000000 0.000000 1.000000</float_array><technique_common><accessor source="#r_arm02_jnt-Matrix-animation-output-transform-array" count="19" stride="16"><param type="float4x4"/></accessor></technique_common></source><source id="r_arm02_jnt-Interpolations"><Name_array id="r_arm02_jnt-Interpolations-array" count="19">
 LINEAR LINEAR LINEAR LINEAR LINEAR LINEAR LINEAR LINEAR LINEAR LINEAR LINEAR
LINEAR LINEAR LINEAR LINEAR LINEAR LINEAR LINEAR LINEAR</Name_array><technique_common><accessor source="#r_arm02_jnt-Interpolations-array" count="19"><param type="name"/></accessor></technique_common></source><sampler id="r_arm02_jnt-Matrix-animation-transform"><input semantic="INPUT" source="#r_arm02_jnt-Matrix-animation-input"/><input semantic="OUTPUT" source="#r_arm02_jnt-Matrix-animation-output-transform"/><input semantic="INTERPOLATION" source="#r_arm02_jnt-Interpolations"/></sampler><channel source="#r_arm02_jnt-Matrix-animation-transform" target="r_arm02_jnt/matrix"/></animation></animation>
    <animation id="r_arm03_jnt-anim" name="r_arm03_jnt"><animation><source id="r_arm03_jnt-Matrix-animation-input"><float_array id="r_arm03_jnt-Matrix-animation-input-array" count="19">

0.000000 0.033333 0.066667 0.100000 0.133333 0.166667 0.200000 0.233333 0.266667 0.300000 0.333333 0.366667 0.400000 0.433333 0.466667 0.500000
0.533333 0.566667 0.600000</float_array><technique_common><accessor source="#r_arm03_jnt-Matrix-animation-input-array" count="19"><param name="TIME" type="float"/></accessor></technique_common></source><source id="r_arm03_jnt-Matrix-animation-output-transform"><float_array id="r_arm03_jnt-Matrix-animation-output-transform-array" count="304">

0.840931 -0.467861 0.271919 1.073740 0.312627 0.830184 0.461583 -0.152856 -0.441700 -0.303150 0.844394 -0.003835 0.000000 0.000000 0.000000 1.000000
0.842122 -0.472095 0.260686 1.071652 0.326632 0.831141 0.450018 -0.151493 -0.429118 -0.293822 0.854123 -0.003800 0.000000 0.000000 0.000000 1.000000
0.844494 -0.484018 0.229251 1.065710 0.364856 0.833299 0.415323 -0.147614 -0.392059 -0.267095 0.880313 -0.003703 0.000000 0.000000 0.000000 1.000000
0.845398 -0.502278 0.181713 1.056395 0.419577 0.834995 0.356003 -0.141533 -0.330542 -0.224721 0.916647 -0.003551 0.000000 0.000000 0.000000 1.000000
0.842012 -0.525257 0.122967 1.044189 0.480847 0.834100 0.270301 -0.133565 -0.244544 -0.168468 0.954891 -0.003351 0.000000 0.000000 0.000000 1.000000
0.832417 -0.551068 0.058362 1.029574 0.537321 0.828407 0.158200 -0.124025 -0.135527 -0.100329 0.985681 -0.003111 0.000000 0.000000 0.000000 1.000000
0.816289 -0.577602 -0.006936 1.013032 0.577594 0.816004 0.022859 -0.113226 -0.007543 -0.022666 0.999715 -0.002840 0.000000 0.000000 0.000000 1.000000
0.795027 -0.602664 -0.068758 0.995045 0.591954 0.795602 -0.128875 -0.101484 0.132372 0.061757 0.989274 -0.002546 0.000000 0.000000 0.000000 1.000000
0.771279 -0.624179 -0.124621 0.976094 0.574153 0.766776 -0.287059 -0.089113 0.274732 0.149851 0.949772 -0.002236 0.000000 0.000000 0.000000 1.000000
0.748040 -0.640438 -0.174000 0.956661 0.522652 0.730077 -0.440253 -0.076428 0.408988 0.238385 0.880853 -0.001917 0.000000 0.000000 0.000000 1.000000
0.727697 -0.650331 -0.218006 0.937228 0.440893 0.686982 -0.577641 -0.063742 0.525424 0.324230 0.786641 -0.001599 0.000000 0.000000 0.000000 1.000000
0.711388 -0.653507 -0.258566 0.918277 0.336490 0.639711 -0.691046 -0.051371 0.617011 0.404596 0.674981 -0.001289 0.000000 0.000000 0.000000 1.000000
0.698922 -0.650423 -0.297418 0.900289 0.219612 0.590941 -0.776247 -0.039629 0.680645 0.477220 0.555862 -0.000994 0.000000 0.000000 0.000000 1.000000
0.689238 -0.642284 -0.335295 0.883747 0.101087 0.543492 -0.833305 -0.028831 0.717449 0.540451 0.439522 -0.000723 0.000000 0.000000 0.000000 1.000000
0.681120 -0.630879 -0.371573 0.869132 -0.009212 0.500070 -0.865936 -0.019290 0.732114 0.593230 0.334796 -0.000484 0.000000 0.000000 0.000000 1.000000
0.673858 -0.618366 -0.404398 0.856927 -0.103322 0.463085 -0.880271 -0.011323 0.731601 0.634961 0.248163 -0.000284 0.000000 0.000000 0.000000 1.000000
0.667557 -0.607019 -0.431155 0.847612 -0.175364 0.434600 -0.883386 -0.005242 0.723612 0.665320 0.183671 -0.000132 0.000000 0.000000 0.000000 1.000000
0.663025 -0.598982 -0.449020 0.841669 -0.221095 0.416373 -0.881902 -0.001363 0.715203 0.683999 0.143633 -0.000034 0.000000 0.000000 0.000000 1.000000
0.661317 -0.596012 -0.455444 0.839582 -0.237084 0.409965 -0.880750 -0.000000 0.711654 0.690433 0.129812 -0.000000 0.000000 0.000000 0.000000 1.000000</float_array><technique_common><accessor source="#r_arm03_jnt-Matrix-animation-output-transform-array" count="19" stride="16"><param type="float4x4"/></accessor></technique_common></source><source id="r_arm03_jnt-Interpolations"><Name_array id="r_arm03_jnt-Interpolations-array" count="19">
 LINEAR LINEAR LINEAR LINEAR LINEAR LINEAR LINEAR LINEAR LINEAR LINEAR LINEAR
LINEAR LINEAR LINEAR LINEAR LINEAR LINEAR LINEAR LINEAR</Name_array><technique_common><accessor source="#r_arm03_jnt-Interpolations-array" count="19"><param type="name"/></accessor></technique_common></source><sampler id="r_arm03_jnt-Matrix-animation-transform"><input semantic="INPUT" source="#r_arm03_jnt-Matrix-animation-input"/><input semantic="OUTPUT" source="#r_arm03_jnt-Matrix-animation-output-transform"/><input semantic="INTERPOLATION" source="#r_arm03_jnt-Interpolations"/></sampler><channel source="#r_arm03_jnt-Matrix-animation-transform" target="r_arm03_jnt/matrix"/></animation></animation>
    <animation id="r_arm04_jnt-anim" name="r_arm04_jnt"><animation><source id="r_arm04_jnt-Matrix-animation-input"><float_array id="r_arm04_jnt-Matrix-animation-input-array" count="19">

0.000000 0.033333 0.066667 0.100000 0.133333 0.166667 0.200000 0.233333 0.266667 0.300000 0.333333 0.366667 0.400000 0.433333 0.466667 0.500000
0.533333 0.566667 0.600000</float_array><technique_common><accessor source="#r_arm04_jnt-Matrix-animation-input-array" count="19"><param name="TIME" type="float"/></accessor></technique_common></source><source id="r_arm04_jnt-Matrix-animation-output-transform"><float_array id="r_arm04_jnt-Matrix-animation-output-transform-array" count="304">

0.996063 -0.080485 0.037151 3.327914 -0.078564 -0.995626 -0.050563 0.000000 0.041058 0.047445 -0.998030 -0.000000 0.000000 0.000000 0.000000 1.000000
0.997209 -0.074066 0.009354 3.327914 -0.073011 -0.993718 -0.084816 0.000000 0.015577 0.083896 -0.996353 -0.000000 0.000000 0.000000 0.000000 1.000000
0.996959 -0.046808 -0.062304 3.327914 -0.057385 -0.981887 -0.180570 0.000000 -0.052724 0.183597 -0.981587 -0.000000 0.000000 0.000000 0.000000 1.000000
0.987948 0.017973 -0.153740 3.327914 -0.033531 -0.944802 -0.325923 0.000000 -0.151111 0.327150 -0.932812 -0.000000 0.000000 0.000000 0.000000 1.000000
0.964018 0.130219 -0.231760 3.327914 -0.004217 -0.864209 -0.503116 0.000000 -0.265805 0.485990 -0.832563 -0.000000 0.000000 0.000000 0.000000 1.000000
0.923536 0.280773 -0.261242 3.327914 0.026963 -0.727035 -0.686071 0.000000 -0.382562 0.626567 -0.679014 -0.000000 0.000000 0.000000 0.000000 1.000000
0.870883 0.439649 -0.219707 3.327914 0.056565 -0.533709 -0.843775 0.000000 -0.488224 0.722401 -0.489667 -0.000000 0.000000 0.000000 0.000000 1.000000
0.815901 0.567711 -0.109593 3.327914 0.082603 -0.302051 -0.949706 0.000000 -0.572261 0.765813 -0.293339 -0.000000 0.000000 0.000000 0.000000 1.000000
0.771694 0.634631 0.041627 3.327914 0.105449 -0.063128 -0.992419 0.000000 -0.627192 0.770233 -0.115636 -0.000000 0.000000 0.000000 0.000000 1.000000
0.751578 0.630545 0.193760 3.327914 0.127755 0.149033 -0.980545 -0.000000 -0.647155 0.761710 0.031455 -0.000000 0.000000 0.000000 0.000000 1.000000
0.762111 0.552456 0.337607 3.327914 0.157767 0.347264 -0.924401 -0.000000 -0.627930 0.757760 0.177495 -0.000000 0.000000 0.000000 0.000000 1.000000
0.793966 0.397720 0.459824 3.327914 0.200530 0.542690 -0.815644 -0.000000 -0.573939 0.739802 0.351122 0.000000 0.000000 0.000000 0.000000 1.000000
0.833462 0.188622 0.519388 3.327914 0.253385 0.704833 -0.662576 -0.000000 -0.491058 0.683836 0.539657 -0.000000 0.000000 0.000000 0.000000 1.000000
0.868095 -0.034468 0.495200 3.327914 0.311232 0.814948 -0.488871 -0.000000 -0.386712 0.578508 0.718180 0.000000 0.000000 0.000000 0.000000 1.000000
0.889630 -0.228225 0.395565 3.327914 0.367357 0.872207 -0.322962 -0.000000 -0.271307 0.432630 0.859781 -0.000000 0.000000 0.000000 0.000000 1.000000
0.895887 -0.364759 0.253648 3.327914 0.415296 0.890381 -0.186415 -0.000000 -0.157847 0.272346 0.949164 -0.000000 0.000000 0.000000 0.000000 1.000000
0.890635 -0.440672 0.112150 3.327914 0.450685 0.888244 -0.088914 -0.000000 -0.060434 0.129734 0.989705 -0.000000 0.000000 0.000000 0.000000 1.000000
0.881601 -0.471919 0.008520 3.327914 0.471941 0.881076 -0.031256 -0.000000 0.007243 0.031576 0.999475 -0.000000 0.000000 0.000000 0.000000 1.000000
0.877159 -0.479229 -0.030518 3.327914 0.479098 0.877680 -0.011936 -0.000000 0.032505 -0.004151 0.999463 -0.000000 0.000000 0.000000 0.000000 1.000000</float_array><technique_common><accessor source="#r_arm04_jnt-Matrix-animation-output-transform-array" count="19" stride="16"><param type="float4x4"/></accessor></technique_common></source><source id="r_arm04_jnt-Interpolations"><Name_array id="r_arm04_jnt-Interpolations-array" count="19">
 LINEAR LINEAR LINEAR LINEAR LINEAR LINEAR LINEAR LINEAR LINEAR LINEAR LINEAR
LINEAR LINEAR LINEAR LINEAR LINEAR LINEAR LINEAR LINEAR</Name_array><technique_common><accessor source="#r_arm04_jnt-Interpolations-array" count="19"><param type="name"/></accessor></technique_common></source><sampler id="r_arm04_jnt-Matrix-animation-transform"><input semantic="INPUT" source="#r_arm04_jnt-Matrix-animation-input"/><input semantic="OUTPUT" source="#r_arm04_jnt-Matrix-animation-output-transform"/><input semantic="INTERPOLATION" source="#r_arm04_jnt-Interpolations"/></sampler><channel source="#r_arm04_jnt-Matrix-animation-transform" target="r_arm04_jnt/matrix"/></animation></animation>
    <animation id="r_arm05_jnt-anim" name="r_arm05_jnt"><animation><source id="r_arm05_jnt-Matrix-animation-input"><float_array id="r_arm05_jnt-Matrix-animation-input-array" count="19">

0.000000 0.033333 0.066667 0.100000 0.133333 0.166667 0.200000 0.233333 0.266667 0.300000 0.333333 0.366667 0.400000 0.433333 0.466667 0.500000
0.533333 0.566667 0.600000</float_array><technique_common><accessor source="#r_arm05_jnt-Matrix-animation-input-array" count="19"><param name="TIME" type="float"/></accessor></technique_common></source><source id="r_arm05_jnt-Matrix-animation-output-transform"><float_array id="r_arm05_jnt-Matrix-animation-output-transform-array" count="304">

-0.116154 0.993229 0.002192 1.353129 -0.993229 -0.116149 -0.002547 -0.065327 -0.002275 -0.002473 0.999994 0.001384 0.000000 0.000000 0.000000 1.000000
-0.117502 0.993070 0.002160 1.353152 -0.993070 -0.117496 -0.002550 -0.093104 -0.002279 -0.002445 0.999994 0.001972 0.000000 0.000000 0.000000 1.000000
-0.121261 0.992619 0.002070 1.353260 -0.992618 -0.121255 -0.002558 -0.170209 -0.002288 -0.002365 0.999995 0.003606 0.000000 0.000000 0.000000 1.000000
-0.126984 0.991903 0.001933 1.353535 -0.991902 -0.126979 -0.002570 -0.286553 -0.002303 -0.002244 0.999995 0.006070 0.000000 0.000000 0.000000 1.000000
-0.134212 0.990951 0.001760 1.354056 -0.990950 -0.134207 -0.002583 -0.431645 -0.002324 -0.002091 0.999995 0.009144 0.000000 0.000000 0.000000 1.000000
-0.142485 0.989796 0.001561 1.354855 -0.989794 -0.142481 -0.002597 -0.595227 -0.002348 -0.001915 0.999995 0.012609 0.000000 0.000000 0.000000 1.000000
-0.151363 0.988477 0.001348 1.355901 -0.988475 -0.151359 -0.002610 -0.767750 -0.002376 -0.001727 0.999996 0.016264 0.000000 0.000000 0.000000 1.000000
-0.160427 0.987047 0.001129 1.357098 -0.987045 -0.160424 -0.002621 -0.940709 -0.002406 -0.001535 0.999996 0.019927 0.000000 0.000000 0.000000 1.000000
-0.169298 0.985564 0.000915 1.358312 -0.985562 -0.169296 -0.002631 -1.106819 -0.002438 -0.001347 0.999996 0.023446 0.000000 0.000000 0.000000 1.000000
-0.177635 0.984096 0.000714 1.359406 -0.984093 -0.177633 -0.002637 -1.260054 -0.002469 -0.001171 0.999996 0.026692 0.000000 0.000000 0.000000 1.000000
-0.185139 0.982712 0.000532 1.360268 -0.982709 -0.185137 -0.002642 -1.395568 -0.002498 -0.001012 0.999996 0.029563 0.000000 0.000000 0.000000 1.000000
-0.191548 0.981483 0.000376 1.360848 -0.981480 -0.191546 -0.002645 -1.509495 -0.002524 -0.000876 0.999996 0.031976 0.000000 0.000000 0.000000 1.000000
-0.196632 0.980477 0.000253 1.361161 -0.980474 -0.196630 -0.002647 -1.598649 -0.002545 -0.000768 0.999996 0.033865 0.000000 0.000000 0.000000 1.000000
-0.200174 0.979760 0.000167 1.361282 -0.979757 -0.200173 -0.002648 -1.660138 -0.002561 -0.000693 0.999996 0.035167 0.000000 0.000000 0.000000 1.000000
-0.201957 0.979394 0.000123 1.361307 -0.979391 -0.201956 -0.002648 -1.690873 -0.002568 -0.000656 0.999996 0.035818 0.000000 0.000000 0.000000 1.000000
-0.196453 0.980513 0.000257 1.361153 -0.980510 -0.196451 -0.002647 -1.595528 -0.002545 -0.000772 0.999996 0.033799 0.000000 0.000000 0.000000 1.000000
-0.168168 0.985758 0.000943 1.358158 -0.985755 -0.168165 -0.002630 -1.085826 -0.002434 -0.001371 0.999996 0.023001 0.000000 0.000000 0.000000 1.000000
-0.131762 0.991280 0.001819 1.353859 -0.991279 -0.131757 -0.002579 -0.382690 -0.002317 -0.002143 0.999995 0.008107 0.000000 0.000000 0.000000 1.000000
-0.112999 0.993593 0.002268 1.353106 -0.993593 -0.112993 -0.002540 -0.000000 -0.002268 -0.002540 0.999994 -0.000000 0.000000 0.000000 0.000000 1.000000</float_array><technique_common><accessor source="#r_arm05_jnt-Matrix-animation-output-transform-array" count="19" stride="16"><param type="float4x4"/></accessor></technique_common></source><source id="r_arm05_jnt-Interpolations"><Name_array id="r_arm05_jnt-Interpolations-array" count="19">
