<?xml version="1.0" encoding="utf-8"?>
<COLLADA xmlns="http://www.collada.org/2005/11/COLLADASchema" version="1.4.1">
  <asset><contributor><author></author><authoring_tool>FBX COLLADA exporter</authoring_tool><comments></comments></contributor><created>2020-01-22T11:07:10Z</created><keywords></keywords><modified>2020-01-22T11:07:10Z</modified><revision></revision><subject></subject><title></title><unit meter="0.010000" name="centimeter"></unit><up_axis>Y_UP</up_axis></asset>
  <library_animations>
    <animation id="root_jnt-anim" name="root_jnt"><animation><source id="root_jnt-Matrix-animation-input"><float_array id="root_jnt-Matrix-animation-input-array" count="15">

0.000000 0.033333 0.066667 0.100000 0.133333 0.166667 0.200000 0.233333 0.266667 0.300000 0.333333 0.366667 0.400000 0.433333 0.466667</float_array><technique_common><accessor source="#root_jnt-Matrix-animation-input-array" count="15"><param name="TIME" type="float"/></accessor></technique_common></source><source id="root_jnt-Matrix-animation-output-transform"><float_array id="root_jnt-Matrix-animation-output-transform-array" count="240">

1.000000 0.000000 0.000000 0.000000 0.000000 1.000000 0.000000 0.000000 0.000000 0.000000 1.000000 0.000000 0.000000 0.000000 0.000000 1.000000
1.000000 0.000000 0.000000 0.000000 0.000000 1.000000 0.000000 0.000000 0.000000 0.000000 1.000000 0.000000 0.000000 0.000000 0.000000 1.000000
1.000000 0.000000 0.000000 0.000000 0.000000 1.000000 0.000000 0.000000 0.000000 0.000000 1.000000 0.000000 0.000000 0.000000 0.000000 1.000000
1.000000 0.000000 0.000000 0.000000 0.000000 1.000000 0.000000 0.000000 0.000000 0.000000 1.000000 0.000000 0.000000 0.000000 0.000000 1.000000
1.000000 0.000000 0.000000 0.000000 0.000000 1.000000 0.000000 0.000000 0.000000 0.000000 1.000000 0.000000 0.000000 0.000000 0.000000 1.000000
1.000000 0.000000 0.000000 0.000000 0.000000 1.000000 0.000000 0.000000 0.000000 0.000000 1.000000 0.000000 0.000000 0.000000 0.000000 1.000000
1.000000 0.000000 0.000000 0.000000 0.000000 1.000000 0.000000 0.000000 0.000000 0.000000 1.000000 0.000000 0.000000 0.000000 0.000000 1.000000
1.000000 0.000000 0.000000 0.000000 0.000000 1.000000 0.000000 0.000000 0.000000 0.000000 1.000000 0.000000 0.000000 0.000000 0.000000 1.000000
1.000000 0.000000 0.000000 0.000000 0.000000 1.000000 0.000000 0.000000 0.000000 0.000000 1.000000 0.000000 0.000000 0.000000 0.000000 1.000000
1.000000 0.000000 0.000000 0.000000 0.000000 1.000000 0.000000 0.000000 0.000000 0.000000 1.000000 0.000000 0.000000 0.000000 0.000000 1.000000
1.000000 0.000000 0.000000 0.000000 0.000000 1.000000 0.000000 0.000000 0.000000 0.000000 1.000000 0.000000 0.000000 0.000000 0.000000 1.000000
1.000000 0.000000 0.000000 0.000000 0.000000 1.000000 0.000000 0.000000 0.000000 0.000000 1.000000 0.000000 0.000000 0.000000 0.000000 1.000000
1.000000 0.000000 0.000000 0.000000 0.000000 1.000000 0.000000 0.000000 0.000000 0.000000 1.000000 0.000000 0.000000 0.000000 0.000000 1.000000
1.000000 0.000000 0.000000 0.000000 0.000000 1.000000 0.000000 0.000000 0.000000 0.000000 1.000000 0.000000 0.000000 0.000000 0.000000 1.000000
1.000000 0.000000 0.000000 0.000000 0.000000 1.000000 0.000000 0.000000 0.000000 0.000000 1.000000 0.000000 0.000000 0.000000 0.000000 1.000000</float_array><technique_common><accessor source="#root_jnt-Matrix-animation-output-transform-array" count="15" stride="16"><param type="float4x4"/></accessor></technique_common></source><source id="root_jnt-Interpolations"><Name_array id="root_jnt-Interpolations-array" count="15">
 LINEAR LINEAR LINEAR LINEAR LINEAR LINEAR LINEAR LINEAR LINEAR LINEAR LINEAR
LINEAR LINEAR LINEAR LINEAR</Name_array><technique_common><accessor source="#root_jnt-Interpolations-array" count="15"><param type="name"/></accessor></technique_common></source><sampler id="root_jnt-Matrix-animation-transform"><input semantic="INPUT" source="#root_jnt-Matrix-animation-input"/><input semantic="OUTPUT" source="#root_jnt-Matrix-animation-output-transform"/><input semantic="INTERPOLATION" source="#root_jnt-Interpolations"/></sampler><channel source="#root_jnt-Matrix-animation-transform" target="root_jnt/matrix"/></animation></animation>
    <animation id="jnt_spine2-anim" name="jnt_spine2"><animation><source id="jnt_spine2-Matrix-animation-input"><float_array id="jnt_spine2-Matrix-animation-input-array" count="15">

0.000000 0.033333 0.066667 0.100000 0.133333 0.166667 0.200000 0.233333 0.266667 0.300000 0.333333 0.366667 0.400000 0.433333 0.466667</float_array><technique_common><accessor source="#jnt_spine2-Matrix-animation-input-array" count="15"><param name="TIME" type="float"/></accessor></technique_common></source><source id="jnt_spine2-Matrix-animation-output-transform"><float_array id="jnt_spine2-Matrix-animation-output-transform-array" count="240">

0.998347 -0.029802 -0.049144 0.001922 -0.010686 0.743892 -0.668215 8.267676 0.056472 0.667635 0.742344 -0.000000 0.000000 0.000000 0.000000 1.000000
0.998056 -0.033094 -0.052807 0.001922 -0.010689 0.743892 -0.668215 8.258511 0.061396 0.667480 0.742092 -0.000000 0.000000 0.000000 0.000000 1.000000
0.997194 -0.041580 -0.062247 0.001922 -0.010693 0.743891 -0.668215 8.234871 0.074089 0.667006 0.741360 -0.000000 0.000000 0.000000 0.000000 1.000000
0.995755 -0.053174 -0.075136 0.001922 -0.010697 0.743891 -0.668215 8.202547 0.091425 0.666182 0.740164 -0.000000 0.000000 0.000000 0.000000 1.000000
0.993843 -0.065791 -0.089151 0.001922 -0.010697 0.743891 -0.668215 8.167329 0.110281 0.665055 0.738607 -0.000000 0.000000 0.000000 0.000000 1.000000
0.991774 -0.077352 -0.101984 0.001922 -0.010693 0.743891 -0.668215 8.135006 0.127553 0.663809 0.736945 -0.000000 0.000000 0.000000 0.000000 1.000000
0.990071 -0.085795 -0.111348 0.001922 -0.010689 0.743892 -0.668215 8.111366 0.140160 0.662770 0.735589 -0.000000 0.000000 0.000000 0.000000 1.000000
0.989368 -0.089065 -0.114974 0.001922 -0.010686 0.743892 -0.668215 8.102200 0.145043 0.662339 0.735031 -0.000000 0.000000 0.000000 0.000000 1.000000
0.990071 -0.085795 -0.111348 0.001922 -0.010689 0.743892 -0.668215 8.111366 0.140160 0.662770 0.735589 -0.000000 0.000000 0.000000 0.000000 1.000000
0.991774 -0.077352 -0.101984 0.001922 -0.010693 0.743891 -0.668215 8.135006 0.127553 0.663809 0.736945 -0.000000 0.000000 0.000000 0.000000 1.000000
0.993843 -0.065791 -0.089151 0.001922 -0.010697 0.743891 -0.668215 8.167329 0.110281 0.665055 0.738607 -0.000000 0.000000 0.000000 0.000000 1.000000
0.995755 -0.053174 -0.075136 0.001922 -0.010697 0.743891 -0.668215 8.202547 0.091425 0.666182 0.740164 -0.000000 0.000000 0.000000 0.000000 1.000000
0.997194 -0.041580 -0.062247 0.001922 -0.010693 0.743891 -0.668215 8.234871 0.074089 0.667006 0.741360 -0.000000 0.000000 0.000000 0.000000 1.000000
0.998056 -0.033094 -0.052807 0.001922 -0.010689 0.743892 -0.668215 8.258511 0.061396 0.667480 0.742092 -0.000000 0.000000 0.000000 0.000000 1.000000
0.998347 -0.029802 -0.049144 0.001922 -0.010686 0.743892 -0.668215 8.267676 0.056472 0.667635 0.742344 -0.000000 0.000000 0.000000 0.000000 1.000000</float_array><technique_common><accessor source="#jnt_spine2-Matrix-animation-output-transform-array" count="15" stride="16"><param type="float4x4"/></accessor></technique_common></source><source id="jnt_spine2-Interpolations"><Name_array id="jnt_spine2-Interpolations-array" count="15">
 LINEAR LINEAR LINEAR LINEAR LINEAR LINEAR LINEAR LINEAR LINEAR LINEAR LINEAR
LINEAR LINEAR LINEAR LINEAR</Name_array><technique_common><accessor source="#jnt_spine2-Interpolations-array" count="15"><param type="name"/></accessor></technique_common></source><sampler id="jnt_spine2-Matrix-animation-transform"><input semantic="INPUT" source="#jnt_spine2-Matrix-animation-input"/><input semantic="OUTPUT" source="#jnt_spine2-Matrix-animation-output-transform"/><input semantic="INTERPOLATION" source="#jnt_spine2-Interpolations"/></sampler><channel source="#jnt_spine2-Matrix-animation-transform" target="jnt_spine2/matrix"/></animation></animation>
    <animation id="neck_jnt-anim" name="neck_jnt"><animation><source id="neck_jnt-Matrix-animation-input"><float_array id="neck_jnt-Matrix-animation-input-array" count="15">

0.000000 0.033333 0.066667 0.100000 0.133333 0.166667 0.200000 0.233333 0.266667 0.300000 0.333333 0.366667 0.400000 0.433333 0.466667</float_array><technique_common><accessor source="#neck_jnt-Matrix-animation-input-array" count="15"><param name="TIME" type="float"/></accessor></technique_common></source><source id="neck_jnt-Matrix-animation-output-transform"><float_array id="neck_jnt-Matrix-animation-output-transform-array" count="240">

1.000000 -0.000000 0.000000 0.000000 0.000000 1.000000 0.000000 2.357033 -0.000000 0.000000 1.000000 2.698746 0.000000 0.000000 0.000000 1.000000
1.000000 -0.000000 0.000000 0.000000 0.000000 1.000000 0.000000 2.357033 -0.000000 -0.000000 1.000000 2.698746 0.000000 0.000000 0.000000 1.000000
1.000000 -0.000000 0.000000 -0.000000 0.000000 1.000000 0.000000 2.357033 -0.000000 -0.000000 1.000000 2.698746 0.000000 0.000000 0.000000 1.000000
1.000000 -0.000000 0.000000 -0.000000 0.000000 1.000000 0.000000 2.357033 -0.000000 -0.000000 1.000000 2.698746 0.000000 0.000000 0.000000 1.000000
1.000000 -0.000000 0.000000 0.000000 0.000000 1.000000 0.000000 2.357033 -0.000000 -0.000000 1.000000 2.698746 0.000000 0.000000 0.000000 1.000000
1.000000 -0.000000 0.000000 -0.000000 0.000000 1.000000 0.000000 2.357033 -0.000000 -0.000000 1.000000 2.698746 0.000000 0.000000 0.000000 1.000000
1.000000 -0.000000 0.000000 -0.000000 0.000000 1.000000 0.000000 2.357033 -0.000000 -0.000000 1.000000 2.698746 0.000000 0.000000 0.000000 1.000000
1.000000 -0.000000 0.000000 -0.000000 0.000000 1.000000 0.000000 2.357033 -0.000000 -0.000000 1.000000 2.698746 0.000000 0.000000 0.000000 1.000000
1.000000 -0.000000 0.000000 -0.000000 0.000000 1.000000 0.000000 2.357033 -0.000000 -0.000000 1.000000 2.698746 0.000000 0.000000 0.000000 1.000000
1.000000 -0.000000 0.000000 -0.000000 0.000000 1.000000 0.000000 2.357033 -0.000000 -0.000000 1.000000 2.698746 0.000000 0.000000 0.000000 1.000000
1.000000 -0.000000 0.000000 0.000000 0.000000 1.000000 0.000000 2.357033 -0.000000 -0.000000 1.000000 2.698746 0.000000 0.000000 0.000000 1.000000
1.000000 -0.000000 0.000000 0.000000 0.000000 1.000000 0.000000 2.357033 -0.000000 -0.000000 1.000000 2.698746 0.000000 0.000000 0.000000 1.000000
1.000000 -0.000000 0.000000 -0.000000 0.000000 1.000000 0.000000 2.357033 -0.000000 -0.000000 1.000000 2.698746 0.000000 0.000000 0.000000 1.000000
1.000000 -0.000000 0.000000 0.000000 0.000000 1.000000 0.000000 2.357033 -0.000000 -0.000000 1.000000 2.698746 0.000000 0.000000 0.000000 1.000000
1.000000 -0.000000 0.000000 0.000000 0.000000 1.000000 0.000000 2.357033 -0.000000 0.000000 1.000000 2.698746 0.000000 0.000000 0.000000 1.000000</float_array><technique_common><accessor source="#neck_jnt-Matrix-animation-output-transform-array" count="15" stride="16"><param type="float4x4"/></accessor></technique_common></source><source id="neck_jnt-Interpolations"><Name_array id="neck_jnt-Interpolations-array" count="15">
 LINEAR LINEAR LINEAR LINEAR LINEAR LINEAR LINEAR LINEAR LINEAR LINEAR LINEAR
LINEAR LINEAR LINEAR LINEAR</Name_array><technique_common><accessor source="#neck_jnt-Interpolations-array" count="15"><param type="name"/></accessor></technique_common></source><sampler id="neck_jnt-Matrix-animation-transform"><input semantic="INPUT" source="#neck_jnt-Matrix-animation-input"/><input semantic="OUTPUT" source="#neck_jnt-Matrix-animation-output-transform"/><input semantic="INTERPOLATION" source="#neck_jnt-Interpolations"/></sampler><channel source="#neck_jnt-Matrix-animation-transform" target="neck_jnt/matrix"/></animation></animation>
    <animation id="head_jnt-anim" name="head_jnt"><animation><source id="head_jnt-Matrix-animation-input"><float_array id="head_jnt-Matrix-animation-input-array" count="15">

0.000000 0.033333 0.066667 0.100000 0.133333 0.166667 0.200000 0.233333 0.266667 0.300000 0.333333 0.366667 0.400000 0.433333 0.466667</float_array><technique_common><accessor source="#head_jnt-Matrix-animation-input-array" count="15"><param name="TIME" type="float"/></accessor></technique_common></source><source id="head_jnt-Matrix-animation-output-transform"><float_array id="head_jnt-Matrix-animation-output-transform-array" count="240">

0.999365 0.012602 -0.033320 0.593777 0.005309 0.872198 0.489124 0.457607 0.035226 -0.488991 0.871578 -0.160107 0.000000 0.000000 0.000000 1.000000
0.999365 0.012602 -0.033320 0.593777 0.005309 0.872198 0.489124 0.457607 0.035226 -0.488991 0.871578 -0.160107 0.000000 0.000000 0.000000 1.000000
0.999365 0.012602 -0.033320 0.593777 0.005309 0.872198 0.489124 0.457607 0.035226 -0.488991 0.871578 -0.160107 0.000000 0.000000 0.000000 1.000000
0.999365 0.012602 -0.033320 0.593777 0.005309 0.872198 0.489124 0.457607 0.035226 -0.488991 0.871578 -0.160107 0.000000 0.000000 0.000000 1.000000
0.999365 0.012602 -0.033320 0.593777 0.005309 0.872198 0.489124 0.457607 0.035226 -0.488991 0.871578 -0.160107 0.000000 0.000000 0.000000 1.000000
0.999365 0.012602 -0.033320 0.593777 0.005309 0.872198 0.489124 0.457607 0.035226 -0.488991 0.871578 -0.160107 0.000000 0.000000 0.000000 1.000000
0.999365 0.012602 -0.033320 0.593777 0.005309 0.872198 0.489124 0.457607 0.035226 -0.488991 0.871578 -0.160107 0.000000 0.000000 0.000000 1.000000
0.999365 0.012602 -0.033320 0.593777 0.005309 0.872198 0.489124 0.457607 0.035226 -0.488991 0.871578 -0.160107 0.000000 0.000000 0.000000 1.000000
0.999365 0.012602 -0.033320 0.593777 0.005309 0.872198 0.489124 0.457607 0.035226 -0.488991 0.871578 -0.160107 0.000000 0.000000 0.000000 1.000000
0.999365 0.012602 -0.033320 0.593777 0.005309 0.872198 0.489124 0.457607 0.035226 -0.488991 0.871578 -0.160107 0.000000 0.000000 0.000000 1.000000
0.999365 0.012602 -0.033320 0.593777 0.005309 0.872198 0.489124 0.457607 0.035226 -0.488991 0.871578 -0.160107 0.000000 0.000000 0.000000 1.000000
0.999365 0.012602 -0.033320 0.593777 0.005309 0.872198 0.489124 0.457607 0.035226 -0.488991 0.871578 -0.160107 0.000000 0.000000 0.000000 1.000000
0.999365 0.012602 -0.033320 0.593777 0.005309 0.872198 0.489124 0.457607 0.035226 -0.488991 0.871578 -0.160107 0.000000 0.000000 0.000000 1.000000
0.999365 0.012602 -0.033320 0.593777 0.005309 0.872198 0.489124 0.457607 0.035226 -0.488991 0.871578 -0.160107 0.000000 0.000000 0.000000 1.000000
0.999365 0.012602 -0.033320 0.593777 0.005309 0.872198 0.489124 0.457607 0.035226 -0.488991 0.871578 -0.160107 0.000000 0.000000 0.000000 1.000000</float_array><technique_common><accessor source="#head_jnt-Matrix-animation-output-transform-array" count="15" stride="16"><param type="float4x4"/></accessor></technique_common></source><source id="head_jnt-Interpolations"><Name_array id="head_jnt-Interpolations-array" count="15">
 LINEAR LINEAR LINEAR LINEAR LINEAR LINEAR LINEAR LINEAR LINEAR LINEAR LINEAR
LINEAR LINEAR LINEAR LINEAR</Name_array><technique_common><accessor source="#head_jnt-Interpolations-array" count="15"><param type="name"/></accessor></technique_common></source><sampler id="head_jnt-Matrix-animation-transform"><input semantic="INPUT" source="#head_jnt-Matrix-animation-input"/><input semantic="OUTPUT" source="#head_jnt-Matrix-animation-output-transform"/><input semantic="INTERPOLATION" source="#head_jnt-Interpolations"/></sampler><channel source="#head_jnt-Matrix-animation-transform" target="head_jnt/matrix"/></animation></animation>
    <animation id="r_arm01_jnt-anim" name="r_arm01_jnt"><animation><source id="r_arm01_jnt-Matrix-animation-input"><float_array id="r_arm01_jnt-Matrix-animation-input-array" count="15">

0.000000 0.033333 0.066667 0.100000 0.133333 0.166667 0.200000 0.233333 0.266667 0.300000 0.333333 0.366667 0.400000 0.433333 0.466667</float_array><technique_common><accessor source="#r_arm01_jnt-Matrix-animation-input-array" count="15"><param name="TIME" type="float"/></accessor></technique_common></source><source id="r_arm01_jnt-Matrix-animation-output-transform"><float_array id="r_arm01_jnt-Matrix-animation-output-transform-array" count="240">

-0.964823 0.262900 0.000000 -2.858765 0.262900 0.964823 -0.000000 2.350029 -0.000000 0.000000 -1.000000 -0.000000 0.000000 0.000000 0.000000 1.000000
-0.964823 0.262900 0.000000 -2.858765 0.262900 0.964823 -0.000000 2.350029 -0.000000 0.000000 -1.000000 -0.000000 0.000000 0.000000 0.000000 1.000000
-0.964823 0.262900 0.000000 -2.858765 0.262900 0.964823 -0.000000 2.350029 -0.000000 -0.000000 -1.000000 0.000000 0.000000 0.000000 0.000000 1.000000
-0.964823 0.262900 0.000000 -2.858765 0.262900 0.964823 -0.000000 2.350029 -0.000000 -0.000000 -1.000000 -0.000000 0.000000 0.000000 0.000000 1.000000
-0.964823 0.262900 0.000000 -2.858765 0.262900 0.964823 0.000000 2.350029 -0.000000 0.000000 -1.000000 -0.000000 0.000000 0.000000 0.000000 1.000000
-0.964823 0.262900 0.000000 -2.858765 0.262900 0.964823 0.000000 2.350029 -0.000000 0.000000 -1.000000 -0.000000 0.000000 0.000000 0.000000 1.000000
-0.964823 0.262900 0.000000 -2.858765 0.262900 0.964823 -0.000000 2.350029 -0.000000 -0.000000 -1.000000 -0.000000 0.000000 0.000000 0.000000 1.000000
-0.964823 0.262900 0.000000 -2.858765 0.262900 0.964823 0.000000 2.350029 -0.000000 0.000000 -1.000000 -0.000000 0.000000 0.000000 0.000000 1.000000
-0.964823 0.262900 0.000000 -2.858765 0.262900 0.964823 -0.000000 2.350029 -0.000000 -0.000000 -1.000000 -0.000000 0.000000 0.000000 0.000000 1.000000
-0.964823 0.262900 0.000000 -2.858765 0.262900 0.964823 0.000000 2.350029 -0.000000 0.000000 -1.000000 -0.000000 0.000000 0.000000 0.000000 1.000000
-0.964823 0.262900 0.000000 -2.858765 0.262900 0.964823 0.000000 2.350029 -0.000000 0.000000 -1.000000 -0.000000 0.000000 0.000000 0.000000 1.000000
-0.964823 0.262900 0.000000 -2.858765 0.262900 0.964823 -0.000000 2.350029 -0.000000 -0.000000 -1.000000 -0.000000 0.000000 0.000000 0.000000 1.000000
-0.964823 0.262900 0.000000 -2.858765 0.262900 0.964823 -0.000000 2.350029 -0.000000 -0.000000 -1.000000 0.000000 0.000000 0.000000 0.000000 1.000000
-0.964823 0.262900 0.000000 -2.858765 0.262900 0.964823 -0.000000 2.350029 -0.000000 0.000000 -1.000000 -0.000000 0.000000 0.000000 0.000000 1.000000
-0.964823 0.262900 0.000000 -2.858765 0.262900 0.964823 -0.000000 2.350029 -0.000000 0.000000 -1.000000 -0.000000 0.000000 0.000000 0.000000 1.000000</float_array><technique_common><accessor source="#r_arm01_jnt-Matrix-animation-output-transform-array" count="15" stride="16"><param type="float4x4"/></accessor></technique_common></source><source id="r_arm01_jnt-Interpolations"><Name_array id="r_arm01_jnt-Interpolations-array" count="15">
 LINEAR LINEAR LINEAR LINEAR LINEAR LINEAR LINEAR LINEAR LINEAR LINEAR LINEAR
LINEAR LINEAR LINEAR LINEAR</Name_array><technique_common><accessor source="#r_arm01_jnt-Interpolations-array" count="15"><param type="name"/></accessor></technique_common></source><sampler id="r_arm01_jnt-Matrix-animation-transform"><input semantic="INPUT" source="#r_arm01_jnt-Matrix-animation-input"/><input semantic="OUTPUT" source="#r_arm01_jnt-Matrix-animation-output-transform"/><input semantic="INTERPOLATION" source="#r_arm01_jnt-Interpolations"/></sampler><channel source="#r_arm01_jnt-Matrix-animation-transform" target="r_arm01_jnt/matrix"/></animation></animation>
    <animation id="r_arm02_jnt-anim" name="r_arm02_jnt"><animation><source id="r_arm02_jnt-Matrix-animation-input"><float_array id="r_arm02_jnt-Matrix-animation-input-array" count="15">

0.000000 0.033333 0.066667 0.100000 0.133333 0.166667 0.200000 0.233333 0.266667 0.300000 0.333333 0.366667 0.400000 0.433333 0.466667</float_array><technique_common><accessor source="#r_arm02_jnt-Matrix-animation-input-array" count="15"><param name="TIME" type="float"/></accessor></technique_common></source><source id="r_arm02_jnt-Matrix-animation-output-transform"><float_array id="r_arm02_jnt-Matrix-animation-output-transform-array" count="240">

0.916235 0.273169 -0.293074 1.138730 -0.369984 0.296270 -0.880532 0.000000 -0.153705 0.915206 0.372521 -0.000000 0.000000 0.000000 0.000000 1.000000
0.917170 0.276395 -0.287062 1.138730 -0.365460 0.296228 -0.882433 0.000000 -0.158864 0.914251 0.372702 -0.000000 0.000000 0.000000 0.000000 1.000000
0.919384 0.284685 -0.271456 1.138730 -0.353682 0.296211 -0.887225 0.000000 -0.172171 0.911709 0.373019 -0.000000 0.000000 0.000000 0.000000 1.000000
0.921938 0.295948 -0.249889 1.138730 -0.337330 0.296403 -0.893506 0.000000 -0.190363 0.908053 0.373098 -0.000000 0.000000 0.000000 0.000000 1.000000
0.924092 0.308109 -0.226104 1.138730 -0.319195 0.296896 -0.899982 0.000000 -0.210164 0.903837 0.372706 -0.000000 0.000000 0.000000 0.000000 1.000000
0.925480 0.319156 -0.204028 1.138730 -0.302270 0.297608 -0.905573 -0.000000 -0.228299 0.899761 0.371901 -0.000000 0.000000 0.000000 0.000000 1.000000
0.926133 0.327156 -0.187742 1.138730 -0.289728 0.298285 -0.909442 -0.000000 -0.241529 0.896658 0.371037 -0.000000 0.000000 0.000000 0.000000 1.000000
0.926303 0.330239 -0.181397 1.138730 -0.284828 0.298583 -0.910890 0.000000 -0.246650 0.895427 0.370640 -0.000000 0.000000 0.000000 0.000000 1.000000
0.926133 0.327156 -0.187742 1.138730 -0.289728 0.298285 -0.909442 -0.000000 -0.241529 0.896658 0.371037 -0.000000 0.000000 0.000000 0.000000 1.000000
0.925480 0.319156 -0.204028 1.138730 -0.302270 0.297608 -0.905573 -0.000000 -0.228299 0.899761 0.371901 -0.000000 0.000000 0.000000 0.000000 1.000000
0.924092 0.308109 -0.226104 1.138730 -0.319195 0.296896 -0.899982 -0.000000 -0.210164 0.903837 0.372706 -0.000000 0.000000 0.000000 0.000000 1.000000
0.921938 0.295948 -0.249889 1.138730 -0.337330 0.296403 -0.893506 0.000000 -0.190363 0.908053 0.373098 -0.000000 0.000000 0.000000 0.000000 1.000000
0.919384 0.284685 -0.271456 1.138730 -0.353682 0.296211 -0.887225 0.000000 -0.172171 0.911709 0.373019 -0.000000 0.000000 0.000000 0.000000 1.000000
0.917170 0.276395 -0.287062 1.138730 -0.365460 0.296228 -0.882433 0.000000 -0.158864 0.914251 0.372702 -0.000000 0.000000 0.000000 0.000000 1.000000
0.916235 0.273169 -0.293074 1.138730 -0.369984 0.296270 -0.880532 0.000000 -0.153705 0.915206 0.372521 -0.000000 0.000000 0.000000 0.000000 1.000000</float_array><technique_common><accessor source="#r_arm02_jnt-Matrix-animation-output-transform-array" count="15" stride="16"><param type="float4x4"/></accessor></technique_common></source><source id="r_arm02_jnt-Interpolations"><Name_array id="r_arm02_jnt-Interpolations-array" count="15">
 LINEAR LINEAR LINEAR LINEAR LINEAR LINEAR LINEAR LINEAR LINEAR LINEAR LINEAR
LINEAR LINEAR LINEAR LINEAR</Name_array><technique_common><accessor source="#r_arm02_jnt-Interpolations-array" count="15"><param type="name"/></accessor></technique_common></source><sampler id="r_arm02_jnt-Matrix-animation-transform"><input semantic="INPUT" source="#r_arm02_jnt-Matrix-animation-input"/><input semantic="OUTPUT" source="#r_arm02_jnt-Matrix-animation-output-transform"/><input semantic="INTERPOLATION" source="#r_arm02_jnt-Interpolations"/></sampler><channel source="#r_arm02_jnt-Matrix-animation-transform" target="r_arm02_jnt/matrix"/></animation></animation>
    <animation id="r_arm03_jnt-anim" name="r_arm03_jnt"><animation><source id="r_arm03_jnt-Matrix-animation-input"><float_array id="r_arm03_jnt-Matrix-animation-input-array" count="15">

0.000000 0.033333 0.066667 0.100000 0.133333 0.166667 0.200000 0.233333 0.266667 0.300000 0.333333 0.366667 0.400000 0.433333 0.466667</float_array><technique_common><accessor source="#r_arm03_jnt-Matrix-animation-input-array" count="15"><param name="TIME" type="float"/></accessor></technique_common></source><source id="r_arm03_jnt-Matrix-animation-output-transform"><float_array id="r_arm03_jnt-Matrix-animation-output-transform-array" count="240">

0.235869 -0.704585 -0.669273 0.839582 0.007309 0.689972 -0.723799 -0.000000 0.971757 0.165830 0.167893 0.000000 0.000000 0.000000 0.000000 1.000000
0.235862 -0.705180 -0.668647 0.839582 0.007513 0.689363 -0.724377 0.000000 0.971757 0.165830 0.167893 0.000000 0.000000 0.000000 0.000000 1.000000
0.235845 -0.706700 -0.667047 0.839582 0.008034 0.687805 -0.725851 0.000000 0.971757 0.165830 0.167893 0.000000 0.000000 0.000000 0.000000 1.000000
0.235821 -0.708737 -0.664892 0.839582 0.008733 0.685706 -0.727826 -0.000000 0.971757 0.165830 0.167893 0.000000 0.000000 0.000000 0.000000 1.000000
0.235792 -0.710903 -0.662586 0.839582 0.009479 0.683460 -0.729926 0.000000 0.971757 0.165830 0.167893 0.000000 0.000000 0.000000 0.000000 1.000000
0.235764 -0.712841 -0.660510 0.839582 0.010149 0.681439 -0.731805 0.000000 0.971757 0.165830 0.167893 0.000000 0.000000 0.000000 0.000000 1.000000
0.235743 -0.714228 -0.659017 0.839582 0.010629 0.679985 -0.733149 0.000000 0.971757 0.165830 0.167893 0.000000 0.000000 0.000000 0.000000 1.000000
0.235734 -0.714759 -0.658444 0.839582 0.010813 0.679426 -0.733664 -0.000000 0.971757 0.165830 0.167893 0.000000 0.000000 0.000000 0.000000 1.000000
0.235743 -0.714228 -0.659017 0.839582 0.010629 0.679985 -0.733149 0.000000 0.971757 0.165830 0.167893 0.000000 0.000000 0.000000 0.000000 1.000000
0.235764 -0.712841 -0.660510 0.839582 0.010149 0.681439 -0.731805 0.000000 0.971757 0.165830 0.167893 0.000000 0.000000 0.000000 0.000000 1.000000
0.235792 -0.710903 -0.662586 0.839582 0.009479 0.683460 -0.729926 0.000000 0.971757 0.165830 0.167893 0.000000 0.000000 0.000000 0.000000 1.000000
0.235821 -0.708737 -0.664892 0.839582 0.008733 0.685706 -0.727826 0.000000 0.971757 0.165830 0.167893 0.000000 0.000000 0.000000 0.000000 1.000000
0.235845 -0.706700 -0.667047 0.839582 0.008034 0.687805 -0.725851 0.000000 0.971757 0.165830 0.167893 0.000000 0.000000 0.000000 0.000000 1.000000
0.235862 -0.705180 -0.668647 0.839582 0.007513 0.689363 -0.724377 0.000000 0.971757 0.165830 0.167893 0.000000 0.000000 0.000000 0.000000 1.000000
0.235869 -0.704585 -0.669273 0.839582 0.007309 0.689972 -0.723799 -0.000000 0.971757 0.165830 0.167893 0.000000 0.000000 0.000000 0.000000 1.000000</float_array><technique_common><accessor source="#r_arm03_jnt-Matrix-animation-output-transform-array" count="15" stride="16"><param type="float4x4"/></accessor></technique_common></source><source id="r_arm03_jnt-Interpolations"><Name_array id="r_arm03_jnt-Interpolations-array" count="15">
 LINEAR LINEAR LINEAR LINEAR LINEAR LINEAR LINEAR LINEAR LINEAR LINEAR LINEAR
LINEAR LINEAR LINEAR LINEAR</Name_array><technique_common><accessor source="#r_arm03_jnt-Interpolations-array" count="15"><param type="name"/></accessor></technique_common></source><sampler id="r_arm03_jnt-Matrix-animation-transform"><input semantic="INPUT" source="#r_arm03_jnt-Matrix-animation-input"/><input semantic="OUTPUT" source="#r_arm03_jnt-Matrix-animation-output-transform"/><input semantic="INTERPOLATION" source="#r_arm03_jnt-Interpolations"/></sampler><channel source="#r_arm03_jnt-Matrix-animation-transform" target="r_arm03_jnt/matrix"/></animation></animation>
    <animation id="r_arm04_jnt-anim" name="r_arm04_jnt"><animation><source id="r_arm04_jnt-Matrix-animation-input"><float_array id="r_arm04_jnt-Matrix-animation-input-array" count="15">

0.000000 0.033333 0.066667 0.100000 0.133333 0.166667 0.200000 0.233333 0.266667 0.300000 0.333333 0.366667 0.400000 0.433333 0.466667</float_array><technique_common><accessor source="#r_arm04_jnt-Matrix-animation-input-array" count="15"><param name="TIME" type="float"/></accessor></technique_common></source><source id="r_arm04_jnt-Matrix-animation-output-transform"><float_array id="r_arm04_jnt-Matrix-animation-output-transform-array" count="240">

0.420672 0.905237 -0.059846 3.327914 -0.906917 0.421303 -0.002269 0.000000 0.023159 0.055229 0.998205 -0.000000 0.000000 0.000000 0.000000 1.000000
0.419106 0.905962 -0.059861 3.327914 -0.907644 0.419736 -0.002236 0.000000 0.023101 0.055269 0.998204 0.000000 0.000000 0.000000 0.000000 1.000000
0.415098 0.907802 -0.059900 3.327914 -0.909487 0.415727 -0.002151 0.000000 0.022950 0.055371 0.998202 0.000000 0.000000 0.000000 0.000000 1.000000
0.409700 0.910248 -0.059952 3.327914 -0.911937 0.410326 -0.002036 0.000000 0.022746 0.055507 0.998199 0.000000 0.000000 0.000000 0.000000 1.000000
0.403925 0.912822 -0.060006 3.327914 -0.914515 0.404548 -0.001914 0.000000 0.022529 0.055650 0.998196 0.000000 0.000000 0.000000 0.000000 1.000000
0.398728 0.915101 -0.060055 3.327914 -0.916797 0.399349 -0.001804 0.000000 0.022332 0.055777 0.998193 0.000000 0.000000 0.000000 0.000000 1.000000
0.394991 0.916718 -0.060089 3.327914 -0.918417 0.395610 -0.001724 0.000000 0.022191 0.055868 0.998192 0.000000 0.000000 0.000000 0.000000 1.000000
0.393557 0.917334 -0.060102 3.327914 -0.919034 0.394175 -0.001694 0.000000 0.022137 0.055902 0.998191 -0.000000 0.000000 0.000000 0.000000 1.000000
0.394991 0.916718 -0.060089 3.327914 -0.918417 0.395610 -0.001724 0.000000 0.022191 0.055868 0.998192 0.000000 0.000000 0.000000 0.000000 1.000000
0.398728 0.915101 -0.060055 3.327914 -0.916797 0.399349 -0.001804 0.000000 0.022332 0.055777 0.998193 0.000000 0.000000 0.000000 0.000000 1.000000
0.403925 0.912822 -0.060006 3.327914 -0.914515 0.404548 -0.001914 0.000000 0.022529 0.055650 0.998196 -0.000000 0.000000 0.000000 0.000000 1.000000
0.409700 0.910248 -0.059952 3.327914 -0.911937 0.410326 -0.002036 0.000000 0.022746 0.055507 0.998199 0.000000 0.000000 0.000000 0.000000 1.000000
0.415098 0.907802 -0.059900 3.327914 -0.909487 0.415727 -0.002151 0.000000 0.022950 0.055371 0.998202 0.000000 0.000000 0.000000 0.000000 1.000000
0.419106 0.905962 -0.059861 3.327914 -0.907644 0.419736 -0.002236 0.000000 0.023101 0.055269 0.998204 0.000000 0.000000 0.000000 0.000000 1.000000
0.420672 0.905237 -0.059846 3.327914 -0.906917 0.421303 -0.002269 0.000000 0.023159 0.055229 0.998205 -0.000000 0.000000 0.000000 0.000000 1.000000</float_array><technique_common><accessor source="#r_arm04_jnt-Matrix-animation-output-transform-array" count="15" stride="16"><param type="float4x4"/></accessor></technique_common></source><source id="r_arm04_jnt-Interpolations"><Name_array id="r_arm04_jnt-Interpolations-array" count="15">
 LINEAR LINEAR LINEAR LINEAR LINEAR LINEAR LINEAR LINEAR LINEAR LINEAR LINEAR
LINEAR LINEAR LINEAR LINEAR</Name_array><technique_common><accessor source="#r_arm04_jnt-Interpolations-array" count="15"><param type="name"/></accessor></technique_common></source><sampler id="r_arm04_jnt-Matrix-animation-transform"><input semantic="INPUT" source="#r_arm04_jnt-Matrix-animation-input"/><input semantic="OUTPUT" source="#r_arm04_jnt-Matrix-animation-output-transform"/><input semantic="INTERPOLATION" source="#r_arm04_jnt-Interpolations"/></sampler><channel source="#r_arm04_jnt-Matrix-animation-transform" target="r_arm04_jnt/matrix"/></animation></animation>
    <animation id="r_arm05_jnt-anim" name="r_arm05_jnt"><animation><source id="r_arm05_jnt-Matrix-animation-input"><float_array id="r_arm05_jnt-Matrix-animation-input-array" count="15">

0.000000 0.033333 0.066667 0.100000 0.133333 0.166667 0.200000 0.233333 0.266667 0.300000 0.333333 0.366667 0.400000 0.433333 0.466667</float_array><technique_common><accessor source="#r_arm05_jnt-Matrix-animation-input-array" count="15"><param name="TIME" type="float"/></accessor></technique_common></source><source id="r_arm05_jnt-Matrix-animation-output-transform"><float_array id="r_arm05_jnt-Matrix-animation-output-transform-array" count="240">

-0.112999 0.993593 0.002268 1.353106 -0.993593 -0.112993 -0.002540 -0.000000 -0.002268 -0.002540 0.999994 -0.000000 0.000000 0.000000 0.000000 1.000000
-0.112999 0.993593 0.002268 1.353106 -0.993593 -0.112993 -0.002540 -0.000000 -0.002268 -0.002540 0.999994 -0.000000 0.000000 0.000000 0.000000 1.000000
-0.112999 0.993593 0.002268 1.353106 -0.993593 -0.112993 -0.002540 -0.000000 -0.002268 -0.002540 0.999994 0.000000 0.000000 0.000000 0.000000 1.000000
-0.112999 0.993593 0.002268 1.353106 -0.993593 -0.112993 -0.002540 -0.000000 -0.002268 -0.002540 0.999994 0.000000 0.000000 0.000000 0.000000 1.000000
-0.112999 0.993593 0.002268 1.353106 -0.993593 -0.112993 -0.002540 -0.000000 -0.002268 -0.002540 0.999994 -0.000000 0.000000 0.000000 0.000000 1.000000
-0.112999 0.993593 0.002268 1.353106 -0.993593 -0.112993 -0.002540 -0.000000 -0.002268 -0.002540 0.999994 0.000000 0.000000 0.000000 0.000000 1.000000
-0.112999 0.993593 0.002268 1.353106 -0.993593 -0.112993 -0.002540 -0.000000 -0.002268 -0.002540 0.999994 0.000000 0.000000 0.000000 0.000000 1.000000
-0.112999 0.993593 0.002268 1.353106 -0.993593 -0.112993 -0.002540 -0.000000 -0.002268 -0.002540 0.999994 0.000000 0.000000 0.000000 0.000000 1.000000
-0.112999 0.993593 0.002268 1.353106 -0.993593 -0.112993 -0.002540 -0.000000 -0.002268 -0.002540 0.999994 0.000000 0.000000 0.000000 0.000000 1.000000
-0.112999 0.993593 0.002268 1.353106 -0.993593 -0.112993 -0.002540 -0.000000 -0.002268 -0.002540 0.999994 0.000000 0.000000 0.000000 0.000000 1.000000
-0.112999 0.993593 0.002268 1.353106 -0.993593 -0.112993 -0.002540 -0.000000 -0.002268 -0.002540 0.999994 -0.000000 0.000000 0.000000 0.000000 1.000000
-0.112999 0.993593 0.002268 1.353106 -0.993593 -0.112993 -0.002540 -0.000000 -0.002268 -0.002540 0.999994 0.000000 0.000000 0.000000 0.000000 1.000000
-0.112999 0.993593 0.002268 1.353106 -0.993593 -0.112993 -0.002540 -0.000000 -0.002268 -0.002540 0.999994 -0.000000 0.000000 0.000000 0.000000 1.000000
-0.112999 0.993593 0.002268 1.353106 -0.993593 -0.112993 -0.002540 -0.000000 -0.002268 -0.002540 0.999994 -0.000000 0.000000 0.000000 0.000000 1.000000
-0.112999 0.993593 0.002268 1.353106 -0.993593 -0.112993 -0.002540 -0.000000 -0.002268 -0.002540 0.999994 -0.000000 0.000000 0.000000 0.000000 1.000000</float_array><technique_common><accessor source="#r_arm05_jnt-Matrix-animation-output-transform-array" count="15" stride="16"><param type="float4x4"/></accessor></technique_common></source><source id="r_arm05_jnt-Interpolations"><Name_array id="r_arm05_jnt-Interpolations-array" count="15">
 LINEAR LINEAR LINEAR LINEAR LINEAR LINEAR LINEAR LINEAR LINEAR LINEAR LINEAR
LINEAR LINEAR LINEAR LINEAR</Name_array><technique_common><accessor source="#r_arm05_jnt-Interpolations-array" count="15"><param type="name"/></accessor></technique_common></source><sampler id="r_arm05_jnt-Matrix-animation-transform"><input semantic="INPUT" source="#r_arm05_jnt-Matrix-animation-input"/><input semantic="OUTPUT" source="#r_arm05_jnt-Matrix-animation-output-transform"/><input semantic="INTERPOLATION" source="#r_arm05_jnt-Interpolations"/></sampler><channel source="#r_arm05_jnt-Matrix-animation-transform" target="r_arm05_jnt/matrix"/></animation></animation>
    <animation id="scythe01_jnt-anim" name="scythe01_jnt"><animation><source id="scythe01_jnt-Matrix-animation-input"><float_array id="scythe01_jnt-Matrix-animation-input-array" count="15">

0.000000 0.033333 0.066667 0.100000 0.133333 0.166667 0.200000 0.233333 0.266667 0.300000 0.333333 0.366667 0.400000 0.433333 0.466667</float_array><technique_common><accessor source="#scythe01_jnt-Matrix-animation-input-array" count="15"><param name="TIME" type="float"/></accessor></technique_common></source><source id="scythe01_jnt-Matrix-animation-output-transform"><float_array id="scythe01_jnt-Matrix-animation-output-transform-array" count="240">

-0.741024 -0.671421 -0.008760 4.703162 0.671333 -0.741072 0.011131 0.000000 -0.013966 0.002367 0.999900 0.000000 0.000000 0.000000 0.000000 1.000000
-0.742183 -0.670140 -0.008788 4.703162 0.670052 -0.742231 0.011156 0.000000 -0.013999 0.002392 0.999899 0.000000 0.000000 0.000000 0.000000 1.000000
-0.745131 -0.666859 -0.008859 4.703162 0.666769 -0.745180 0.011220 0.000000 -0.014084 0.002454 0.999898 -0.000000 0.000000 0.000000 0.000000 1.000000
-0.749072 -0.662428 -0.008955 4.703162 0.662337 -0.749121 0.011306 0.000000 -0.014198 0.002537 0.999896 0.000000 0.000000 0.000000 0.000000 1.000000
-0.753246 -0.657676 -0.009058 4.703162 0.657583 -0.753296 0.011396 0.000000 -0.014319 0.002628 0.999894 0.000000 0.000000 0.000000 0.000000 1.000000
-0.756967 -0.653389 -0.009151 4.703162 0.653293 -0.757018 0.011477 0.000000 -0.014427 0.002709 0.999892 -0.000000 0.000000 0.000000 0.000000 1.000000
-0.759623 -0.650299 -0.009218 4.703162 0.650202 -0.759674 0.011535 0.000000 -0.014504 0.002768 0.999891 0.000000 0.000000 0.000000 0.000000 1.000000
-0.760637 -0.649112 -0.009244 4.703162 0.649015 -0.760688 0.011557 0.000000 -0.014533 0.002791 0.999890 0.000000 0.000000 0.000000 0.000000 1.000000
-0.759623 -0.650299 -0.009218 4.703162 0.650202 -0.759674 0.011535 0.000000 -0.014504 0.002768 0.999891 0.000000 0.000000 0.000000 0.000000 1.000000
-0.756967 -0.653389 -0.009151 4.703162 0.653293 -0.757018 0.011477 0.000000 -0.014427 0.002709 0.999892 -0.000000 0.000000 0.000000 0.000000 1.000000
-0.753246 -0.657676 -0.009058 4.703162 0.657583 -0.753296 0.011396 0.000000 -0.014319 0.002628 0.999894 0.000000 0.000000 0.000000 0.000000 1.000000
-0.749072 -0.662428 -0.008955 4.703162 0.662337 -0.749121 0.011306 0.000000 -0.014198 0.002537 0.999896 0.000000 0.000000 0.000000 0.000000 1.000000
-0.745131 -0.666859 -0.008859 4.703162 0.666769 -0.745180 0.011220 0.000000 -0.014084 0.002454 0.999898 -0.000000 0.000000 0.000000 0.000000 1.000000
-0.742183 -0.670140 -0.008788 4.703162 0.670052 -0.742231 0.011156 0.000000 -0.013999 0.002392 0.999899 0.000000 0.000000 0.000000 0.000000 1.000000
-0.741024 -0.671421 -0.008760 4.703162 0.671333 -0.741072 0.011131 0.000000 -0.013966 0.002367 0.999900 0.000000 0.000000 0.000000 0.000000 1.000000</float_array><technique_common><accessor source="#scythe01_jnt-Matrix-animation-output-transform-array" count="15" stride="16"><param type="float4x4"/></accessor></technique_common></source><source id="scythe01_jnt-Interpolations"><Name_array id="scythe01_jnt-Interpolations-array" count="15">
 LINEAR LINEAR LINEAR LINEAR LINEAR LINEAR LINEAR LINEAR LINEAR LINEAR LINEAR
LINEAR LINEAR LINEAR LINEAR</Name_array><technique_common><accessor source="#scythe01_jnt-Interpolations-array" count="15"><param type="name"/></accessor></technique_common></source><sampler id="scythe01_jnt-Matrix-animation-transform"><input semantic="INPUT" source="#scythe01_jnt-Matrix-animation-input"/><input semantic="OUTPUT" source="#scythe01_jnt-Matrix-animation-output-transform"/><input semantic="INTERPOLATION" source="#scythe01_jnt-Interpolations"/></sampler><channel source="#scythe01_jnt-Matrix-animation-transform" target="scythe01_jnt/matrix"/></animation></animation>
    <animation id="scythe02_jnt-anim" name="scythe02_jnt"><animation><source id="scythe02_jnt-Matrix-animation-input"><float_array id="scythe02_jnt-Matrix-animation-input-array" count="15">

0.000000 0.033333 0.066667 0.100000 0.133333 0.166667 0.200000 0.233333 0.266667 0.300000 0.333333 0.366667 0.400000 0.433333 0.466667</float_array><technique_common><accessor source="#scythe02_jnt-Matrix-animation-input-array" count="15"><param name="TIME" type="float"/></accessor></technique_common></source><source id="scythe02_jnt-Matrix-animation-output-transform"><float_array id="scythe02_jnt-Matrix-animation-output-transform-array" count="240">

0.923010 -0.384685 0.008339 2.551548 0.384685 0.923047 0.001668 0.000000 -0.008339 0.001668 0.999964 0.000000 0.000000 0.000000 0.000000 1.000000
0.923010 -0.384685 0.008339 2.551548 0.384685 0.923047 0.001668 0.000000 -0.008339 0.001668 0.999964 -0.000000 0.000000 0.000000 0.000000 1.000000
0.923010 -0.384685 0.008339 2.551548 0.384685 0.923047 0.001668 0.000000 -0.008339 0.001668 0.999964 0.000000 0.000000 0.000000 0.000000 1.000000
0.923010 -0.384685 0.008339 2.551548 0.384685 0.923047 0.001668 0.000000 -0.008339 0.001668 0.999964 -0.000000 0.000000 0.000000 0.000000 1.000000
0.923010 -0.384685 0.008339 2.551548 0.384685 0.923047 0.001668 0.000000 -0.008339 0.001668 0.999964 -0.000000 0.000000 0.000000 0.000000 1.000000
0.923010 -0.384685 0.008339 2.551548 0.384685 0.923047 0.001668 0.000000 -0.008339 0.001668 0.999964 0.000000 0.000000 0.000000 0.000000 1.000000
