<?xml version="1.0" encoding="utf-8"?>
<COLLADA xmlns="http://www.collada.org/2005/11/COLLADASchema" version="1.4.1">
  <asset><contributor><author></author><authoring_tool>FBX COLLADA exporter</authoring_tool><comments></comments></contributor><created>2020-03-27T16:32:35Z</created><keywords></keywords><modified>2020-03-27T16:32:35Z</modified><revision></revision><subject></subject><title></title><unit meter="0.010000" name="centimeter"></unit><up_axis>Y_UP</up_axis></asset>
  <library_animations>
    <animation id="root_jnt-anim" name="root_jnt"><animation><source id="root_jnt-Matrix-animation-input"><float_array id="root_jnt-Matrix-animation-input-array" count="61">

0.000000 0.033333 0.066667 0.100000 0.133333 0.166667 0.200000 0.233333 0.266667 0.300000 0.333333 0.366667 0.400000 0.433333 0.466667 0.500000
0.533333 0.566667 0.600000 0.633333 0.666667 0.700000 0.733333 0.766667 0.800000 0.833333 0.866667 0.900000 0.933333 0.966667 1.000000 1.033333
1.066667 1.100000 1.133333 1.166667 1.200000 1.233333 1.266667 1.300000 1.333333 1.366667 1.400000 1.433333 1.466667 1.500000 1.533333 1.566667
1.600000 1.633333 1.666667 1.700000 1.733333 1.766667 1.800000 1.833333 1.866667 1.900000 1.933333 1.966667 2.000000</float_array><technique_common><accessor source="#root_jnt-Matrix-animation-input-array" count="61"><param name="TIME" type="float"/></accessor></technique_common></source><source id="root_jnt-Matrix-animation-output-transform"><float_array id="root_jnt-Matrix-animation-output-transform-array" count="976">

1.000000 0.000000 0.000000 0.000000 0.000000 1.000000 0.000000 0.000000 0.000000 0.000000 1.000000 0.000000 0.000000 0.000000 0.000000 1.000000
1.000000 0.000000 0.000000 0.000000 0.000000 1.000000 0.000000 0.000000 0.000000 0.000000 1.000000 0.000000 0.000000 0.000000 0.000000 1.000000
1.000000 0.000000 0.000000 0.000000 0.000000 1.000000 0.000000 0.000000 0.000000 0.000000 1.000000 0.000000 0.000000 0.000000 0.000000 1.000000
1.000000 0.000000 0.000000 0.000000 0.000000 1.000000 0.000000 0.000000 0.000000 0.000000 1.000000 0.000000 0.000000 0.000000 0.000000 1.000000
1.000000 0.000000 0.000000 0.000000 0.000000 1.000000 0.000000 0.000000 0.000000 0.000000 1.000000 0.000000 0.000000 0.000000 0.000000 1.000000
1.000000 0.000000 0.000000 0.000000 0.000000 1.000000 0.000000 0.000000 0.000000 0.000000 1.000000 0.000000 0.000000 0.000000 0.000000 1.000000
1.000000 0.000000 0.000000 0.000000 0.000000 1.000000 0.000000 0.000000 0.000000 0.000000 1.000000 0.000000 0.000000 0.000000 0.000000 1.000000
1.000000 0.000000 0.000000 0.000000 0.000000 1.000000 0.000000 0.000000 0.000000 0.000000 1.000000 0.000000 0.000000 0.000000 0.000000 1.000000
1.000000 0.000000 0.000000 0.000000 0.000000 1.000000 0.000000 0.000000 0.000000 0.000000 1.000000 0.000000 0.000000 0.000000 0.000000 1.000000
1.000000 0.000000 0.000000 0.000000 0.000000 1.000000 0.000000 0.000000 0.000000 0.000000 1.000000 0.000000 0.000000 0.000000 0.000000 1.000000
1.000000 0.000000 0.000000 0.000000 0.000000 1.000000 0.000000 0.000000 0.000000 0.000000 1.000000 0.000000 0.000000 0.000000 0.000000 1.000000
1.000000 0.000000 0.000000 0.000000 0.000000 1.000000 0.000000 0.000000 0.000000 0.000000 1.000000 0.000000 0.000000 0.000000 0.000000 1.000000
1.000000 0.000000 0.000000 0.000000 0.000000 1.000000 0.000000 0.000000 0.000000 0.000000 1.000000 0.000000 0.000000 0.000000 0.000000 1.000000
1.000000 0.000000 0.000000 0.000000 0.000000 1.000000 0.000000 0.000000 0.000000 0.000000 1.000000 0.000000 0.000000 0.000000 0.000000 1.000000
1.000000 0.000000 0.000000 0.000000 0.000000 1.000000 0.000000 0.000000 0.000000 0.000000 1.000000 0.000000 0.000000 0.000000 0.000000 1.000000
1.000000 0.000000 0.000000 0.000000 0.000000 1.000000 0.000000 0.000000 0.000000 0.000000 1.000000 0.000000 0.000000 0.000000 0.000000 1.000000
1.000000 0.000000 0.000000 0.000000 0.000000 1.000000 0.000000 0.000000 0.000000 0.000000 1.000000 0.000000 0.000000 0.000000 0.000000 1.000000
1.000000 0.000000 0.000000 0.000000 0.000000 1.000000 0.000000 0.000000 0.000000 0.000000 1.000000 0.000000 0.000000 0.000000 0.000000 1.000000
1.000000 0.000000 0.000000 0.000000 0.000000 1.000000 0.000000 0.000000 0.000000 0.000000 1.000000 0.000000 0.000000 0.000000 0.000000 1.000000
1.000000 0.000000 0.000000 0.000000 0.000000 1.000000 0.000000 0.000000 0.000000 0.000000 1.000000 0.000000 0.000000 0.000000 0.000000 1.000000
1.000000 0.000000 0.000000 0.000000 0.000000 1.000000 0.000000 0.000000 0.000000 0.000000 1.000000 0.000000 0.000000 0.000000 0.000000 1.000000
1.000000 0.000000 0.000000 0.000000 0.000000 1.000000 0.000000 0.000000 0.000000 0.000000 1.000000 0.000000 0.000000 0.000000 0.000000 1.000000
1.000000 0.000000 0.000000 0.000000 0.000000 1.000000 0.000000 0.000000 0.000000 0.000000 1.000000 0.000000 0.000000 0.000000 0.000000 1.000000
1.000000 0.000000 0.000000 0.000000 0.000000 1.000000 0.000000 0.000000 0.000000 0.000000 1.000000 0.000000 0.000000 0.000000 0.000000 1.000000
1.000000 0.000000 0.000000 0.000000 0.000000 1.000000 0.000000 0.000000 0.000000 0.000000 1.000000 0.000000 0.000000 0.000000 0.000000 1.000000
1.000000 0.000000 0.000000 0.000000 0.000000 1.000000 0.000000 0.000000 0.000000 0.000000 1.000000 0.000000 0.000000 0.000000 0.000000 1.000000
1.000000 0.000000 0.000000 0.000000 0.000000 1.000000 0.000000 0.000000 0.000000 0.000000 1.000000 0.000000 0.000000 0.000000 0.000000 1.000000
1.000000 0.000000 0.000000 0.000000 0.000000 1.000000 0.000000 0.000000 0.000000 0.000000 1.000000 0.000000 0.000000 0.000000 0.000000 1.000000
1.000000 0.000000 0.000000 0.000000 0.000000 1.000000 0.000000 0.000000 0.000000 0.000000 1.000000 0.000000 0.000000 0.000000 0.000000 1.000000
1.000000 0.000000 0.000000 0.000000 0.000000 1.000000 0.000000 0.000000 0.000000 0.000000 1.000000 0.000000 0.000000 0.000000 0.000000 1.000000
1.000000 0.000000 0.000000 0.000000 0.000000 1.000000 0.000000 0.000000 0.000000 0.000000 1.000000 0.000000 0.000000 0.000000 0.000000 1.000000
1.000000 0.000000 0.000000 0.000000 0.000000 1.000000 0.000000 0.000000 0.000000 0.000000 1.000000 0.000000 0.000000 0.000000 0.000000 1.000000
1.000000 0.000000 0.000000 0.000000 0.000000 1.000000 0.000000 0.000000 0.000000 0.000000 1.000000 0.000000 0.000000 0.000000 0.000000 1.000000
1.000000 0.000000 0.000000 0.000000 0.000000 1.000000 0.000000 0.000000 0.000000 0.000000 1.000000 0.000000 0.000000 0.000000 0.000000 1.000000
1.000000 0.000000 0.000000 0.000000 0.000000 1.000000 0.000000 0.000000 0.000000 0.000000 1.000000 0.000000 0.000000 0.000000 0.000000 1.000000
1.000000 0.000000 0.000000 0.000000 0.000000 1.000000 0.000000 0.000000 0.000000 0.000000 1.000000 0.000000 0.000000 0.000000 0.000000 1.000000
1.000000 0.000000 0.000000 0.000000 0.000000 1.000000 0.000000 0.000000 0.000000 0.000000 1.000000 0.000000 0.000000 0.000000 0.000000 1.000000
1.000000 0.000000 0.000000 0.000000 0.000000 1.000000 0.000000 0.000000 0.000000 0.000000 1.000000 0.000000 0.000000 0.000000 0.000000 1.000000
1.000000 0.000000 0.000000 0.000000 0.000000 1.000000 0.000000 0.000000 0.000000 0.000000 1.000000 0.000000 0.000000 0.000000 0.000000 1.000000
1.000000 0.000000 0.000000 0.000000 0.000000 1.000000 0.000000 0.000000 0.000000 0.000000 1.000000 0.000000 0.000000 0.000000 0.000000 1.000000
1.000000 0.000000 0.000000 0.000000 0.000000 1.000000 0.000000 0.000000 0.000000 0.000000 1.000000 0.000000 0.000000 0.000000 0.000000 1.000000
1.000000 0.000000 0.000000 0.000000 0.000000 1.000000 0.000000 0.000000 0.000000 0.000000 1.000000 0.000000 0.000000 0.000000 0.000000 1.000000
1.000000 0.000000 0.000000 0.000000 0.000000 1.000000 0.000000 0.000000 0.000000 0.000000 1.000000 0.000000 0.000000 0.000000 0.000000 1.000000
1.000000 0.000000 0.000000 0.000000 0.000000 1.000000 0.000000 0.000000 0.000000 0.000000 1.000000 0.000000 0.000000 0.000000 0.000000 1.000000
1.000000 0.000000 0.000000 0.000000 0.000000 1.000000 0.000000 0.000000 0.000000 0.000000 1.000000 0.000000 0.000000 0.000000 0.000000 1.000000
1.000000 0.000000 0.000000 0.000000 0.000000 1.000000 0.000000 0.000000 0.000000 0.000000 1.000000 0.000000 0.000000 0.000000 0.000000 1.000000
1.000000 0.000000 0.000000 0.000000 0.000000 1.000000 0.000000 0.000000 0.000000 0.000000 1.000000 0.000000 0.000000 0.000000 0.000000 1.000000
1.000000 0.000000 0.000000 0.000000 0.000000 1.000000 0.000000 0.000000 0.000000 0.000000 1.000000 0.000000 0.000000 0.000000 0.000000 1.000000
1.000000 0.000000 0.000000 0.000000 0.000000 1.000000 0.000000 0.000000 0.000000 0.000000 1.000000 0.000000 0.000000 0.000000 0.000000 1.000000
1.000000 0.000000 0.000000 0.000000 0.000000 1.000000 0.000000 0.000000 0.000000 0.000000 1.000000 0.000000 0.000000 0.000000 0.000000 1.000000
1.000000 0.000000 0.000000 0.000000 0.000000 1.000000 0.000000 0.000000 0.000000 0.000000 1.000000 0.000000 0.000000 0.000000 0.000000 1.000000
1.000000 0.000000 0.000000 0.000000 0.000000 1.000000 0.000000 0.000000 0.000000 0.000000 1.000000 0.000000 0.000000 0.000000 0.000000 1.000000
1.000000 0.000000 0.000000 0.000000 0.000000 1.000000 0.000000 0.000000 0.000000 0.000000 1.000000 0.000000 0.000000 0.000000 0.000000 1.000000
1.000000 0.000000 0.000000 0.000000 0.000000 1.000000 0.000000 0.000000 0.000000 0.000000 1.000000 0.000000 0.000000 0.000000 0.000000 1.000000
1.000000 0.000000 0.000000 0.000000 0.000000 1.000000 0.000000 0.000000 0.000000 0.000000 1.000000 0.000000 0.000000 0.000000 0.000000 1.000000
1.000000 0.000000 0.000000 0.000000 0.000000 1.000000 0.000000 0.000000 0.000000 0.000000 1.000000 0.000000 0.000000 0.000000 0.000000 1.000000
1.000000 0.000000 0.000000 0.000000 0.000000 1.000000 0.000000 0.000000 0.000000 0.000000 1.000000 0.000000 0.000000 0.000000 0.000000 1.000000
1.000000 0.000000 0.000000 0.000000 0.000000 1.000000 0.000000 0.000000 0.000000 0.000000 1.000000 0.000000 0.000000 0.000000 0.000000 1.000000
1.000000 0.000000 0.000000 0.000000 0.000000 1.000000 0.000000 0.000000 0.000000 0.000000 1.000000 0.000000 0.000000 0.000000 0.000000 1.000000
1.000000 0.000000 0.000000 0.000000 0.000000 1.000000 0.000000 0.000000 0.000000 0.000000 1.000000 0.000000 0.000000 0.000000 0.000000 1.000000
1.000000 0.000000 0.000000 0.000000 0.000000 1.000000 0.000000 0.000000 0.000000 0.000000 1.000000 0.000000 0.000000 0.000000 0.000000 1.000000</float_array><technique_common><accessor source="#root_jnt-Matrix-animation-output-transform-array" count="61" stride="16"><param type="float4x4"/></accessor></technique_common></source><source id="root_jnt-Interpolations"><Name_array id="root_jnt-Interpolations-array" count="61">
 LINEAR LINEAR LINEAR LINEAR LINEAR LINEAR LINEAR LINEAR LINEAR LINEAR LINEAR
LINEAR LINEAR LINEAR LINEAR LINEAR LINEAR LINEAR LINEAR LINEAR LINEAR LINEAR LINEAR
LINEAR LINEAR LINEAR LINEAR LINEAR LINEAR LINEAR LINEAR LINEAR LINEAR LINEAR LINEAR
LINEAR LINEAR LINEAR LINEAR LINEAR LINEAR LINEAR LINEAR LINEAR LINEAR LINEAR LINEAR
LINEAR LINEAR LINEAR LINEAR LINEAR LINEAR LINEAR LINEAR LINEAR LINEAR LINEAR LINEAR
LINEAR LINEAR</Name_array><technique_common><accessor source="#root_jnt-Interpolations-array" count="61"><param type="name"/></accessor></technique_common></source><sampler id="root_jnt-Matrix-animation-transform"><input semantic="INPUT" source="#root_jnt-Matrix-animation-input"/><input semantic="OUTPUT" source="#root_jnt-Matrix-animation-output-transform"/><input semantic="INTERPOLATION" source="#root_jnt-Interpolations"/></sampler><channel source="#root_jnt-Matrix-animation-transform" target="root_jnt/matrix"/></animation></animation>
    <animation id="jnt_spine2-anim" name="jnt_spine2"><animation><source id="jnt_spine2-Matrix-animation-input"><float_array id="jnt_spine2-Matrix-animation-input-array" count="61">

0.000000 0.033333 0.066667 0.100000 0.133333 0.166667 0.200000 0.233333 0.266667 0.300000 0.333333 0.366667 0.400000 0.433333 0.466667 0.500000
0.533333 0.566667 0.600000 0.633333 0.666667 0.700000 0.733333 0.766667 0.800000 0.833333 0.866667 0.900000 0.933333 0.966667 1.000000 1.033333
1.066667 1.100000 1.133333 1.166667 1.200000 1.233333 1.266667 1.300000 1.333333 1.366667 1.400000 1.433333 1.466667 1.500000 1.533333 1.566667
1.600000 1.633333 1.666667 1.700000 1.733333 1.766667 1.800000 1.833333 1.866667 1.900000 1.933333 1.966667 2.000000</float_array><technique_common><accessor source="#jnt_spine2-Matrix-animation-input-array" count="61"><param name="TIME" type="float"/></accessor></technique_common></source><source id="jnt_spine2-Matrix-animation-output-transform"><float_array id="jnt_spine2-Matrix-animation-output-transform-array" count="976">

0.993347 0.098515 -0.059644 -0.467351 -0.103505 0.990787 -0.087332 7.870280 0.050491 0.092925 0.994392 -0.307933 0.000000 0.000000 0.000000 1.000000
0.993869 0.098915 -0.049398 -0.453911 -0.102907 0.990953 -0.086156 7.855259 0.040429 0.090711 0.995056 -0.307933 0.000000 0.000000 0.000000 1.000000
0.994788 0.099797 -0.020907 -0.416751 -0.101200 0.991410 -0.082850 7.813729 0.012459 0.084534 0.996343 -0.307933 0.000000 0.000000 0.000000 1.000000
0.994686 0.100481 0.022435 -0.360617 -0.098467 0.992103 -0.077689 7.750993 -0.030064 0.075067 0.996725 -0.307933 0.000000 0.000000 0.000000 1.000000
0.991973 0.100211 0.077124 -0.290252 -0.094798 0.992967 -0.070916 7.672352 -0.083688 0.063036 0.994496 -0.307933 0.000000 0.000000 0.000000 1.000000
0.985325 0.098365 0.139493 -0.210399 -0.090332 0.993929 -0.062805 7.583108 -0.144824 0.049282 0.988229 -0.307933 0.000000 0.000000 0.000000 1.000000
0.974021 0.094602 0.205753 -0.125802 -0.085287 0.994908 -0.053700 7.488562 -0.209785 0.034757 0.977130 -0.307933 0.000000 0.000000 0.000000 1.000000
0.958142 0.088972 0.272119 -0.041206 -0.079956 0.995824 -0.044064 7.394016 -0.274903 0.020462 0.961254 -0.307933 0.000000 0.000000 0.000000 1.000000
0.938656 0.081938 0.334978 0.038647 -0.074689 0.996610 -0.034490 7.304771 -0.336668 0.007356 0.941595 -0.307933 0.000000 0.000000 0.000000 1.000000
0.917366 0.074347 0.391041 0.109013 -0.069860 0.997225 -0.025708 7.226130 -0.391867 -0.003735 0.920014 -0.307933 0.000000 0.000000 0.000000 1.000000
0.896732 0.067320 0.437423 0.165147 -0.065846 0.997657 -0.018554 7.163394 -0.437647 -0.012165 0.899064 -0.307933 0.000000 0.000000 0.000000 1.000000
0.879618 0.062118 0.471607 0.202306 -0.063004 0.997916 -0.013931 7.121865 -0.471490 -0.017459 0.881699 -0.307933 0.000000 0.000000 0.000000 1.000000
0.868944 0.059971 0.491263 0.215747 -0.061673 0.998015 -0.012747 7.106843 -0.491052 -0.019221 0.870918 -0.307933 0.000000 0.000000 0.000000 1.000000
0.862825 0.071181 0.500465 0.213520 -0.061241 0.997463 -0.036287 7.109667 -0.501779 0.000661 0.864996 -0.307933 0.000000 0.000000 0.000000 1.000000
0.857542 0.084520 0.507423 0.207043 -0.060885 0.996153 -0.063032 7.117899 -0.510799 0.023158 0.859388 -0.307933 0.000000 0.000000 0.000000 1.000000
0.853062 0.087924 0.514349 0.196620 -0.060617 0.995726 -0.069676 7.131185 -0.518277 0.028260 0.854746 -0.307933 0.000000 0.000000 0.000000 1.000000
0.849342 0.090867 0.519963 0.182553 -0.060451 0.995335 -0.075196 7.149167 -0.524370 0.032434 0.850873 -0.307933 0.000000 0.000000 0.000000 1.000000
0.846327 0.093421 0.524408 0.165147 -0.060398 0.994981 -0.079777 7.171491 -0.529229 0.035844 0.847721 -0.307933 0.000000 0.000000 0.000000 1.000000
0.843951 0.095672 0.527820 0.144704 -0.060469 0.994662 -0.083607 7.197800 -0.533002 0.038643 0.845231 -0.307933 0.000000 0.000000 0.000000 1.000000
0.842143 0.097715 0.530327 0.121530 -0.060674 0.994370 -0.086869 7.227738 -0.535830 0.040980 0.843331 -0.307933 0.000000 0.000000 0.000000 1.000000
0.840827 0.099650 0.532052 0.095926 -0.061023 0.994093 -0.089750 7.260950 -0.537853 0.042997 0.841942 -0.307933 0.000000 0.000000 0.000000 1.000000
0.839923 0.101583 0.533114 0.068198 -0.061528 0.993816 -0.092432 7.297079 -0.539207 0.044835 0.840979 -0.307933 0.000000 0.000000 0.000000 1.000000
0.839346 0.103624 0.533630 0.038647 -0.062197 0.993523 -0.095100 7.335769 -0.540028 0.046632 0.840354 -0.307933 0.000000 0.000000 0.000000 1.000000
0.839012 0.105882 0.533712 0.007579 -0.063041 0.993194 -0.097936 7.376665 -0.540449 0.048524 0.839976 -0.307933 0.000000 0.000000 0.000000 1.000000
0.838834 0.108470 0.533472 -0.024704 -0.064069 0.992809 -0.101123 7.419411 -0.540604 0.050647 0.839751 -0.307933 0.000000 0.000000 0.000000 1.000000
0.838725 0.111487 0.533020 -0.057897 -0.065292 0.992345 -0.104821 7.463650 -0.540626 0.053114 0.839584 -0.307933 0.000000 0.000000 0.000000 1.000000
0.849725 0.114767 0.514583 -0.091698 -0.068501 0.991779 -0.108081 7.509027 -0.522757 0.056590 0.850601 -0.307933 0.000000 0.000000 0.000000 1.000000
0.877297 0.117750 0.465280 -0.125802 -0.074818 0.991138 -0.109759 7.555185 -0.474081 0.061480 0.878332 -0.307933 0.000000 0.000000 0.000000 1.000000
0.911979 0.119883 0.392330 -0.159907 -0.083131 0.990512 -0.109430 7.601769 -0.401726 0.067183 0.913292 -0.307933 0.000000 0.000000 0.000000 1.000000
0.944993 0.120804 0.303966 -0.193707 -0.092168 0.989988 -0.106907 7.648423 -0.313837 0.073010 0.946666 -0.307933 0.000000 0.000000 0.000000 1.000000
0.970228 0.120434 0.210125 -0.226901 -0.100633 0.989625 -0.102546 7.694790 -0.220295 0.078347 0.972282 -0.307933 0.000000 0.000000 0.000000 1.000000
0.985362 0.118988 0.122081 -0.259183 -0.107420 0.989437 -0.097342 7.740516 -0.132374 0.082803 0.987735 -0.307933 0.000000 0.000000 0.000000 1.000000
0.991806 0.116894 0.051537 -0.290252 -0.111787 0.989389 -0.092804 7.785244 -0.061838 0.086282 0.994350 -0.307933 0.000000 0.000000 0.000000 1.000000
0.993352 0.114695 0.009870 -0.319802 -0.113340 0.989412 -0.090651 7.828617 -0.020162 0.088930 0.995834 -0.307933 0.000000 0.000000 0.000000 1.000000
0.993555 0.112897 -0.010117 -0.347531 -0.113350 0.989436 -0.090376 7.870280 -0.000193 0.090940 0.995856 -0.307933 0.000000 0.000000 0.000000 1.000000
0.993475 0.111532 -0.023833 -0.373134 -0.113246 0.989464 -0.090203 7.927267 0.013522 0.092314 0.995638 -0.307933 0.000000 0.000000 0.000000 1.000000
0.993346 0.110447 -0.032632 -0.396309 -0.112975 0.989524 -0.089883 8.006506 0.022363 0.092971 0.995418 -0.307933 0.000000 0.000000 0.000000 1.000000
0.993269 0.109691 -0.037209 -0.416751 -0.112466 0.990164 -0.083232 8.092489 0.027714 0.086857 0.995835 -0.307933 0.000000 0.000000 0.000000 1.000000
0.993266 0.109676 -0.037331 -0.434158 -0.111642 0.992199 -0.055466 8.169707 0.030957 0.059260 0.997762 -0.307933 0.000000 0.000000 0.000000 1.000000
0.993321 0.109791 -0.035485 -0.448224 -0.110420 0.993752 -0.016288 8.222650 0.033475 0.020097 0.999237 -0.307933 0.000000 0.000000 0.000000 1.000000
0.993397 0.109452 -0.034385 -0.458648 -0.108715 0.993815 0.022638 8.230665 0.036650 -0.018750 0.999152 -0.307933 0.000000 0.000000 0.000000 1.000000
0.993438 0.108313 -0.036744 -0.465125 -0.106440 0.993081 0.049604 8.060398 0.041862 -0.045367 0.998093 -0.307933 0.000000 0.000000 0.000000 1.000000
0.993347 0.105827 -0.045422 -0.467351 -0.103505 0.993333 0.050760 7.713711 0.050491 -0.045721 0.997677 -0.307933 0.000000 0.000000 0.000000 1.000000
0.993315 0.093737 -0.067365 -0.461577 -0.093670 0.995595 0.004164 7.264452 0.067458 0.002174 0.997720 -0.305187 0.000000 0.000000 0.000000 1.000000
0.992948 0.068552 -0.096716 -0.445143 -0.076307 0.993957 -0.078903 6.786474 0.090723 0.085727 0.992180 -0.297373 0.000000 0.000000 0.000000 1.000000
0.991992 0.038445 -0.120304 -0.419382 -0.059781 0.982009 -0.179121 6.353627 0.111253 0.184879 0.976444 -0.285123 0.000000 0.000000 0.000000 1.000000
0.991379 0.016852 -0.129940 -0.385626 -0.052429 0.959865 -0.275519 6.039762 0.120082 0.279956 0.952473 -0.269072 0.000000 0.000000 0.000000 1.000000
0.991747 0.010822 -0.127754 -0.345207 -0.055144 0.935560 -0.348836 5.918729 0.115746 0.353002 0.928435 -0.249852 0.000000 0.000000 0.000000 1.000000
0.992574 0.016272 -0.120547 -0.299459 -0.061629 0.921674 -0.383040 5.937744 0.104872 0.387625 0.915832 -0.228099 0.000000 0.000000 0.000000 1.000000
0.993462 0.029517 -0.110283 -0.249713 -0.069383 0.923237 -0.377916 5.990678 0.090662 0.383097 0.919248 -0.204444 0.000000 0.000000 0.000000 1.000000
0.994190 0.043263 -0.098565 -0.197302 -0.075895 0.931074 -0.356848 6.071365 0.076333 0.362255 0.928948 -0.179522 0.000000 0.000000 0.000000 1.000000
0.994773 0.053078 -0.087230 -0.143558 -0.078652 0.943092 -0.323096 6.173636 0.065116 0.328268 0.942337 -0.153967 0.000000 0.000000 0.000000 1.000000
0.995528 0.057072 -0.075279 -0.089815 -0.076002 0.957150 -0.279442 6.291326 0.056105 0.283914 0.957207 -0.128411 0.000000 0.000000 0.000000 1.000000
0.996544 0.056218 -0.061148 -0.037404 -0.068815 0.971055 -0.228728 6.418266 0.046519 0.232146 0.971568 -0.103489 0.000000 0.000000 0.000000 1.000000
0.997617 0.051025 -0.046451 0.012342 -0.058373 0.983051 -0.173794 6.548289 0.036796 0.176091 0.983686 -0.079835 0.000000 0.000000 0.000000 1.000000
0.998568 0.042397 -0.032626 0.058091 -0.045965 0.991975 -0.117784 6.675229 0.027371 0.119115 0.992503 -0.058081 0.000000 0.000000 0.000000 1.000000
0.999284 0.031619 -0.020761 0.098509 -0.032891 0.997402 -0.064097 6.792919 0.018680 0.064734 0.997728 -0.038861 0.000000 0.000000 0.000000 1.000000
0.999729 0.020268 -0.011495 0.132265 -0.020453 0.999658 -0.016266 6.895190 0.011162 0.016496 0.999802 -0.022810 0.000000 0.000000 0.000000 1.000000
0.999937 0.010071 -0.005030 0.158027 -0.009957 0.999705 0.022160 6.975876 0.005251 -0.022108 0.999742 -0.010560 0.000000 0.000000 0.000000 1.000000
0.999995 0.002769 -0.001255 0.174461 -0.002706 0.998858 0.047698 7.028811 0.001385 -0.047694 0.998861 -0.002746 0.000000 0.000000 0.000000 1.000000
1.000000 0.000000 0.000000 0.180235 0.000000 0.998377 0.056954 7.047826 0.000000 -0.056954 0.998377 -0.000000 0.000000 0.000000 0.000000 1.000000</float_array><technique_common><accessor source="#jnt_spine2-Matrix-animation-output-transform-array" count="61" stride="16"><param type="float4x4"/></accessor></technique_common></source><source id="jnt_spine2-Interpolations"><Name_array id="jnt_spine2-Interpolations-array" count="61">
 LINEAR LINEAR LINEAR LINEAR LINEAR LINEAR LINEAR LINEAR LINEAR LINEAR LINEAR
LINEAR LINEAR LINEAR LINEAR LINEAR LINEAR LINEAR LINEAR LINEAR LINEAR LINEAR LINEAR
LINEAR LINEAR LINEAR LINEAR LINEAR LINEAR LINEAR LINEAR LINEAR LINEAR LINEAR LINEAR
LINEAR LINEAR LINEAR LINEAR LINEAR LINEAR LINEAR LINEAR LINEAR LINEAR LINEAR LINEAR
LINEAR LINEAR LINEAR LINEAR LINEAR LINEAR LINEAR LINEAR LINEAR LINEAR LINEAR LINEAR
LINEAR LINEAR</Name_array><technique_common><accessor source="#jnt_spine2-Interpolations-array" count="61"><param type="name"/></accessor></technique_common></source><sampler id="jnt_spine2-Matrix-animation-transform"><input semantic="INPUT" source="#jnt_spine2-Matrix-animation-input"/><input semantic="OUTPUT" source="#jnt_spine2-Matrix-animation-output-transform"/><input semantic="INTERPOLATION" source="#jnt_spine2-Interpolations"/></sampler><channel source="#jnt_spine2-Matrix-animation-transform" target="jnt_spine2/matrix"/></animation></animation>
    <animation id="neck_jnt-anim" name="neck_jnt"><animation><source id="neck_jnt-Matrix-animation-input"><float_array id="neck_jnt-Matrix-animation-input-array" count="61">

0.000000 0.033333 0.066667 0.100000 0.133333 0.166667 0.200000 0.233333 0.266667 0.300000 0.333333 0.366667 0.400000 0.433333 0.466667 0.500000
0.533333 0.566667 0.600000 0.633333 0.666667 0.700000 0.733333 0.766667 0.800000 0.833333 0.866667 0.900000 0.933333 0.966667 1.000000 1.033333
1.066667 1.100000 1.133333 1.166667 1.200000 1.233333 1.266667 1.300000 1.333333 1.366667 1.400000 1.433333 1.466667 1.500000 1.533333 1.566667
1.600000 1.633333 1.666667 1.700000 1.733333 1.766667 1.800000 1.833333 1.866667 1.900000 1.933333 1.966667 2.000000</float_array><technique_common><accessor source="#neck_jnt-Matrix-animation-input-array" count="61"><param name="TIME" type="float"/></accessor></technique_common></source><source id="neck_jnt-Matrix-animation-output-transform"><float_array id="neck_jnt-Matrix-animation-output-transform-array" count="976">

1.000000 -0.000000 0.000000 1.220000 0.000000 1.000000 0.000000 2.357033 -0.000000 -0.000000 1.000000 2.698746 0.000000 0.000000 0.000000 1.000000
1.000000 -0.000000 0.000000 1.220000 0.000000 1.000000 0.000000 2.357033 -0.000000 -0.000000 1.000000 2.698746 0.000000 0.000000 0.000000 1.000000
1.000000 -0.000000 0.000000 1.220000 0.000000 1.000000 0.000000 2.357033 -0.000000 -0.000000 1.000000 2.698746 0.000000 0.000000 0.000000 1.000000
1.000000 -0.000000 0.000000 1.220000 0.000000 1.000000 0.000000 2.357033 -0.000000 -0.000000 1.000000 2.698746 0.000000 0.000000 0.000000 1.000000
1.000000 -0.000000 0.000000 1.220000 0.000000 1.000000 0.000000 2.357033 -0.000000 -0.000000 1.000000 2.698746 0.000000 0.000000 0.000000 1.000000
1.000000 -0.000000 0.000000 1.220000 0.000000 1.000000 0.000000 2.357033 -0.000000 -0.000000 1.000000 2.698746 0.000000 0.000000 0.000000 1.000000
1.000000 -0.000000 0.000000 1.220000 0.000000 1.000000 0.000000 2.357033 -0.000000 -0.000000 1.000000 2.698746 0.000000 0.000000 0.000000 1.000000
1.000000 -0.000000 0.000000 1.220000 0.000000 1.000000 0.000000 2.357033 -0.000000 -0.000000 1.000000 2.698746 0.000000 0.000000 0.000000 1.000000
1.000000 -0.000000 0.000000 1.220000 0.000000 1.000000 0.000000 2.357033 -0.000000 -0.000000 1.000000 2.698746 0.000000 0.000000 0.000000 1.000000
1.000000 -0.000000 0.000000 1.220000 0.000000 1.000000 0.000000 2.357033 -0.000000 -0.000000 1.000000 2.698746 0.000000 0.000000 0.000000 1.000000
1.000000 -0.000000 0.000000 1.220000 0.000000 1.000000 0.000000 2.357033 -0.000000 -0.000000 1.000000 2.698746 0.000000 0.000000 0.000000 1.000000
1.000000 -0.000000 0.000000 1.220000 0.000000 1.000000 0.000000 2.357033 -0.000000 -0.000000 1.000000 2.698746 0.000000 0.000000 0.000000 1.000000
1.000000 -0.000000 0.000000 1.220000 0.000000 1.000000 0.000000 2.357033 -0.000000 -0.000000 1.000000 2.698746 0.000000 0.000000 0.000000 1.000000
1.000000 -0.000000 0.000000 1.220000 0.000000 1.000000 0.000000 2.357033 -0.000000 -0.000000 1.000000 2.698746 0.000000 0.000000 0.000000 1.000000
1.000000 -0.000000 0.000000 1.220000 0.000000 1.000000 0.000000 2.357033 -0.000000 -0.000000 1.000000 2.698746 0.000000 0.000000 0.000000 1.000000
1.000000 -0.000000 0.000000 1.220000 0.000000 1.000000 0.000000 2.357033 -0.000000 -0.000000 1.000000 2.698746 0.000000 0.000000 0.000000 1.000000
1.000000 -0.000000 0.000000 1.220000 0.000000 1.000000 0.000000 2.357033 -0.000000 -0.000000 1.000000 2.698746 0.000000 0.000000 0.000000 1.000000
1.000000 -0.000000 0.000000 1.220000 0.000000 1.000000 0.000000 2.357033 -0.000000 -0.000000 1.000000 2.698746 0.000000 0.000000 0.000000 1.000000
1.000000 -0.000000 0.000000 1.220000 0.000000 1.000000 0.000000 2.357033 -0.000000 -0.000000 1.000000 2.698746 0.000000 0.000000 0.000000 1.000000
1.000000 -0.000000 0.000000 1.220000 0.000000 1.000000 0.000000 2.357033 -0.000000 -0.000000 1.000000 2.698746 0.000000 0.000000 0.000000 1.000000
1.000000 -0.000000 0.000000 1.220000 0.000000 1.000000 0.000000 2.357033 -0.000000 -0.000000 1.000000 2.698746 0.000000 0.000000 0.000000 1.000000
1.000000 -0.000000 0.000000 1.220000 0.000000 1.000000 0.000000 2.357033 -0.000000 -0.000000 1.000000 2.698746 0.000000 0.000000 0.000000 1.000000
1.000000 -0.000000 0.000000 1.220000 0.000000 1.000000 0.000000 2.357033 -0.000000 -0.000000 1.000000 2.698746 0.000000 0.000000 0.000000 1.000000
1.000000 -0.000000 0.000000 1.220000 0.000000 1.000000 0.000000 2.357033 -0.000000 -0.000000 1.000000 2.698746 0.000000 0.000000 0.000000 1.000000
1.000000 -0.000000 0.000000 1.220000 0.000000 1.000000 0.000000 2.357033 -0.000000 -0.000000 1.000000 2.698746 0.000000 0.000000 0.000000 1.000000
1.000000 -0.000000 0.000000 1.220000 0.000000 1.000000 0.000000 2.357033 -0.000000 -0.000000 1.000000 2.698746 0.000000 0.000000 0.000000 1.000000
1.000000 -0.000000 0.000000 1.220000 0.000000 1.000000 0.000000 2.357033 -0.000000 -0.000000 1.000000 2.698746 0.000000 0.000000 0.000000 1.000000
1.000000 -0.000000 0.000000 1.220000 0.000000 1.000000 0.000000 2.357033 -0.000000 -0.000000 1.000000 2.698746 0.000000 0.000000 0.000000 1.000000
1.000000 -0.000000 0.000000 1.220000 0.000000 1.000000 0.000000 2.357033 -0.000000 -0.000000 1.000000 2.698746 0.000000 0.000000 0.000000 1.000000
1.000000 -0.000000 0.000000 1.220000 0.000000 1.000000 0.000000 2.357033 -0.000000 -0.000000 1.000000 2.698746 0.000000 0.000000 0.000000 1.000000
1.000000 -0.000000 0.000000 1.220000 0.000000 1.000000 0.000000 2.357033 -0.000000 -0.000000 1.000000 2.698746 0.000000 0.000000 0.000000 1.000000
1.000000 -0.000000 0.000000 1.220000 0.000000 1.000000 0.000000 2.357033 -0.000000 -0.000000 1.000000 2.698746 0.000000 0.000000 0.000000 1.000000
1.000000 -0.000000 0.000000 1.220000 0.000000 1.000000 0.000000 2.357033 -0.000000 -0.000000 1.000000 2.698746 0.000000 0.000000 0.000000 1.000000
1.000000 -0.000000 0.000000 1.220000 0.000000 1.000000 0.000000 2.357033 -0.000000 -0.000000 1.000000 2.698746 0.000000 0.000000 0.000000 1.000000
1.000000 -0.000000 0.000000 1.220000 0.000000 1.000000 0.000000 2.357033 -0.000000 -0.000000 1.000000 2.698746 0.000000 0.000000 0.000000 1.000000
1.000000 -0.000000 0.000000 1.220000 0.000000 1.000000 0.000000 2.357033 -0.000000 -0.000000 1.000000 2.698746 0.000000 0.000000 0.000000 1.000000
1.000000 -0.000000 0.000000 1.220000 0.000000 1.000000 0.000000 2.357033 -0.000000 -0.000000 1.000000 2.698746 0.000000 0.000000 0.000000 1.000000
1.000000 -0.000000 0.000000 1.220000 0.000000 1.000000 0.000000 2.357033 -0.000000 -0.000000 1.000000 2.698746 0.000000 0.000000 0.000000 1.000000
1.000000 -0.000000 0.000000 1.220000 0.000000 1.000000 0.000000 2.357033 -0.000000 -0.000000 1.000000 2.698746 0.000000 0.000000 0.000000 1.000000
1.000000 -0.000000 0.000000 1.220000 0.000000 1.000000 0.000000 2.357033 -0.000000 -0.000000 1.000000 2.698746 0.000000 0.000000 0.000000 1.000000
1.000000 -0.000000 0.000000 1.220000 0.000000 1.000000 0.000000 2.357033 -0.000000 -0.000000 1.000000 2.698746 0.000000 0.000000 0.000000 1.000000
1.000000 -0.000000 0.000000 1.220000 0.000000 1.000000 0.000000 2.357033 -0.000000 -0.000000 1.000000 2.698746 0.000000 0.000000 0.000000 1.000000
1.000000 -0.000000 0.000000 1.220000 0.000000 1.000000 0.000000 2.357033 -0.000000 -0.000000 1.000000 2.698746 0.000000 0.000000 0.000000 1.000000
1.000000 -0.000000 0.000000 1.198244 0.000000 1.000000 0.000000 2.357033 -0.000000 -0.000000 1.000000 2.698746 0.000000 0.000000 0.000000 1.000000
1.000000 -0.000000 0.000000 1.136324 0.000000 1.000000 0.000000 2.357033 -0.000000 -0.000000 1.000000 2.698746 0.000000 0.000000 0.000000 1.000000
1.000000 -0.000000 0.000000 1.039259 0.000000 1.000000 0.000000 2.357033 -0.000000 -0.000000 1.000000 2.698746 0.000000 0.000000 0.000000 1.000000
1.000000 -0.000000 0.000000 0.912071 0.000000 1.000000 0.000000 2.357033 -0.000000 -0.000000 1.000000 2.698746 0.000000 0.000000 0.000000 1.000000
1.000000 -0.000000 0.000000 0.759781 0.000000 1.000000 0.000000 2.357033 -0.000000 -0.000000 1.000000 2.698746 0.000000 0.000000 0.000000 1.000000
1.000000 -0.000000 0.000000 0.587407 0.000000 1.000000 0.000000 2.357033 -0.000000 -0.000000 1.000000 2.698746 0.000000 0.000000 0.000000 1.000000
1.000000 -0.000000 0.000000 0.399973 0.000000 1.000000 0.000000 2.357033 -0.000000 -0.000000 1.000000 2.698746 0.000000 0.000000 0.000000 1.000000
1.000000 -0.000000 0.000000 0.202497 0.000000 1.000000 0.000000 2.357033 -0.000000 -0.000000 1.000000 2.698746 0.000000 0.000000 0.000000 1.000000
1.000000 -0.000000 0.000000 -0.000000 0.000000 1.000000 0.000000 2.357033 -0.000000 -0.000000 1.000000 2.698746 0.000000 0.000000 0.000000 1.000000
1.000000 -0.000000 0.000000 -0.202497 0.000000 1.000000 0.000000 2.357033 -0.000000 -0.000000 1.000000 2.698746 0.000000 0.000000 0.000000 1.000000
1.000000 -0.000000 0.000000 -0.399973 0.000000 1.000000 0.000000 2.357033 -0.000000 -0.000000 1.000000 2.698746 0.000000 0.000000 0.000000 1.000000
1.000000 -0.000000 0.000000 -0.587407 0.000000 1.000000 0.000000 2.357033 -0.000000 -0.000000 1.000000 2.698746 0.000000 0.000000 0.000000 1.000000
1.000000 -0.000000 0.000000 -0.759781 0.000000 1.000000 0.000000 2.357033 -0.000000 -0.000000 1.000000 2.698746 0.000000 0.000000 0.000000 1.000000
1.000000 -0.000000 0.000000 -0.912071 0.000000 1.000000 0.000000 2.357033 -0.000000 -0.000000 1.000000 2.698746 0.000000 0.000000 0.000000 1.000000
1.000000 -0.000000 0.000000 -1.039259 0.000000 1.000000 0.000000 2.357033 -0.000000 -0.000000 1.000000 2.698746 0.000000 0.000000 0.000000 1.000000
1.000000 -0.000000 0.000000 -1.136324 0.000000 1.000000 0.000000 2.357033 -0.000000 -0.000000 1.000000 2.698746 0.000000 0.000000 0.000000 1.000000
1.000000 -0.000000 0.000000 -1.198244 0.000000 1.000000 0.000000 2.357033 -0.000000 -0.000000 1.000000 2.698746 0.000000 0.000000 0.000000 1.000000
1.000000 -0.000000 0.000000 -1.220000 0.000000 1.000000 0.000000 2.357033 -0.000000 -0.000000 1.000000 2.698746 0.000000 0.000000 0.000000 1.000000</float_array><technique_common><accessor source="#neck_jnt-Matrix-animation-output-transform-array" count="61" stride="16"><param type="float4x4"/></accessor></technique_common></source><source id="neck_jnt-Interpolations"><Name_array id="neck_jnt-Interpolations-array" count="61">
 LINEAR LINEAR LINEAR LINEAR LINEAR LINEAR LINEAR LINEAR LINEAR LINEAR LINEAR
LINEAR LINEAR LINEAR LINEAR LINEAR LINEAR LINEAR LINEAR LINEAR LINEAR LINEAR LINEAR
LINEAR LINEAR LINEAR LINEAR LINEAR LINEAR LINEAR LINEAR LINEAR LINEAR LINEAR LINEAR
LINEAR LINEAR LINEAR LINEAR LINEAR LINEAR LINEAR LINEAR LINEAR LINEAR LINEAR LINEAR
LINEAR LINEAR LINEAR LINEAR LINEAR LINEAR LINEAR LINEAR LINEAR LINEAR LINEAR LINEAR
LINEAR LINEAR</Name_array><technique_common><accessor source="#neck_jnt-Interpolations-array" count="61"><param type="name"/></accessor></technique_common></source><sampler id="neck_jnt-Matrix-animation-transform"><input semantic="INPUT" source="#neck_jnt-Matrix-animation-input"/><input semantic="OUTPUT" source="#neck_jnt-Matrix-animation-output-transform"/><input semantic="INTERPOLATION" source="#neck_jnt-Interpolations"/></sampler><channel source="#neck_jnt-Matrix-animation-transform" target="neck_jnt/matrix"/></animation></animation>
    <animation id="head_jnt-anim" name="head_jnt"><animation><source id="head_jnt-Matrix-animation-input"><float_array id="head_jnt-Matrix-animation-input-array" count="61">

0.000000 0.033333 0.066667 0.100000 0.133333 0.166667 0.200000 0.233333 0.266667 0.300000 0.333333 0.366667 0.400000 0.433333 0.466667 0.500000
0.533333 0.566667 0.600000 0.633333 0.666667 0.700000 0.733333 0.766667 0.800000 0.833333 0.866667 0.900000 0.933333 0.966667 1.000000 1.033333
1.066667 1.100000 1.133333 1.166667 1.200000 1.233333 1.266667 1.300000 1.333333 1.366667 1.400000 1.433333 1.466667 1.500000 1.533333 1.566667
1.600000 1.633333 1.666667 1.700000 1.733333 1.766667 1.800000 1.833333 1.866667 1.900000 1.933333 1.966667 2.000000</float_array><technique_common><accessor source="#head_jnt-Matrix-animation-input-array" count="61"><param name="TIME" type="float"/></accessor></technique_common></source><source id="head_jnt-Matrix-animation-output-transform"><float_array id="head_jnt-Matrix-animation-output-transform-array" count="976">

0.988620 -0.144264 0.042648 -0.068576 0.148715 0.979973 -0.132428 0.393787 -0.022689 0.137264 0.990275 0.070697 0.000000 0.000000 0.000000 1.000000
0.988515 -0.141779 0.052307 -0.068576 0.147613 0.980025 -0.133272 0.393787 -0.032367 0.139463 0.989698 0.070697 0.000000 0.000000 0.000000 1.000000
0.987738 -0.134684 0.078952 -0.068576 0.144498 0.980153 -0.135719 0.393787 -0.059106 0.145463 0.987597 0.070697 0.000000 0.000000 0.000000 1.000000
0.985203 -0.123352 0.118992 -0.068576 0.139614 0.980297 -0.139731 0.393787 -0.099412 0.154277 0.983014 0.070697 0.000000 0.000000 0.000000 1.000000
0.979716 -0.108122 0.168721 -0.068576 0.133219 0.980377 -0.145309 0.393787 -0.149699 0.164838 0.974894 0.070697 0.000000 0.000000 0.000000 1.000000
0.970390 -0.089500 0.224352 -0.068576 0.125646 0.980302 -0.152387 0.393787 -0.206294 0.176064 0.962520 0.070697 0.000000 0.000000 0.000000 1.000000
0.956944 -0.068289 0.282124 -0.068576 0.117330 0.979995 -0.160762 0.393787 -0.265502 0.186942 0.945813 0.070697 0.000000 0.000000 0.000000 1.000000
0.939876 -0.045638 0.338453 -0.068576 0.108790 0.979413 -0.170041 0.393787 -0.323725 0.196638 0.925492 0.070697 0.000000 0.000000 0.000000 1.000000
0.920495 -0.023024 0.390075 -0.068576 0.100595 0.978578 -0.179624 0.393787 -0.377584 0.204583 0.903093 0.070697 0.000000 0.000000 0.000000 1.000000
0.900835 -0.002180 0.434157 -0.068576 0.093321 0.977586 -0.188724 0.393787 -0.424014 0.210525 0.880847 0.070697 0.000000 0.000000 0.000000 1.000000
0.883450 0.015014 0.468284 -0.068576 0.087515 0.976607 -0.196415 0.393787 -0.460279 0.214505 0.861470 0.070697 0.000000 0.000000 0.000000 1.000000
0.871127 0.026654 0.490333 -0.068576 0.083681 0.975863 -0.201715 0.393787 -0.483874 0.216751 0.847871 0.070697 0.000000 0.000000 0.000000 1.000000
0.866512 0.030911 0.498198 -0.068576 0.082298 0.975574 -0.203672 0.393787 -0.492325 0.217485 0.842803 0.070697 0.000000 0.000000 0.000000 1.000000
0.866555 0.030464 0.498151 -0.068576 0.082662 0.975588 -0.203457 0.393787 -0.492188 0.217485 0.842883 0.070697 0.000000 0.000000 0.000000 1.000000
0.867003 0.029087 0.497453 -0.068576 0.083655 0.975631 -0.202846 0.393787 -0.491231 0.217482 0.843442 0.070697 0.000000 0.000000 0.000000 1.000000
0.868328 0.026724 0.495269 -0.068576 0.085127 0.975700 -0.201897 0.393787 -0.488630 0.217474 0.844953 0.070697 0.000000 0.000000 0.000000 1.000000
0.870987 0.023327 0.490751 -0.068576 0.086935 0.975793 -0.200675 0.393787 -0.483553 0.217448 0.847876 0.070697 0.000000 0.000000 0.000000 1.000000
0.875401 0.018848 0.483030 -0.068576 0.088931 0.975905 -0.199250 0.393787 -0.475147 0.217380 0.852632 0.070697 0.000000 0.000000 0.000000 1.000000
0.881928 0.013252 0.471198 -0.068576 0.090961 0.976034 -0.197698 0.393787 -0.462525 0.217216 0.859586 0.070697 0.000000 0.000000 0.000000 1.000000
0.890826 0.006520 0.454297 -0.068576 0.092856 0.976179 -0.196091 0.393787 -0.444754 0.216867 0.869001 0.070697 0.000000 0.000000 0.000000 1.000000
0.902211 -0.001337 0.431292 -0.068576 0.094418 0.976351 -0.194484 0.393787 -0.420832 0.216187 0.881001 0.070697 0.000000 0.000000 0.000000 1.000000
0.922417 -0.009501 0.386078 -0.068576 0.091564 0.976573 -0.194734 0.393787 -0.375183 0.214977 0.901678 0.070697 0.000000 0.000000 0.000000 1.000000
0.951256 -0.021197 0.307674 -0.068576 0.084926 0.977068 -0.195256 0.393787 -0.296479 0.211868 0.931242 0.070697 0.000000 0.000000 0.000000 1.000000
0.978241 -0.042131 0.203149 -0.068576 0.082081 0.977868 -0.192450 0.393787 -0.190545 0.204937 0.960049 0.070697 0.000000 0.000000 0.000000 1.000000
0.994288 -0.070883 0.079789 -0.068576 0.084794 0.978645 -0.187254 0.393787 -0.064812 0.192950 0.979066 0.070697 0.000000 0.000000 0.000000 1.000000
0.993507 -0.099960 -0.054333 -0.068576 0.088588 0.979327 -0.181853 0.393787 0.071388 0.175859 0.981823 0.070697 0.000000 0.000000 0.000000 1.000000
0.973819 -0.126293 -0.189013 -0.068576 0.092713 0.979830 -0.177026 0.393787 0.207557 0.154868 0.965886 0.070697 0.000000 0.000000 0.000000 1.000000
0.937822 -0.147944 -0.314011 -0.068576 0.096634 0.980138 -0.173178 0.393787 0.333395 0.132066 0.933492 0.070697 0.000000 0.000000 0.000000 1.000000
0.892299 -0.164284 -0.420492 -0.068576 0.100222 0.980280 -0.170316 0.393787 0.440179 0.109830 0.891167 0.070697 0.000000 0.000000 0.000000 1.000000
0.846884 -0.175828 -0.501868 -0.068576 0.103899 0.980277 -0.168111 0.393787 0.521528 0.090227 0.848450 0.070697 0.000000 0.000000 0.000000 1.000000
0.812237 -0.183794 -0.553617 -0.068576 0.108662 0.980126 -0.165966 0.393787 0.573118 0.074646 0.816066 0.070697 0.000000 0.000000 0.000000 1.000000
0.798079 -0.189564 -0.571957 -0.068576 0.115923 0.979795 -0.162981 0.393787 0.591297 0.063769 0.803929 0.070697 0.000000 0.000000 0.000000 1.000000
