<?xml version="1.0" encoding="utf-8"?>
<COLLADA xmlns="http://www.collada.org/2005/11/COLLADASchema" version="1.4.1">
  <asset><contributor><author></author><authoring_tool>FBX COLLADA exporter</authoring_tool><comments></comments></contributor><created>2020-03-23T23:52:42Z</created><keywords></keywords><modified>2020-03-23T23:52:42Z</modified><revision></revision><subject></subject><title></title><unit meter="0.010000" name="centimeter"></unit><up_axis>Y_UP</up_axis></asset>
  <library_animations>
    <animation id="root_jnt-anim" name="root_jnt"><animation><source id="root_jnt-Matrix-animation-input"><float_array id="root_jnt-Matrix-animation-input-array" count="55">

0.000000 0.033333 0.066667 0.100000 0.133333 0.166667 0.200000 0.233333 0.266667 0.300000 0.333333 0.366667 0.400000 0.433333 0.466667 0.500000
0.533333 0.566667 0.600000 0.633333 0.666667 0.700000 0.733333 0.766667 0.800000 0.833333 0.866667 0.900000 0.933333 0.966667 1.000000 1.033333
1.066667 1.100000 1.133333 1.166667 1.200000 1.233333 1.266667 1.300000 1.333333 1.366667 1.400000 1.433333 1.466667 1.500000 1.533333 1.566667
1.600000 1.633333 1.666667 1.700000 1.733333 1.766667 1.800000</float_array><technique_common><accessor source="#root_jnt-Matrix-animation-input-array" count="55"><param name="TIME" type="float"/></accessor></technique_common></source><source id="root_jnt-Matrix-animation-output-transform"><float_array id="root_jnt-Matrix-animation-output-transform-array" count="880">

1.000000 0.000000 0.000000 0.000000 0.000000 1.000000 0.000000 0.000000 0.000000 0.000000 1.000000 0.000000 0.000000 0.000000 0.000000 1.000000
1.000000 0.000000 0.000000 0.000000 0.000000 1.000000 0.000000 0.000000 0.000000 0.000000 1.000000 0.000000 0.000000 0.000000 0.000000 1.000000
1.000000 0.000000 0.000000 0.000000 0.000000 1.000000 0.000000 0.000000 0.000000 0.000000 1.000000 0.000000 0.000000 0.000000 0.000000 1.000000
1.000000 0.000000 0.000000 0.000000 0.000000 1.000000 0.000000 0.000000 0.000000 0.000000 1.000000 0.000000 0.000000 0.000000 0.000000 1.000000
1.000000 0.000000 0.000000 0.000000 0.000000 1.000000 0.000000 0.000000 0.000000 0.000000 1.000000 0.000000 0.000000 0.000000 0.000000 1.000000
1.000000 0.000000 0.000000 0.000000 0.000000 1.000000 0.000000 0.000000 0.000000 0.000000 1.000000 0.000000 0.000000 0.000000 0.000000 1.000000
1.000000 0.000000 0.000000 0.000000 0.000000 1.000000 0.000000 0.000000 0.000000 0.000000 1.000000 0.000000 0.000000 0.000000 0.000000 1.000000
1.000000 0.000000 0.000000 0.000000 0.000000 1.000000 0.000000 0.000000 0.000000 0.000000 1.000000 0.000000 0.000000 0.000000 0.000000 1.000000
1.000000 0.000000 0.000000 0.000000 0.000000 1.000000 0.000000 0.000000 0.000000 0.000000 1.000000 0.000000 0.000000 0.000000 0.000000 1.000000
1.000000 0.000000 0.000000 0.000000 0.000000 1.000000 0.000000 0.000000 0.000000 0.000000 1.000000 0.000000 0.000000 0.000000 0.000000 1.000000
1.000000 0.000000 0.000000 0.000000 0.000000 1.000000 0.000000 0.000000 0.000000 0.000000 1.000000 0.000000 0.000000 0.000000 0.000000 1.000000
1.000000 0.000000 0.000000 0.000000 0.000000 1.000000 0.000000 0.000000 0.000000 0.000000 1.000000 0.000000 0.000000 0.000000 0.000000 1.000000
1.000000 0.000000 0.000000 0.000000 0.000000 1.000000 0.000000 0.000000 0.000000 0.000000 1.000000 0.000000 0.000000 0.000000 0.000000 1.000000
1.000000 0.000000 0.000000 0.000000 0.000000 1.000000 0.000000 0.000000 0.000000 0.000000 1.000000 0.000000 0.000000 0.000000 0.000000 1.000000
1.000000 0.000000 0.000000 0.000000 0.000000 1.000000 0.000000 0.000000 0.000000 0.000000 1.000000 0.000000 0.000000 0.000000 0.000000 1.000000
1.000000 0.000000 0.000000 0.000000 0.000000 1.000000 0.000000 0.000000 0.000000 0.000000 1.000000 0.000000 0.000000 0.000000 0.000000 1.000000
1.000000 0.000000 0.000000 0.000000 0.000000 1.000000 0.000000 0.000000 0.000000 0.000000 1.000000 0.000000 0.000000 0.000000 0.000000 1.000000
1.000000 0.000000 0.000000 0.000000 0.000000 1.000000 0.000000 0.000000 0.000000 0.000000 1.000000 0.000000 0.000000 0.000000 0.000000 1.000000
1.000000 0.000000 0.000000 0.000000 0.000000 1.000000 0.000000 0.000000 0.000000 0.000000 1.000000 0.000000 0.000000 0.000000 0.000000 1.000000
1.000000 0.000000 0.000000 0.000000 0.000000 1.000000 0.000000 0.000000 0.000000 0.000000 1.000000 0.000000 0.000000 0.000000 0.000000 1.000000
1.000000 0.000000 0.000000 0.000000 0.000000 1.000000 0.000000 0.000000 0.000000 0.000000 1.000000 0.000000 0.000000 0.000000 0.000000 1.000000
1.000000 0.000000 0.000000 0.000000 0.000000 1.000000 0.000000 0.000000 0.000000 0.000000 1.000000 0.000000 0.000000 0.000000 0.000000 1.000000
1.000000 0.000000 0.000000 0.000000 0.000000 1.000000 0.000000 0.000000 0.000000 0.000000 1.000000 0.000000 0.000000 0.000000 0.000000 1.000000
1.000000 0.000000 0.000000 0.000000 0.000000 1.000000 0.000000 0.000000 0.000000 0.000000 1.000000 0.000000 0.000000 0.000000 0.000000 1.000000
1.000000 0.000000 0.000000 0.000000 0.000000 1.000000 0.000000 0.000000 0.000000 0.000000 1.000000 0.000000 0.000000 0.000000 0.000000 1.000000
1.000000 0.000000 0.000000 0.000000 0.000000 1.000000 0.000000 0.000000 0.000000 0.000000 1.000000 0.000000 0.000000 0.000000 0.000000 1.000000
1.000000 0.000000 0.000000 0.000000 0.000000 1.000000 0.000000 0.000000 0.000000 0.000000 1.000000 0.000000 0.000000 0.000000 0.000000 1.000000
1.000000 0.000000 0.000000 0.000000 0.000000 1.000000 0.000000 0.000000 0.000000 0.000000 1.000000 0.000000 0.000000 0.000000 0.000000 1.000000
1.000000 0.000000 0.000000 0.000000 0.000000 1.000000 0.000000 0.000000 0.000000 0.000000 1.000000 0.000000 0.000000 0.000000 0.000000 1.000000
1.000000 0.000000 0.000000 0.000000 0.000000 1.000000 0.000000 0.000000 0.000000 0.000000 1.000000 0.000000 0.000000 0.000000 0.000000 1.000000
1.000000 0.000000 0.000000 0.000000 0.000000 1.000000 0.000000 0.000000 0.000000 0.000000 1.000000 0.000000 0.000000 0.000000 0.000000 1.000000
1.000000 0.000000 0.000000 0.000000 0.000000 1.000000 0.000000 0.000000 0.000000 0.000000 1.000000 0.000000 0.000000 0.000000 0.000000 1.000000
1.000000 0.000000 0.000000 0.000000 0.000000 1.000000 0.000000 0.000000 0.000000 0.000000 1.000000 0.000000 0.000000 0.000000 0.000000 1.000000
1.000000 0.000000 0.000000 0.000000 0.000000 1.000000 0.000000 0.000000 0.000000 0.000000 1.000000 0.000000 0.000000 0.000000 0.000000 1.000000
1.000000 0.000000 0.000000 0.000000 0.000000 1.000000 0.000000 0.000000 0.000000 0.000000 1.000000 0.000000 0.000000 0.000000 0.000000 1.000000
1.000000 0.000000 0.000000 0.000000 0.000000 1.000000 0.000000 0.000000 0.000000 0.000000 1.000000 0.000000 0.000000 0.000000 0.000000 1.000000
1.000000 0.000000 0.000000 0.000000 0.000000 1.000000 0.000000 0.000000 0.000000 0.000000 1.000000 0.000000 0.000000 0.000000 0.000000 1.000000
1.000000 0.000000 0.000000 0.000000 0.000000 1.000000 0.000000 0.000000 0.000000 0.000000 1.000000 0.000000 0.000000 0.000000 0.000000 1.000000
1.000000 0.000000 0.000000 0.000000 0.000000 1.000000 0.000000 0.000000 0.000000 0.000000 1.000000 0.000000 0.000000 0.000000 0.000000 1.000000
1.000000 0.000000 0.000000 0.000000 0.000000 1.000000 0.000000 0.000000 0.000000 0.000000 1.000000 0.000000 0.000000 0.000000 0.000000 1.000000
1.000000 0.000000 0.000000 0.000000 0.000000 1.000000 0.000000 0.000000 0.000000 0.000000 1.000000 0.000000 0.000000 0.000000 0.000000 1.000000
1.000000 0.000000 0.000000 0.000000 0.000000 1.000000 0.000000 0.000000 0.000000 0.000000 1.000000 0.000000 0.000000 0.000000 0.000000 1.000000
1.000000 0.000000 0.000000 0.000000 0.000000 1.000000 0.000000 0.000000 0.000000 0.000000 1.000000 0.000000 0.000000 0.000000 0.000000 1.000000
1.000000 0.000000 0.000000 0.000000 0.000000 1.000000 0.000000 0.000000 0.000000 0.000000 1.000000 0.000000 0.000000 0.000000 0.000000 1.000000
1.000000 0.000000 0.000000 0.000000 0.000000 1.000000 0.000000 0.000000 0.000000 0.000000 1.000000 0.000000 0.000000 0.000000 0.000000 1.000000
1.000000 0.000000 0.000000 0.000000 0.000000 1.000000 0.000000 0.000000 0.000000 0.000000 1.000000 0.000000 0.000000 0.000000 0.000000 1.000000
1.000000 0.000000 0.000000 0.000000 0.000000 1.000000 0.000000 0.000000 0.000000 0.000000 1.000000 0.000000 0.000000 0.000000 0.000000 1.000000
1.000000 0.000000 0.000000 0.000000 0.000000 1.000000 0.000000 0.000000 0.000000 0.000000 1.000000 0.000000 0.000000 0.000000 0.000000 1.000000
1.000000 0.000000 0.000000 0.000000 0.000000 1.000000 0.000000 0.000000 0.000000 0.000000 1.000000 0.000000 0.000000 0.000000 0.000000 1.000000
1.000000 0.000000 0.000000 0.000000 0.000000 1.000000 0.000000 0.000000 0.000000 0.000000 1.000000 0.000000 0.000000 0.000000 0.000000 1.000000
1.000000 0.000000 0.000000 0.000000 0.000000 1.000000 0.000000 0.000000 0.000000 0.000000 1.000000 0.000000 0.000000 0.000000 0.000000 1.000000
1.000000 0.000000 0.000000 0.000000 0.000000 1.000000 0.000000 0.000000 0.000000 0.000000 1.000000 0.000000 0.000000 0.000000 0.000000 1.000000
1.000000 0.000000 0.000000 0.000000 0.000000 1.000000 0.000000 0.000000 0.000000 0.000000 1.000000 0.000000 0.000000 0.000000 0.000000 1.000000
1.000000 0.000000 0.000000 0.000000 0.000000 1.000000 0.000000 0.000000 0.000000 0.000000 1.000000 0.000000 0.000000 0.000000 0.000000 1.000000
1.000000 0.000000 0.000000 0.000000 0.000000 1.000000 0.000000 0.000000 0.000000 0.000000 1.000000 0.000000 0.000000 0.000000 0.000000 1.000000</float_array><technique_common><accessor source="#root_jnt-Matrix-animation-output-transform-array" count="55" stride="16"><param type="float4x4"/></accessor></technique_common></source><source id="root_jnt-Interpolations"><Name_array id="root_jnt-Interpolations-array" count="55">
 LINEAR LINEAR LINEAR LINEAR LINEAR LINEAR LINEAR LINEAR LINEAR LINEAR LINEAR
LINEAR LINEAR LINEAR LINEAR LINEAR LINEAR LINEAR LINEAR LINEAR LINEAR LINEAR LINEAR
LINEAR LINEAR LINEAR LINEAR LINEAR LINEAR LINEAR LINEAR LINEAR LINEAR LINEAR LINEAR
LINEAR LINEAR LINEAR LINEAR LINEAR LINEAR LINEAR LINEAR LINEAR LINEAR LINEAR LINEAR
LINEAR LINEAR LINEAR LINEAR LINEAR LINEAR LINEAR LINEAR</Name_array><technique_common><accessor source="#root_jnt-Interpolations-array" count="55"><param type="name"/></accessor></technique_common></source><sampler id="root_jnt-Matrix-animation-transform"><input semantic="INPUT" source="#root_jnt-Matrix-animation-input"/><input semantic="OUTPUT" source="#root_jnt-Matrix-animation-output-transform"/><input semantic="INTERPOLATION" source="#root_jnt-Interpolations"/></sampler><channel source="#root_jnt-Matrix-animation-transform" target="root_jnt/matrix"/></animation></animation>
    <animation id="jnt_spine2-anim" name="jnt_spine2"><animation><source id="jnt_spine2-Matrix-animation-input"><float_array id="jnt_spine2-Matrix-animation-input-array" count="55">

0.000000 0.033333 0.066667 0.100000 0.133333 0.166667 0.200000 0.233333 0.266667 0.300000 0.333333 0.366667 0.400000 0.433333 0.466667 0.500000
0.533333 0.566667 0.600000 0.633333 0.666667 0.700000 0.733333 0.766667 0.800000 0.833333 0.866667 0.900000 0.933333 0.966667 1.000000 1.033333
1.066667 1.100000 1.133333 1.166667 1.200000 1.233333 1.266667 1.300000 1.333333 1.366667 1.400000 1.433333 1.466667 1.500000 1.533333 1.566667
1.600000 1.633333 1.666667 1.700000 1.733333 1.766667 1.800000</float_array><technique_common><accessor source="#jnt_spine2-Matrix-animation-input-array" count="55"><param name="TIME" type="float"/></accessor></technique_common></source><source id="jnt_spine2-Matrix-animation-output-transform"><float_array id="jnt_spine2-Matrix-animation-output-transform-array" count="880">

0.993347 0.098515 -0.059644 -0.467351 -0.103505 0.990787 -0.087332 7.870280 0.050491 0.092925 0.994392 -0.307933 0.000000 0.000000 0.000000 1.000000
0.993101 0.098596 -0.063475 -0.481264 -0.103910 0.990799 -0.086716 7.819011 0.054341 0.092713 0.994209 -0.261933 0.000000 0.000000 0.000000 1.000000
0.992336 0.098833 -0.074174 -0.519026 -0.105033 0.990835 -0.084933 7.679851 0.065100 0.092073 0.993622 -0.137077 0.000000 0.000000 0.000000 1.000000
0.990936 0.099227 -0.090548 -0.574676 -0.106722 0.990896 -0.082071 7.474772 0.081580 0.090991 0.992505 0.046922 0.000000 0.000000 0.000000 1.000000
0.988754 0.099788 -0.111390 -0.642251 -0.108824 0.990980 -0.078209 7.225749 0.102581 0.089451 0.990695 0.270349 0.000000 0.000000 0.000000 1.000000
0.985665 0.100534 -0.135490 -0.715788 -0.111180 0.991084 -0.073432 6.954752 0.126900 0.087443 0.988054 0.513490 0.000000 0.000000 0.000000 1.000000
0.981619 0.101481 -0.161635 -0.789326 -0.113643 0.991203 -0.067844 6.683756 0.153328 0.084966 0.984516 0.756632 0.000000 0.000000 0.000000 1.000000
0.976672 0.102644 -0.188617 -0.856901 -0.116075 0.991330 -0.061572 6.434732 0.180662 0.082030 0.980119 0.980059 0.000000 0.000000 0.000000 1.000000
0.971003 0.104024 -0.215251 -0.912551 -0.118357 0.991460 -0.054768 6.229654 0.207716 0.078656 0.975022 1.164058 0.000000 0.000000 0.000000 1.000000
0.964918 0.105609 -0.240375 -0.950313 -0.120388 0.991585 -0.047610 6.090494 0.233324 0.074878 0.969512 1.288914 0.000000 0.000000 0.000000 1.000000
0.958841 0.107366 -0.262862 -0.964226 -0.122093 0.991700 -0.040297 6.039224 0.256354 0.070732 0.963991 1.334914 0.000000 0.000000 0.000000 1.000000
0.953287 0.109237 -0.281622 -0.958645 -0.123412 0.991805 -0.033044 6.081871 0.275704 0.066256 0.958956 1.322797 0.000000 0.000000 0.000000 1.000000
0.947842 0.111580 -0.298572 -0.942876 -0.124485 0.991919 -0.024498 6.198805 0.293426 0.060388 0.954073 1.287967 0.000000 0.000000 0.000000 1.000000
0.941836 0.114745 -0.315877 -0.918371 -0.125458 0.992004 -0.013719 6.373519 0.311777 0.052550 0.948701 1.232703 0.000000 0.000000 0.000000 1.000000
0.935495 0.118587 -0.332846 -0.886589 -0.126304 0.991990 -0.001563 6.589504 0.329995 0.043502 0.942980 1.159286 0.000000 0.000000 0.000000 1.000000
0.929100 0.122881 -0.348818 -0.848984 -0.127009 0.991839 0.011108 6.830251 0.347337 0.033983 0.937124 1.069994 0.000000 0.000000 0.000000 1.000000
0.922984 0.127324 -0.363165 -0.807011 -0.127566 0.991553 0.023425 7.079253 0.363080 0.024707 0.931430 0.967107 0.000000 0.000000 0.000000 1.000000
0.917525 0.131541 -0.375293 -0.762128 -0.127982 0.991176 0.034517 7.320000 0.376521 0.016360 0.926263 0.852905 0.000000 0.000000 0.000000 1.000000
0.913127 0.135104 -0.384637 -0.715788 -0.128265 0.990785 0.043514 7.535985 0.386971 0.009601 0.922042 0.729668 0.000000 0.000000 0.000000 1.000000
0.910203 0.137561 -0.390650 -0.669449 -0.128429 0.990480 0.049546 7.710699 0.393747 0.005073 0.919205 0.599676 0.000000 0.000000 0.000000 1.000000
0.909147 0.138470 -0.392782 -0.624565 -0.128483 0.990361 0.051749 7.827633 0.396161 0.003419 0.918175 0.465207 0.000000 0.000000 0.000000 1.000000
0.938808 0.132364 -0.317993 -0.582593 -0.128397 0.991157 0.033501 7.870280 0.319615 0.009379 0.947501 0.328543 0.000000 0.000000 0.000000 1.000000
0.985058 0.121362 -0.122198 -0.544988 -0.123527 0.992288 -0.010272 7.607890 0.120009 0.025213 0.992453 0.191962 0.000000 0.000000 0.000000 1.000000
0.983323 0.116502 0.139651 -0.513205 -0.108828 0.992162 -0.061411 6.982191 -0.145711 0.045189 0.988295 0.057744 0.000000 0.000000 0.000000 1.000000
0.911825 0.121776 0.392104 -0.488701 -0.087529 0.990704 -0.104139 6.235388 -0.401141 0.060636 0.914007 -0.071831 0.000000 0.000000 0.000000 1.000000
0.812253 0.131711 0.568241 -0.472931 -0.068821 0.989009 -0.130865 5.609689 -0.579231 0.067189 0.812390 -0.194483 0.000000 0.000000 0.000000 1.000000
0.762524 0.137337 0.632215 -0.467351 -0.061176 0.988136 -0.140869 5.347299 -0.644061 0.068739 0.761880 -0.307933 0.000000 0.000000 0.000000 1.000000
0.774869 0.137803 0.616918 -0.492532 -0.062914 0.987915 -0.141651 5.469533 -0.628983 0.070948 0.774175 -0.437447 0.000000 0.000000 0.000000 1.000000
0.807171 0.137192 0.574154 -0.555484 -0.067674 0.987712 -0.140871 5.778873 -0.586426 0.074852 0.806537 -0.594596 0.000000 0.000000 0.000000 1.000000
0.851051 0.135400 0.507326 -0.637321 -0.074720 0.987578 -0.138230 6.189276 -0.519740 0.079733 0.850596 -0.756554 0.000000 0.000000 0.000000 1.000000
0.897669 0.132412 0.420307 -0.719158 -0.083208 0.987562 -0.133408 6.614696 -0.432744 0.084783 0.897521 -0.900498 0.000000 0.000000 0.000000 1.000000
0.939181 0.128388 0.318520 -0.782109 -0.092185 0.987699 -0.126302 6.969090 -0.330818 0.089258 0.939464 -1.003602 0.000000 0.000000 0.000000 1.000000
0.970021 0.123681 0.209195 -0.807290 -0.100698 0.987990 -0.117196 7.166413 -0.221178 0.092617 0.970826 -1.043042 0.000000 0.000000 0.000000 1.000000
0.987780 0.118786 0.100901 -0.771937 -0.107949 0.988401 -0.106821 7.252745 -0.112420 0.094624 0.989145 -0.966591 0.000000 0.000000 0.000000 1.000000
0.993450 0.114239 0.002673 -0.687632 -0.113452 0.988865 -0.096309 7.331743 -0.013645 0.095375 0.995348 -0.784284 0.000000 0.000000 0.000000 1.000000
0.990897 0.110534 -0.076842 -0.587010 -0.117106 0.989297 -0.087048 7.403731 0.066398 0.095254 0.993236 -0.566692 0.000000 0.000000 0.000000 1.000000
0.985631 0.108073 -0.129813 -0.502705 -0.119112 0.989612 -0.080501 7.469034 0.119764 0.094807 0.988265 -0.384384 0.000000 0.000000 0.000000 1.000000
0.983004 0.107183 -0.149045 -0.467351 -0.119751 0.989731 -0.078048 7.527974 0.139150 0.094569 0.985745 -0.307933 0.000000 0.000000 0.000000 1.000000
0.983579 0.105429 -0.146485 -0.467351 -0.117808 0.989925 -0.078551 7.580876 0.136728 0.094518 0.986089 -0.307933 0.000000 0.000000 0.000000 1.000000
0.985077 0.100729 -0.139558 -0.467351 -0.112590 0.990427 -0.079858 7.628063 0.130178 0.094379 0.986989 -0.307933 0.000000 0.000000 0.000000 1.000000
0.987136 0.093928 -0.129385 -0.467351 -0.105007 0.991115 -0.081634 7.669859 0.120568 0.094170 0.988228 -0.307933 0.000000 0.000000 0.000000 1.000000
0.989401 0.085870 -0.117098 -0.467351 -0.095974 0.991870 -0.083560 7.706588 0.108971 0.093912 0.989599 -0.307933 0.000000 0.000000 0.000000 1.000000
0.991578 0.077404 -0.103840 -0.467351 -0.086423 0.992594 -0.085374 7.738574 0.096463 0.093629 0.990923 -0.307933 0.000000 0.000000 0.000000 1.000000
0.993452 0.069384 -0.090771 -0.467351 -0.077307 0.993213 -0.086900 7.766140 0.084126 0.093348 0.992073 -0.307933 0.000000 0.000000 0.000000 1.000000
0.994897 0.062671 -0.079066 -0.467351 -0.069592 0.993682 -0.088051 7.789610 0.073048 0.093104 0.992973 -0.307933 0.000000 0.000000 0.000000 1.000000
0.995859 0.058128 -0.069904 -0.467351 -0.064252 0.993974 -0.088811 7.809309 0.064321 0.092935 0.993592 -0.307933 0.000000 0.000000 0.000000 1.000000
0.996312 0.056620 -0.064467 -0.467351 -0.062264 0.994066 -0.089196 7.825559 0.059034 0.092881 0.993926 -0.307933 0.000000 0.000000 0.000000 1.000000
0.996362 0.058651 -0.061824 -0.467351 -0.064047 0.993947 -0.089261 7.838685 0.056215 0.092896 0.994088 -0.307933 0.000000 0.000000 0.000000 1.000000
0.996168 0.063509 -0.060138 -0.467351 -0.068728 0.993647 -0.089116 7.849010 0.054096 0.092907 0.994204 -0.307933 0.000000 0.000000 0.000000 1.000000
0.995771 0.070239 -0.059220 -0.467351 -0.075340 0.993194 -0.088829 7.856858 0.052577 0.092915 0.994285 -0.307933 0.000000 0.000000 0.000000 1.000000
0.995222 0.077882 -0.058883 -0.467351 -0.082912 0.992623 -0.088460 7.862554 0.051559 0.092920 0.994338 -0.307933 0.000000 0.000000 0.000000 1.000000
0.994595 0.085483 -0.058942 -0.467351 -0.090479 0.991997 -0.088066 7.866420 0.050942 0.092923 0.994369 -0.307933 0.000000 0.000000 0.000000 1.000000
0.993989 0.092090 -0.059210 -0.467351 -0.097075 0.991405 -0.087704 7.868780 0.050625 0.092924 0.994385 -0.307933 0.000000 0.000000 0.000000 1.000000
0.993528 0.096750 -0.059505 -0.467351 -0.101737 0.990961 -0.087437 7.869959 0.050508 0.092925 0.994391 -0.307933 0.000000 0.000000 0.000000 1.000000
0.993347 0.098515 -0.059644 -0.467351 -0.103505 0.990787 -0.087332 7.870280 0.050491 0.092925 0.994392 -0.307933 0.000000 0.000000 0.000000 1.000000</float_array><technique_common><accessor source="#jnt_spine2-Matrix-animation-output-transform-array" count="55" stride="16"><param type="float4x4"/></accessor></technique_common></source><source id="jnt_spine2-Interpolations"><Name_array id="jnt_spine2-Interpolations-array" count="55">
 LINEAR LINEAR LINEAR LINEAR LINEAR LINEAR LINEAR LINEAR LINEAR LINEAR LINEAR
LINEAR LINEAR LINEAR LINEAR LINEAR LINEAR LINEAR LINEAR LINEAR LINEAR LINEAR LINEAR
LINEAR LINEAR LINEAR LINEAR LINEAR LINEAR LINEAR LINEAR LINEAR LINEAR LINEAR LINEAR
LINEAR LINEAR LINEAR LINEAR LINEAR LINEAR LINEAR LINEAR LINEAR LINEAR LINEAR LINEAR
LINEAR LINEAR LINEAR LINEAR LINEAR LINEAR LINEAR LINEAR</Name_array><technique_common><accessor source="#jnt_spine2-Interpolations-array" count="55"><param type="name"/></accessor></technique_common></source><sampler id="jnt_spine2-Matrix-animation-transform"><input semantic="INPUT" source="#jnt_spine2-Matrix-animation-input"/><input semantic="OUTPUT" source="#jnt_spine2-Matrix-animation-output-transform"/><input semantic="INTERPOLATION" source="#jnt_spine2-Interpolations"/></sampler><channel source="#jnt_spine2-Matrix-animation-transform" target="jnt_spine2/matrix"/></animation></animation>
    <animation id="neck_jnt-anim" name="neck_jnt"><animation><source id="neck_jnt-Matrix-animation-input"><float_array id="neck_jnt-Matrix-animation-input-array" count="55">

0.000000 0.033333 0.066667 0.100000 0.133333 0.166667 0.200000 0.233333 0.266667 0.300000 0.333333 0.366667 0.400000 0.433333 0.466667 0.500000
0.533333 0.566667 0.600000 0.633333 0.666667 0.700000 0.733333 0.766667 0.800000 0.833333 0.866667 0.900000 0.933333 0.966667 1.000000 1.033333
1.066667 1.100000 1.133333 1.166667 1.200000 1.233333 1.266667 1.300000 1.333333 1.366667 1.400000 1.433333 1.466667 1.500000 1.533333 1.566667
1.600000 1.633333 1.666667 1.700000 1.733333 1.766667 1.800000</float_array><technique_common><accessor source="#neck_jnt-Matrix-animation-input-array" count="55"><param name="TIME" type="float"/></accessor></technique_common></source><source id="neck_jnt-Matrix-animation-output-transform"><float_array id="neck_jnt-Matrix-animation-output-transform-array" count="880">

1.000000 -0.000000 0.000000 1.220000 0.000000 1.000000 0.000000 2.357033 -0.000000 -0.000000 1.000000 2.698746 0.000000 0.000000 0.000000 1.000000
1.000000 -0.000000 0.000000 1.220000 0.000000 1.000000 0.000000 2.357033 -0.000000 -0.000000 1.000000 2.698746 0.000000 0.000000 0.000000 1.000000
1.000000 -0.000000 0.000000 1.220000 0.000000 1.000000 0.000000 2.357033 -0.000000 -0.000000 1.000000 2.698746 0.000000 0.000000 0.000000 1.000000
1.000000 -0.000000 0.000000 1.220000 0.000000 1.000000 0.000000 2.357033 -0.000000 -0.000000 1.000000 2.698746 0.000000 0.000000 0.000000 1.000000
1.000000 -0.000000 0.000000 1.220000 0.000000 1.000000 0.000000 2.357033 -0.000000 -0.000000 1.000000 2.698746 0.000000 0.000000 0.000000 1.000000
1.000000 -0.000000 0.000000 1.220000 0.000000 1.000000 0.000000 2.357033 -0.000000 -0.000000 1.000000 2.698746 0.000000 0.000000 0.000000 1.000000
1.000000 -0.000000 0.000000 1.220000 0.000000 1.000000 0.000000 2.357033 -0.000000 -0.000000 1.000000 2.698746 0.000000 0.000000 0.000000 1.000000
1.000000 -0.000000 0.000000 1.220000 0.000000 1.000000 0.000000 2.357033 -0.000000 -0.000000 1.000000 2.698746 0.000000 0.000000 0.000000 1.000000
1.000000 -0.000000 0.000000 1.220000 0.000000 1.000000 0.000000 2.357033 -0.000000 -0.000000 1.000000 2.698746 0.000000 0.000000 0.000000 1.000000
1.000000 -0.000000 0.000000 1.220000 0.000000 1.000000 0.000000 2.357033 -0.000000 -0.000000 1.000000 2.698746 0.000000 0.000000 0.000000 1.000000
1.000000 -0.000000 0.000000 1.220000 0.000000 1.000000 0.000000 2.357033 -0.000000 -0.000000 1.000000 2.698746 0.000000 0.000000 0.000000 1.000000
1.000000 -0.000000 0.000000 1.220000 0.000000 1.000000 0.000000 2.357033 -0.000000 -0.000000 1.000000 2.698746 0.000000 0.000000 0.000000 1.000000
1.000000 -0.000000 0.000000 1.220000 0.000000 1.000000 0.000000 2.357033 -0.000000 -0.000000 1.000000 2.698746 0.000000 0.000000 0.000000 1.000000
1.000000 -0.000000 0.000000 1.220000 0.000000 1.000000 0.000000 2.357033 -0.000000 -0.000000 1.000000 2.698746 0.000000 0.000000 0.000000 1.000000
1.000000 -0.000000 0.000000 1.220000 0.000000 1.000000 0.000000 2.357033 -0.000000 -0.000000 1.000000 2.698746 0.000000 0.000000 0.000000 1.000000
1.000000 -0.000000 0.000000 1.220000 0.000000 1.000000 0.000000 2.357033 -0.000000 -0.000000 1.000000 2.698746 0.000000 0.000000 0.000000 1.000000
1.000000 -0.000000 0.000000 1.220000 0.000000 1.000000 0.000000 2.357033 -0.000000 -0.000000 1.000000 2.698746 0.000000 0.000000 0.000000 1.000000
1.000000 -0.000000 0.000000 1.220000 0.000000 1.000000 0.000000 2.357033 -0.000000 -0.000000 1.000000 2.698746 0.000000 0.000000 0.000000 1.000000
1.000000 -0.000000 0.000000 1.220000 0.000000 1.000000 0.000000 2.357033 -0.000000 -0.000000 1.000000 2.698746 0.000000 0.000000 0.000000 1.000000
1.000000 -0.000000 0.000000 1.220000 0.000000 1.000000 0.000000 2.357033 -0.000000 -0.000000 1.000000 2.698746 0.000000 0.000000 0.000000 1.000000
1.000000 -0.000000 0.000000 1.220000 0.000000 1.000000 0.000000 2.357033 -0.000000 -0.000000 1.000000 2.698746 0.000000 0.000000 0.000000 1.000000
1.000000 -0.000000 0.000000 1.220000 0.000000 1.000000 0.000000 2.357033 -0.000000 -0.000000 1.000000 2.698746 0.000000 0.000000 0.000000 1.000000
1.000000 -0.000000 0.000000 1.220000 0.000000 1.000000 0.000000 2.357033 -0.000000 -0.000000 1.000000 2.698746 0.000000 0.000000 0.000000 1.000000
1.000000 -0.000000 0.000000 1.220000 0.000000 1.000000 0.000000 2.357033 -0.000000 -0.000000 1.000000 2.698746 0.000000 0.000000 0.000000 1.000000
1.000000 -0.000000 0.000000 1.220000 0.000000 1.000000 0.000000 2.357033 -0.000000 -0.000000 1.000000 2.698746 0.000000 0.000000 0.000000 1.000000
1.000000 -0.000000 0.000000 1.220000 0.000000 1.000000 0.000000 2.357033 -0.000000 -0.000000 1.000000 2.698746 0.000000 0.000000 0.000000 1.000000
1.000000 -0.000000 0.000000 1.220000 0.000000 1.000000 0.000000 2.357033 -0.000000 -0.000000 1.000000 2.698746 0.000000 0.000000 0.000000 1.000000
1.000000 -0.000000 0.000000 1.220000 0.000000 1.000000 0.000000 2.357033 -0.000000 -0.000000 1.000000 2.698746 0.000000 0.000000 0.000000 1.000000
1.000000 -0.000000 0.000000 1.220000 0.000000 1.000000 0.000000 2.357033 -0.000000 -0.000000 1.000000 2.698746 0.000000 0.000000 0.000000 1.000000
1.000000 -0.000000 0.000000 1.220000 0.000000 1.000000 0.000000 2.357033 -0.000000 -0.000000 1.000000 2.698746 0.000000 0.000000 0.000000 1.000000
1.000000 -0.000000 0.000000 1.220000 0.000000 1.000000 0.000000 2.357033 -0.000000 -0.000000 1.000000 2.698746 0.000000 0.000000 0.000000 1.000000
1.000000 -0.000000 0.000000 1.220000 0.000000 1.000000 0.000000 2.357033 -0.000000 -0.000000 1.000000 2.698746 0.000000 0.000000 0.000000 1.000000
1.000000 -0.000000 0.000000 1.220000 0.000000 1.000000 0.000000 2.357033 -0.000000 -0.000000 1.000000 2.698746 0.000000 0.000000 0.000000 1.000000
1.000000 -0.000000 0.000000 1.220000 0.000000 1.000000 0.000000 2.357033 -0.000000 -0.000000 1.000000 2.698746 0.000000 0.000000 0.000000 1.000000
1.000000 -0.000000 0.000000 1.220000 0.000000 1.000000 0.000000 2.357033 -0.000000 -0.000000 1.000000 2.698746 0.000000 0.000000 0.000000 1.000000
1.000000 -0.000000 0.000000 1.220000 0.000000 1.000000 0.000000 2.357033 -0.000000 -0.000000 1.000000 2.698746 0.000000 0.000000 0.000000 1.000000
1.000000 -0.000000 0.000000 1.220000 0.000000 1.000000 0.000000 2.357033 -0.000000 -0.000000 1.000000 2.698746 0.000000 0.000000 0.000000 1.000000
1.000000 -0.000000 0.000000 1.220000 0.000000 1.000000 0.000000 2.357033 -0.000000 -0.000000 1.000000 2.698746 0.000000 0.000000 0.000000 1.000000
1.000000 -0.000000 0.000000 1.220000 0.000000 1.000000 0.000000 2.357033 -0.000000 -0.000000 1.000000 2.698746 0.000000 0.000000 0.000000 1.000000
1.000000 -0.000000 0.000000 1.220000 0.000000 1.000000 0.000000 2.357033 -0.000000 -0.000000 1.000000 2.698746 0.000000 0.000000 0.000000 1.000000
1.000000 -0.000000 0.000000 1.220000 0.000000 1.000000 0.000000 2.357033 -0.000000 -0.000000 1.000000 2.698746 0.000000 0.000000 0.000000 1.000000
1.000000 -0.000000 0.000000 1.220000 0.000000 1.000000 0.000000 2.357033 -0.000000 -0.000000 1.000000 2.698746 0.000000 0.000000 0.000000 1.000000
1.000000 -0.000000 0.000000 1.220000 0.000000 1.000000 0.000000 2.357033 -0.000000 -0.000000 1.000000 2.698746 0.000000 0.000000 0.000000 1.000000
1.000000 -0.000000 0.000000 1.220000 0.000000 1.000000 0.000000 2.357033 -0.000000 -0.000000 1.000000 2.698746 0.000000 0.000000 0.000000 1.000000
1.000000 -0.000000 0.000000 1.220000 0.000000 1.000000 0.000000 2.357033 -0.000000 -0.000000 1.000000 2.698746 0.000000 0.000000 0.000000 1.000000
1.000000 -0.000000 0.000000 1.220000 0.000000 1.000000 0.000000 2.357033 -0.000000 -0.000000 1.000000 2.698746 0.000000 0.000000 0.000000 1.000000
1.000000 -0.000000 0.000000 1.220000 0.000000 1.000000 0.000000 2.357033 -0.000000 -0.000000 1.000000 2.698746 0.000000 0.000000 0.000000 1.000000
1.000000 -0.000000 0.000000 1.220000 0.000000 1.000000 0.000000 2.357033 -0.000000 -0.000000 1.000000 2.698746 0.000000 0.000000 0.000000 1.000000
1.000000 -0.000000 0.000000 1.220000 0.000000 1.000000 0.000000 2.357033 -0.000000 -0.000000 1.000000 2.698746 0.000000 0.000000 0.000000 1.000000
1.000000 -0.000000 0.000000 1.220000 0.000000 1.000000 0.000000 2.357033 -0.000000 -0.000000 1.000000 2.698746 0.000000 0.000000 0.000000 1.000000
1.000000 -0.000000 0.000000 1.220000 0.000000 1.000000 0.000000 2.357033 -0.000000 -0.000000 1.000000 2.698746 0.000000 0.000000 0.000000 1.000000
1.000000 -0.000000 0.000000 1.220000 0.000000 1.000000 0.000000 2.357033 -0.000000 -0.000000 1.000000 2.698746 0.000000 0.000000 0.000000 1.000000
1.000000 -0.000000 0.000000 1.220000 0.000000 1.000000 0.000000 2.357033 -0.000000 -0.000000 1.000000 2.698746 0.000000 0.000000 0.000000 1.000000
1.000000 -0.000000 0.000000 1.220000 0.000000 1.000000 0.000000 2.357033 -0.000000 -0.000000 1.000000 2.698746 0.000000 0.000000 0.000000 1.000000
1.000000 -0.000000 0.000000 1.220000 0.000000 1.000000 0.000000 2.357033 -0.000000 -0.000000 1.000000 2.698746 0.000000 0.000000 0.000000 1.000000</float_array><technique_common><accessor source="#neck_jnt-Matrix-animation-output-transform-array" count="55" stride="16"><param type="float4x4"/></accessor></technique_common></source><source id="neck_jnt-Interpolations"><Name_array id="neck_jnt-Interpolations-array" count="55">
 LINEAR LINEAR LINEAR LINEAR LINEAR LINEAR LINEAR LINEAR LINEAR LINEAR LINEAR
LINEAR LINEAR LINEAR LINEAR LINEAR LINEAR LINEAR LINEAR LINEAR LINEAR LINEAR LINEAR
LINEAR LINEAR LINEAR LINEAR LINEAR LINEAR LINEAR LINEAR LINEAR LINEAR LINEAR LINEAR
LINEAR LINEAR LINEAR LINEAR LINEAR LINEAR LINEAR LINEAR LINEAR LINEAR LINEAR LINEAR
LINEAR LINEAR LINEAR LINEAR LINEAR LINEAR LINEAR LINEAR</Name_array><technique_common><accessor source="#neck_jnt-Interpolations-array" count="55"><param type="name"/></accessor></technique_common></source><sampler id="neck_jnt-Matrix-animation-transform"><input semantic="INPUT" source="#neck_jnt-Matrix-animation-input"/><input semantic="OUTPUT" source="#neck_jnt-Matrix-animation-output-transform"/><input semantic="INTERPOLATION" source="#neck_jnt-Interpolations"/></sampler><channel source="#neck_jnt-Matrix-animation-transform" target="neck_jnt/matrix"/></animation></animation>
    <animation id="head_jnt-anim" name="head_jnt"><animation><source id="head_jnt-Matrix-animation-input"><float_array id="head_jnt-Matrix-animation-input-array" count="55">

0.000000 0.033333 0.066667 0.100000 0.133333 0.166667 0.200000 0.233333 0.266667 0.300000 0.333333 0.366667 0.400000 0.433333 0.466667 0.500000
0.533333 0.566667 0.600000 0.633333 0.666667 0.700000 0.733333 0.766667 0.800000 0.833333 0.866667 0.900000 0.933333 0.966667 1.000000 1.033333
1.066667 1.100000 1.133333 1.166667 1.200000 1.233333 1.266667 1.300000 1.333333 1.366667 1.400000 1.433333 1.466667 1.500000 1.533333 1.566667
1.600000 1.633333 1.666667 1.700000 1.733333 1.766667 1.800000</float_array><technique_common><accessor source="#head_jnt-Matrix-animation-input-array" count="55"><param name="TIME" type="float"/></accessor></technique_common></source><source id="head_jnt-Matrix-animation-output-transform"><float_array id="head_jnt-Matrix-animation-output-transform-array" count="880">

0.988620 -0.144264 0.042648 -0.068576 0.148715 0.979973 -0.132428 0.393787 -0.022689 0.137264 0.990275 0.070697 0.000000 0.000000 0.000000 1.000000
0.988707 -0.143219 0.044115 -0.067505 0.147892 0.980036 -0.132885 0.387037 -0.024202 0.137909 0.990149 0.071557 0.000000 0.000000 0.000000 1.000000
0.988940 -0.140243 0.048271 -0.064468 0.145555 0.980207 -0.134194 0.367888 -0.028495 0.139736 0.989779 0.073995 0.000000 0.000000 0.000000 1.000000
0.989255 -0.135565 0.054741 -0.059727 0.141900 0.980455 -0.136277 0.337993 -0.035197 0.142581 0.989157 0.077802 0.000000 0.000000 0.000000 1.000000
0.989579 -0.129406 0.063146 -0.053543 0.137124 0.980743 -0.139068 0.299006 -0.043934 0.146278 0.988267 0.082766 0.000000 0.000000 0.000000 1.000000
0.989836 -0.121986 0.073103 -0.046180 0.131425 0.981031 -0.142500 0.252580 -0.054333 0.150659 0.987092 0.088677 0.000000 0.000000 0.000000 1.000000
0.989958 -0.113530 0.084231 -0.037899 0.125000 0.981281 -0.146500 0.200368 -0.066022 0.155557 0.985618 0.095325 0.000000 0.000000 0.000000 1.000000
0.989890 -0.104275 0.096152 -0.028962 0.118053 0.981462 -0.150981 0.144023 -0.078626 0.160806 0.983849 0.102500 0.000000 0.000000 0.000000 1.000000
0.989598 -0.094471 0.108495 -0.019633 0.110788 0.981549 -0.155842 0.085198 -0.091770 0.166241 0.981805 0.109990 0.000000 0.000000 0.000000 1.000000
0.989072 -0.084383 0.120899 -0.010172 0.103414 0.981528 -0.160961 0.025546 -0.105084 0.171704 0.979528 0.117586 0.000000 0.000000 0.000000 1.000000
0.988326 -0.074292 0.133016 -0.000842 0.096138 0.981396 -0.166192 -0.033278 -0.118194 0.177040 0.977081 0.125076 0.000000 0.000000 0.000000 1.000000
0.987399 -0.064497 0.144508 0.008095 0.089170 0.981162 -0.171374 -0.089623 -0.130733 0.182100 0.974550 0.132250 0.000000 0.000000 0.000000 1.000000
0.986357 -0.055308 0.155054 0.016376 0.082717 0.980851 -0.176322 -0.141836 -0.142333 0.186742 0.972044 0.138899 0.000000 0.000000 0.000000 1.000000
0.985280 -0.047048 0.164345 0.023739 0.076984 0.980495 -0.180841 -0.188262 -0.152631 0.190830 0.969684 0.144810 0.000000 0.000000 0.000000 1.000000
0.984268 -0.040048 0.172082 0.029923 0.072175 0.980137 -0.184720 -0.227249 -0.161267 0.194234 0.967609 0.149774 0.000000 0.000000 0.000000 1.000000
0.983425 -0.034641 0.177974 0.034664 0.068491 0.979827 -0.187747 -0.257143 -0.167880 0.196825 0.965959 0.153581 0.000000 0.000000 0.000000 1.000000
0.982855 -0.031160 0.181729 0.037701 0.066134 0.979610 -0.189709 -0.276292 -0.172112 0.198475 0.964876 0.156019 0.000000 0.000000 0.000000 1.000000
0.982648 -0.029930 0.183049 0.038772 0.065304 0.979531 -0.190406 -0.283043 -0.173603 0.199055 0.964489 0.156879 0.000000 0.000000 0.000000 1.000000
0.986282 -0.041816 0.159682 0.038541 0.071558 0.980068 -0.185330 -0.281586 -0.148750 0.194214 0.969616 0.156693 0.000000 0.000000 0.000000 1.000000
0.992738 -0.072370 0.096088 0.037865 0.088272 0.980924 -0.173192 -0.277324 -0.081722 0.180417 0.980189 0.156151 0.000000 0.000000 0.000000 1.000000
0.993584 -0.113076 0.002173 0.036769 0.111974 0.980836 -0.159442 -0.270416 0.015897 0.158662 0.987205 0.155271 0.000000 0.000000 0.000000 1.000000
0.981618 -0.155629 -0.110483 0.035279 0.138461 0.979098 -0.148984 -0.261022 0.131360 0.130948 0.982648 0.154075 0.000000 0.000000 0.000000 1.000000
0.954137 -0.193491 -0.228435 0.033421 0.163285 0.975922 -0.144618 -0.249304 0.250917 0.100685 0.962758 0.152583 0.000000 0.000000 0.000000 1.000000
0.914409 -0.222887 -0.337901 0.031219 0.182885 0.972179 -0.146358 -0.235420 0.361122 0.072035 0.929732 0.150815 0.000000 0.000000 0.000000 1.000000
0.871138 -0.242822 -0.426797 0.028699 0.195661 0.968844 -0.151848 -0.219533 0.450372 0.048774 0.891508 0.148792 0.000000 0.000000 0.000000 1.000000
0.836344 -0.254109 -0.485755 0.025887 0.202183 0.966594 -0.157539 -0.201801 0.509559 0.033545 0.859781 0.146534 0.000000 0.000000 0.000000 1.000000
0.822384 -0.257823 -0.507161 0.022807 0.204097 0.965784 -0.160019 -0.182386 0.531064 0.028087 0.846866 0.144062 0.000000 0.000000 0.000000 1.000000
0.831826 -0.255974 -0.492486 0.019486 0.200501 0.965968 -0.163417 -0.161448 0.517556 0.037190 0.854841 0.141396 0.000000 0.000000 0.000000 1.000000
0.855871 -0.249644 -0.452950 0.015949 0.190280 0.966355 -0.173064 -0.139146 0.480915 0.061933 0.874577 0.138556 0.000000 0.000000 0.000000 1.000000
0.887456 -0.236935 -0.395326 0.012221 0.174043 0.966515 -0.188568 -0.115643 0.426767 0.098542 0.898977 0.135563 0.000000 0.000000 0.000000 1.000000
0.919831 -0.216612 -0.327093 0.008328 0.153044 0.965819 -0.209216 -0.091096 0.361231 0.142384 0.921542 0.132438 0.000000 0.000000 0.000000 1.000000
0.947765 -0.189652 -0.256463 0.004295 0.129782 0.963759 -0.233077 -0.065668 0.291372 0.187618 0.938031 0.129200 0.000000 0.000000 0.000000 1.000000
0.968335 -0.159975 -0.191665 0.000148 0.107908 0.960498 -0.256514 -0.039519 0.225130 0.227709 0.947346 0.125871 0.000000 0.000000 0.000000 1.000000
0.981005 -0.134145 -0.140126 -0.004088 0.091714 0.957255 -0.274319 -0.012808 0.170934 0.256257 0.951375 0.122469 0.000000 0.000000 0.000000 1.000000
0.986831 -0.120097 -0.108357 -0.008389 0.085557 0.956049 -0.280447 0.014304 0.137275 0.267483 0.953734 0.119017 0.000000 0.000000 0.000000 1.000000
0.989323 -0.115124 -0.089372 -0.012727 0.086227 0.956732 -0.277902 0.041656 0.117498 0.267228 0.956443 0.115534 0.000000 0.000000 0.000000 1.000000
0.991181 -0.111304 -0.071913 -0.017078 0.087691 0.957786 -0.273782 0.069088 0.099350 0.265061 0.959100 0.112041 0.000000 0.000000 0.000000 1.000000
0.992508 -0.108630 -0.055922 -0.021416 0.089867 0.959155 -0.268229 0.096441 0.082775 0.261194 0.961731 0.108559 0.000000 0.000000 0.000000 1.000000
0.993392 -0.107065 -0.041351 -0.025716 0.092669 0.960773 -0.261395 0.123552 0.067715 0.255836 0.964346 0.105107 0.000000 0.000000 0.000000 1.000000
0.993909 -0.106548 -0.028156 -0.029952 0.096009 0.962573 -0.253446 0.150263 0.054106 0.249199 0.966940 0.101705 0.000000 0.000000 0.000000 1.000000
0.994126 -0.106997 -0.016296 -0.034100 0.099798 0.964486 -0.244556 0.176413 0.041884 0.241493 0.969498 0.098376 0.000000 0.000000 0.000000 1.000000
0.994100 -0.108312 -0.005730 -0.038133 0.103945 0.966444 -0.234908 0.201841 0.030981 0.232926 0.972001 0.095138 0.000000 0.000000 0.000000 1.000000
0.993883 -0.110379 0.003587 -0.042026 0.108359 0.968386 -0.224692 0.226387 0.021328 0.223706 0.974423 0.092012 0.000000 0.000000 0.000000 1.000000
0.993518 -0.113073 0.011701 -0.045753 0.112948 0.970258 -0.214107 0.249891 0.012857 0.214041 0.976740 0.089020 0.000000 0.000000 0.000000 1.000000
0.993043 -0.116259 0.018668 -0.049291 0.117620 0.972015 -0.203355 0.272192 0.005496 0.204136 0.978927 0.086180 0.000000 0.000000 0.000000 1.000000
0.992495 -0.119797 0.024550 -0.052611 0.122284 0.973620 -0.192642 0.293131 -0.000824 0.194199 0.980962 0.083514 0.000000 0.000000 0.000000 1.000000
0.991903 -0.123544 0.029417 -0.055691 0.126848 0.975049 -0.182179 0.312546 -0.006176 0.184435 0.982825 0.081042 0.000000 0.000000 0.000000 1.000000
0.991296 -0.127356 0.033348 -0.058503 0.131219 0.976288 -0.172174 0.330277 -0.010630 0.175051 0.984502 0.078784 0.000000 0.000000 0.000000 1.000000
0.990701 -0.131088 0.036430 -0.061023 0.135307 0.977331 -0.162838 0.346165 -0.014258 0.166253 0.985980 0.076761 0.000000 0.000000 0.000000 1.000000
0.990142 -0.134601 0.038758 -0.063225 0.139019 0.978182 -0.154380 0.360048 -0.017132 0.158246 0.987251 0.074993 0.000000 0.000000 0.000000 1.000000
0.989640 -0.137759 0.040430 -0.065083 0.142262 0.978852 -0.147007 0.371767 -0.019323 0.151236 0.988309 0.073501 0.000000 0.000000 0.000000 1.000000
0.989219 -0.140428 0.041551 -0.066573 0.144946 0.979352 -0.140925 0.381160 -0.020903 0.145428 0.989148 0.072305 0.000000 0.000000 0.000000 1.000000
