<?xml version="1.0" encoding="utf-8"?>
<COLLADA xmlns="http://www.collada.org/2005/11/COLLADASchema" version="1.4.1">
  <asset><contributor><author></author><authoring_tool>FBX COLLADA exporter</authoring_tool><comments></comments></contributor><created>2020-03-23T22:45:35Z</created><keywords></keywords><modified>2020-03-23T22:45:35Z</modified><revision></revision><subject></subject><title></title><unit meter="0.010000" name="centimeter"></unit><up_axis>Y_UP</up_axis></asset>
  <library_animations>
    <animation id="root_jnt-anim" name="root_jnt"><animation><source id="root_jnt-Matrix-animation-input"><float_array id="root_jnt-Matrix-animation-input-array" count="121">

0.000000 0.033333 0.066667 0.100000 0.133333 0.166667 0.200000 0.233333 0.266667 0.300000 0.333333 0.366667 0.400000 0.433333 0.466667 0.500000
0.533333 0.566667 0.600000 0.633333 0.666667 0.700000 0.733333 0.766667 0.800000 0.833333 0.866667 0.900000 0.933333 0.966667 1.000000 1.033333
1.066667 1.100000 1.133333 1.166667 1.200000 1.233333 1.266667 1.300000 1.333333 1.366667 1.400000 1.433333 1.466667 1.500000 1.533333 1.566667
1.600000 1.633333 1.666667 1.700000 1.733333 1.766667 1.800000 1.833333 1.866667 1.900000 1.933333 1.966667 2.000000 2.033333 2.066667 2.100000
2.133333 2.166667 2.200000 2.233333 2.266667 2.300000 2.333333 2.366667 2.400000 2.433333 2.466667 2.500000 2.533333 2.566667 2.600000 2.633333
2.666667 2.700000 2.733333 2.766667 2.800000 2.833333 2.866667 2.900000 2.933333 2.966667 3.000000 3.033333 3.066667 3.100000 3.133333 3.166667
3.200000 3.233333 3.266667 3.300000 3.333333 3.366667 3.400000 3.433333 3.466667 3.500000 3.533333 3.566667 3.600000 3.633333 3.666667 3.700000
3.733333 3.766667 3.800000 3.833333 3.866667 3.900000 3.933333 3.966667 4.000000</float_array><technique_common><accessor source="#root_jnt-Matrix-animation-input-array" count="121"><param name="TIME" type="float"/></accessor></technique_common></source><source id="root_jnt-Matrix-animation-output-transform"><float_array id="root_jnt-Matrix-animation-output-transform-array" count="1936">

1.000000 0.000000 0.000000 0.000000 0.000000 1.000000 0.000000 0.000000 0.000000 0.000000 1.000000 0.000000 0.000000 0.000000 0.000000 1.000000
1.000000 0.000000 0.000000 0.000000 0.000000 1.000000 0.000000 0.000000 0.000000 0.000000 1.000000 0.000000 0.000000 0.000000 0.000000 1.000000
1.000000 0.000000 0.000000 0.000000 0.000000 1.000000 0.000000 0.000000 0.000000 0.000000 1.000000 0.000000 0.000000 0.000000 0.000000 1.000000
1.000000 0.000000 0.000000 0.000000 0.000000 1.000000 0.000000 0.000000 0.000000 0.000000 1.000000 0.000000 0.000000 0.000000 0.000000 1.000000
1.000000 0.000000 0.000000 0.000000 0.000000 1.000000 0.000000 0.000000 0.000000 0.000000 1.000000 0.000000 0.000000 0.000000 0.000000 1.000000
1.000000 0.000000 0.000000 0.000000 0.000000 1.000000 0.000000 0.000000 0.000000 0.000000 1.000000 0.000000 0.000000 0.000000 0.000000 1.000000
1.000000 0.000000 0.000000 0.000000 0.000000 1.000000 0.000000 0.000000 0.000000 0.000000 1.000000 0.000000 0.000000 0.000000 0.000000 1.000000
1.000000 0.000000 0.000000 0.000000 0.000000 1.000000 0.000000 0.000000 0.000000 0.000000 1.000000 0.000000 0.000000 0.000000 0.000000 1.000000
1.000000 0.000000 0.000000 0.000000 0.000000 1.000000 0.000000 0.000000 0.000000 0.000000 1.000000 0.000000 0.000000 0.000000 0.000000 1.000000
1.000000 0.000000 0.000000 0.000000 0.000000 1.000000 0.000000 0.000000 0.000000 0.000000 1.000000 0.000000 0.000000 0.000000 0.000000 1.000000
1.000000 0.000000 0.000000 0.000000 0.000000 1.000000 0.000000 0.000000 0.000000 0.000000 1.000000 0.000000 0.000000 0.000000 0.000000 1.000000
1.000000 0.000000 0.000000 0.000000 0.000000 1.000000 0.000000 0.000000 0.000000 0.000000 1.000000 0.000000 0.000000 0.000000 0.000000 1.000000
1.000000 0.000000 0.000000 0.000000 0.000000 1.000000 0.000000 0.000000 0.000000 0.000000 1.000000 0.000000 0.000000 0.000000 0.000000 1.000000
1.000000 0.000000 0.000000 0.000000 0.000000 1.000000 0.000000 0.000000 0.000000 0.000000 1.000000 0.000000 0.000000 0.000000 0.000000 1.000000
1.000000 0.000000 0.000000 0.000000 0.000000 1.000000 0.000000 0.000000 0.000000 0.000000 1.000000 0.000000 0.000000 0.000000 0.000000 1.000000
1.000000 0.000000 0.000000 0.000000 0.000000 1.000000 0.000000 0.000000 0.000000 0.000000 1.000000 0.000000 0.000000 0.000000 0.000000 1.000000
1.000000 0.000000 0.000000 0.000000 0.000000 1.000000 0.000000 0.000000 0.000000 0.000000 1.000000 0.000000 0.000000 0.000000 0.000000 1.000000
1.000000 0.000000 0.000000 0.000000 0.000000 1.000000 0.000000 0.000000 0.000000 0.000000 1.000000 0.000000 0.000000 0.000000 0.000000 1.000000
1.000000 0.000000 0.000000 0.000000 0.000000 1.000000 0.000000 0.000000 0.000000 0.000000 1.000000 0.000000 0.000000 0.000000 0.000000 1.000000
1.000000 0.000000 0.000000 0.000000 0.000000 1.000000 0.000000 0.000000 0.000000 0.000000 1.000000 0.000000 0.000000 0.000000 0.000000 1.000000
1.000000 0.000000 0.000000 0.000000 0.000000 1.000000 0.000000 0.000000 0.000000 0.000000 1.000000 0.000000 0.000000 0.000000 0.000000 1.000000
1.000000 0.000000 0.000000 0.000000 0.000000 1.000000 0.000000 0.000000 0.000000 0.000000 1.000000 0.000000 0.000000 0.000000 0.000000 1.000000
1.000000 0.000000 0.000000 0.000000 0.000000 1.000000 0.000000 0.000000 0.000000 0.000000 1.000000 0.000000 0.000000 0.000000 0.000000 1.000000
1.000000 0.000000 0.000000 0.000000 0.000000 1.000000 0.000000 0.000000 0.000000 0.000000 1.000000 0.000000 0.000000 0.000000 0.000000 1.000000
1.000000 0.000000 0.000000 0.000000 0.000000 1.000000 0.000000 0.000000 0.000000 0.000000 1.000000 0.000000 0.000000 0.000000 0.000000 1.000000
1.000000 0.000000 0.000000 0.000000 0.000000 1.000000 0.000000 0.000000 0.000000 0.000000 1.000000 0.000000 0.000000 0.000000 0.000000 1.000000
1.000000 0.000000 0.000000 0.000000 0.000000 1.000000 0.000000 0.000000 0.000000 0.000000 1.000000 0.000000 0.000000 0.000000 0.000000 1.000000
1.000000 0.000000 0.000000 0.000000 0.000000 1.000000 0.000000 0.000000 0.000000 0.000000 1.000000 0.000000 0.000000 0.000000 0.000000 1.000000
1.000000 0.000000 0.000000 0.000000 0.000000 1.000000 0.000000 0.000000 0.000000 0.000000 1.000000 0.000000 0.000000 0.000000 0.000000 1.000000
1.000000 0.000000 0.000000 0.000000 0.000000 1.000000 0.000000 0.000000 0.000000 0.000000 1.000000 0.000000 0.000000 0.000000 0.000000 1.000000
1.000000 0.000000 0.000000 0.000000 0.000000 1.000000 0.000000 0.000000 0.000000 0.000000 1.000000 0.000000 0.000000 0.000000 0.000000 1.000000
1.000000 0.000000 0.000000 0.000000 0.000000 1.000000 0.000000 0.000000 0.000000 0.000000 1.000000 0.000000 0.000000 0.000000 0.000000 1.000000
1.000000 0.000000 0.000000 0.000000 0.000000 1.000000 0.000000 0.000000 0.000000 0.000000 1.000000 0.000000 0.000000 0.000000 0.000000 1.000000
1.000000 0.000000 0.000000 0.000000 0.000000 1.000000 0.000000 0.000000 0.000000 0.000000 1.000000 0.000000 0.000000 0.000000 0.000000 1.000000
1.000000 0.000000 0.000000 0.000000 0.000000 1.000000 0.000000 0.000000 0.000000 0.000000 1.000000 0.000000 0.000000 0.000000 0.000000 1.000000
1.000000 0.000000 0.000000 0.000000 0.000000 1.000000 0.000000 0.000000 0.000000 0.000000 1.000000 0.000000 0.000000 0.000000 0.000000 1.000000
1.000000 0.000000 0.000000 0.000000 0.000000 1.000000 0.000000 0.000000 0.000000 0.000000 1.000000 0.000000 0.000000 0.000000 0.000000 1.000000
1.000000 0.000000 0.000000 0.000000 0.000000 1.000000 0.000000 0.000000 0.000000 0.000000 1.000000 0.000000 0.000000 0.000000 0.000000 1.000000
1.000000 0.000000 0.000000 0.000000 0.000000 1.000000 0.000000 0.000000 0.000000 0.000000 1.000000 0.000000 0.000000 0.000000 0.000000 1.000000
1.000000 0.000000 0.000000 0.000000 0.000000 1.000000 0.000000 0.000000 0.000000 0.000000 1.000000 0.000000 0.000000 0.000000 0.000000 1.000000
1.000000 0.000000 0.000000 0.000000 0.000000 1.000000 0.000000 0.000000 0.000000 0.000000 1.000000 0.000000 0.000000 0.000000 0.000000 1.000000
1.000000 0.000000 0.000000 0.000000 0.000000 1.000000 0.000000 0.000000 0.000000 0.000000 1.000000 0.000000 0.000000 0.000000 0.000000 1.000000
1.000000 0.000000 0.000000 0.000000 0.000000 1.000000 0.000000 0.000000 0.000000 0.000000 1.000000 0.000000 0.000000 0.000000 0.000000 1.000000
1.000000 0.000000 0.000000 0.000000 0.000000 1.000000 0.000000 0.000000 0.000000 0.000000 1.000000 0.000000 0.000000 0.000000 0.000000 1.000000
1.000000 0.000000 0.000000 0.000000 0.000000 1.000000 0.000000 0.000000 0.000000 0.000000 1.000000 0.000000 0.000000 0.000000 0.000000 1.000000
1.000000 0.000000 0.000000 0.000000 0.000000 1.000000 0.000000 0.000000 0.000000 0.000000 1.000000 0.000000 0.000000 0.000000 0.000000 1.000000
1.000000 0.000000 0.000000 0.000000 0.000000 1.000000 0.000000 0.000000 0.000000 0.000000 1.000000 0.000000 0.000000 0.000000 0.000000 1.000000
1.000000 0.000000 0.000000 0.000000 0.000000 1.000000 0.000000 0.000000 0.000000 0.000000 1.000000 0.000000 0.000000 0.000000 0.000000 1.000000
1.000000 0.000000 0.000000 0.000000 0.000000 1.000000 0.000000 0.000000 0.000000 0.000000 1.000000 0.000000 0.000000 0.000000 0.000000 1.000000
1.000000 0.000000 0.000000 0.000000 0.000000 1.000000 0.000000 0.000000 0.000000 0.000000 1.000000 0.000000 0.000000 0.000000 0.000000 1.000000
1.000000 0.000000 0.000000 0.000000 0.000000 1.000000 0.000000 0.000000 0.000000 0.000000 1.000000 0.000000 0.000000 0.000000 0.000000 1.000000
1.000000 0.000000 0.000000 0.000000 0.000000 1.000000 0.000000 0.000000 0.000000 0.000000 1.000000 0.000000 0.000000 0.000000 0.000000 1.000000
1.000000 0.000000 0.000000 0.000000 0.000000 1.000000 0.000000 0.000000 0.000000 0.000000 1.000000 0.000000 0.000000 0.000000 0.000000 1.000000
1.000000 0.000000 0.000000 0.000000 0.000000 1.000000 0.000000 0.000000 0.000000 0.000000 1.000000 0.000000 0.000000 0.000000 0.000000 1.000000
1.000000 0.000000 0.000000 0.000000 0.000000 1.000000 0.000000 0.000000 0.000000 0.000000 1.000000 0.000000 0.000000 0.000000 0.000000 1.000000
1.000000 0.000000 0.000000 0.000000 0.000000 1.000000 0.000000 0.000000 0.000000 0.000000 1.000000 0.000000 0.000000 0.000000 0.000000 1.000000
1.000000 0.000000 0.000000 0.000000 0.000000 1.000000 0.000000 0.000000 0.000000 0.000000 1.000000 0.000000 0.000000 0.000000 0.000000 1.000000
1.000000 0.000000 0.000000 0.000000 0.000000 1.000000 0.000000 0.000000 0.000000 0.000000 1.000000 0.000000 0.000000 0.000000 0.000000 1.000000
1.000000 0.000000 0.000000 0.000000 0.000000 1.000000 0.000000 0.000000 0.000000 0.000000 1.000000 0.000000 0.000000 0.000000 0.000000 1.000000
1.000000 0.000000 0.000000 0.000000 0.000000 1.000000 0.000000 0.000000 0.000000 0.000000 1.000000 0.000000 0.000000 0.000000 0.000000 1.000000
1.000000 0.000000 0.000000 0.000000 0.000000 1.000000 0.000000 0.000000 0.000000 0.000000 1.000000 0.000000 0.000000 0.000000 0.000000 1.000000
1.000000 0.000000 0.000000 0.000000 0.000000 1.000000 0.000000 0.000000 0.000000 0.000000 1.000000 0.000000 0.000000 0.000000 0.000000 1.000000
1.000000 0.000000 0.000000 0.000000 0.000000 1.000000 0.000000 0.000000 0.000000 0.000000 1.000000 0.000000 0.000000 0.000000 0.000000 1.000000
1.000000 0.000000 0.000000 0.000000 0.000000 1.000000 0.000000 0.000000 0.000000 0.000000 1.000000 0.000000 0.000000 0.000000 0.000000 1.000000
1.000000 0.000000 0.000000 0.000000 0.000000 1.000000 0.000000 0.000000 0.000000 0.000000 1.000000 0.000000 0.000000 0.000000 0.000000 1.000000
1.000000 0.000000 0.000000 0.000000 0.000000 1.000000 0.000000 0.000000 0.000000 0.000000 1.000000 0.000000 0.000000 0.000000 0.000000 1.000000
1.000000 0.000000 0.000000 0.000000 0.000000 1.000000 0.000000 0.000000 0.000000 0.000000 1.000000 0.000000 0.000000 0.000000 0.000000 1.000000
1.000000 0.000000 0.000000 0.000000 0.000000 1.000000 0.000000 0.000000 0.000000 0.000000 1.000000 0.000000 0.000000 0.000000 0.000000 1.000000
1.000000 0.000000 0.000000 0.000000 0.000000 1.000000 0.000000 0.000000 0.000000 0.000000 1.000000 0.000000 0.000000 0.000000 0.000000 1.000000
1.000000 0.000000 0.000000 0.000000 0.000000 1.000000 0.000000 0.000000 0.000000 0.000000 1.000000 0.000000 0.000000 0.000000 0.000000 1.000000
1.000000 0.000000 0.000000 0.000000 0.000000 1.000000 0.000000 0.000000 0.000000 0.000000 1.000000 0.000000 0.000000 0.000000 0.000000 1.000000
1.000000 0.000000 0.000000 0.000000 0.000000 1.000000 0.000000 0.000000 0.000000 0.000000 1.000000 0.000000 0.000000 0.000000 0.000000 1.000000
1.000000 0.000000 0.000000 0.000000 0.000000 1.000000 0.000000 0.000000 0.000000 0.000000 1.000000 0.000000 0.000000 0.000000 0.000000 1.000000
1.000000 0.000000 0.000000 0.000000 0.000000 1.000000 0.000000 0.000000 0.000000 0.000000 1.000000 0.000000 0.000000 0.000000 0.000000 1.000000
1.000000 0.000000 0.000000 0.000000 0.000000 1.000000 0.000000 0.000000 0.000000 0.000000 1.000000 0.000000 0.000000 0.000000 0.000000 1.000000
1.000000 0.000000 0.000000 0.000000 0.000000 1.000000 0.000000 0.000000 0.000000 0.000000 1.000000 0.000000 0.000000 0.000000 0.000000 1.000000
1.000000 0.000000 0.000000 0.000000 0.000000 1.000000 0.000000 0.000000 0.000000 0.000000 1.000000 0.000000 0.000000 0.000000 0.000000 1.000000
1.000000 0.000000 0.000000 0.000000 0.000000 1.000000 0.000000 0.000000 0.000000 0.000000 1.000000 0.000000 0.000000 0.000000 0.000000 1.000000
1.000000 0.000000 0.000000 0.000000 0.000000 1.000000 0.000000 0.000000 0.000000 0.000000 1.000000 0.000000 0.000000 0.000000 0.000000 1.000000
1.000000 0.000000 0.000000 0.000000 0.000000 1.000000 0.000000 0.000000 0.000000 0.000000 1.000000 0.000000 0.000000 0.000000 0.000000 1.000000
1.000000 0.000000 0.000000 0.000000 0.000000 1.000000 0.000000 0.000000 0.000000 0.000000 1.000000 0.000000 0.000000 0.000000 0.000000 1.000000
1.000000 0.000000 0.000000 0.000000 0.000000 1.000000 0.000000 0.000000 0.000000 0.000000 1.000000 0.000000 0.000000 0.000000 0.000000 1.000000
1.000000 0.000000 0.000000 0.000000 0.000000 1.000000 0.000000 0.000000 0.000000 0.000000 1.000000 0.000000 0.000000 0.000000 0.000000 1.000000
1.000000 0.000000 0.000000 0.000000 0.000000 1.000000 0.000000 0.000000 0.000000 0.000000 1.000000 0.000000 0.000000 0.000000 0.000000 1.000000
1.000000 0.000000 0.000000 0.000000 0.000000 1.000000 0.000000 0.000000 0.000000 0.000000 1.000000 0.000000 0.000000 0.000000 0.000000 1.000000
1.000000 0.000000 0.000000 0.000000 0.000000 1.000000 0.000000 0.000000 0.000000 0.000000 1.000000 0.000000 0.000000 0.000000 0.000000 1.000000
1.000000 0.000000 0.000000 0.000000 0.000000 1.000000 0.000000 0.000000 0.000000 0.000000 1.000000 0.000000 0.000000 0.000000 0.000000 1.000000
1.000000 0.000000 0.000000 0.000000 0.000000 1.000000 0.000000 0.000000 0.000000 0.000000 1.000000 0.000000 0.000000 0.000000 0.000000 1.000000
1.000000 0.000000 0.000000 0.000000 0.000000 1.000000 0.000000 0.000000 0.000000 0.000000 1.000000 0.000000 0.000000 0.000000 0.000000 1.000000
1.000000 0.000000 0.000000 0.000000 0.000000 1.000000 0.000000 0.000000 0.000000 0.000000 1.000000 0.000000 0.000000 0.000000 0.000000 1.000000
1.000000 0.000000 0.000000 0.000000 0.000000 1.000000 0.000000 0.000000 0.000000 0.000000 1.000000 0.000000 0.000000 0.000000 0.000000 1.000000
1.000000 0.000000 0.000000 0.000000 0.000000 1.000000 0.000000 0.000000 0.000000 0.000000 1.000000 0.000000 0.000000 0.000000 0.000000 1.000000
1.000000 0.000000 0.000000 0.000000 0.000000 1.000000 0.000000 0.000000 0.000000 0.000000 1.000000 0.000000 0.000000 0.000000 0.000000 1.000000
1.000000 0.000000 0.000000 0.000000 0.000000 1.000000 0.000000 0.000000 0.000000 0.000000 1.000000 0.000000 0.000000 0.000000 0.000000 1.000000
1.000000 0.000000 0.000000 0.000000 0.000000 1.000000 0.000000 0.000000 0.000000 0.000000 1.000000 0.000000 0.000000 0.000000 0.000000 1.000000
1.000000 0.000000 0.000000 0.000000 0.000000 1.000000 0.000000 0.000000 0.000000 0.000000 1.000000 0.000000 0.000000 0.000000 0.000000 1.000000
1.000000 0.000000 0.000000 0.000000 0.000000 1.000000 0.000000 0.000000 0.000000 0.000000 1.000000 0.000000 0.000000 0.000000 0.000000 1.000000
1.000000 0.000000 0.000000 0.000000 0.000000 1.000000 0.000000 0.000000 0.000000 0.000000 1.000000 0.000000 0.000000 0.000000 0.000000 1.000000
1.000000 0.000000 0.000000 0.000000 0.000000 1.000000 0.000000 0.000000 0.000000 0.000000 1.000000 0.000000 0.000000 0.000000 0.000000 1.000000
1.000000 0.000000 0.000000 0.000000 0.000000 1.000000 0.000000 0.000000 0.000000 0.000000 1.000000 0.000000 0.000000 0.000000 0.000000 1.000000
1.000000 0.000000 0.000000 0.000000 0.000000 1.000000 0.000000 0.000000 0.000000 0.000000 1.000000 0.000000 0.000000 0.000000 0.000000 1.000000
1.000000 0.000000 0.000000 0.000000 0.000000 1.000000 0.000000 0.000000 0.000000 0.000000 1.000000 0.000000 0.000000 0.000000 0.000000 1.000000
1.000000 0.000000 0.000000 0.000000 0.000000 1.000000 0.000000 0.000000 0.000000 0.000000 1.000000 0.000000 0.000000 0.000000 0.000000 1.000000
1.000000 0.000000 0.000000 0.000000 0.000000 1.000000 0.000000 0.000000 0.000000 0.000000 1.000000 0.000000 0.000000 0.000000 0.000000 1.000000
1.000000 0.000000 0.000000 0.000000 0.000000 1.000000 0.000000 0.000000 0.000000 0.000000 1.000000 0.000000 0.000000 0.000000 0.000000 1.000000
1.000000 0.000000 0.000000 0.000000 0.000000 1.000000 0.000000 0.000000 0.000000 0.000000 1.000000 0.000000 0.000000 0.000000 0.000000 1.000000
1.000000 0.000000 0.000000 0.000000 0.000000 1.000000 0.000000 0.000000 0.000000 0.000000 1.000000 0.000000 0.000000 0.000000 0.000000 1.000000
1.000000 0.000000 0.000000 0.000000 0.000000 1.000000 0.000000 0.000000 0.000000 0.000000 1.000000 0.000000 0.000000 0.000000 0.000000 1.000000
1.000000 0.000000 0.000000 0.000000 0.000000 1.000000 0.000000 0.000000 0.000000 0.000000 1.000000 0.000000 0.000000 0.000000 0.000000 1.000000
1.000000 0.000000 0.000000 0.000000 0.000000 1.000000 0.000000 0.000000 0.000000 0.000000 1.000000 0.000000 0.000000 0.000000 0.000000 1.000000
1.000000 0.000000 0.000000 0.000000 0.000000 1.000000 0.000000 0.000000 0.000000 0.000000 1.000000 0.000000 0.000000 0.000000 0.000000 1.000000
1.000000 0.000000 0.000000 0.000000 0.000000 1.000000 0.000000 0.000000 0.000000 0.000000 1.000000 0.000000 0.000000 0.000000 0.000000 1.000000
1.000000 0.000000 0.000000 0.000000 0.000000 1.000000 0.000000 0.000000 0.000000 0.000000 1.000000 0.000000 0.000000 0.000000 0.000000 1.000000
1.000000 0.000000 0.000000 0.000000 0.000000 1.000000 0.000000 0.000000 0.000000 0.000000 1.000000 0.000000 0.000000 0.000000 0.000000 1.000000
1.000000 0.000000 0.000000 0.000000 0.000000 1.000000 0.000000 0.000000 0.000000 0.000000 1.000000 0.000000 0.000000 0.000000 0.000000 1.000000
1.000000 0.000000 0.000000 0.000000 0.000000 1.000000 0.000000 0.000000 0.000000 0.000000 1.000000 0.000000 0.000000 0.000000 0.000000 1.000000
1.000000 0.000000 0.000000 0.000000 0.000000 1.000000 0.000000 0.000000 0.000000 0.000000 1.000000 0.000000 0.000000 0.000000 0.000000 1.000000
1.000000 0.000000 0.000000 0.000000 0.000000 1.000000 0.000000 0.000000 0.000000 0.000000 1.000000 0.000000 0.000000 0.000000 0.000000 1.000000
1.000000 0.000000 0.000000 0.000000 0.000000 1.000000 0.000000 0.000000 0.000000 0.000000 1.000000 0.000000 0.000000 0.000000 0.000000 1.000000
1.000000 0.000000 0.000000 0.000000 0.000000 1.000000 0.000000 0.000000 0.000000 0.000000 1.000000 0.000000 0.000000 0.000000 0.000000 1.000000
1.000000 0.000000 0.000000 0.000000 0.000000 1.000000 0.000000 0.000000 0.000000 0.000000 1.000000 0.000000 0.000000 0.000000 0.000000 1.000000</float_array><technique_common><accessor source="#root_jnt-Matrix-animation-output-transform-array" count="121" stride="16"><param type="float4x4"/></accessor></technique_common></source><source id="root_jnt-Interpolations"><Name_array id="root_jnt-Interpolations-array" count="121">
 LINEAR LINEAR LINEAR LINEAR LINEAR LINEAR LINEAR LINEAR LINEAR LINEAR LINEAR
LINEAR LINEAR LINEAR LINEAR LINEAR LINEAR LINEAR LINEAR LINEAR LINEAR LINEAR LINEAR
LINEAR LINEAR LINEAR LINEAR LINEAR LINEAR LINEAR LINEAR LINEAR LINEAR LINEAR LINEAR
LINEAR LINEAR LINEAR LINEAR LINEAR LINEAR LINEAR LINEAR LINEAR LINEAR LINEAR LINEAR
LINEAR LINEAR LINEAR LINEAR LINEAR LINEAR LINEAR LINEAR LINEAR LINEAR LINEAR LINEAR
LINEAR LINEAR LINEAR LINEAR LINEAR LINEAR LINEAR LINEAR LINEAR LINEAR LINEAR LINEAR
LINEAR LINEAR LINEAR LINEAR LINEAR LINEAR LINEAR LINEAR LINEAR LINEAR LINEAR LINEAR
LINEAR LINEAR LINEAR LINEAR LINEAR LINEAR LINEAR LINEAR LINEAR LINEAR LINEAR LINEAR
LINEAR LINEAR LINEAR LINEAR LINEAR LINEAR LINEAR LINEAR LINEAR LINEAR LINEAR LINEAR
LINEAR LINEAR LINEAR LINEAR LINEAR LINEAR LINEAR LINEAR LINEAR LINEAR LINEAR LINEAR
LINEAR LINEAR</Name_array><technique_common><accessor source="#root_jnt-Interpolations-array" count="121"><param type="name"/></accessor></technique_common></source><sampler id="root_jnt-Matrix-animation-transform"><input semantic="INPUT" source="#root_jnt-Matrix-animation-input"/><input semantic="OUTPUT" source="#root_jnt-Matrix-animation-output-transform"/><input semantic="INTERPOLATION" source="#root_jnt-Interpolations"/></sampler><channel source="#root_jnt-Matrix-animation-transform" target="root_jnt/matrix"/></animation></animation>
    <animation id="jnt_spine2-anim" name="jnt_spine2"><animation><source id="jnt_spine2-Matrix-animation-input"><float_array id="jnt_spine2-Matrix-animation-input-array" count="121">

0.000000 0.033333 0.066667 0.100000 0.133333 0.166667 0.200000 0.233333 0.266667 0.300000 0.333333 0.366667 0.400000 0.433333 0.466667 0.500000
0.533333 0.566667 0.600000 0.633333 0.666667 0.700000 0.733333 0.766667 0.800000 0.833333 0.866667 0.900000 0.933333 0.966667 1.000000 1.033333
1.066667 1.100000 1.133333 1.166667 1.200000 1.233333 1.266667 1.300000 1.333333 1.366667 1.400000 1.433333 1.466667 1.500000 1.533333 1.566667
1.600000 1.633333 1.666667 1.700000 1.733333 1.766667 1.800000 1.833333 1.866667 1.900000 1.933333 1.966667 2.000000 2.033333 2.066667 2.100000
2.133333 2.166667 2.200000 2.233333 2.266667 2.300000 2.333333 2.366667 2.400000 2.433333 2.466667 2.500000 2.533333 2.566667 2.600000 2.633333
2.666667 2.700000 2.733333 2.766667 2.800000 2.833333 2.866667 2.900000 2.933333 2.966667 3.000000 3.033333 3.066667 3.100000 3.133333 3.166667
3.200000 3.233333 3.266667 3.300000 3.333333 3.366667 3.400000 3.433333 3.466667 3.500000 3.533333 3.566667 3.600000 3.633333 3.666667 3.700000
3.733333 3.766667 3.800000 3.833333 3.866667 3.900000 3.933333 3.966667 4.000000</float_array><technique_common><accessor source="#jnt_spine2-Matrix-animation-input-array" count="121"><param name="TIME" type="float"/></accessor></technique_common></source><source id="jnt_spine2-Matrix-animation-output-transform"><float_array id="jnt_spine2-Matrix-animation-output-transform-array" count="1936">

0.993347 0.098515 -0.059644 -0.467351 -0.103505 0.990787 -0.087332 7.870280 0.050491 0.092925 0.994392 -0.307933 0.000000 0.000000 0.000000 1.000000
0.993347 0.098989 -0.058854 -0.467351 -0.103505 0.991455 -0.079395 7.865222 0.050491 0.084958 0.995104 -0.307933 0.000000 0.000000 0.000000 1.000000
0.993347 0.099465 -0.058046 -0.467351 -0.103505 0.992069 -0.071320 7.850651 0.050491 0.076853 0.995763 -0.307933 0.000000 0.000000 0.000000 1.000000
0.993347 0.099934 -0.057234 -0.467351 -0.103505 0.992616 -0.063240 7.827474 0.050491 0.068743 0.996356 -0.307933 0.000000 0.000000 0.000000 1.000000
0.993347 0.100389 -0.056432 -0.467351 -0.103505 0.993091 -0.055291 7.796596 0.050491 0.060764 0.996874 -0.307933 0.000000 0.000000 0.000000 1.000000
0.993347 0.100823 -0.055654 -0.467351 -0.103505 0.993489 -0.047607 7.758924 0.050491 0.053051 0.997315 -0.307933 0.000000 0.000000 0.000000 1.000000
0.993347 0.101228 -0.054913 -0.467351 -0.103505 0.993811 -0.040323 7.715363 0.050491 0.045739 0.997677 -0.307933 0.000000 0.000000 0.000000 1.000000
0.993347 0.101599 -0.054224 -0.467351 -0.103505 0.994062 -0.033574 7.666819 0.050491 0.038963 0.997964 -0.307933 0.000000 0.000000 0.000000 1.000000
0.993347 0.101928 -0.053602 -0.467351 -0.103505 0.994249 -0.027494 7.614198 0.050491 0.032859 0.998184 -0.307933 0.000000 0.000000 0.000000 1.000000
0.993347 0.102211 -0.053060 -0.467351 -0.103505 0.994381 -0.022218 7.558406 0.050491 0.027562 0.998344 -0.307933 0.000000 0.000000 0.000000 1.000000
0.993347 0.102442 -0.052614 -0.467351 -0.103505 0.994468 -0.017881 7.500350 0.050491 0.023208 0.998455 -0.307933 0.000000 0.000000 0.000000 1.000000
0.993347 0.102614 -0.052278 -0.467351 -0.103505 0.994522 -0.014616 7.440934 0.050491 0.019930 0.998526 -0.307933 0.000000 0.000000 0.000000 1.000000
0.993347 0.102722 -0.052065 -0.467351 -0.103505 0.994550 -0.012559 7.381066 0.050491 0.017865 0.998565 -0.307933 0.000000 0.000000 0.000000 1.000000
0.993347 0.102759 -0.051991 -0.467351 -0.103505 0.994558 -0.011844 7.321651 0.050491 0.017147 0.998577 -0.307933 0.000000 0.000000 0.000000 1.000000
0.993347 0.102565 -0.052373 -0.467351 -0.103505 0.994508 -0.015540 7.263594 0.050491 0.020857 0.998507 -0.307933 0.000000 0.000000 0.000000 1.000000
0.993347 0.102032 -0.053405 -0.467351 -0.103505 0.994300 -0.025570 7.207803 0.050491 0.030927 0.998246 -0.307933 0.000000 0.000000 0.000000 1.000000
0.993347 0.101227 -0.054915 -0.467351 -0.103505 0.993810 -0.040346 7.155182 0.050491 0.045761 0.997676 -0.307933 0.000000 0.000000 0.000000 1.000000
0.993347 0.100219 -0.056733 -0.467351 -0.103505 0.992920 -0.058276 7.106638 0.050491 0.063760 0.996687 -0.307933 0.000000 0.000000 0.000000 1.000000
0.993347 0.099086 -0.058691 -0.467351 -0.103505 0.991584 -0.077766 7.063076 0.050491 0.083323 0.995243 -0.307933 0.000000 0.000000 0.000000 1.000000
0.993347 0.097914 -0.060626 -0.467351 -0.103505 0.989866 -0.097226 7.025404 0.050491 0.102854 0.993414 -0.307933 0.000000 0.000000 0.000000 1.000000
0.993347 0.096804 -0.062383 -0.467351 -0.103505 0.987950 -0.115076 6.994526 0.050491 0.120767 0.991396 -0.307933 0.000000 0.000000 0.000000 1.000000
0.993347 0.095866 -0.063815 -0.467351 -0.103505 0.986130 -0.129747 6.971349 0.050491 0.135489 0.989491 -0.307933 0.000000 0.000000 0.000000 1.000000
0.993347 0.095217 -0.064779 -0.467351 -0.103505 0.984771 -0.139687 6.956778 0.050491 0.145463 0.988075 -0.307933 0.000000 0.000000 0.000000 1.000000
0.993347 0.094976 -0.065132 -0.467351 -0.103505 0.984245 -0.143346 6.951720 0.050491 0.149133 0.987527 -0.307933 0.000000 0.000000 0.000000 1.000000
0.993347 0.094984 -0.065120 -0.467351 -0.103505 0.984264 -0.143219 6.960881 0.050491 0.149007 0.987546 -0.307933 0.000000 0.000000 0.000000 1.000000
0.993347 0.095010 -0.065082 -0.467351 -0.103505 0.984321 -0.142823 6.986869 0.050491 0.148609 0.987606 -0.307933 0.000000 0.000000 0.000000 1.000000
0.993347 0.095056 -0.065015 -0.467351 -0.103505 0.984421 -0.142133 7.027441 0.050491 0.147917 0.987710 -0.307933 0.000000 0.000000 0.000000 1.000000
0.993347 0.095123 -0.064917 -0.467351 -0.103505 0.984566 -0.141123 7.080352 0.050491 0.146903 0.987861 -0.307933 0.000000 0.000000 0.000000 1.000000
0.993347 0.095212 -0.064786 -0.467351 -0.103505 0.984760 -0.139768 7.143359 0.050491 0.145544 0.988063 -0.307933 0.000000 0.000000 0.000000 1.000000
0.993347 0.095325 -0.064620 -0.467351 -0.103505 0.985003 -0.138043 7.214219 0.050491 0.143813 0.988316 -0.307933 0.000000 0.000000 0.000000 1.000000
0.993347 0.095464 -0.064414 -0.467351 -0.103505 0.985298 -0.135923 7.290688 0.050491 0.141686 0.988623 -0.307933 0.000000 0.000000 0.000000 1.000000
0.993347 0.095630 -0.064168 -0.467351 -0.103505 0.985645 -0.133382 7.370522 0.050491 0.139136 0.988985 -0.307933 0.000000 0.000000 0.000000 1.000000
0.993347 0.095824 -0.063878 -0.467351 -0.103505 0.986045 -0.130394 7.451478 0.050491 0.136139 0.989402 -0.307933 0.000000 0.000000 0.000000 1.000000
0.993347 0.096047 -0.063541 -0.467351 -0.103505 0.986496 -0.126935 7.531312 0.050491 0.132667 0.989874 -0.307933 0.000000 0.000000 0.000000 1.000000
0.993347 0.096301 -0.063156 -0.467351 -0.103505 0.986997 -0.122978 7.607781 0.050491 0.128697 0.990398 -0.307933 0.000000 0.000000 0.000000 1.000000
0.993347 0.096587 -0.062718 -0.467351 -0.103505 0.987545 -0.118497 7.678641 0.050491 0.124200 0.990972 -0.307933 0.000000 0.000000 0.000000 1.000000
0.993347 0.096905 -0.062225 -0.467351 -0.103505 0.988136 -0.113467 7.741648 0.050491 0.119153 0.991591 -0.307933 0.000000 0.000000 0.000000 1.000000
0.993347 0.097256 -0.061675 -0.467351 -0.103505 0.988763 -0.107862 7.794559 0.050491 0.113528 0.992251 -0.307933 0.000000 0.000000 0.000000 1.000000
0.993347 0.097642 -0.061063 -0.467351 -0.103505 0.989421 -0.101655 7.835131 0.050491 0.107299 0.992944 -0.307933 0.000000 0.000000 0.000000 1.000000
0.993347 0.098061 -0.060387 -0.467351 -0.103505 0.990099 -0.094821 7.861119 0.050491 0.100440 0.993661 -0.307933 0.000000 0.000000 0.000000 1.000000
0.993347 0.098515 -0.059644 -0.467351 -0.103505 0.990787 -0.087332 7.870280 0.050491 0.092925 0.994392 -0.307933 0.000000 0.000000 0.000000 1.000000
0.993347 0.098989 -0.058854 -0.467351 -0.103505 0.991455 -0.079395 7.865222 0.050491 0.084958 0.995104 -0.307933 0.000000 0.000000 0.000000 1.000000
0.993347 0.099465 -0.058046 -0.467351 -0.103505 0.992069 -0.071320 7.850651 0.050491 0.076853 0.995763 -0.307933 0.000000 0.000000 0.000000 1.000000
0.993347 0.099934 -0.057234 -0.467351 -0.103505 0.992616 -0.063240 7.827474 0.050491 0.068743 0.996356 -0.307933 0.000000 0.000000 0.000000 1.000000
0.993347 0.100389 -0.056432 -0.467351 -0.103505 0.993091 -0.055291 7.796596 0.050491 0.060764 0.996874 -0.307933 0.000000 0.000000 0.000000 1.000000
0.993347 0.100823 -0.055654 -0.467351 -0.103505 0.993489 -0.047607 7.758924 0.050491 0.053051 0.997315 -0.307933 0.000000 0.000000 0.000000 1.000000
0.993347 0.101228 -0.054913 -0.467351 -0.103505 0.993811 -0.040323 7.715363 0.050491 0.045739 0.997677 -0.307933 0.000000 0.000000 0.000000 1.000000
0.993347 0.101599 -0.054224 -0.467351 -0.103505 0.994062 -0.033574 7.666819 0.050491 0.038963 0.997964 -0.307933 0.000000 0.000000 0.000000 1.000000
0.993347 0.101928 -0.053602 -0.467351 -0.103505 0.994249 -0.027494 7.614198 0.050491 0.032859 0.998184 -0.307933 0.000000 0.000000 0.000000 1.000000
0.993347 0.102211 -0.053060 -0.467351 -0.103505 0.994381 -0.022218 7.558406 0.050491 0.027562 0.998344 -0.307933 0.000000 0.000000 0.000000 1.000000
0.993347 0.102442 -0.052614 -0.467351 -0.103505 0.994468 -0.017881 7.500350 0.050491 0.023208 0.998455 -0.307933 0.000000 0.000000 0.000000 1.000000
0.993347 0.102614 -0.052278 -0.467351 -0.103505 0.994522 -0.014616 7.440934 0.050491 0.019930 0.998526 -0.307933 0.000000 0.000000 0.000000 1.000000
0.993347 0.102722 -0.052065 -0.467351 -0.103505 0.994550 -0.012559 7.381066 0.050491 0.017865 0.998565 -0.307933 0.000000 0.000000 0.000000 1.000000
0.993347 0.102759 -0.051991 -0.467351 -0.103505 0.994558 -0.011844 7.321651 0.050491 0.017147 0.998577 -0.307933 0.000000 0.000000 0.000000 1.000000
0.993347 0.102565 -0.052373 -0.467351 -0.103505 0.994508 -0.015540 7.263594 0.050491 0.020857 0.998507 -0.307933 0.000000 0.000000 0.000000 1.000000
0.993347 0.102032 -0.053405 -0.467351 -0.103505 0.994300 -0.025570 7.207803 0.050491 0.030927 0.998246 -0.307933 0.000000 0.000000 0.000000 1.000000
0.993347 0.101227 -0.054915 -0.467351 -0.103505 0.993810 -0.040346 7.155182 0.050491 0.045761 0.997676 -0.307933 0.000000 0.000000 0.000000 1.000000
0.993347 0.100219 -0.056733 -0.467351 -0.103505 0.992920 -0.058276 7.106638 0.050491 0.063760 0.996687 -0.307933 0.000000 0.000000 0.000000 1.000000
0.993347 0.099086 -0.058691 -0.467351 -0.103505 0.991584 -0.077766 7.063076 0.050491 0.083323 0.995243 -0.307933 0.000000 0.000000 0.000000 1.000000
0.993347 0.097914 -0.060626 -0.467351 -0.103505 0.989866 -0.097226 7.025404 0.050491 0.102854 0.993414 -0.307933 0.000000 0.000000 0.000000 1.000000
0.993347 0.096804 -0.062383 -0.467351 -0.103505 0.987950 -0.115076 6.994526 0.050491 0.120767 0.991396 -0.307933 0.000000 0.000000 0.000000 1.000000
0.993347 0.095866 -0.063815 -0.467351 -0.103505 0.986130 -0.129747 6.971349 0.050491 0.135489 0.989491 -0.307933 0.000000 0.000000 0.000000 1.000000
0.993347 0.095217 -0.064779 -0.467351 -0.103505 0.984771 -0.139687 6.956778 0.050491 0.145463 0.988075 -0.307933 0.000000 0.000000 0.000000 1.000000
0.993347 0.094976 -0.065132 -0.467351 -0.103505 0.984245 -0.143346 6.951720 0.050491 0.149133 0.987527 -0.307933 0.000000 0.000000 0.000000 1.000000
0.993347 0.094984 -0.065120 -0.467351 -0.103505 0.984264 -0.143219 6.960881 0.050491 0.149007 0.987546 -0.307933 0.000000 0.000000 0.000000 1.000000
0.993347 0.095010 -0.065082 -0.467351 -0.103505 0.984321 -0.142823 6.986869 0.050491 0.148609 0.987606 -0.307933 0.000000 0.000000 0.000000 1.000000
0.993347 0.095056 -0.065015 -0.467351 -0.103505 0.984421 -0.142133 7.027441 0.050491 0.147917 0.987710 -0.307933 0.000000 0.000000 0.000000 1.000000
0.993347 0.095123 -0.064917 -0.467351 -0.103505 0.984566 -0.141123 7.080352 0.050491 0.146903 0.987861 -0.307933 0.000000 0.000000 0.000000 1.000000
0.993347 0.095212 -0.064786 -0.467351 -0.103505 0.984760 -0.139768 7.143359 0.050491 0.145544 0.988063 -0.307933 0.000000 0.000000 0.000000 1.000000
0.993347 0.095325 -0.064620 -0.467351 -0.103505 0.985003 -0.138043 7.214219 0.050491 0.143813 0.988316 -0.307933 0.000000 0.000000 0.000000 1.000000
0.993347 0.095464 -0.064414 -0.467351 -0.103505 0.985298 -0.135923 7.290688 0.050491 0.141686 0.988623 -0.307933 0.000000 0.000000 0.000000 1.000000
0.993347 0.095630 -0.064168 -0.467351 -0.103505 0.985645 -0.133382 7.370522 0.050491 0.139136 0.988985 -0.307933 0.000000 0.000000 0.000000 1.000000
0.993347 0.095824 -0.063878 -0.467351 -0.103505 0.986045 -0.130394 7.451478 0.050491 0.136139 0.989402 -0.307933 0.000000 0.000000 0.000000 1.000000
0.993347 0.096047 -0.063541 -0.467351 -0.103505 0.986496 -0.126935 7.531312 0.050491 0.132667 0.989874 -0.307933 0.000000 0.000000 0.000000 1.000000
0.993347 0.096301 -0.063156 -0.467351 -0.103505 0.986997 -0.122978 7.607781 0.050491 0.128697 0.990398 -0.307933 0.000000 0.000000 0.000000 1.000000
0.993347 0.096587 -0.062718 -0.467351 -0.103505 0.987545 -0.118497 7.678641 0.050491 0.124200 0.990972 -0.307933 0.000000 0.000000 0.000000 1.000000
0.993347 0.096905 -0.062225 -0.467351 -0.103505 0.988136 -0.113467 7.741648 0.050491 0.119153 0.991591 -0.307933 0.000000 0.000000 0.000000 1.000000
0.993347 0.097256 -0.061675 -0.467351 -0.103505 0.988763 -0.107862 7.794559 0.050491 0.113528 0.992251 -0.307933 0.000000 0.000000 0.000000 1.000000
0.993347 0.097642 -0.061063 -0.467351 -0.103505 0.989421 -0.101655 7.835131 0.050491 0.107299 0.992944 -0.307933 0.000000 0.000000 0.000000 1.000000
0.993347 0.098061 -0.060387 -0.467351 -0.103505 0.990099 -0.094821 7.861119 0.050491 0.100440 0.993661 -0.307933 0.000000 0.000000 0.000000 1.000000
0.993347 0.098515 -0.059644 -0.467351 -0.103505 0.990787 -0.087332 7.870280 0.050491 0.092925 0.994392 -0.307933 0.000000 0.000000 0.000000 1.000000
0.993347 0.098989 -0.058854 -0.467351 -0.103505 0.991455 -0.079395 7.865222 0.050491 0.084958 0.995104 -0.307933 0.000000 0.000000 0.000000 1.000000
0.993347 0.099465 -0.058046 -0.467351 -0.103505 0.992069 -0.071320 7.850651 0.050491 0.076853 0.995763 -0.307933 0.000000 0.000000 0.000000 1.000000
0.993347 0.099934 -0.057234 -0.467351 -0.103505 0.992616 -0.063240 7.827474 0.050491 0.068743 0.996356 -0.307933 0.000000 0.000000 0.000000 1.000000
0.993347 0.100389 -0.056432 -0.467351 -0.103505 0.993091 -0.055291 7.796596 0.050491 0.060764 0.996874 -0.307933 0.000000 0.000000 0.000000 1.000000
0.993347 0.100823 -0.055654 -0.467351 -0.103505 0.993489 -0.047607 7.758924 0.050491 0.053051 0.997315 -0.307933 0.000000 0.000000 0.000000 1.000000
0.993347 0.101228 -0.054913 -0.467351 -0.103505 0.993811 -0.040323 7.715363 0.050491 0.045739 0.997677 -0.307933 0.000000 0.000000 0.000000 1.000000
0.993347 0.101599 -0.054224 -0.467351 -0.103505 0.994062 -0.033574 7.666819 0.050491 0.038963 0.997964 -0.307933 0.000000 0.000000 0.000000 1.000000
0.993347 0.101928 -0.053602 -0.467351 -0.103505 0.994249 -0.027494 7.614198 0.050491 0.032859 0.998184 -0.307933 0.000000 0.000000 0.000000 1.000000
0.993347 0.102211 -0.053060 -0.467351 -0.103505 0.994381 -0.022218 7.558406 0.050491 0.027562 0.998344 -0.307933 0.000000 0.000000 0.000000 1.000000
0.993347 0.102442 -0.052614 -0.467351 -0.103505 0.994468 -0.017881 7.500350 0.050491 0.023208 0.998455 -0.307933 0.000000 0.000000 0.000000 1.000000
0.993347 0.102614 -0.052278 -0.467351 -0.103505 0.994522 -0.014616 7.440934 0.050491 0.019930 0.998526 -0.307933 0.000000 0.000000 0.000000 1.000000
0.993347 0.102722 -0.052065 -0.467351 -0.103505 0.994550 -0.012559 7.381066 0.050491 0.017865 0.998565 -0.307933 0.000000 0.000000 0.000000 1.000000
0.993347 0.102759 -0.051991 -0.467351 -0.103505 0.994558 -0.011844 7.321651 0.050491 0.017147 0.998577 -0.307933 0.000000 0.000000 0.000000 1.000000
0.993347 0.102565 -0.052373 -0.467351 -0.103505 0.994508 -0.015540 7.263594 0.050491 0.020857 0.998507 -0.307933 0.000000 0.000000 0.000000 1.000000
0.993347 0.102032 -0.053405 -0.467351 -0.103505 0.994300 -0.025570 7.207803 0.050491 0.030927 0.998246 -0.307933 0.000000 0.000000 0.000000 1.000000
0.993347 0.101227 -0.054915 -0.467351 -0.103505 0.993810 -0.040346 7.155182 0.050491 0.045761 0.997676 -0.307933 0.000000 0.000000 0.000000 1.000000
0.993347 0.100219 -0.056733 -0.467351 -0.103505 0.992920 -0.058276 7.106638 0.050491 0.063760 0.996687 -0.307933 0.000000 0.000000 0.000000 1.000000
0.993347 0.099086 -0.058691 -0.467351 -0.103505 0.991584 -0.077766 7.063076 0.050491 0.083323 0.995243 -0.307933 0.000000 0.000000 0.000000 1.000000
0.993347 0.097914 -0.060626 -0.467351 -0.103505 0.989866 -0.097226 7.025404 0.050491 0.102854 0.993414 -0.307933 0.000000 0.000000 0.000000 1.000000
0.993347 0.096804 -0.062383 -0.467351 -0.103505 0.987950 -0.115076 6.994526 0.050491 0.120767 0.991396 -0.307933 0.000000 0.000000 0.000000 1.000000
0.993347 0.095866 -0.063815 -0.467351 -0.103505 0.986130 -0.129747 6.971349 0.050491 0.135489 0.989491 -0.307933 0.000000 0.000000 0.000000 1.000000
0.993347 0.095217 -0.064779 -0.467351 -0.103505 0.984771 -0.139687 6.956778 0.050491 0.145463 0.988075 -0.307933 0.000000 0.000000 0.000000 1.000000
0.993347 0.094976 -0.065132 -0.467351 -0.103505 0.984245 -0.143346 6.951720 0.050491 0.149133 0.987527 -0.307933 0.000000 0.000000 0.000000 1.000000
0.993347 0.094984 -0.065120 -0.467351 -0.103505 0.984264 -0.143219 6.960881 0.050491 0.149007 0.987546 -0.307933 0.000000 0.000000 0.000000 1.000000
0.993347 0.095010 -0.065082 -0.467351 -0.103505 0.984321 -0.142823 6.986869 0.050491 0.148609 0.987606 -0.307933 0.000000 0.000000 0.000000 1.000000
0.993347 0.095056 -0.065015 -0.467351 -0.103505 0.984421 -0.142133 7.027441 0.050491 0.147917 0.987710 -0.307933 0.000000 0.000000 0.000000 1.000000
0.993347 0.095123 -0.064917 -0.467351 -0.103505 0.984566 -0.141123 7.080352 0.050491 0.146903 0.987861 -0.307933 0.000000 0.000000 0.000000 1.000000
0.993347 0.095212 -0.064786 -0.467351 -0.103505 0.984760 -0.139768 7.143359 0.050491 0.145544 0.988063 -0.307933 0.000000 0.000000 0.000000 1.000000
0.993347 0.095325 -0.064620 -0.467351 -0.103505 0.985003 -0.138043 7.214219 0.050491 0.143813 0.988316 -0.307933 0.000000 0.000000 0.000000 1.000000
0.993347 0.095464 -0.064414 -0.467351 -0.103505 0.985298 -0.135923 7.290688 0.050491 0.141686 0.988623 -0.307933 0.000000 0.000000 0.000000 1.000000
0.993347 0.095630 -0.064168 -0.467351 -0.103505 0.985645 -0.133382 7.370522 0.050491 0.139136 0.988985 -0.307933 0.000000 0.000000 0.000000 1.000000
0.993347 0.095824 -0.063878 -0.467351 -0.103505 0.986045 -0.130394 7.451478 0.050491 0.136139 0.989402 -0.307933 0.000000 0.000000 0.000000 1.000000
0.993347 0.096047 -0.063541 -0.467351 -0.103505 0.986496 -0.126935 7.531312 0.050491 0.132667 0.989874 -0.307933 0.000000 0.000000 0.000000 1.000000
0.993347 0.096301 -0.063156 -0.467351 -0.103505 0.986997 -0.122978 7.607781 0.050491 0.128697 0.990398 -0.307933 0.000000 0.000000 0.000000 1.000000
