<?xml version="1.0" encoding="utf-8"?>
<COLLADA xmlns="http://www.collada.org/2005/11/COLLADASchema" version="1.4.1">
  <asset><contributor><author></author><authoring_tool>FBX COLLADA exporter</authoring_tool><comments></comments></contributor><created>2020-01-21T12:31:51Z</created><keywords></keywords><modified>2020-01-21T12:31:51Z</modified><revision></revision><subject></subject><title></title><unit meter="0.010000" name="centimeter"></unit><up_axis>Y_UP</up_axis></asset>
  <library_animations>
    <animation id="root_jnt-anim" name="root_jnt"><animation><source id="root_jnt-Matrix-animation-input"><float_array id="root_jnt-Matrix-animation-input-array" count="19">

0.000000 0.033333 0.066667 0.100000 0.133333 0.166667 0.200000 0.233333 0.266667 0.300000 0.333333 0.366667 0.400000 0.433333 0.466667 0.500000
0.533333 0.566667 0.600000</float_array><technique_common><accessor source="#root_jnt-Matrix-animation-input-array" count="19"><param name="TIME" type="float"/></accessor></technique_common></source><source id="root_jnt-Matrix-animation-output-transform"><float_array id="root_jnt-Matrix-animation-output-transform-array" count="304">

1.000000 0.000000 0.000000 0.000000 0.000000 1.000000 0.000000 0.000000 0.000000 0.000000 1.000000 0.000000 0.000000 0.000000 0.000000 1.000000
1.000000 0.000000 0.000000 0.000000 0.000000 1.000000 0.000000 0.000000 0.000000 0.000000 1.000000 0.000000 0.000000 0.000000 0.000000 1.000000
1.000000 0.000000 0.000000 0.000000 0.000000 1.000000 0.000000 0.000000 0.000000 0.000000 1.000000 0.000000 0.000000 0.000000 0.000000 1.000000
1.000000 0.000000 0.000000 0.000000 0.000000 1.000000 0.000000 0.000000 0.000000 0.000000 1.000000 0.000000 0.000000 0.000000 0.000000 1.000000
1.000000 0.000000 0.000000 0.000000 0.000000 1.000000 0.000000 0.000000 0.000000 0.000000 1.000000 0.000000 0.000000 0.000000 0.000000 1.000000
1.000000 0.000000 0.000000 0.000000 0.000000 1.000000 0.000000 0.000000 0.000000 0.000000 1.000000 0.000000 0.000000 0.000000 0.000000 1.000000
1.000000 0.000000 0.000000 0.000000 0.000000 1.000000 0.000000 0.000000 0.000000 0.000000 1.000000 0.000000 0.000000 0.000000 0.000000 1.000000
1.000000 0.000000 0.000000 0.000000 0.000000 1.000000 0.000000 0.000000 0.000000 0.000000 1.000000 0.000000 0.000000 0.000000 0.000000 1.000000
1.000000 0.000000 0.000000 0.000000 0.000000 1.000000 0.000000 0.000000 0.000000 0.000000 1.000000 0.000000 0.000000 0.000000 0.000000 1.000000
1.000000 0.000000 0.000000 0.000000 0.000000 1.000000 0.000000 0.000000 0.000000 0.000000 1.000000 0.000000 0.000000 0.000000 0.000000 1.000000
1.000000 0.000000 0.000000 0.000000 0.000000 1.000000 0.000000 0.000000 0.000000 0.000000 1.000000 0.000000 0.000000 0.000000 0.000000 1.000000
1.000000 0.000000 0.000000 0.000000 0.000000 1.000000 0.000000 0.000000 0.000000 0.000000 1.000000 0.000000 0.000000 0.000000 0.000000 1.000000
1.000000 0.000000 0.000000 0.000000 0.000000 1.000000 0.000000 0.000000 0.000000 0.000000 1.000000 0.000000 0.000000 0.000000 0.000000 1.000000
1.000000 0.000000 0.000000 0.000000 0.000000 1.000000 0.000000 0.000000 0.000000 0.000000 1.000000 0.000000 0.000000 0.000000 0.000000 1.000000
1.000000 0.000000 0.000000 0.000000 0.000000 1.000000 0.000000 0.000000 0.000000 0.000000 1.000000 0.000000 0.000000 0.000000 0.000000 1.000000
1.000000 0.000000 0.000000 0.000000 0.000000 1.000000 0.000000 0.000000 0.000000 0.000000 1.000000 0.000000 0.000000 0.000000 0.000000 1.000000
1.000000 0.000000 0.000000 0.000000 0.000000 1.000000 0.000000 0.000000 0.000000 0.000000 1.000000 0.000000 0.000000 0.000000 0.000000 1.000000
1.000000 0.000000 0.000000 0.000000 0.000000 1.000000 0.000000 0.000000 0.000000 0.000000 1.000000 0.000000 0.000000 0.000000 0.000000 1.000000
1.000000 0.000000 0.000000 0.000000 0.000000 1.000000 0.000000 0.000000 0.000000 0.000000 1.000000 0.000000 0.000000 0.000000 0.000000 1.000000</float_array><technique_common><accessor source="#root_jnt-Matrix-animation-output-transform-array" count="19" stride="16"><param type="float4x4"/></accessor></technique_common></source><source id="root_jnt-Interpolations"><Name_array id="root_jnt-Interpolations-array" count="19">
 LINEAR LINEAR LINEAR LINEAR LINEAR LINEAR LINEAR LINEAR LINEAR LINEAR LINEAR
LINEAR LINEAR LINEAR LINEAR LINEAR LINEAR LINEAR LINEAR</Name_array><technique_common><accessor source="#root_jnt-Interpolations-array" count="19"><param type="name"/></accessor></technique_common></source><sampler id="root_jnt-Matrix-animation-transform"><input semantic="INPUT" source="#root_jnt-Matrix-animation-input"/><input semantic="OUTPUT" source="#root_jnt-Matrix-animation-output-transform"/><input semantic="INTERPOLATION" source="#root_jnt-Interpolations"/></sampler><channel source="#root_jnt-Matrix-animation-transform" target="root_jnt/matrix"/></animation></animation>
    <animation id="jnt_spine2-anim" name="jnt_spine2"><animation><source id="jnt_spine2-Matrix-animation-input"><float_array id="jnt_spine2-Matrix-animation-input-array" count="19">

0.000000 0.033333 0.066667 0.100000 0.133333 0.166667 0.200000 0.233333 0.266667 0.300000 0.333333 0.366667 0.400000 0.433333 0.466667 0.500000
0.533333 0.566667 0.600000</float_array><technique_common><accessor source="#jnt_spine2-Matrix-animation-input-array" count="19"><param name="TIME" type="float"/></accessor></technique_common></source><source id="jnt_spine2-Matrix-animation-output-transform"><float_array id="jnt_spine2-Matrix-animation-output-transform-array" count="304">

0.990914 0.117614 -0.065239 0.001922 -0.124429 0.985804 -0.112732 7.869586 0.051054 0.119826 0.991481 -0.000000 0.000000 0.000000 0.000000 1.000000
0.991166 0.114124 -0.067564 0.001922 -0.121221 0.986236 -0.112442 7.869586 0.053802 0.119639 0.991359 -0.000000 0.000000 0.000000 0.000000 1.000000
0.991746 0.104922 -0.073703 0.001922 -0.112759 0.987318 -0.111753 7.869586 0.061042 0.119142 0.990999 -0.000000 0.000000 0.000000 0.000000 1.000000
0.992352 0.091907 -0.082404 0.001922 -0.100783 0.988700 -0.110972 7.869586 0.071274 0.118429 0.990401 -0.000000 0.000000 0.000000 0.000000 1.000000
0.992741 0.076981 -0.092406 0.001922 -0.087046 0.990073 -0.110355 7.869586 0.082993 0.117597 0.989587 -0.000000 0.000000 0.000000 0.000000 1.000000
0.992803 0.062054 -0.102428 0.001922 -0.073308 0.991221 -0.110034 7.869586 0.094701 0.116751 0.988636 -0.000000 0.000000 0.000000 0.000000 1.000000
0.992590 0.049034 -0.111182 0.001922 -0.061328 0.992038 -0.109997 7.869586 0.104904 0.116001 0.987694 -0.000000 0.000000 0.000000 0.000000 1.000000
0.992288 0.039827 -0.117378 0.001922 -0.052860 0.992513 -0.110108 7.869586 0.112114 0.115464 0.986964 -0.000000 0.000000 0.000000 0.000000 1.000000
0.992142 0.036335 -0.119728 0.001922 -0.049650 0.992671 -0.110180 7.869586 0.114847 0.115258 0.986674 -0.000000 0.000000 0.000000 0.000000 1.000000
0.992239 0.038610 -0.118196 0.001922 -0.051742 0.992569 -0.110131 7.869586 0.113066 0.115392 0.986864 -0.000000 0.000000 0.000000 0.000000 1.000000
0.992466 0.044787 -0.114040 0.001922 -0.057421 0.992268 -0.110034 7.869586 0.108230 0.115754 0.987364 -0.000000 0.000000 0.000000 0.000000 1.000000
0.992698 0.053891 -0.107916 0.001922 -0.065796 0.991753 -0.109985 7.869586 0.101099 0.116282 0.988057 -0.000000 0.000000 0.000000 0.000000 1.000000
0.992817 0.064948 -0.100484 0.001922 -0.075971 0.991016 -0.110073 7.869586 0.092432 0.116916 0.988831 -0.000000 0.000000 0.000000 0.000000 1.000000
0.992741 0.076981 -0.092406 0.001922 -0.087046 0.990073 -0.110355 7.869586 0.082993 0.117597 0.989587 -0.000000 0.000000 0.000000 0.000000 1.000000
0.992453 0.089013 -0.084341 0.001922 -0.098121 0.988984 -0.110830 7.869586 0.073547 0.118269 0.990254 -0.000000 0.000000 0.000000 0.000000 1.000000
0.992001 0.100067 -0.076946 0.001922 -0.108292 0.987854 -0.111436 7.869586 0.064860 0.118877 0.990788 -0.000000 0.000000 0.000000 0.000000 1.000000
0.991494 0.109167 -0.070869 0.001922 -0.116663 0.986830 -0.112057 7.869586 0.057703 0.119372 0.991171 -0.000000 0.000000 0.000000 0.000000 1.000000
0.991081 0.115340 -0.066754 0.001922 -0.122339 0.986087 -0.112541 7.869586 0.052845 0.119704 0.991402 -0.000000 0.000000 0.000000 0.000000 1.000000
0.990914 0.117614 -0.065239 0.001922 -0.124429 0.985804 -0.112732 7.869586 0.051054 0.119826 0.991481 -0.000000 0.000000 0.000000 0.000000 1.000000</float_array><technique_common><accessor source="#jnt_spine2-Matrix-animation-output-transform-array" count="19" stride="16"><param type="float4x4"/></accessor></technique_common></source><source id="jnt_spine2-Interpolations"><Name_array id="jnt_spine2-Interpolations-array" count="19">
 LINEAR LINEAR LINEAR LINEAR LINEAR LINEAR LINEAR LINEAR LINEAR LINEAR LINEAR
LINEAR LINEAR LINEAR LINEAR LINEAR LINEAR LINEAR LINEAR</Name_array><technique_common><accessor source="#jnt_spine2-Interpolations-array" count="19"><param type="name"/></accessor></technique_common></source><sampler id="jnt_spine2-Matrix-animation-transform"><input semantic="INPUT" source="#jnt_spine2-Matrix-animation-input"/><input semantic="OUTPUT" source="#jnt_spine2-Matrix-animation-output-transform"/><input semantic="INTERPOLATION" source="#jnt_spine2-Interpolations"/></sampler><channel source="#jnt_spine2-Matrix-animation-transform" target="jnt_spine2/matrix"/></animation></animation>
    <animation id="neck_jnt-anim" name="neck_jnt"><animation><source id="neck_jnt-Matrix-animation-input"><float_array id="neck_jnt-Matrix-animation-input-array" count="19">

0.000000 0.033333 0.066667 0.100000 0.133333 0.166667 0.200000 0.233333 0.266667 0.300000 0.333333 0.366667 0.400000 0.433333 0.466667 0.500000
0.533333 0.566667 0.600000</float_array><technique_common><accessor source="#neck_jnt-Matrix-animation-input-array" count="19"><param name="TIME" type="float"/></accessor></technique_common></source><source id="neck_jnt-Matrix-animation-output-transform"><float_array id="neck_jnt-Matrix-animation-output-transform-array" count="304">

1.000000 -0.000000 0.000000 -0.000000 0.000000 1.000000 0.000000 2.357033 -0.000000 -0.000000 1.000000 2.698746 0.000000 0.000000 0.000000 1.000000
1.000000 -0.000000 0.000000 -0.000000 0.000000 1.000000 0.000000 2.357033 -0.000000 -0.000000 1.000000 2.698746 0.000000 0.000000 0.000000 1.000000
1.000000 -0.000000 0.000000 0.000000 0.000000 1.000000 0.000000 2.357033 -0.000000 -0.000000 1.000000 2.698746 0.000000 0.000000 0.000000 1.000000
1.000000 -0.000000 0.000000 -0.000000 0.000000 1.000000 0.000000 2.357033 -0.000000 -0.000000 1.000000 2.698746 0.000000 0.000000 0.000000 1.000000
1.000000 -0.000000 0.000000 -0.000000 0.000000 1.000000 0.000000 2.357033 -0.000000 -0.000000 1.000000 2.698746 0.000000 0.000000 0.000000 1.000000
1.000000 -0.000000 0.000000 0.000000 0.000000 1.000000 0.000000 2.357033 -0.000000 -0.000000 1.000000 2.698746 0.000000 0.000000 0.000000 1.000000
1.000000 -0.000000 0.000000 0.000000 0.000000 1.000000 0.000000 2.357033 -0.000000 -0.000000 1.000000 2.698746 0.000000 0.000000 0.000000 1.000000
1.000000 -0.000000 0.000000 0.000000 0.000000 1.000000 0.000000 2.357033 -0.000000 -0.000000 1.000000 2.698746 0.000000 0.000000 0.000000 1.000000
1.000000 -0.000000 0.000000 0.000000 0.000000 1.000000 0.000000 2.357033 -0.000000 -0.000000 1.000000 2.698746 0.000000 0.000000 0.000000 1.000000
1.000000 -0.000000 0.000000 0.000000 0.000000 1.000000 0.000000 2.357033 -0.000000 -0.000000 1.000000 2.698746 0.000000 0.000000 0.000000 1.000000
1.000000 -0.000000 0.000000 -0.000000 0.000000 1.000000 0.000000 2.357033 -0.000000 -0.000000 1.000000 2.698746 0.000000 0.000000 0.000000 1.000000
1.000000 -0.000000 0.000000 0.000000 0.000000 1.000000 0.000000 2.357033 -0.000000 -0.000000 1.000000 2.698746 0.000000 0.000000 0.000000 1.000000
1.000000 -0.000000 0.000000 0.000000 0.000000 1.000000 0.000000 2.357033 -0.000000 -0.000000 1.000000 2.698746 0.000000 0.000000 0.000000 1.000000
1.000000 -0.000000 0.000000 -0.000000 0.000000 1.000000 0.000000 2.357033 -0.000000 -0.000000 1.000000 2.698746 0.000000 0.000000 0.000000 1.000000
1.000000 -0.000000 0.000000 0.000000 0.000000 1.000000 0.000000 2.357033 -0.000000 -0.000000 1.000000 2.698746 0.000000 0.000000 0.000000 1.000000
1.000000 -0.000000 0.000000 -0.000000 0.000000 1.000000 0.000000 2.357033 -0.000000 -0.000000 1.000000 2.698746 0.000000 0.000000 0.000000 1.000000
1.000000 -0.000000 0.000000 0.000000 0.000000 1.000000 0.000000 2.357033 -0.000000 -0.000000 1.000000 2.698746 0.000000 0.000000 0.000000 1.000000
1.000000 -0.000000 0.000000 0.000000 0.000000 1.000000 0.000000 2.357033 -0.000000 -0.000000 1.000000 2.698746 0.000000 0.000000 0.000000 1.000000
1.000000 -0.000000 0.000000 -0.000000 0.000000 1.000000 0.000000 2.357033 -0.000000 -0.000000 1.000000 2.698746 0.000000 0.000000 0.000000 1.000000</float_array><technique_common><accessor source="#neck_jnt-Matrix-animation-output-transform-array" count="19" stride="16"><param type="float4x4"/></accessor></technique_common></source><source id="neck_jnt-Interpolations"><Name_array id="neck_jnt-Interpolations-array" count="19">
 LINEAR LINEAR LINEAR LINEAR LINEAR LINEAR LINEAR LINEAR LINEAR LINEAR LINEAR
LINEAR LINEAR LINEAR LINEAR LINEAR LINEAR LINEAR LINEAR</Name_array><technique_common><accessor source="#neck_jnt-Interpolations-array" count="19"><param type="name"/></accessor></technique_common></source><sampler id="neck_jnt-Matrix-animation-transform"><input semantic="INPUT" source="#neck_jnt-Matrix-animation-input"/><input semantic="OUTPUT" source="#neck_jnt-Matrix-animation-output-transform"/><input semantic="INTERPOLATION" source="#neck_jnt-Interpolations"/></sampler><channel source="#neck_jnt-Matrix-animation-transform" target="neck_jnt/matrix"/></animation></animation>
    <animation id="head_jnt-anim" name="head_jnt"><animation><source id="head_jnt-Matrix-animation-input"><float_array id="head_jnt-Matrix-animation-input-array" count="19">

0.000000 0.033333 0.066667 0.100000 0.133333 0.166667 0.200000 0.233333 0.266667 0.300000 0.333333 0.366667 0.400000 0.433333 0.466667 0.500000
0.533333 0.566667 0.600000</float_array><technique_common><accessor source="#head_jnt-Matrix-animation-input-array" count="19"><param name="TIME" type="float"/></accessor></technique_common></source><source id="head_jnt-Matrix-animation-output-transform"><float_array id="head_jnt-Matrix-animation-output-transform-array" count="304">

0.985301 -0.168941 -0.025311 0.595216 0.161689 0.970116 -0.180918 0.585912 0.055119 0.174166 0.983172 -0.006286 0.000000 0.000000 0.000000 1.000000
0.985156 -0.168923 -0.030532 0.595216 0.160706 0.970104 -0.181858 0.585912 0.060339 0.174252 0.982851 -0.006286 0.000000 0.000000 0.000000 1.000000
0.984622 -0.168882 -0.044702 0.595216 0.158017 0.970073 -0.184360 0.585912 0.074499 0.174461 0.981842 -0.006286 0.000000 0.000000 0.000000 1.000000
0.983460 -0.168838 -0.065577 0.595216 0.154004 0.970037 -0.187910 0.585912 0.095338 0.174703 0.979995 -0.006286 0.000000 0.000000 0.000000 1.000000
0.981448 -0.168808 -0.090901 0.595216 0.149058 0.970009 -0.192003 0.585912 0.120586 0.174891 0.977175 -0.006286 0.000000 0.000000 0.000000 1.000000
0.978511 -0.168804 -0.118410 0.595216 0.143595 0.969997 -0.196182 0.585912 0.147973 0.174963 0.973392 -0.006286 0.000000 0.000000 0.000000 1.000000
0.974796 -0.168823 -0.145845 0.595216 0.138059 0.970005 -0.200073 0.585912 0.175247 0.174895 0.968865 -0.006286 0.000000 0.000000 0.000000 1.000000
0.970699 -0.168858 -0.170971 0.595216 0.132918 0.970033 -0.203394 0.585912 0.200192 0.174709 0.964054 -0.006286 0.000000 0.000000 0.000000 1.000000
0.966834 -0.168897 -0.191590 0.595216 0.128652 0.970070 -0.205944 0.585912 0.220639 0.174465 0.959625 -0.006286 0.000000 0.000000 0.000000 1.000000
0.963959 -0.168928 -0.205538 0.595216 0.125744 0.970102 -0.207580 0.585912 0.234459 0.174254 0.956381 -0.006286 0.000000 0.000000 0.000000 1.000000
0.962849 -0.168941 -0.210667 0.595216 0.124670 0.970116 -0.208164 0.585912 0.239539 0.174166 0.955137 -0.006286 0.000000 0.000000 0.000000 1.000000
0.964541 -0.168922 -0.202793 0.595216 0.126318 0.970096 -0.207264 0.585912 0.231740 0.174298 0.957035 -0.006286 0.000000 0.000000 0.000000 1.000000
0.968692 -0.168878 -0.181980 0.595216 0.130646 0.970051 -0.204775 0.585912 0.211111 0.174589 0.961744 -0.006286 0.000000 0.000000 0.000000 1.000000
0.973787 -0.168830 -0.152429 0.595216 0.136718 0.970011 -0.200966 0.585912 0.181787 0.174858 0.967666 -0.006286 0.000000 0.000000 0.000000 1.000000
0.978511 -0.168804 -0.118410 0.595216 0.143595 0.969997 -0.196182 0.585912 0.147973 0.174963 0.973392 -0.006286 0.000000 0.000000 0.000000 1.000000
0.982038 -0.168814 -0.084277 0.595216 0.150359 0.970015 -0.190955 0.585912 0.113985 0.174853 0.977974 -0.006286 0.000000 0.000000 0.000000 1.000000
0.984136 -0.168859 -0.054442 0.595216 0.156152 0.970055 -0.186036 0.585912 0.084226 0.174584 0.981033 -0.006286 0.000000 0.000000 0.000000 1.000000
0.985067 -0.168914 -0.033323 0.595216 0.160178 0.970097 -0.182357 0.585912 0.063129 0.174296 0.982668 -0.006286 0.000000 0.000000 0.000000 1.000000
0.985301 -0.168941 -0.025311 0.595216 0.161689 0.970116 -0.180918 0.585912 0.055119 0.174166 0.983172 -0.006286 0.000000 0.000000 0.000000 1.000000</float_array><technique_common><accessor source="#head_jnt-Matrix-animation-output-transform-array" count="19" stride="16"><param type="float4x4"/></accessor></technique_common></source><source id="head_jnt-Interpolations"><Name_array id="head_jnt-Interpolations-array" count="19">
 LINEAR LINEAR LINEAR LINEAR LINEAR LINEAR LINEAR LINEAR LINEAR LINEAR LINEAR
LINEAR LINEAR LINEAR LINEAR LINEAR LINEAR LINEAR LINEAR</Name_array><technique_common><accessor source="#head_jnt-Interpolations-array" count="19"><param type="name"/></accessor></technique_common></source><sampler id="head_jnt-Matrix-animation-transform"><input semantic="INPUT" source="#head_jnt-Matrix-animation-input"/><input semantic="OUTPUT" source="#head_jnt-Matrix-animation-output-transform"/><input semantic="INTERPOLATION" source="#head_jnt-Interpolations"/></sampler><channel source="#head_jnt-Matrix-animation-transform" target="head_jnt/matrix"/></animation></animation>
    <animation id="r_arm01_jnt-anim" name="r_arm01_jnt"><animation><source id="r_arm01_jnt-Matrix-animation-input"><float_array id="r_arm01_jnt-Matrix-animation-input-array" count="19">

0.000000 0.033333 0.066667 0.100000 0.133333 0.166667 0.200000 0.233333 0.266667 0.300000 0.333333 0.366667 0.400000 0.433333 0.466667 0.500000
0.533333 0.566667 0.600000</float_array><technique_common><accessor source="#r_arm01_jnt-Matrix-animation-input-array" count="19"><param name="TIME" type="float"/></accessor></technique_common></source><source id="r_arm01_jnt-Matrix-animation-output-transform"><float_array id="r_arm01_jnt-Matrix-animation-output-transform-array" count="304">

-0.998300 0.000000 0.058291 -2.858765 0.000000 1.000000 0.000000 2.350029 -0.058291 -0.000000 -0.998300 -0.000000 0.000000 0.000000 0.000000 1.000000
-0.998300 -0.000000 0.058291 -2.858765 0.000000 1.000000 -0.000000 2.350029 -0.058291 0.000000 -0.998300 -0.000000 0.000000 0.000000 0.000000 1.000000
-0.998300 0.000000 0.058291 -2.858765 -0.000000 1.000000 -0.000000 2.350029 -0.058291 0.000000 -0.998300 -0.000000 0.000000 0.000000 0.000000 1.000000
-0.998300 0.000000 0.058291 -2.858765 0.000000 1.000000 0.000000 2.350029 -0.058291 -0.000000 -0.998300 -0.000000 0.000000 0.000000 0.000000 1.000000
-0.998300 -0.000000 0.058291 -2.858765 -0.000000 1.000000 -0.000000 2.350029 -0.058291 0.000000 -0.998300 -0.000000 0.000000 0.000000 0.000000 1.000000
-0.998300 -0.000000 0.058291 -2.858765 0.000000 1.000000 0.000000 2.350029 -0.058291 -0.000000 -0.998300 -0.000000 0.000000 0.000000 0.000000 1.000000
-0.998300 0.000000 0.058291 -2.858765 -0.000000 1.000000 0.000000 2.350029 -0.058291 -0.000000 -0.998300 -0.000000 0.000000 0.000000 0.000000 1.000000
-0.998300 0.000000 0.058291 -2.858765 0.000000 1.000000 0.000000 2.350029 -0.058291 -0.000000 -0.998300 -0.000000 0.000000 0.000000 0.000000 1.000000
-0.998300 -0.000000 0.058291 -2.858765 0.000000 1.000000 0.000000 2.350029 -0.058291 -0.000000 -0.998300 -0.000000 0.000000 0.000000 0.000000 1.000000
-0.998300 -0.000000 0.058291 -2.858765 0.000000 1.000000 0.000000 2.350029 -0.058291 -0.000000 -0.998300 -0.000000 0.000000 0.000000 0.000000 1.000000
-0.998300 0.000000 0.058291 -2.858765 0.000000 1.000000 -0.000000 2.350029 -0.058291 0.000000 -0.998300 -0.000000 0.000000 0.000000 0.000000 1.000000
-0.998300 0.000000 0.058291 -2.858765 -0.000000 1.000000 0.000000 2.350029 -0.058291 0.000000 -0.998300 -0.000000 0.000000 0.000000 0.000000 1.000000
-0.998300 0.000000 0.058291 -2.858765 -0.000000 1.000000 0.000000 2.350029 -0.058291 0.000000 -0.998300 -0.000000 0.000000 0.000000 0.000000 1.000000
-0.998300 -0.000000 0.058291 -2.858765 -0.000000 1.000000 -0.000000 2.350029 -0.058291 0.000000 -0.998300 -0.000000 0.000000 0.000000 0.000000 1.000000
-0.998300 -0.000000 0.058291 -2.858765 -0.000000 1.000000 0.000000 2.350029 -0.058291 -0.000000 -0.998300 -0.000000 0.000000 0.000000 0.000000 1.000000
-0.998300 0.000000 0.058291 -2.858765 0.000000 1.000000 0.000000 2.350029 -0.058291 0.000000 -0.998300 -0.000000 0.000000 0.000000 0.000000 1.000000
-0.998300 -0.000000 0.058291 -2.858765 -0.000000 1.000000 -0.000000 2.350029 -0.058291 0.000000 -0.998300 -0.000000 0.000000 0.000000 0.000000 1.000000
-0.998300 -0.000000 0.058291 -2.858765 0.000000 1.000000 0.000000 2.350029 -0.058291 -0.000000 -0.998300 -0.000000 0.000000 0.000000 0.000000 1.000000
-0.998300 0.000000 0.058291 -2.858765 0.000000 1.000000 0.000000 2.350029 -0.058291 -0.000000 -0.998300 -0.000000 0.000000 0.000000 0.000000 1.000000</float_array><technique_common><accessor source="#r_arm01_jnt-Matrix-animation-output-transform-array" count="19" stride="16"><param type="float4x4"/></accessor></technique_common></source><source id="r_arm01_jnt-Interpolations"><Name_array id="r_arm01_jnt-Interpolations-array" count="19">
 LINEAR LINEAR LINEAR LINEAR LINEAR LINEAR LINEAR LINEAR LINEAR LINEAR LINEAR
LINEAR LINEAR LINEAR LINEAR LINEAR LINEAR LINEAR LINEAR</Name_array><technique_common><accessor source="#r_arm01_jnt-Interpolations-array" count="19"><param type="name"/></accessor></technique_common></source><sampler id="r_arm01_jnt-Matrix-animation-transform"><input semantic="INPUT" source="#r_arm01_jnt-Matrix-animation-input"/><input semantic="OUTPUT" source="#r_arm01_jnt-Matrix-animation-output-transform"/><input semantic="INTERPOLATION" source="#r_arm01_jnt-Interpolations"/></sampler><channel source="#r_arm01_jnt-Matrix-animation-transform" target="r_arm01_jnt/matrix"/></animation></animation>
    <animation id="r_arm02_jnt-anim" name="r_arm02_jnt"><animation><source id="r_arm02_jnt-Matrix-animation-input"><float_array id="r_arm02_jnt-Matrix-animation-input-array" count="19">

0.000000 0.033333 0.066667 0.100000 0.133333 0.166667 0.200000 0.233333 0.266667 0.300000 0.333333 0.366667 0.400000 0.433333 0.466667 0.500000
0.533333 0.566667 0.600000</float_array><technique_common><accessor source="#r_arm02_jnt-Matrix-animation-input-array" count="19"><param name="TIME" type="float"/></accessor></technique_common></source><source id="r_arm02_jnt-Matrix-animation-output-transform"><float_array id="r_arm02_jnt-Matrix-animation-output-transform-array" count="304">

0.905307 0.142256 -0.400227 1.138730 0.335785 -0.816738 0.469241 0.000000 -0.260129 -0.559197 -0.787167 0.000000 0.000000 0.000000 0.000000 1.000000
0.908236 0.138059 -0.395027 1.138730 0.330906 -0.814788 0.476048 0.000000 -0.256141 -0.563081 -0.785705 0.000000 0.000000 0.000000 0.000000 1.000000
0.915612 0.127333 -0.381368 1.138730 0.318084 -0.809571 0.493374 0.000000 -0.245921 -0.573046 -0.781755 0.000000 0.000000 0.000000 0.000000 1.000000
0.925268 0.112905 -0.362121 1.138730 0.300010 -0.802005 0.516510 0.000000 -0.232106 -0.586550 -0.775942 0.000000 0.000000 0.000000 0.000000 1.000000
0.935203 0.097515 -0.340421 1.138730 0.279622 -0.793205 0.540960 0.000000 -0.217272 -0.601096 -0.769075 0.000000 0.000000 0.000000 0.000000 1.000000
0.943761 0.083707 -0.319856 1.138730 0.260293 -0.784630 0.562675 0.000000 -0.203869 -0.614287 -0.762292 0.000000 0.000000 0.000000 0.000000 1.000000
0.949669 0.073809 -0.304435 1.138730 0.245794 -0.778064 0.578102 0.000000 -0.194201 -0.623834 -0.757045 0.000000 0.000000 0.000000 0.000000 1.000000
0.951878 0.070018 -0.298370 1.138730 0.240091 -0.775452 0.583978 0.000000 -0.190483 -0.627512 -0.754947 0.000000 0.000000 0.000000 0.000000 1.000000
0.949669 0.073809 -0.304435 1.138730 0.245794 -0.778064 0.578102 0.000000 -0.194201 -0.623834 -0.757045 0.000000 0.000000 0.000000 0.000000 1.000000
0.943761 0.083707 -0.319856 1.138730 0.260293 -0.784630 0.562675 0.000000 -0.203869 -0.614287 -0.762292 0.000000 0.000000 0.000000 0.000000 1.000000
0.935203 0.097515 -0.340421 1.138730 0.279622 -0.793205 0.540960 0.000000 -0.217272 -0.601096 -0.769075 0.000000 0.000000 0.000000 0.000000 1.000000
0.925268 0.112905 -0.362121 1.138730 0.300010 -0.802005 0.516510 0.000000 -0.232106 -0.586550 -0.775942 0.000000 0.000000 0.000000 0.000000 1.000000
0.915612 0.127333 -0.381368 1.138730 0.318084 -0.809571 0.493374 0.000000 -0.245921 -0.573046 -0.781755 0.000000 0.000000 0.000000 0.000000 1.000000
0.908236 0.138059 -0.395027 1.138730 0.330906 -0.814788 0.476048 0.000000 -0.256141 -0.563081 -0.785705 0.000000 0.000000 0.000000 0.000000 1.000000
0.905307 0.142256 -0.400227 1.138730 0.335785 -0.816738 0.469241 0.000000 -0.260129 -0.559197 -0.787167 0.000000 0.000000 0.000000 0.000000 1.000000
0.905307 0.142256 -0.400227 1.138730 0.335785 -0.816738 0.469241 0.000000 -0.260129 -0.559197 -0.787167 0.000000 0.000000 0.000000 0.000000 1.000000
0.905307 0.142256 -0.400227 1.138730 0.335785 -0.816738 0.469241 0.000000 -0.260129 -0.559197 -0.787167 0.000000 0.000000 0.000000 0.000000 1.000000
0.905307 0.142256 -0.400227 1.138730 0.335785 -0.816738 0.469241 0.000000 -0.260129 -0.559197 -0.787167 0.000000 0.000000 0.000000 0.000000 1.000000
0.905307 0.142256 -0.400227 1.138730 0.335785 -0.816738 0.469241 0.000000 -0.260129 -0.559197 -0.787167 0.000000 0.000000 0.000000 0.000000 1.000000</float_array><technique_common><accessor source="#r_arm02_jnt-Matrix-animation-output-transform-array" count="19" stride="16"><param type="float4x4"/></accessor></technique_common></source><source id="r_arm02_jnt-Interpolations"><Name_array id="r_arm02_jnt-Interpolations-array" count="19">
 LINEAR LINEAR LINEAR LINEAR LINEAR LINEAR LINEAR LINEAR LINEAR LINEAR LINEAR
LINEAR LINEAR LINEAR LINEAR LINEAR LINEAR LINEAR LINEAR</Name_array><technique_common><accessor source="#r_arm02_jnt-Interpolations-array" count="19"><param type="name"/></accessor></technique_common></source><sampler id="r_arm02_jnt-Matrix-animation-transform"><input semantic="INPUT" source="#r_arm02_jnt-Matrix-animation-input"/><input semantic="OUTPUT" source="#r_arm02_jnt-Matrix-animation-output-transform"/><input semantic="INTERPOLATION" source="#r_arm02_jnt-Interpolations"/></sampler><channel source="#r_arm02_jnt-Matrix-animation-transform" target="r_arm02_jnt/matrix"/></animation></animation>
    <animation id="r_arm03_jnt-anim" name="r_arm03_jnt"><animation><source id="r_arm03_jnt-Matrix-animation-input"><float_array id="r_arm03_jnt-Matrix-animation-input-array" count="19">

0.000000 0.033333 0.066667 0.100000 0.133333 0.166667 0.200000 0.233333 0.266667 0.300000 0.333333 0.366667 0.400000 0.433333 0.466667 0.500000
0.533333 0.566667 0.600000</float_array><technique_common><accessor source="#r_arm03_jnt-Matrix-animation-input-array" count="19"><param name="TIME" type="float"/></accessor></technique_common></source><source id="r_arm03_jnt-Matrix-animation-output-transform"><float_array id="r_arm03_jnt-Matrix-animation-output-transform-array" count="304">

0.716983 -0.650501 0.250567 0.839582 0.533255 0.743321 0.403872 0.000000 -0.448971 -0.155953 0.879832 -0.000000 0.000000 0.000000 0.000000 1.000000
0.716536 -0.651123 0.250229 0.839582 0.533855 0.742777 0.404081 0.000000 -0.448971 -0.155953 0.879832 -0.000000 0.000000 0.000000 0.000000 1.000000
0.715360 -0.652756 0.249340 0.839582 0.535430 0.741343 0.404631 0.000000 -0.448971 -0.155953 0.879832 0.000000 0.000000 0.000000 0.000000 1.000000
0.713703 -0.655043 0.248088 0.839582 0.537637 0.739323 0.405399 0.000000 -0.448971 -0.155953 0.879832 0.000000 0.000000 0.000000 0.000000 1.000000
0.711811 -0.657634 0.246664 0.839582 0.540140 0.737018 0.406268 -0.000000 -0.448971 -0.155953 0.879832 -0.000000 0.000000 0.000000 0.000000 1.000000
0.709928 -0.660193 0.245250 0.839582 0.542611 0.734728 0.407123 0.000000 -0.448971 -0.155953 0.879832 0.000000 0.000000 0.000000 0.000000 1.000000
0.708296 -0.662396 0.244026 0.839582 0.544741 0.732741 0.407857 0.000000 -0.448971 -0.155953 0.879832 -0.000000 0.000000 0.000000 0.000000 1.000000
0.707146 -0.663939 0.243166 0.839582 0.546232 0.731344 0.408371 -0.000000 -0.448971 -0.155953 0.879832 0.000000 0.000000 0.000000 0.000000 1.000000
0.706711 -0.664520 0.242841 0.839582 0.546794 0.730816 0.408564 0.000000 -0.448971 -0.155953 0.879832 -0.000000 0.000000 0.000000 0.000000 1.000000
0.706995 -0.664142 0.243053 0.839582 0.546428 0.731160 0.408438 0.000000 -0.448971 -0.155953 0.879832 -0.000000 0.000000 0.000000 0.000000 1.000000
0.707765 -0.663109 0.243629 0.839582 0.545430 0.732096 0.408095 0.000000 -0.448971 -0.155953 0.879832 -0.000000 0.000000 0.000000 0.000000 1.000000
0.708904 -0.661577 0.244481 0.839582 0.543949 0.733481 0.407584 0.000000 -0.448971 -0.155953 0.879832 -0.000000 0.000000 0.000000 0.000000 1.000000
0.710293 -0.659699 0.245523 0.839582 0.542134 0.735171 0.406958 0.000000 -0.448971 -0.155953 0.879832 -0.000000 0.000000 0.000000 0.000000 1.000000
0.711811 -0.657634 0.246664 0.839582 0.540140 0.737018 0.406268 0.000000 -0.448971 -0.155953 0.879832 -0.000000 0.000000 0.000000 0.000000 1.000000
0.713335 -0.655548 0.247811 0.839582 0.538125 0.738875 0.405568 0.000000 -0.448971 -0.155953 0.879832 -0.000000 0.000000 0.000000 0.000000 1.000000
0.714741 -0.653612 0.248872 0.839582 0.536256 0.740588 0.404919 0.000000 -0.448971 -0.155953 0.879832 -0.000000 0.000000 0.000000 0.000000 1.000000
0.715902 -0.652004 0.249749 0.839582 0.534705 0.742004 0.404378 0.000000 -0.448971 -0.155953 0.879832 -0.000000 0.000000 0.000000 0.000000 1.000000
0.716691 -0.650907 0.250347 0.839582 0.533646 0.742966 0.404008 0.000000 -0.448971 -0.155953 0.879832 -0.000000 0.000000 0.000000 0.000000 1.000000
0.716983 -0.650501 0.250567 0.839582 0.533255 0.743321 0.403872 0.000000 -0.448971 -0.155953 0.879832 -0.000000 0.000000 0.000000 0.000000 1.000000</float_array><technique_common><accessor source="#r_arm03_jnt-Matrix-animation-output-transform-array" count="19" stride="16"><param type="float4x4"/></accessor></technique_common></source><source id="r_arm03_jnt-Interpolations"><Name_array id="r_arm03_jnt-Interpolations-array" count="19">
 LINEAR LINEAR LINEAR LINEAR LINEAR LINEAR LINEAR LINEAR LINEAR LINEAR LINEAR
LINEAR LINEAR LINEAR LINEAR LINEAR LINEAR LINEAR LINEAR</Name_array><technique_common><accessor source="#r_arm03_jnt-Interpolations-array" count="19"><param type="name"/></accessor></technique_common></source><sampler id="r_arm03_jnt-Matrix-animation-transform"><input semantic="INPUT" source="#r_arm03_jnt-Matrix-animation-input"/><input semantic="OUTPUT" source="#r_arm03_jnt-Matrix-animation-output-transform"/><input semantic="INTERPOLATION" source="#r_arm03_jnt-Interpolations"/></sampler><channel source="#r_arm03_jnt-Matrix-animation-transform" target="r_arm03_jnt/matrix"/></animation></animation>
    <animation id="r_arm04_jnt-anim" name="r_arm04_jnt"><animation><source id="r_arm04_jnt-Matrix-animation-input"><float_array id="r_arm04_jnt-Matrix-animation-input-array" count="19">

0.000000 0.033333 0.066667 0.100000 0.133333 0.166667 0.200000 0.233333 0.266667 0.300000 0.333333 0.366667 0.400000 0.433333 0.466667 0.500000
0.533333 0.566667 0.600000</float_array><technique_common><accessor source="#r_arm04_jnt-Matrix-animation-input-array" count="19"><param name="TIME" type="float"/></accessor></technique_common></source><source id="r_arm04_jnt-Matrix-animation-output-transform"><float_array id="r_arm04_jnt-Matrix-animation-output-transform-array" count="304">

0.897193 -0.440525 -0.031338 3.327914 0.440360 0.897736 -0.012361 -0.000000 0.033579 -0.002710 0.999432 0.000000 0.000000 0.000000 0.000000 1.000000
0.897265 -0.440378 -0.031341 3.327914 0.440213 0.897808 -0.012363 -0.000000 0.033582 -0.002704 0.999432 0.000000 0.000000 0.000000 0.000000 1.000000
0.897419 -0.440063 -0.031348 3.327914 0.439898 0.897963 -0.012366 -0.000000 0.033591 -0.002692 0.999432 0.000000 0.000000 0.000000 0.000000 1.000000
0.897559 -0.439778 -0.031354 3.327914 0.439612 0.898103 -0.012369 -0.000000 0.033598 -0.002682 0.999432 0.000000 0.000000 0.000000 0.000000 1.000000
0.897591 -0.439712 -0.031355 3.327914 0.439546 0.898135 -0.012370 -0.000000 0.033600 -0.002679 0.999432 0.000000 0.000000 0.000000 0.000000 1.000000
0.897435 -0.440032 -0.031348 3.327914 0.439867 0.897978 -0.012366 -0.000000 0.033592 -0.002691 0.999432 -0.000000 0.000000 0.000000 0.000000 1.000000
0.897021 -0.440876 -0.031330 3.327914 0.440712 0.897564 -0.012358 -0.000000 0.033569 -0.002723 0.999433 0.000000 0.000000 0.000000 0.000000 1.000000
0.896295 -0.442352 -0.031299 3.327914 0.442188 0.896837 -0.012342 -0.000000 0.033530 -0.002778 0.999434 0.000000 0.000000 0.000000 0.000000 1.000000
0.895208 -0.444552 -0.031253 3.327914 0.444391 0.895748 -0.012319 -0.000000 0.033471 -0.002860 0.999436 -0.000000 0.000000 0.000000 0.000000 1.000000
0.894075 -0.446830 -0.031204 3.327914 0.446670 0.894614 -0.012295 -0.000000 0.033410 -0.002945 0.999437 0.000000 0.000000 0.000000 0.000000 1.000000
0.894858 -0.445257 -0.031238 3.327914 0.445096 0.895398 -0.012312 -0.000000 0.033452 -0.002887 0.999436 -0.000000 0.000000 0.000000 0.000000 1.000000
0.897834 -0.439216 -0.031366 3.327914 0.439050 0.898377 -0.012375 -0.000000 0.033613 -0.002661 0.999431 0.000000 0.000000 0.000000 0.000000 1.000000
0.901279 -0.432092 -0.031517 3.327914 0.431919 0.901827 -0.012448 -0.000000 0.033801 -0.002394 0.999426 0.000000 0.000000 0.000000 0.000000 1.000000
0.903557 -0.427299 -0.031618 3.327914 0.427122 0.904108 -0.012496 -0.000000 0.033926 -0.002214 0.999422 0.000000 0.000000 0.000000 0.000000 1.000000
0.903098 -0.428269 -0.031598 3.327914 0.428093 0.903648 -0.012486 -0.000000 0.033901 -0.002250 0.999423 0.000000 0.000000 0.000000 0.000000 1.000000
0.900848 -0.432990 -0.031498 3.327914 0.432818 0.901396 -0.012439 -0.000000 0.033778 -0.002427 0.999426 0.000000 0.000000 0.000000 0.000000 1.000000
0.898966 -0.436891 -0.031415 3.327914 0.436723 0.899511 -0.012399 -0.000000 0.033675 -0.002574 0.999430 0.000000 0.000000 0.000000 0.000000 1.000000
0.897673 -0.439546 -0.031359 3.327914 0.439380 0.898216 -0.012371 -0.000000 0.033605 -0.002673 0.999432 0.000000 0.000000 0.000000 0.000000 1.000000
0.897193 -0.440525 -0.031338 3.327914 0.440360 0.897736 -0.012361 -0.000000 0.033579 -0.002710 0.999432 0.000000 0.000000 0.000000 0.000000 1.000000</float_array><technique_common><accessor source="#r_arm04_jnt-Matrix-animation-output-transform-array" count="19" stride="16"><param type="float4x4"/></accessor></technique_common></source><source id="r_arm04_jnt-Interpolations"><Name_array id="r_arm04_jnt-Interpolations-array" count="19">
 LINEAR LINEAR LINEAR LINEAR LINEAR LINEAR LINEAR LINEAR LINEAR LINEAR LINEAR
LINEAR LINEAR LINEAR LINEAR LINEAR LINEAR LINEAR LINEAR</Name_array><technique_common><accessor source="#r_arm04_jnt-Interpolations-array" count="19"><param type="name"/></accessor></technique_common></source><sampler id="r_arm04_jnt-Matrix-animation-transform"><input semantic="INPUT" source="#r_arm04_jnt-Matrix-animation-input"/><input semantic="OUTPUT" source="#r_arm04_jnt-Matrix-animation-output-transform"/><input semantic="INTERPOLATION" source="#r_arm04_jnt-Interpolations"/></sampler><channel source="#r_arm04_jnt-Matrix-animation-transform" target="r_arm04_jnt/matrix"/></animation></animation>
    <animation id="r_arm05_jnt-anim" name="r_arm05_jnt"><animation><source id="r_arm05_jnt-Matrix-animation-input"><float_array id="r_arm05_jnt-Matrix-animation-input-array" count="19">

0.000000 0.033333 0.066667 0.100000 0.133333 0.166667 0.200000 0.233333 0.266667 0.300000 0.333333 0.366667 0.400000 0.433333 0.466667 0.500000
0.533333 0.566667 0.600000</float_array><technique_common><accessor source="#r_arm05_jnt-Matrix-animation-input-array" count="19"><param name="TIME" type="float"/></accessor></technique_common></source><source id="r_arm05_jnt-Matrix-animation-output-transform"><float_array id="r_arm05_jnt-Matrix-animation-output-transform-array" count="304">

-0.112999 0.993593 0.002268 1.353106 -0.993593 -0.112993 -0.002540 -0.000000 -0.002268 -0.002540 0.999994 -0.000000 0.000000 0.000000 0.000000 1.000000
-0.112999 0.993593 0.002268 1.353106 -0.993593 -0.112993 -0.002540 -0.000000 -0.002268 -0.002540 0.999994 -0.000000 0.000000 0.000000 0.000000 1.000000
-0.112999 0.993593 0.002268 1.353106 -0.993593 -0.112993 -0.002540 -0.000000 -0.002268 -0.002540 0.999994 -0.000000 0.000000 0.000000 0.000000 1.000000
-0.112999 0.993593 0.002268 1.353106 -0.993593 -0.112993 -0.002540 -0.000000 -0.002268 -0.002540 0.999994 -0.000000 0.000000 0.000000 0.000000 1.000000
-0.112999 0.993593 0.002268 1.353106 -0.993593 -0.112993 -0.002540 -0.000000 -0.002268 -0.002540 0.999994 -0.000000 0.000000 0.000000 0.000000 1.000000
-0.112999 0.993593 0.002268 1.353106 -0.993593 -0.112993 -0.002540 -0.000000 -0.002268 -0.002540 0.999994 -0.000000 0.000000 0.000000 0.000000 1.000000
-0.112999 0.993593 0.002268 1.353106 -0.993593 -0.112993 -0.002540 -0.000000 -0.002268 -0.002540 0.999994 -0.000000 0.000000 0.000000 0.000000 1.000000
-0.112999 0.993593 0.002268 1.353106 -0.993593 -0.112993 -0.002540 -0.000000 -0.002268 -0.002540 0.999994 -0.000000 0.000000 0.000000 0.000000 1.000000
-0.112999 0.993593 0.002268 1.353106 -0.993593 -0.112993 -0.002540 -0.000000 -0.002268 -0.002540 0.999994 0.000000 0.000000 0.000000 0.000000 1.000000
-0.112999 0.993593 0.002268 1.353106 -0.993593 -0.112993 -0.002540 0.000000 -0.002268 -0.002540 0.999994 -0.000000 0.000000 0.000000 0.000000 1.000000
-0.112999 0.993593 0.002268 1.353106 -0.993593 -0.112993 -0.002540 -0.000000 -0.002268 -0.002540 0.999994 -0.000000 0.000000 0.000000 0.000000 1.000000
-0.112999 0.993593 0.002268 1.353106 -0.993593 -0.112993 -0.002540 -0.000000 -0.002268 -0.002540 0.999994 0.000000 0.000000 0.000000 0.000000 1.000000
-0.112999 0.993593 0.002268 1.353106 -0.993593 -0.112993 -0.002540 -0.000000 -0.002268 -0.002540 0.999994 -0.000000 0.000000 0.000000 0.000000 1.000000
-0.112999 0.993593 0.002268 1.353106 -0.993593 -0.112993 -0.002540 -0.000000 -0.002268 -0.002540 0.999994 -0.000000 0.000000 0.000000 0.000000 1.000000
-0.112999 0.993593 0.002268 1.353106 -0.993593 -0.112993 -0.002540 -0.000000 -0.002268 -0.002540 0.999994 -0.000000 0.000000 0.000000 0.000000 1.000000
-0.112999 0.993593 0.002268 1.353106 -0.993593 -0.112993 -0.002540 -0.000000 -0.002268 -0.002540 0.999994 -0.000000 0.000000 0.000000 0.000000 1.000000
-0.112999 0.993593 0.002268 1.353106 -0.993593 -0.112993 -0.002540 -0.000000 -0.002268 -0.002540 0.999994 -0.000000 0.000000 0.000000 0.000000 1.000000
-0.112999 0.993593 0.002268 1.353106 -0.993593 -0.112993 -0.002540 -0.000000 -0.002268 -0.002540 0.999994 -0.000000 0.000000 0.000000 0.000000 1.000000
-0.112999 0.993593 0.002268 1.353106 -0.993593 -0.112993 -0.002540 -0.000000 -0.002268 -0.002540 0.999994 -0.000000 0.000000 0.000000 0.000000 1.000000</float_array><technique_common><accessor source="#r_arm05_jnt-Matrix-animation-output-transform-array" count="19" stride="16"><param type="float4x4"/></accessor></technique_common></source><source id="r_arm05_jnt-Interpolations"><Name_array id="r_arm05_jnt-Interpolations-array" count="19">
 LINEAR LINEAR LINEAR LINEAR LINEAR LINEAR LINEAR LINEAR LINEAR LINEAR LINEAR
