<?xml version="1.0" encoding="utf-8"?>
<COLLADA xmlns="http://www.collada.org/2005/11/COLLADASchema" version="1.4.1">
  <asset><contributor><author></author><authoring_tool>FBX COLLADA exporter</authoring_tool><comments></comments></contributor><created>2020-01-22T09:05:46Z</created><keywords></keywords><modified>2020-01-22T09:05:46Z</modified><revision></revision><subject></subject><title></title><unit meter="0.010000" name="centimeter"></unit><up_axis>Y_UP</up_axis></asset>
  <library_animations>
    <animation id="root_jnt-anim" name="root_jnt"><animation><source id="root_jnt-Matrix-animation-input"><float_array id="root_jnt-Matrix-animation-input-array" count="31">

0.000000 0.033333 0.066667 0.100000 0.133333 0.166667 0.200000 0.233333 0.266667 0.300000 0.333333 0.366667 0.400000 0.433333 0.466667 0.500000
0.533333 0.566667 0.600000 0.633333 0.666667 0.700000 0.733333 0.766667 0.800000 0.833333 0.866667 0.900000 0.933333 0.966667 1.000000</float_array><technique_common><accessor source="#root_jnt-Matrix-animation-input-array" count="31"><param name="TIME" type="float"/></accessor></technique_common></source><source id="root_jnt-Matrix-animation-output-transform"><float_array id="root_jnt-Matrix-animation-output-transform-array" count="496">

1.000000 0.000000 0.000000 0.000000 0.000000 1.000000 0.000000 0.000000 0.000000 0.000000 1.000000 0.000000 0.000000 0.000000 0.000000 1.000000
1.000000 0.000000 0.000000 0.000000 0.000000 1.000000 0.000000 0.000000 0.000000 0.000000 1.000000 0.000000 0.000000 0.000000 0.000000 1.000000
1.000000 0.000000 0.000000 0.000000 0.000000 1.000000 0.000000 0.000000 0.000000 0.000000 1.000000 0.000000 0.000000 0.000000 0.000000 1.000000
1.000000 0.000000 0.000000 0.000000 0.000000 1.000000 0.000000 0.000000 0.000000 0.000000 1.000000 0.000000 0.000000 0.000000 0.000000 1.000000
1.000000 0.000000 0.000000 0.000000 0.000000 1.000000 0.000000 0.000000 0.000000 0.000000 1.000000 0.000000 0.000000 0.000000 0.000000 1.000000
1.000000 0.000000 0.000000 0.000000 0.000000 1.000000 0.000000 0.000000 0.000000 0.000000 1.000000 0.000000 0.000000 0.000000 0.000000 1.000000
1.000000 0.000000 0.000000 0.000000 0.000000 1.000000 0.000000 0.000000 0.000000 0.000000 1.000000 0.000000 0.000000 0.000000 0.000000 1.000000
1.000000 0.000000 0.000000 0.000000 0.000000 1.000000 0.000000 0.000000 0.000000 0.000000 1.000000 0.000000 0.000000 0.000000 0.000000 1.000000
1.000000 0.000000 0.000000 0.000000 0.000000 1.000000 0.000000 0.000000 0.000000 0.000000 1.000000 0.000000 0.000000 0.000000 0.000000 1.000000
1.000000 0.000000 0.000000 0.000000 0.000000 1.000000 0.000000 0.000000 0.000000 0.000000 1.000000 0.000000 0.000000 0.000000 0.000000 1.000000
1.000000 0.000000 0.000000 0.000000 0.000000 1.000000 0.000000 0.000000 0.000000 0.000000 1.000000 0.000000 0.000000 0.000000 0.000000 1.000000
1.000000 0.000000 0.000000 0.000000 0.000000 1.000000 0.000000 0.000000 0.000000 0.000000 1.000000 0.000000 0.000000 0.000000 0.000000 1.000000
1.000000 0.000000 0.000000 0.000000 0.000000 1.000000 0.000000 0.000000 0.000000 0.000000 1.000000 0.000000 0.000000 0.000000 0.000000 1.000000
1.000000 0.000000 0.000000 0.000000 0.000000 1.000000 0.000000 0.000000 0.000000 0.000000 1.000000 0.000000 0.000000 0.000000 0.000000 1.000000
1.000000 0.000000 0.000000 0.000000 0.000000 1.000000 0.000000 0.000000 0.000000 0.000000 1.000000 0.000000 0.000000 0.000000 0.000000 1.000000
1.000000 0.000000 0.000000 0.000000 0.000000 1.000000 0.000000 0.000000 0.000000 0.000000 1.000000 0.000000 0.000000 0.000000 0.000000 1.000000
1.000000 0.000000 0.000000 0.000000 0.000000 1.000000 0.000000 0.000000 0.000000 0.000000 1.000000 0.000000 0.000000 0.000000 0.000000 1.000000
1.000000 0.000000 0.000000 0.000000 0.000000 1.000000 0.000000 0.000000 0.000000 0.000000 1.000000 0.000000 0.000000 0.000000 0.000000 1.000000
1.000000 0.000000 0.000000 0.000000 0.000000 1.000000 0.000000 0.000000 0.000000 0.000000 1.000000 0.000000 0.000000 0.000000 0.000000 1.000000
1.000000 0.000000 0.000000 0.000000 0.000000 1.000000 0.000000 0.000000 0.000000 0.000000 1.000000 0.000000 0.000000 0.000000 0.000000 1.000000
1.000000 0.000000 0.000000 0.000000 0.000000 1.000000 0.000000 0.000000 0.000000 0.000000 1.000000 0.000000 0.000000 0.000000 0.000000 1.000000
1.000000 0.000000 0.000000 0.000000 0.000000 1.000000 0.000000 0.000000 0.000000 0.000000 1.000000 0.000000 0.000000 0.000000 0.000000 1.000000
1.000000 0.000000 0.000000 0.000000 0.000000 1.000000 0.000000 0.000000 0.000000 0.000000 1.000000 0.000000 0.000000 0.000000 0.000000 1.000000
1.000000 0.000000 0.000000 0.000000 0.000000 1.000000 0.000000 0.000000 0.000000 0.000000 1.000000 0.000000 0.000000 0.000000 0.000000 1.000000
1.000000 0.000000 0.000000 0.000000 0.000000 1.000000 0.000000 0.000000 0.000000 0.000000 1.000000 0.000000 0.000000 0.000000 0.000000 1.000000
1.000000 0.000000 0.000000 0.000000 0.000000 1.000000 0.000000 0.000000 0.000000 0.000000 1.000000 0.000000 0.000000 0.000000 0.000000 1.000000
1.000000 0.000000 0.000000 0.000000 0.000000 1.000000 0.000000 0.000000 0.000000 0.000000 1.000000 0.000000 0.000000 0.000000 0.000000 1.000000
1.000000 0.000000 0.000000 0.000000 0.000000 1.000000 0.000000 0.000000 0.000000 0.000000 1.000000 0.000000 0.000000 0.000000 0.000000 1.000000
1.000000 0.000000 0.000000 0.000000 0.000000 1.000000 0.000000 0.000000 0.000000 0.000000 1.000000 0.000000 0.000000 0.000000 0.000000 1.000000
1.000000 0.000000 0.000000 0.000000 0.000000 1.000000 0.000000 0.000000 0.000000 0.000000 1.000000 0.000000 0.000000 0.000000 0.000000 1.000000
1.000000 0.000000 0.000000 0.000000 0.000000 1.000000 0.000000 0.000000 0.000000 0.000000 1.000000 0.000000 0.000000 0.000000 0.000000 1.000000</float_array><technique_common><accessor source="#root_jnt-Matrix-animation-output-transform-array" count="31" stride="16"><param type="float4x4"/></accessor></technique_common></source><source id="root_jnt-Interpolations"><Name_array id="root_jnt-Interpolations-array" count="31">
 LINEAR LINEAR LINEAR LINEAR LINEAR LINEAR LINEAR LINEAR LINEAR LINEAR LINEAR
LINEAR LINEAR LINEAR LINEAR LINEAR LINEAR LINEAR LINEAR LINEAR LINEAR LINEAR LINEAR
LINEAR LINEAR LINEAR LINEAR LINEAR LINEAR LINEAR LINEAR</Name_array><technique_common><accessor source="#root_jnt-Interpolations-array" count="31"><param type="name"/></accessor></technique_common></source><sampler id="root_jnt-Matrix-animation-transform"><input semantic="INPUT" source="#root_jnt-Matrix-animation-input"/><input semantic="OUTPUT" source="#root_jnt-Matrix-animation-output-transform"/><input semantic="INTERPOLATION" source="#root_jnt-Interpolations"/></sampler><channel source="#root_jnt-Matrix-animation-transform" target="root_jnt/matrix"/></animation></animation>
    <animation id="jnt_spine2-anim" name="jnt_spine2"><animation><source id="jnt_spine2-Matrix-animation-input"><float_array id="jnt_spine2-Matrix-animation-input-array" count="31">

0.000000 0.033333 0.066667 0.100000 0.133333 0.166667 0.200000 0.233333 0.266667 0.300000 0.333333 0.366667 0.400000 0.433333 0.466667 0.500000
0.533333 0.566667 0.600000 0.633333 0.666667 0.700000 0.733333 0.766667 0.800000 0.833333 0.866667 0.900000 0.933333 0.966667 1.000000</float_array><technique_common><accessor source="#jnt_spine2-Matrix-animation-input-array" count="31"><param name="TIME" type="float"/></accessor></technique_common></source><source id="jnt_spine2-Matrix-animation-output-transform"><float_array id="jnt_spine2-Matrix-animation-output-transform-array" count="496">

0.998347 -0.029802 -0.049144 0.001922 -0.010686 0.743892 -0.668215 8.267676 0.056472 0.667635 0.742344 -0.000000 0.000000 0.000000 0.000000 1.000000
0.998347 -0.025053 -0.051726 0.001922 -0.010686 0.803384 -0.595365 8.097651 0.056472 0.594933 0.801789 0.061998 0.000000 0.000000 0.000000 1.000000
0.998347 -0.013887 -0.055771 0.001922 -0.010686 0.908600 -0.417530 7.707114 0.056472 0.417435 0.906950 0.263230 0.000000 0.000000 0.000000 1.000000
0.998347 -0.002127 -0.057435 0.001922 -0.010686 0.975019 -0.221866 7.275381 0.056472 0.222113 0.973384 0.626552 0.000000 0.000000 0.000000 1.000000
0.998347 0.003279 -0.057380 0.001922 -0.010686 0.991551 -0.129274 6.981766 0.056472 0.129674 0.989947 1.174819 0.000000 0.000000 0.000000 1.000000
0.998347 0.003192 -0.057385 0.001922 -0.010686 0.991355 -0.130769 6.815188 0.056472 0.131167 0.989751 1.836163 0.000000 0.000000 0.000000 1.000000
0.998347 0.002586 -0.057416 0.001922 -0.010686 0.989920 -0.141226 6.646560 0.056472 0.141606 0.988311 2.448254 0.000000 0.000000 0.000000 1.000000
0.998347 0.000940 -0.057466 0.001922 -0.010686 0.985468 -0.169526 6.478185 0.056472 0.169860 0.983849 2.898256 0.000000 0.000000 0.000000 1.000000
0.998347 -0.002266 -0.057429 0.001922 -0.010686 0.974481 -0.224216 6.312366 0.056472 0.224459 0.972846 3.073331 0.000000 0.000000 0.000000 1.000000
0.998347 -0.009706 -0.056649 0.001922 -0.010686 0.937104 -0.348887 6.151407 0.056472 0.348916 0.935451 3.007983 0.000000 0.000000 0.000000 1.000000
0.998347 -0.020362 -0.053746 0.001922 -0.010686 0.853067 -0.521692 5.997612 0.056472 0.521404 0.851439 2.827324 0.000000 0.000000 0.000000 1.000000
0.998347 -0.029378 -0.049399 0.001922 -0.010686 0.749625 -0.661777 5.853283 0.056472 0.661211 0.748072 2.554430 0.000000 0.000000 0.000000 1.000000
0.998347 -0.033042 -0.047027 0.001922 -0.010686 0.697237 -0.716761 5.720726 0.056472 0.716079 0.695731 2.212377 0.000000 0.000000 0.000000 1.000000
0.998347 -0.031693 -0.047946 0.001922 -0.010686 0.717309 -0.696673 5.602241 0.056472 0.696034 0.715784 1.824241 0.000000 0.000000 0.000000 1.000000
0.998347 -0.028212 -0.050073 0.001922 -0.010686 0.764924 -0.644032 5.500134 0.056472 0.643503 0.763358 1.413100 0.000000 0.000000 0.000000 1.000000
0.998347 -0.023477 -0.052460 0.001922 -0.010686 0.821027 -0.570789 5.416708 0.056472 0.570406 0.819419 1.002029 0.000000 0.000000 0.000000 1.000000
0.998347 -0.018542 -0.054401 0.001922 -0.010686 0.870141 -0.492687 5.354266 0.056472 0.492454 0.868505 0.614104 0.000000 0.000000 0.000000 1.000000
0.998347 -0.014636 -0.055579 0.001922 -0.010686 0.902900 -0.429717 5.315112 0.056472 0.429601 0.901251 0.272402 0.000000 0.000000 0.000000 1.000000
0.998347 -0.013052 -0.055972 0.001922 -0.010686 0.914738 -0.403905 5.301548 0.056472 0.403836 0.913087 -0.000000 0.000000 0.000000 0.000000 1.000000
0.998347 -0.013052 -0.055972 0.001922 -0.010686 0.914738 -0.403905 5.301548 0.056472 0.403836 0.913087 -0.193315 0.000000 0.000000 0.000000 1.000000
0.998347 -0.013052 -0.055972 0.001922 -0.010686 0.914738 -0.403905 5.301548 0.056472 0.403836 0.913087 -0.319529 0.000000 0.000000 0.000000 1.000000
0.998347 -0.013052 -0.055972 0.001922 -0.010686 0.914738 -0.403905 5.301548 0.056472 0.403836 0.913087 -0.388227 0.000000 0.000000 0.000000 1.000000
0.998347 -0.013052 -0.055972 0.001922 -0.010686 0.914738 -0.403905 5.301548 0.056472 0.403836 0.913087 -0.408997 0.000000 0.000000 0.000000 1.000000
0.998347 -0.013052 -0.055972 0.001922 -0.010686 0.914738 -0.403905 5.301548 0.056472 0.403836 0.913087 -0.391423 0.000000 0.000000 0.000000 1.000000
0.998347 -0.013052 -0.055972 0.001922 -0.010686 0.914738 -0.403905 5.301548 0.056472 0.403836 0.913087 -0.345091 0.000000 0.000000 0.000000 1.000000
0.998347 -0.013052 -0.055972 0.001922 -0.010686 0.914738 -0.403905 5.301548 0.056472 0.403836 0.913087 -0.279588 0.000000 0.000000 0.000000 1.000000
0.998347 -0.013052 -0.055972 0.001922 -0.010686 0.914738 -0.403905 5.301548 0.056472 0.403836 0.913087 -0.204498 0.000000 0.000000 0.000000 1.000000
0.998347 -0.013052 -0.055972 0.001922 -0.010686 0.914738 -0.403905 5.301548 0.056472 0.403836 0.913087 -0.129409 0.000000 0.000000 0.000000 1.000000
0.998347 -0.013052 -0.055972 0.001922 -0.010686 0.914738 -0.403905 5.301548 0.056472 0.403836 0.913087 -0.063906 0.000000 0.000000 0.000000 1.000000
0.998347 -0.013052 -0.055972 0.001922 -0.010686 0.914738 -0.403905 5.301548 0.056472 0.403836 0.913087 -0.017574 0.000000 0.000000 0.000000 1.000000
0.998347 -0.013052 -0.055972 0.001922 -0.010686 0.914738 -0.403905 5.301548 0.056472 0.403836 0.913087 -0.000000 0.000000 0.000000 0.000000 1.000000</float_array><technique_common><accessor source="#jnt_spine2-Matrix-animation-output-transform-array" count="31" stride="16"><param type="float4x4"/></accessor></technique_common></source><source id="jnt_spine2-Interpolations"><Name_array id="jnt_spine2-Interpolations-array" count="31">
 LINEAR LINEAR LINEAR LINEAR LINEAR LINEAR LINEAR LINEAR LINEAR LINEAR LINEAR
LINEAR LINEAR LINEAR LINEAR LINEAR LINEAR LINEAR LINEAR LINEAR LINEAR LINEAR LINEAR
LINEAR LINEAR LINEAR LINEAR LINEAR LINEAR LINEAR LINEAR</Name_array><technique_common><accessor source="#jnt_spine2-Interpolations-array" count="31"><param type="name"/></accessor></technique_common></source><sampler id="jnt_spine2-Matrix-animation-transform"><input semantic="INPUT" source="#jnt_spine2-Matrix-animation-input"/><input semantic="OUTPUT" source="#jnt_spine2-Matrix-animation-output-transform"/><input semantic="INTERPOLATION" source="#jnt_spine2-Interpolations"/></sampler><channel source="#jnt_spine2-Matrix-animation-transform" target="jnt_spine2/matrix"/></animation></animation>
    <animation id="neck_jnt-anim" name="neck_jnt"><animation><source id="neck_jnt-Matrix-animation-input"><float_array id="neck_jnt-Matrix-animation-input-array" count="31">

0.000000 0.033333 0.066667 0.100000 0.133333 0.166667 0.200000 0.233333 0.266667 0.300000 0.333333 0.366667 0.400000 0.433333 0.466667 0.500000
0.533333 0.566667 0.600000 0.633333 0.666667 0.700000 0.733333 0.766667 0.800000 0.833333 0.866667 0.900000 0.933333 0.966667 1.000000</float_array><technique_common><accessor source="#neck_jnt-Matrix-animation-input-array" count="31"><param name="TIME" type="float"/></accessor></technique_common></source><source id="neck_jnt-Matrix-animation-output-transform"><float_array id="neck_jnt-Matrix-animation-output-transform-array" count="496">

1.000000 -0.000000 0.000000 0.000000 0.000000 1.000000 0.000000 2.357033 -0.000000 0.000000 1.000000 2.698746 0.000000 0.000000 0.000000 1.000000
1.000000 -0.000000 0.000000 0.000000 0.000000 1.000000 0.000000 2.357033 -0.000000 -0.000000 1.000000 2.698746 0.000000 0.000000 0.000000 1.000000
1.000000 -0.000000 0.000000 -0.000000 0.000000 1.000000 0.000000 2.357033 -0.000000 -0.000000 1.000000 2.698746 0.000000 0.000000 0.000000 1.000000
1.000000 -0.000000 0.000000 0.000000 0.000000 1.000000 0.000000 2.357033 -0.000000 -0.000000 1.000000 2.698746 0.000000 0.000000 0.000000 1.000000
1.000000 -0.000000 0.000000 0.000000 0.000000 1.000000 0.000000 2.357033 -0.000000 -0.000000 1.000000 2.698746 0.000000 0.000000 0.000000 1.000000
1.000000 -0.000000 0.000000 0.000000 0.000000 1.000000 0.000000 2.357033 -0.000000 -0.000000 1.000000 2.698746 0.000000 0.000000 0.000000 1.000000
1.000000 -0.000000 0.000000 0.000000 0.000000 1.000000 0.000000 2.357033 -0.000000 -0.000000 1.000000 2.698746 0.000000 0.000000 0.000000 1.000000
1.000000 -0.000000 0.000000 0.000000 0.000000 1.000000 0.000000 2.357033 -0.000000 -0.000000 1.000000 2.698746 0.000000 0.000000 0.000000 1.000000
1.000000 -0.000000 0.000000 0.000000 0.000000 1.000000 0.000000 2.357033 -0.000000 -0.000000 1.000000 2.698746 0.000000 0.000000 0.000000 1.000000
1.000000 -0.000000 0.000000 0.000000 0.000000 1.000000 0.000000 2.357033 -0.000000 -0.000000 1.000000 2.698746 0.000000 0.000000 0.000000 1.000000
1.000000 -0.000000 0.000000 0.000000 0.000000 1.000000 0.000000 2.357033 -0.000000 -0.000000 1.000000 2.698746 0.000000 0.000000 0.000000 1.000000
1.000000 -0.000000 0.000000 0.000000 0.000000 1.000000 0.000000 2.357033 -0.000000 -0.000000 1.000000 2.698746 0.000000 0.000000 0.000000 1.000000
1.000000 -0.000000 0.000000 0.000000 0.000000 1.000000 0.000000 2.357033 -0.000000 -0.000000 1.000000 2.698746 0.000000 0.000000 0.000000 1.000000
1.000000 -0.000000 0.000000 0.000000 0.000000 1.000000 0.000000 2.357033 -0.000000 -0.000000 1.000000 2.698746 0.000000 0.000000 0.000000 1.000000
1.000000 -0.000000 0.000000 0.000000 0.000000 1.000000 0.000000 2.357033 -0.000000 -0.000000 1.000000 2.698746 0.000000 0.000000 0.000000 1.000000
1.000000 -0.000000 0.000000 0.000000 0.000000 1.000000 0.000000 2.357033 -0.000000 -0.000000 1.000000 2.698746 0.000000 0.000000 0.000000 1.000000
1.000000 -0.000000 0.000000 0.000000 0.000000 1.000000 0.000000 2.357033 -0.000000 -0.000000 1.000000 2.698746 0.000000 0.000000 0.000000 1.000000
1.000000 -0.000000 0.000000 0.000000 0.000000 1.000000 0.000000 2.357033 -0.000000 -0.000000 1.000000 2.698746 0.000000 0.000000 0.000000 1.000000
1.000000 -0.000000 0.000000 0.000000 0.000000 1.000000 0.000000 2.357033 -0.000000 -0.000000 1.000000 2.698746 0.000000 0.000000 0.000000 1.000000
1.000000 -0.000000 0.000000 0.000000 0.000000 1.000000 0.000000 2.357033 -0.000000 -0.000000 1.000000 2.698746 0.000000 0.000000 0.000000 1.000000
1.000000 -0.000000 0.000000 0.000000 0.000000 1.000000 0.000000 2.357033 -0.000000 -0.000000 1.000000 2.698746 0.000000 0.000000 0.000000 1.000000
1.000000 -0.000000 0.000000 0.000000 0.000000 1.000000 0.000000 2.357033 -0.000000 -0.000000 1.000000 2.698746 0.000000 0.000000 0.000000 1.000000
1.000000 -0.000000 0.000000 0.000000 0.000000 1.000000 0.000000 2.357033 -0.000000 -0.000000 1.000000 2.698746 0.000000 0.000000 0.000000 1.000000
1.000000 -0.000000 0.000000 0.000000 0.000000 1.000000 0.000000 2.357033 -0.000000 -0.000000 1.000000 2.698746 0.000000 0.000000 0.000000 1.000000
1.000000 -0.000000 0.000000 0.000000 0.000000 1.000000 0.000000 2.357033 -0.000000 -0.000000 1.000000 2.698746 0.000000 0.000000 0.000000 1.000000
1.000000 -0.000000 0.000000 0.000000 0.000000 1.000000 0.000000 2.357033 -0.000000 -0.000000 1.000000 2.698746 0.000000 0.000000 0.000000 1.000000
1.000000 -0.000000 0.000000 0.000000 0.000000 1.000000 0.000000 2.357033 -0.000000 -0.000000 1.000000 2.698746 0.000000 0.000000 0.000000 1.000000
1.000000 -0.000000 0.000000 0.000000 0.000000 1.000000 0.000000 2.357033 -0.000000 -0.000000 1.000000 2.698746 0.000000 0.000000 0.000000 1.000000
1.000000 -0.000000 0.000000 0.000000 0.000000 1.000000 0.000000 2.357033 -0.000000 -0.000000 1.000000 2.698746 0.000000 0.000000 0.000000 1.000000
1.000000 -0.000000 0.000000 0.000000 0.000000 1.000000 0.000000 2.357033 -0.000000 -0.000000 1.000000 2.698746 0.000000 0.000000 0.000000 1.000000
1.000000 -0.000000 0.000000 0.000000 0.000000 1.000000 0.000000 2.357033 -0.000000 -0.000000 1.000000 2.698746 0.000000 0.000000 0.000000 1.000000</float_array><technique_common><accessor source="#neck_jnt-Matrix-animation-output-transform-array" count="31" stride="16"><param type="float4x4"/></accessor></technique_common></source><source id="neck_jnt-Interpolations"><Name_array id="neck_jnt-Interpolations-array" count="31">
 LINEAR LINEAR LINEAR LINEAR LINEAR LINEAR LINEAR LINEAR LINEAR LINEAR LINEAR
LINEAR LINEAR LINEAR LINEAR LINEAR LINEAR LINEAR LINEAR LINEAR LINEAR LINEAR LINEAR
LINEAR LINEAR LINEAR LINEAR LINEAR LINEAR LINEAR LINEAR</Name_array><technique_common><accessor source="#neck_jnt-Interpolations-array" count="31"><param type="name"/></accessor></technique_common></source><sampler id="neck_jnt-Matrix-animation-transform"><input semantic="INPUT" source="#neck_jnt-Matrix-animation-input"/><input semantic="OUTPUT" source="#neck_jnt-Matrix-animation-output-transform"/><input semantic="INTERPOLATION" source="#neck_jnt-Interpolations"/></sampler><channel source="#neck_jnt-Matrix-animation-transform" target="neck_jnt/matrix"/></animation></animation>
    <animation id="head_jnt-anim" name="head_jnt"><animation><source id="head_jnt-Matrix-animation-input"><float_array id="head_jnt-Matrix-animation-input-array" count="31">

0.000000 0.033333 0.066667 0.100000 0.133333 0.166667 0.200000 0.233333 0.266667 0.300000 0.333333 0.366667 0.400000 0.433333 0.466667 0.500000
0.533333 0.566667 0.600000 0.633333 0.666667 0.700000 0.733333 0.766667 0.800000 0.833333 0.866667 0.900000 0.933333 0.966667 1.000000</float_array><technique_common><accessor source="#head_jnt-Matrix-animation-input-array" count="31"><param name="TIME" type="float"/></accessor></technique_common></source><source id="head_jnt-Matrix-animation-output-transform"><float_array id="head_jnt-Matrix-animation-output-transform-array" count="496">

0.999365 0.012602 -0.033320 0.593777 0.005309 0.872198 0.489124 0.457607 0.035226 -0.488991 0.871578 -0.160107 0.000000 0.000000 0.000000 1.000000
0.999365 0.012602 -0.033320 0.593777 0.005309 0.872198 0.489124 0.457607 0.035226 -0.488991 0.871578 -0.160107 0.000000 0.000000 0.000000 1.000000
0.999365 0.012602 -0.033320 0.593777 0.005309 0.872198 0.489124 0.457607 0.035226 -0.488991 0.871578 -0.160107 0.000000 0.000000 0.000000 1.000000
0.999365 0.012602 -0.033320 0.593777 0.005309 0.872198 0.489124 0.457607 0.035226 -0.488991 0.871578 -0.160107 0.000000 0.000000 0.000000 1.000000
0.999365 0.012602 -0.033320 0.593777 0.005309 0.872198 0.489124 0.457607 0.035226 -0.488991 0.871578 -0.160107 0.000000 0.000000 0.000000 1.000000
0.999365 0.012602 -0.033320 0.593777 0.005309 0.872198 0.489124 0.457607 0.035226 -0.488991 0.871578 -0.160107 0.000000 0.000000 0.000000 1.000000
0.999365 0.012602 -0.033320 0.593777 0.005309 0.872198 0.489124 0.457607 0.035226 -0.488991 0.871578 -0.160107 0.000000 0.000000 0.000000 1.000000
0.999365 0.012602 -0.033320 0.593777 0.005309 0.872198 0.489124 0.457607 0.035226 -0.488991 0.871578 -0.160107 0.000000 0.000000 0.000000 1.000000
0.999365 0.012602 -0.033320 0.593777 0.005309 0.872198 0.489124 0.457607 0.035226 -0.488991 0.871578 -0.160107 0.000000 0.000000 0.000000 1.000000
0.999365 0.011881 -0.033584 0.593777 0.005309 0.882539 0.470209 0.457607 0.035226 -0.470089 0.881916 -0.160107 0.000000 0.000000 0.000000 1.000000
0.999365 0.009922 -0.034214 0.593777 0.005309 0.908218 0.418463 0.457607 0.035226 -0.418379 0.907589 -0.160107 0.000000 0.000000 0.000000 1.000000
0.999365 0.007029 -0.034924 0.593777 0.005309 0.940005 0.341119 0.457607 0.035226 -0.341088 0.939371 -0.160107 0.000000 0.000000 0.000000 1.000000
0.999365 0.003537 -0.035448 0.593777 0.005309 0.969159 0.246378 0.457607 0.035226 -0.246410 0.968525 -0.160107 0.000000 0.000000 0.000000 1.000000
0.999365 -0.000175 -0.035624 0.593777 0.005309 0.989549 0.144097 0.457607 0.035226 -0.144195 0.988922 -0.160107 0.000000 0.000000 0.000000 1.000000
0.999365 -0.003701 -0.035431 0.593777 0.005309 0.998954 0.045418 0.457607 0.035226 -0.045578 0.998340 -0.160107 0.000000 0.000000 0.000000 1.000000
0.999365 -0.006648 -0.034998 0.593777 0.005309 0.999256 -0.038201 0.457607 0.035226 0.037991 0.998657 -0.160107 0.000000 0.000000 0.000000 1.000000
0.999365 -0.008658 -0.034556 0.593777 0.005309 0.995383 -0.095839 0.457607 0.035226 0.095594 0.994797 -0.160107 0.000000 0.000000 0.000000 1.000000
0.999365 -0.009401 -0.034361 0.593777 0.005309 0.993085 -0.117274 0.457607 0.035226 0.117017 0.992505 -0.160107 0.000000 0.000000 0.000000 1.000000
0.999365 -0.009321 -0.034383 0.593777 0.005309 0.993353 -0.114984 0.457607 0.035226 0.114728 0.992772 -0.160107 0.000000 0.000000 0.000000 1.000000
0.999365 -0.009101 -0.034442 0.593777 0.005309 0.994071 -0.108607 0.457607 0.035226 0.108355 0.993488 -0.160107 0.000000 0.000000 0.000000 1.000000
0.999365 -0.008763 -0.034529 0.593777 0.005309 0.995085 -0.098878 0.457607 0.035226 0.098632 0.994500 -0.160107 0.000000 0.000000 0.000000 1.000000
0.999365 -0.008334 -0.034635 0.593777 0.005309 0.996235 -0.086533 0.457607 0.035226 0.086295 0.995647 -0.160107 0.000000 0.000000 0.000000 1.000000
0.999365 -0.007839 -0.034751 0.593777 0.005309 0.997368 -0.072311 0.457607 0.035226 0.072081 0.996777 -0.160107 0.000000 0.000000 0.000000 1.000000
0.999365 -0.007304 -0.034867 0.593777 0.005309 0.998363 -0.056955 0.457607 0.035226 0.056733 0.997768 -0.160107 0.000000 0.000000 0.000000 1.000000
0.999365 -0.006753 -0.034978 0.593777 0.005309 0.999136 -0.041211 0.457607 0.035226 0.040999 0.998538 -0.160107 0.000000 0.000000 0.000000 1.000000
0.999365 -0.006214 -0.035078 0.593777 0.005309 0.999652 -0.025831 0.457607 0.035226 0.025628 0.999051 -0.160107 0.000000 0.000000 0.000000 1.000000
0.999365 -0.005713 -0.035163 0.593777 0.005309 0.999919 -0.011566 0.457607 0.035226 0.011372 0.999315 -0.160107 0.000000 0.000000 0.000000 1.000000
0.999365 -0.005277 -0.035231 0.593777 0.005309 0.999986 0.000832 0.457607 0.035226 -0.001018 0.999379 -0.160107 0.000000 0.000000 0.000000 1.000000
0.999365 -0.004932 -0.035281 0.593777 0.005309 0.999930 0.010613 0.457607 0.035226 -0.010794 0.999321 -0.160107 0.000000 0.000000 0.000000 1.000000
0.999365 -0.004705 -0.035312 0.593777 0.005309 0.999841 0.017030 0.457607 0.035226 -0.017206 0.999231 -0.160107 0.000000 0.000000 0.000000 1.000000
0.999365 -0.004624 -0.035323 0.593777 0.005309 0.999799 0.019335 0.457607 0.035226 -0.019510 0.999189 -0.160107 0.000000 0.000000 0.000000 1.000000</float_array><technique_common><accessor source="#head_jnt-Matrix-animation-output-transform-array" count="31" stride="16"><param type="float4x4"/></accessor></technique_common></source><source id="head_jnt-Interpolations"><Name_array id="head_jnt-Interpolations-array" count="31">
 LINEAR LINEAR LINEAR LINEAR LINEAR LINEAR LINEAR LINEAR LINEAR LINEAR LINEAR
LINEAR LINEAR LINEAR LINEAR LINEAR LINEAR LINEAR LINEAR LINEAR LINEAR LINEAR LINEAR
LINEAR LINEAR LINEAR LINEAR LINEAR LINEAR LINEAR LINEAR</Name_array><technique_common><accessor source="#head_jnt-Interpolations-array" count="31"><param type="name"/></accessor></technique_common></source><sampler id="head_jnt-Matrix-animation-transform"><input semantic="INPUT" source="#head_jnt-Matrix-animation-input"/><input semantic="OUTPUT" source="#head_jnt-Matrix-animation-output-transform"/><input semantic="INTERPOLATION" source="#head_jnt-Interpolations"/></sampler><channel source="#head_jnt-Matrix-animation-transform" target="head_jnt/matrix"/></animation></animation>
    <animation id="r_arm01_jnt-anim" name="r_arm01_jnt"><animation><source id="r_arm01_jnt-Matrix-animation-input"><float_array id="r_arm01_jnt-Matrix-animation-input-array" count="31">

0.000000 0.033333 0.066667 0.100000 0.133333 0.166667 0.200000 0.233333 0.266667 0.300000 0.333333 0.366667 0.400000 0.433333 0.466667 0.500000
0.533333 0.566667 0.600000 0.633333 0.666667 0.700000 0.733333 0.766667 0.800000 0.833333 0.866667 0.900000 0.933333 0.966667 1.000000</float_array><technique_common><accessor source="#r_arm01_jnt-Matrix-animation-input-array" count="31"><param name="TIME" type="float"/></accessor></technique_common></source><source id="r_arm01_jnt-Matrix-animation-output-transform"><float_array id="r_arm01_jnt-Matrix-animation-output-transform-array" count="496">

-0.964823 0.262900 0.000000 -2.858765 0.262900 0.964823 -0.000000 2.350029 -0.000000 0.000000 -1.000000 -0.000000 0.000000 0.000000 0.000000 1.000000
-0.964823 0.262900 0.000000 -2.858765 0.262900 0.964823 -0.000000 2.350029 -0.000000 0.000000 -1.000000 -0.000000 0.000000 0.000000 0.000000 1.000000
-0.964823 0.262900 0.000000 -2.858765 0.262900 0.964823 -0.000000 2.350029 -0.000000 0.000000 -1.000000 -0.000000 0.000000 0.000000 0.000000 1.000000
-0.964823 0.262900 0.000000 -2.858765 0.262900 0.964823 0.000000 2.350029 -0.000000 0.000000 -1.000000 -0.000000 0.000000 0.000000 0.000000 1.000000
-0.964823 0.262900 0.000000 -2.858765 0.262900 0.964823 0.000000 2.350029 -0.000000 -0.000000 -1.000000 -0.000000 0.000000 0.000000 0.000000 1.000000
-0.964823 0.262900 0.000000 -2.858765 0.262900 0.964823 -0.000000 2.350029 -0.000000 -0.000000 -1.000000 -0.000000 0.000000 0.000000 0.000000 1.000000
-0.964823 0.262900 0.000000 -2.858765 0.262900 0.964823 -0.000000 2.350029 -0.000000 0.000000 -1.000000 -0.000000 0.000000 0.000000 0.000000 1.000000
-0.964823 0.262900 0.000000 -2.858765 0.262900 0.964823 -0.000000 2.350029 -0.000000 -0.000000 -1.000000 -0.000000 0.000000 0.000000 0.000000 1.000000
-0.964823 0.262900 0.000000 -2.858765 0.262900 0.964823 -0.000000 2.350029 -0.000000 -0.000000 -1.000000 -0.000000 0.000000 0.000000 0.000000 1.000000
-0.964823 0.262900 0.000000 -2.858765 0.262900 0.964823 -0.000000 2.350029 -0.000000 0.000000 -1.000000 -0.000000 0.000000 0.000000 0.000000 1.000000
-0.964823 0.262900 0.000000 -2.858765 0.262900 0.964823 -0.000000 2.350029 -0.000000 -0.000000 -1.000000 -0.000000 0.000000 0.000000 0.000000 1.000000
-0.964823 0.262900 0.000000 -2.858765 0.262900 0.964823 0.000000 2.350029 -0.000000 0.000000 -1.000000 -0.000000 0.000000 0.000000 0.000000 1.000000
-0.964823 0.262900 0.000000 -2.858765 0.262900 0.964823 -0.000000 2.350029 -0.000000 -0.000000 -1.000000 -0.000000 0.000000 0.000000 0.000000 1.000000
-0.964823 0.262900 0.000000 -2.858765 0.262900 0.964823 0.000000 2.350029 -0.000000 -0.000000 -1.000000 -0.000000 0.000000 0.000000 0.000000 1.000000
-0.964823 0.262900 0.000000 -2.858765 0.262900 0.964823 -0.000000 2.350029 -0.000000 -0.000000 -1.000000 -0.000000 0.000000 0.000000 0.000000 1.000000
-0.964823 0.262900 0.000000 -2.858765 0.262900 0.964823 -0.000000 2.350029 -0.000000 -0.000000 -1.000000 -0.000000 0.000000 0.000000 0.000000 1.000000
-0.964823 0.262900 0.000000 -2.858765 0.262900 0.964823 -0.000000 2.350029 -0.000000 0.000000 -1.000000 -0.000000 0.000000 0.000000 0.000000 1.000000
-0.964823 0.262900 0.000000 -2.858765 0.262900 0.964823 -0.000000 2.350029 -0.000000 0.000000 -1.000000 -0.000000 0.000000 0.000000 0.000000 1.000000
-0.964823 0.262900 0.000000 -2.858765 0.262900 0.964823 0.000000 2.350029 -0.000000 0.000000 -1.000000 -0.000000 0.000000 0.000000 0.000000 1.000000
-0.964823 0.262900 0.000000 -2.858765 0.262900 0.964823 0.000000 2.350029 -0.000000 0.000000 -1.000000 -0.000000 0.000000 0.000000 0.000000 1.000000
-0.964823 0.262900 0.000000 -2.858765 0.262900 0.964823 0.000000 2.350029 -0.000000 0.000000 -1.000000 -0.000000 0.000000 0.000000 0.000000 1.000000
-0.964823 0.262900 0.000000 -2.858765 0.262900 0.964823 0.000000 2.350029 -0.000000 0.000000 -1.000000 -0.000000 0.000000 0.000000 0.000000 1.000000
-0.964823 0.262900 0.000000 -2.858765 0.262900 0.964823 0.000000 2.350029 -0.000000 0.000000 -1.000000 -0.000000 0.000000 0.000000 0.000000 1.000000
-0.964823 0.262900 0.000000 -2.858765 0.262900 0.964823 0.000000 2.350029 -0.000000 0.000000 -1.000000 -0.000000 0.000000 0.000000 0.000000 1.000000
-0.964823 0.262900 0.000000 -2.858765 0.262900 0.964823 0.000000 2.350029 -0.000000 0.000000 -1.000000 -0.000000 0.000000 0.000000 0.000000 1.000000
-0.964823 0.262900 0.000000 -2.858765 0.262900 0.964823 0.000000 2.350029 -0.000000 0.000000 -1.000000 -0.000000 0.000000 0.000000 0.000000 1.000000
-0.964823 0.262900 0.000000 -2.858765 0.262900 0.964823 0.000000 2.350029 -0.000000 0.000000 -1.000000 -0.000000 0.000000 0.000000 0.000000 1.000000
-0.964823 0.262900 0.000000 -2.858765 0.262900 0.964823 0.000000 2.350029 -0.000000 0.000000 -1.000000 -0.000000 0.000000 0.000000 0.000000 1.000000
-0.964823 0.262900 0.000000 -2.858765 0.262900 0.964823 0.000000 2.350029 -0.000000 0.000000 -1.000000 -0.000000 0.000000 0.000000 0.000000 1.000000
-0.964823 0.262900 0.000000 -2.858765 0.262900 0.964823 0.000000 2.350029 -0.000000 0.000000 -1.000000 -0.000000 0.000000 0.000000 0.000000 1.000000
-0.964823 0.262900 0.000000 -2.858765 0.262900 0.964823 0.000000 2.350029 -0.000000 0.000000 -1.000000 -0.000000 0.000000 0.000000 0.000000 1.000000</float_array><technique_common><accessor source="#r_arm01_jnt-Matrix-animation-output-transform-array" count="31" stride="16"><param type="float4x4"/></accessor></technique_common></source><source id="r_arm01_jnt-Interpolations"><Name_array id="r_arm01_jnt-Interpolations-array" count="31">
 LINEAR LINEAR LINEAR LINEAR LINEAR LINEAR LINEAR LINEAR LINEAR LINEAR LINEAR
LINEAR LINEAR LINEAR LINEAR LINEAR LINEAR LINEAR LINEAR LINEAR LINEAR LINEAR LINEAR
LINEAR LINEAR LINEAR LINEAR LINEAR LINEAR LINEAR LINEAR</Name_array><technique_common><accessor source="#r_arm01_jnt-Interpolations-array" count="31"><param type="name"/></accessor></technique_common></source><sampler id="r_arm01_jnt-Matrix-animation-transform"><input semantic="INPUT" source="#r_arm01_jnt-Matrix-animation-input"/><input semantic="OUTPUT" source="#r_arm01_jnt-Matrix-animation-output-transform"/><input semantic="INTERPOLATION" source="#r_arm01_jnt-Interpolations"/></sampler><channel source="#r_arm01_jnt-Matrix-animation-transform" target="r_arm01_jnt/matrix"/></animation></animation>
    <animation id="r_arm02_jnt-anim" name="r_arm02_jnt"><animation><source id="r_arm02_jnt-Matrix-animation-input"><float_array id="r_arm02_jnt-Matrix-animation-input-array" count="31">

0.000000 0.033333 0.066667 0.100000 0.133333 0.166667 0.200000 0.233333 0.266667 0.300000 0.333333 0.366667 0.400000 0.433333 0.466667 0.500000
0.533333 0.566667 0.600000 0.633333 0.666667 0.700000 0.733333 0.766667 0.800000 0.833333 0.866667 0.900000 0.933333 0.966667 1.000000</float_array><technique_common><accessor source="#r_arm02_jnt-Matrix-animation-input-array" count="31"><param name="TIME" type="float"/></accessor></technique_common></source><source id="r_arm02_jnt-Matrix-animation-output-transform"><float_array id="r_arm02_jnt-Matrix-animation-output-transform-array" count="496">

0.916235 0.273169 -0.293074 1.138730 -0.369984 0.296270 -0.880532 0.000000 -0.153705 0.915206 0.372521 -0.000000 0.000000 0.000000 0.000000 1.000000
0.914398 0.301725 -0.269885 1.138730 -0.374552 0.377662 -0.846807 -0.000000 -0.153577 0.875405 0.458346 -0.000000 0.000000 0.000000 0.000000 1.000000
0.910942 0.354632 -0.210764 1.138730 -0.384323 0.543842 -0.746010 -0.000000 -0.149937 0.760573 0.631702 -0.000000 0.000000 0.000000 0.000000 1.000000
0.910256 0.386115 -0.149495 1.138730 -0.392149 0.688098 -0.610525 0.000000 -0.132865 0.614358 0.777760 -0.000000 0.000000 0.000000 0.000000 1.000000
0.916327 0.371020 -0.150625 1.138730 -0.391611 0.751824 -0.530473 0.000000 -0.083573 0.545073 0.834212 -0.000000 0.000000 0.000000 0.000000 1.000000
0.922415 0.325953 -0.207134 1.138730 -0.386091 0.765636 -0.514524 -0.000000 -0.009122 0.554578 0.832082 -0.000000 0.000000 0.000000 0.000000 1.000000
0.924269 0.279338 -0.260186 1.138730 -0.376958 0.775421 -0.506582 0.000000 0.060246 0.566298 0.821996 -0.000000 0.000000 0.000000 0.000000 1.000000
0.922929 0.235627 -0.304436 1.138730 -0.367692 0.773794 -0.515796 0.000000 0.114036 0.587982 0.800795 -0.000000 0.000000 0.000000 0.000000 1.000000
0.920858 0.198233 -0.335744 1.138730 -0.362514 0.752316 -0.550094 0.000000 0.143539 0.628271 0.764639 -0.000000 0.000000 0.000000 0.000000 1.000000
0.915848 0.146499 -0.373845 1.138730 -0.367708 0.680002 -0.634341 0.000000 0.161285 0.718426 0.676647 -0.000000 0.000000 0.000000 0.000000 1.000000
0.906989 0.071721 -0.415003 1.138730 -0.382391 0.553181 -0.740113 -0.000000 0.176490 0.829968 0.529155 -0.000000 0.000000 0.000000 0.000000 1.000000
0.901988 0.003076 -0.431751 1.138730 -0.392367 0.423151 -0.816695 0.000000 0.180184 0.906054 0.382884 -0.000000 0.000000 0.000000 0.000000 1.000000
0.908741 -0.021658 -0.416799 1.138730 -0.381827 0.360084 -0.851204 -0.000000 0.168518 0.932668 0.318954 -0.000000 0.000000 0.000000 0.000000 1.000000
0.925585 0.003123 -0.378527 1.138730 -0.351779 0.376396 -0.857075 0.000000 0.139800 0.926454 0.349485 -0.000000 0.000000 0.000000 0.000000 1.000000
0.943680 0.049793 -0.327091 1.138730 -0.316339 0.425444 -0.847895 0.000000 0.096939 0.903614 0.417235 0.000000 0.000000 0.000000 0.000000 1.000000
0.958198 0.107066 -0.265318 1.138730 -0.283038 0.490169 -0.824393 0.000000 0.041786 0.865027 0.499983 -0.000000 0.000000 0.000000 0.000000 1.000000
0.966170 0.163081 -0.199800 1.138730 -0.257231 0.553314 -0.792260 0.000000 -0.018650 0.816853 0.576545 -0.000000 0.000000 0.000000 0.000000 1.000000
0.967982 0.207244 -0.141636 1.138730 -0.240065 0.599429 -0.763579 0.000000 -0.073346 0.773133 0.629989 -0.000000 0.000000 0.000000 0.000000 1.000000
0.967283 0.231252 -0.104333 1.138730 -0.228536 0.615689 -0.754121 -0.000000 -0.110155 0.753292 0.648395 -0.000000 0.000000 0.000000 0.000000 1.000000
0.966807 0.240821 -0.085384 1.138730 -0.219797 0.613471 -0.758514 -0.000000 -0.130285 0.752103 0.646039 -0.000000 0.000000 0.000000 0.000000 1.000000
0.966272 0.246976 -0.072944 1.138730 -0.213922 0.612105 -0.761291 0.000000 -0.143371 0.751219 0.644294 -0.000000 0.000000 0.000000 0.000000 1.000000
0.965907 0.250294 -0.066154 1.138730 -0.210670 0.611390 -0.762772 0.000000 -0.150471 0.750703 0.643275 -0.000000 0.000000 0.000000 0.000000 1.000000
0.965786 0.251292 -0.064098 1.138730 -0.209679 0.611177 -0.763215 -0.000000 -0.152615 0.750543 0.642958 -0.000000 0.000000 0.000000 0.000000 1.000000
0.965889 0.250448 -0.065838 1.138730 -0.210518 0.611357 -0.762840 0.000000 -0.150801 0.750679 0.643227 -0.000000 0.000000 0.000000 0.000000 1.000000
0.966143 0.248213 -0.070419 1.138730 -0.212717 0.611837 -0.761845 0.000000 -0.146015 0.751030 0.643921 -0.000000 0.000000 0.000000 0.000000 1.000000
0.966460 0.245036 -0.076886 1.138730 -0.215796 0.612530 -0.760420 0.000000 -0.139235 0.751508 0.644864 -0.000000 0.000000 0.000000 0.000000 1.000000
0.966766 0.241369 -0.084284 1.138730 -0.219282 0.613347 -0.758763 0.000000 -0.131447 0.752028 0.645891 -0.000000 0.000000 0.000000 0.000000 1.000000
0.967010 0.237676 -0.091663 1.138730 -0.222721 0.614187 -0.757080 0.000000 -0.123641 0.752519 0.646860 -0.000000 0.000000 0.000000 0.000000 1.000000
0.967171 0.234433 -0.098084 1.138730 -0.225682 0.614939 -0.755591 0.000000 -0.116820 0.752922 0.647659 -0.000000 0.000000 0.000000 0.000000 1.000000
0.967257 0.232129 -0.102616 1.138730 -0.227755 0.615481 -0.754527 -0.000000 -0.111989 0.753193 0.648197 -0.000000 0.000000 0.000000 0.000000 1.000000
0.967283 0.231252 -0.104333 1.138730 -0.228536 0.615689 -0.754121 -0.000000 -0.110155 0.753292 0.648395 -0.000000 0.000000 0.000000 0.000000 1.000000</float_array><technique_common><accessor source="#r_arm02_jnt-Matrix-animation-output-transform-array" count="31" stride="16"><param type="float4x4"/></accessor></technique_common></source><source id="r_arm02_jnt-Interpolations"><Name_array id="r_arm02_jnt-Interpolations-array" count="31">
 LINEAR LINEAR LINEAR LINEAR LINEAR LINEAR LINEAR LINEAR LINEAR LINEAR LINEAR
LINEAR LINEAR LINEAR LINEAR LINEAR LINEAR LINEAR LINEAR LINEAR LINEAR LINEAR LINEAR
LINEAR LINEAR LINEAR LINEAR LINEAR LINEAR LINEAR LINEAR</Name_array><technique_common><accessor source="#r_arm02_jnt-Interpolations-array" count="31"><param type="name"/></accessor></technique_common></source><sampler id="r_arm02_jnt-Matrix-animation-transform"><input semantic="INPUT" source="#r_arm02_jnt-Matrix-animation-input"/><input semantic="OUTPUT" source="#r_arm02_jnt-Matrix-animation-output-transform"/><input semantic="INTERPOLATION" source="#r_arm02_jnt-Interpolations"/></sampler><channel source="#r_arm02_jnt-Matrix-animation-transform" target="r_arm02_jnt/matrix"/></animation></animation>
    <animation id="r_arm03_jnt-anim" name="r_arm03_jnt"><animation><source id="r_arm03_jnt-Matrix-animation-input"><float_array id="r_arm03_jnt-Matrix-animation-input-array" count="31">

0.000000 0.033333 0.066667 0.100000 0.133333 0.166667 0.200000 0.233333 0.266667 0.300000 0.333333 0.366667 0.400000 0.433333 0.466667 0.500000
0.533333 0.566667 0.600000 0.633333 0.666667 0.700000 0.733333 0.766667 0.800000 0.833333 0.866667 0.900000 0.933333 0.966667 1.000000</float_array><technique_common><accessor source="#r_arm03_jnt-Matrix-animation-input-array" count="31"><param name="TIME" type="float"/></accessor></technique_common></source><source id="r_arm03_jnt-Matrix-animation-output-transform"><float_array id="r_arm03_jnt-Matrix-animation-output-transform-array" count="496">

0.235869 -0.704585 -0.669273 0.839582 0.007309 0.689972 -0.723799 -0.000000 0.971757 0.165830 0.167893 0.000000 0.000000 0.000000 0.000000 1.000000
0.235859 -0.705523 -0.668287 0.839582 0.007631 0.689012 -0.724710 0.000000 0.971757 0.165830 0.167893 0.000000 0.000000 0.000000 0.000000 1.000000
