<?xml version="1.0" encoding="utf-8"?>
<COLLADA xmlns="http://www.collada.org/2005/11/COLLADASchema" version="1.4.1">
  <asset><contributor><author></author><authoring_tool>FBX COLLADA exporter</authoring_tool><comments></comments></contributor><created>2020-01-22T12:50:57Z</created><keywords></keywords><modified>2020-01-22T12:50:57Z</modified><revision></revision><subject></subject><title></title><unit meter="0.010000" name="centimeter"></unit><up_axis>Y_UP</up_axis></asset>
  <library_animations>
    <animation id="root_jnt-anim" name="root_jnt"><animation><source id="root_jnt-Matrix-animation-input"><float_array id="root_jnt-Matrix-animation-input-array" count="96">

0.000000 0.033333 0.066667 0.100000 0.133333 0.166667 0.200000 0.233333 0.266667 0.300000 0.333333 0.366667 0.400000 0.433333 0.466667 0.500000
0.533333 0.566667 0.600000 0.633333 0.666667 0.700000 0.733333 0.766667 0.800000 0.833333 0.866667 0.900000 0.933333 0.966667 1.000000 1.033333
1.066667 1.100000 1.133333 1.166667 1.200000 1.233333 1.266667 1.300000 1.333333 1.366667 1.400000 1.433333 1.466667 1.500000 1.533333 1.566667
1.600000 1.633333 1.666667 1.700000 1.733333 1.766667 1.800000 1.833333 1.866667 1.900000 1.933333 1.966667 2.000000 2.033333 2.066667 2.100000
2.133333 2.166667 2.200000 2.233333 2.266667 2.300000 2.333333 2.366667 2.400000 2.433333 2.466667 2.500000 2.533333 2.566667 2.600000 2.633333
2.666667 2.700000 2.733333 2.766667 2.800000 2.833333 2.866667 2.900000 2.933333 2.966667 3.000000 3.033333 3.066667 3.100000 3.133333 3.166667</float_array><technique_common><accessor source="#root_jnt-Matrix-animation-input-array" count="96"><param name="TIME" type="float"/></accessor></technique_common></source><source id="root_jnt-Matrix-animation-output-transform"><float_array id="root_jnt-Matrix-animation-output-transform-array" count="1536">

1.000000 0.000000 0.000000 0.000000 0.000000 1.000000 0.000000 0.000000 0.000000 0.000000 1.000000 0.000000 0.000000 0.000000 0.000000 1.000000
1.000000 0.000000 0.000000 0.000000 0.000000 1.000000 0.000000 0.000000 0.000000 0.000000 1.000000 0.000000 0.000000 0.000000 0.000000 1.000000
1.000000 0.000000 0.000000 0.000000 0.000000 1.000000 0.000000 0.000000 0.000000 0.000000 1.000000 0.000000 0.000000 0.000000 0.000000 1.000000
1.000000 0.000000 0.000000 0.000000 0.000000 1.000000 0.000000 0.000000 0.000000 0.000000 1.000000 0.000000 0.000000 0.000000 0.000000 1.000000
1.000000 0.000000 0.000000 0.000000 0.000000 1.000000 0.000000 0.000000 0.000000 0.000000 1.000000 0.000000 0.000000 0.000000 0.000000 1.000000
1.000000 0.000000 0.000000 0.000000 0.000000 1.000000 0.000000 0.000000 0.000000 0.000000 1.000000 0.000000 0.000000 0.000000 0.000000 1.000000
1.000000 0.000000 0.000000 0.000000 0.000000 1.000000 0.000000 0.000000 0.000000 0.000000 1.000000 0.000000 0.000000 0.000000 0.000000 1.000000
1.000000 0.000000 0.000000 0.000000 0.000000 1.000000 0.000000 0.000000 0.000000 0.000000 1.000000 0.000000 0.000000 0.000000 0.000000 1.000000
1.000000 0.000000 0.000000 0.000000 0.000000 1.000000 0.000000 0.000000 0.000000 0.000000 1.000000 0.000000 0.000000 0.000000 0.000000 1.000000
1.000000 0.000000 0.000000 0.000000 0.000000 1.000000 0.000000 0.000000 0.000000 0.000000 1.000000 0.000000 0.000000 0.000000 0.000000 1.000000
1.000000 0.000000 0.000000 0.000000 0.000000 1.000000 0.000000 0.000000 0.000000 0.000000 1.000000 0.000000 0.000000 0.000000 0.000000 1.000000
1.000000 0.000000 0.000000 0.000000 0.000000 1.000000 0.000000 0.000000 0.000000 0.000000 1.000000 0.000000 0.000000 0.000000 0.000000 1.000000
1.000000 0.000000 0.000000 0.000000 0.000000 1.000000 0.000000 0.000000 0.000000 0.000000 1.000000 0.000000 0.000000 0.000000 0.000000 1.000000
1.000000 0.000000 0.000000 0.000000 0.000000 1.000000 0.000000 0.000000 0.000000 0.000000 1.000000 0.000000 0.000000 0.000000 0.000000 1.000000
1.000000 0.000000 0.000000 0.000000 0.000000 1.000000 0.000000 0.000000 0.000000 0.000000 1.000000 0.000000 0.000000 0.000000 0.000000 1.000000
1.000000 0.000000 0.000000 0.000000 0.000000 1.000000 0.000000 0.000000 0.000000 0.000000 1.000000 0.000000 0.000000 0.000000 0.000000 1.000000
1.000000 0.000000 0.000000 0.000000 0.000000 1.000000 0.000000 0.000000 0.000000 0.000000 1.000000 0.000000 0.000000 0.000000 0.000000 1.000000
1.000000 0.000000 0.000000 0.000000 0.000000 1.000000 0.000000 0.000000 0.000000 0.000000 1.000000 0.000000 0.000000 0.000000 0.000000 1.000000
1.000000 0.000000 0.000000 0.000000 0.000000 1.000000 0.000000 0.000000 0.000000 0.000000 1.000000 0.000000 0.000000 0.000000 0.000000 1.000000
1.000000 0.000000 0.000000 0.000000 0.000000 1.000000 0.000000 0.000000 0.000000 0.000000 1.000000 0.000000 0.000000 0.000000 0.000000 1.000000
1.000000 0.000000 0.000000 0.000000 0.000000 1.000000 0.000000 0.000000 0.000000 0.000000 1.000000 0.000000 0.000000 0.000000 0.000000 1.000000
1.000000 0.000000 0.000000 0.000000 0.000000 1.000000 0.000000 0.000000 0.000000 0.000000 1.000000 0.000000 0.000000 0.000000 0.000000 1.000000
1.000000 0.000000 0.000000 0.000000 0.000000 1.000000 0.000000 0.000000 0.000000 0.000000 1.000000 0.000000 0.000000 0.000000 0.000000 1.000000
1.000000 0.000000 0.000000 0.000000 0.000000 1.000000 0.000000 0.000000 0.000000 0.000000 1.000000 0.000000 0.000000 0.000000 0.000000 1.000000
1.000000 0.000000 0.000000 0.000000 0.000000 1.000000 0.000000 0.000000 0.000000 0.000000 1.000000 0.000000 0.000000 0.000000 0.000000 1.000000
1.000000 0.000000 0.000000 0.000000 0.000000 1.000000 0.000000 0.000000 0.000000 0.000000 1.000000 0.000000 0.000000 0.000000 0.000000 1.000000
1.000000 0.000000 0.000000 0.000000 0.000000 1.000000 0.000000 0.000000 0.000000 0.000000 1.000000 0.000000 0.000000 0.000000 0.000000 1.000000
1.000000 0.000000 0.000000 0.000000 0.000000 1.000000 0.000000 0.000000 0.000000 0.000000 1.000000 0.000000 0.000000 0.000000 0.000000 1.000000
1.000000 0.000000 0.000000 0.000000 0.000000 1.000000 0.000000 0.000000 0.000000 0.000000 1.000000 0.000000 0.000000 0.000000 0.000000 1.000000
1.000000 0.000000 0.000000 0.000000 0.000000 1.000000 0.000000 0.000000 0.000000 0.000000 1.000000 0.000000 0.000000 0.000000 0.000000 1.000000
1.000000 0.000000 0.000000 0.000000 0.000000 1.000000 0.000000 0.000000 0.000000 0.000000 1.000000 0.000000 0.000000 0.000000 0.000000 1.000000
1.000000 0.000000 0.000000 0.000000 0.000000 1.000000 0.000000 0.000000 0.000000 0.000000 1.000000 0.000000 0.000000 0.000000 0.000000 1.000000
1.000000 0.000000 0.000000 0.000000 0.000000 1.000000 0.000000 0.000000 0.000000 0.000000 1.000000 0.000000 0.000000 0.000000 0.000000 1.000000
1.000000 0.000000 0.000000 0.000000 0.000000 1.000000 0.000000 0.000000 0.000000 0.000000 1.000000 0.000000 0.000000 0.000000 0.000000 1.000000
1.000000 0.000000 0.000000 0.000000 0.000000 1.000000 0.000000 0.000000 0.000000 0.000000 1.000000 0.000000 0.000000 0.000000 0.000000 1.000000
1.000000 0.000000 0.000000 0.000000 0.000000 1.000000 0.000000 0.000000 0.000000 0.000000 1.000000 0.000000 0.000000 0.000000 0.000000 1.000000
1.000000 0.000000 0.000000 0.000000 0.000000 1.000000 0.000000 0.000000 0.000000 0.000000 1.000000 0.000000 0.000000 0.000000 0.000000 1.000000
1.000000 0.000000 0.000000 0.000000 0.000000 1.000000 0.000000 0.000000 0.000000 0.000000 1.000000 0.000000 0.000000 0.000000 0.000000 1.000000
1.000000 0.000000 0.000000 0.000000 0.000000 1.000000 0.000000 0.000000 0.000000 0.000000 1.000000 0.000000 0.000000 0.000000 0.000000 1.000000
1.000000 0.000000 0.000000 0.000000 0.000000 1.000000 0.000000 0.000000 0.000000 0.000000 1.000000 0.000000 0.000000 0.000000 0.000000 1.000000
1.000000 0.000000 0.000000 0.000000 0.000000 1.000000 0.000000 0.000000 0.000000 0.000000 1.000000 0.000000 0.000000 0.000000 0.000000 1.000000
1.000000 0.000000 0.000000 0.000000 0.000000 1.000000 0.000000 0.000000 0.000000 0.000000 1.000000 0.000000 0.000000 0.000000 0.000000 1.000000
1.000000 0.000000 0.000000 0.000000 0.000000 1.000000 0.000000 0.000000 0.000000 0.000000 1.000000 0.000000 0.000000 0.000000 0.000000 1.000000
1.000000 0.000000 0.000000 0.000000 0.000000 1.000000 0.000000 0.000000 0.000000 0.000000 1.000000 0.000000 0.000000 0.000000 0.000000 1.000000
1.000000 0.000000 0.000000 0.000000 0.000000 1.000000 0.000000 0.000000 0.000000 0.000000 1.000000 0.000000 0.000000 0.000000 0.000000 1.000000
1.000000 0.000000 0.000000 0.000000 0.000000 1.000000 0.000000 0.000000 0.000000 0.000000 1.000000 0.000000 0.000000 0.000000 0.000000 1.000000
1.000000 0.000000 0.000000 0.000000 0.000000 1.000000 0.000000 0.000000 0.000000 0.000000 1.000000 0.000000 0.000000 0.000000 0.000000 1.000000
1.000000 0.000000 0.000000 0.000000 0.000000 1.000000 0.000000 0.000000 0.000000 0.000000 1.000000 0.000000 0.000000 0.000000 0.000000 1.000000
1.000000 0.000000 0.000000 0.000000 0.000000 1.000000 0.000000 0.000000 0.000000 0.000000 1.000000 0.000000 0.000000 0.000000 0.000000 1.000000
1.000000 0.000000 0.000000 0.000000 0.000000 1.000000 0.000000 0.000000 0.000000 0.000000 1.000000 0.000000 0.000000 0.000000 0.000000 1.000000
1.000000 0.000000 0.000000 0.000000 0.000000 1.000000 0.000000 0.000000 0.000000 0.000000 1.000000 0.000000 0.000000 0.000000 0.000000 1.000000
1.000000 0.000000 0.000000 0.000000 0.000000 1.000000 0.000000 0.000000 0.000000 0.000000 1.000000 0.000000 0.000000 0.000000 0.000000 1.000000
1.000000 0.000000 0.000000 0.000000 0.000000 1.000000 0.000000 0.000000 0.000000 0.000000 1.000000 0.000000 0.000000 0.000000 0.000000 1.000000
1.000000 0.000000 0.000000 0.000000 0.000000 1.000000 0.000000 0.000000 0.000000 0.000000 1.000000 0.000000 0.000000 0.000000 0.000000 1.000000
1.000000 0.000000 0.000000 0.000000 0.000000 1.000000 0.000000 0.000000 0.000000 0.000000 1.000000 0.000000 0.000000 0.000000 0.000000 1.000000
1.000000 0.000000 0.000000 0.000000 0.000000 1.000000 0.000000 0.000000 0.000000 0.000000 1.000000 0.000000 0.000000 0.000000 0.000000 1.000000
1.000000 0.000000 0.000000 0.000000 0.000000 1.000000 0.000000 0.000000 0.000000 0.000000 1.000000 0.000000 0.000000 0.000000 0.000000 1.000000
1.000000 0.000000 0.000000 0.000000 0.000000 1.000000 0.000000 0.000000 0.000000 0.000000 1.000000 0.000000 0.000000 0.000000 0.000000 1.000000
1.000000 0.000000 0.000000 0.000000 0.000000 1.000000 0.000000 0.000000 0.000000 0.000000 1.000000 0.000000 0.000000 0.000000 0.000000 1.000000
1.000000 0.000000 0.000000 0.000000 0.000000 1.000000 0.000000 0.000000 0.000000 0.000000 1.000000 0.000000 0.000000 0.000000 0.000000 1.000000
1.000000 0.000000 0.000000 0.000000 0.000000 1.000000 0.000000 0.000000 0.000000 0.000000 1.000000 0.000000 0.000000 0.000000 0.000000 1.000000
1.000000 0.000000 0.000000 0.000000 0.000000 1.000000 0.000000 0.000000 0.000000 0.000000 1.000000 0.000000 0.000000 0.000000 0.000000 1.000000
1.000000 0.000000 0.000000 0.000000 0.000000 1.000000 0.000000 0.000000 0.000000 0.000000 1.000000 0.000000 0.000000 0.000000 0.000000 1.000000
1.000000 0.000000 0.000000 0.000000 0.000000 1.000000 0.000000 0.000000 0.000000 0.000000 1.000000 0.000000 0.000000 0.000000 0.000000 1.000000
1.000000 0.000000 0.000000 0.000000 0.000000 1.000000 0.000000 0.000000 0.000000 0.000000 1.000000 0.000000 0.000000 0.000000 0.000000 1.000000
1.000000 0.000000 0.000000 0.000000 0.000000 1.000000 0.000000 0.000000 0.000000 0.000000 1.000000 0.000000 0.000000 0.000000 0.000000 1.000000
1.000000 0.000000 0.000000 0.000000 0.000000 1.000000 0.000000 0.000000 0.000000 0.000000 1.000000 0.000000 0.000000 0.000000 0.000000 1.000000
1.000000 0.000000 0.000000 0.000000 0.000000 1.000000 0.000000 0.000000 0.000000 0.000000 1.000000 0.000000 0.000000 0.000000 0.000000 1.000000
1.000000 0.000000 0.000000 0.000000 0.000000 1.000000 0.000000 0.000000 0.000000 0.000000 1.000000 0.000000 0.000000 0.000000 0.000000 1.000000
1.000000 0.000000 0.000000 0.000000 0.000000 1.000000 0.000000 0.000000 0.000000 0.000000 1.000000 0.000000 0.000000 0.000000 0.000000 1.000000
1.000000 0.000000 0.000000 0.000000 0.000000 1.000000 0.000000 0.000000 0.000000 0.000000 1.000000 0.000000 0.000000 0.000000 0.000000 1.000000
1.000000 0.000000 0.000000 0.000000 0.000000 1.000000 0.000000 0.000000 0.000000 0.000000 1.000000 0.000000 0.000000 0.000000 0.000000 1.000000
1.000000 0.000000 0.000000 0.000000 0.000000 1.000000 0.000000 0.000000 0.000000 0.000000 1.000000 0.000000 0.000000 0.000000 0.000000 1.000000
1.000000 0.000000 0.000000 0.000000 0.000000 1.000000 0.000000 0.000000 0.000000 0.000000 1.000000 0.000000 0.000000 0.000000 0.000000 1.000000
1.000000 0.000000 0.000000 0.000000 0.000000 1.000000 0.000000 0.000000 0.000000 0.000000 1.000000 0.000000 0.000000 0.000000 0.000000 1.000000
1.000000 0.000000 0.000000 0.000000 0.000000 1.000000 0.000000 0.000000 0.000000 0.000000 1.000000 0.000000 0.000000 0.000000 0.000000 1.000000
1.000000 0.000000 0.000000 0.000000 0.000000 1.000000 0.000000 0.000000 0.000000 0.000000 1.000000 0.000000 0.000000 0.000000 0.000000 1.000000
1.000000 0.000000 0.000000 0.000000 0.000000 1.000000 0.000000 0.000000 0.000000 0.000000 1.000000 0.000000 0.000000 0.000000 0.000000 1.000000
1.000000 0.000000 0.000000 0.000000 0.000000 1.000000 0.000000 0.000000 0.000000 0.000000 1.000000 0.000000 0.000000 0.000000 0.000000 1.000000
1.000000 0.000000 0.000000 0.000000 0.000000 1.000000 0.000000 0.000000 0.000000 0.000000 1.000000 0.000000 0.000000 0.000000 0.000000 1.000000
1.000000 0.000000 0.000000 0.000000 0.000000 1.000000 0.000000 0.000000 0.000000 0.000000 1.000000 0.000000 0.000000 0.000000 0.000000 1.000000
1.000000 0.000000 0.000000 0.000000 0.000000 1.000000 0.000000 0.000000 0.000000 0.000000 1.000000 0.000000 0.000000 0.000000 0.000000 1.000000
1.000000 0.000000 0.000000 0.000000 0.000000 1.000000 0.000000 0.000000 0.000000 0.000000 1.000000 0.000000 0.000000 0.000000 0.000000 1.000000
1.000000 0.000000 0.000000 0.000000 0.000000 1.000000 0.000000 0.000000 0.000000 0.000000 1.000000 0.000000 0.000000 0.000000 0.000000 1.000000
1.000000 0.000000 0.000000 0.000000 0.000000 1.000000 0.000000 0.000000 0.000000 0.000000 1.000000 0.000000 0.000000 0.000000 0.000000 1.000000
1.000000 0.000000 0.000000 0.000000 0.000000 1.000000 0.000000 0.000000 0.000000 0.000000 1.000000 0.000000 0.000000 0.000000 0.000000 1.000000
1.000000 0.000000 0.000000 0.000000 0.000000 1.000000 0.000000 0.000000 0.000000 0.000000 1.000000 0.000000 0.000000 0.000000 0.000000 1.000000
1.000000 0.000000 0.000000 0.000000 0.000000 1.000000 0.000000 0.000000 0.000000 0.000000 1.000000 0.000000 0.000000 0.000000 0.000000 1.000000
1.000000 0.000000 0.000000 0.000000 0.000000 1.000000 0.000000 0.000000 0.000000 0.000000 1.000000 0.000000 0.000000 0.000000 0.000000 1.000000
1.000000 0.000000 0.000000 0.000000 0.000000 1.000000 0.000000 0.000000 0.000000 0.000000 1.000000 0.000000 0.000000 0.000000 0.000000 1.000000
1.000000 0.000000 0.000000 0.000000 0.000000 1.000000 0.000000 0.000000 0.000000 0.000000 1.000000 0.000000 0.000000 0.000000 0.000000 1.000000
1.000000 0.000000 0.000000 0.000000 0.000000 1.000000 0.000000 0.000000 0.000000 0.000000 1.000000 0.000000 0.000000 0.000000 0.000000 1.000000
1.000000 0.000000 0.000000 0.000000 0.000000 1.000000 0.000000 0.000000 0.000000 0.000000 1.000000 0.000000 0.000000 0.000000 0.000000 1.000000
1.000000 0.000000 0.000000 0.000000 0.000000 1.000000 0.000000 0.000000 0.000000 0.000000 1.000000 0.000000 0.000000 0.000000 0.000000 1.000000
1.000000 0.000000 0.000000 0.000000 0.000000 1.000000 0.000000 0.000000 0.000000 0.000000 1.000000 0.000000 0.000000 0.000000 0.000000 1.000000
1.000000 0.000000 0.000000 0.000000 0.000000 1.000000 0.000000 0.000000 0.000000 0.000000 1.000000 0.000000 0.000000 0.000000 0.000000 1.000000</float_array><technique_common><accessor source="#root_jnt-Matrix-animation-output-transform-array" count="96" stride="16"><param type="float4x4"/></accessor></technique_common></source><source id="root_jnt-Interpolations"><Name_array id="root_jnt-Interpolations-array" count="96">
 LINEAR LINEAR LINEAR LINEAR LINEAR LINEAR LINEAR LINEAR LINEAR LINEAR LINEAR
LINEAR LINEAR LINEAR LINEAR LINEAR LINEAR LINEAR LINEAR LINEAR LINEAR LINEAR LINEAR
LINEAR LINEAR LINEAR LINEAR LINEAR LINEAR LINEAR LINEAR LINEAR LINEAR LINEAR LINEAR
LINEAR LINEAR LINEAR LINEAR LINEAR LINEAR LINEAR LINEAR LINEAR LINEAR LINEAR LINEAR
LINEAR LINEAR LINEAR LINEAR LINEAR LINEAR LINEAR LINEAR LINEAR LINEAR LINEAR LINEAR
LINEAR LINEAR LINEAR LINEAR LINEAR LINEAR LINEAR LINEAR LINEAR LINEAR LINEAR LINEAR
LINEAR LINEAR LINEAR LINEAR LINEAR LINEAR LINEAR LINEAR LINEAR LINEAR LINEAR LINEAR
LINEAR LINEAR LINEAR LINEAR LINEAR LINEAR LINEAR LINEAR LINEAR LINEAR LINEAR LINEAR
LINEAR</Name_array><technique_common><accessor source="#root_jnt-Interpolations-array" count="96"><param type="name"/></accessor></technique_common></source><sampler id="root_jnt-Matrix-animation-transform"><input semantic="INPUT" source="#root_jnt-Matrix-animation-input"/><input semantic="OUTPUT" source="#root_jnt-Matrix-animation-output-transform"/><input semantic="INTERPOLATION" source="#root_jnt-Interpolations"/></sampler><channel source="#root_jnt-Matrix-animation-transform" target="root_jnt/matrix"/></animation></animation>
    <animation id="jnt_spine2-anim" name="jnt_spine2"><animation><source id="jnt_spine2-Matrix-animation-input"><float_array id="jnt_spine2-Matrix-animation-input-array" count="96">

0.000000 0.033333 0.066667 0.100000 0.133333 0.166667 0.200000 0.233333 0.266667 0.300000 0.333333 0.366667 0.400000 0.433333 0.466667 0.500000
0.533333 0.566667 0.600000 0.633333 0.666667 0.700000 0.733333 0.766667 0.800000 0.833333 0.866667 0.900000 0.933333 0.966667 1.000000 1.033333
1.066667 1.100000 1.133333 1.166667 1.200000 1.233333 1.266667 1.300000 1.333333 1.366667 1.400000 1.433333 1.466667 1.500000 1.533333 1.566667
1.600000 1.633333 1.666667 1.700000 1.733333 1.766667 1.800000 1.833333 1.866667 1.900000 1.933333 1.966667 2.000000 2.033333 2.066667 2.100000
2.133333 2.166667 2.200000 2.233333 2.266667 2.300000 2.333333 2.366667 2.400000 2.433333 2.466667 2.500000 2.533333 2.566667 2.600000 2.633333
2.666667 2.700000 2.733333 2.766667 2.800000 2.833333 2.866667 2.900000 2.933333 2.966667 3.000000 3.033333 3.066667 3.100000 3.133333 3.166667</float_array><technique_common><accessor source="#jnt_spine2-Matrix-animation-input-array" count="96"><param name="TIME" type="float"/></accessor></technique_common></source><source id="jnt_spine2-Matrix-animation-output-transform"><float_array id="jnt_spine2-Matrix-animation-output-transform-array" count="1536">

0.990914 0.117614 -0.065239 0.001922 -0.124429 0.985804 -0.112732 7.869586 0.051054 0.119826 0.991481 -0.000000 0.000000 0.000000 0.000000 1.000000
0.984034 0.141204 -0.108341 0.002365 -0.148814 0.986682 -0.065671 7.657029 0.097626 0.080745 0.991942 0.000077 0.000000 0.000000 0.000000 1.000000
0.954987 0.214805 -0.204593 0.003473 -0.206573 0.976526 0.061037 7.125635 0.212901 -0.016027 0.976942 0.000271 0.000000 0.000000 0.000000 1.000000
0.893358 0.336564 -0.297720 0.004914 -0.271309 0.932171 0.239684 6.434822 0.358195 -0.133349 0.924075 0.000523 0.000000 0.000000 0.000000 1.000000
0.807848 0.477410 -0.345630 0.006354 -0.319542 0.847523 0.423790 5.744009 0.495251 -0.231914 0.837223 0.000775 0.000000 0.000000 0.000000 1.000000
0.728589 0.590109 -0.347749 0.007462 -0.342648 0.753617 0.560940 5.212615 0.593086 -0.289539 0.751277 0.000968 0.000000 0.000000 0.000000 1.000000
0.694196 0.634518 -0.339822 0.007905 -0.348075 0.709174 0.613121 5.000058 0.630029 -0.307342 0.713165 0.001046 0.000000 0.000000 0.000000 1.000000
0.694196 0.634518 -0.339822 0.007905 -0.348075 0.709174 0.613121 5.000058 0.630029 -0.307342 0.713165 0.001046 0.000000 0.000000 0.000000 1.000000
0.694196 0.634518 -0.339822 0.007905 -0.348075 0.709174 0.613121 5.000058 0.630029 -0.307342 0.713165 0.001046 0.000000 0.000000 0.000000 1.000000
0.694196 0.634518 -0.339822 0.007905 -0.348075 0.709174 0.613121 5.000058 0.630029 -0.307342 0.713165 0.001046 0.000000 0.000000 0.000000 1.000000
0.694196 0.634518 -0.339822 0.007905 -0.348075 0.709174 0.613121 5.000058 0.630029 -0.307342 0.713165 0.001046 0.000000 0.000000 0.000000 1.000000
0.694196 0.634518 -0.339822 0.007905 -0.348075 0.709174 0.613121 5.000058 0.630029 -0.307342 0.713165 0.001046 0.000000 0.000000 0.000000 1.000000
0.694196 0.634518 -0.339822 0.007905 -0.348075 0.709174 0.613121 5.000058 0.630029 -0.307342 0.713165 0.001046 0.000000 0.000000 0.000000 1.000000
0.694196 0.634518 -0.339822 0.007905 -0.348075 0.709174 0.613121 5.000058 0.630029 -0.307342 0.713165 0.001046 0.000000 0.000000 0.000000 1.000000
0.694196 0.634518 -0.339822 0.007905 -0.348075 0.709174 0.613121 5.000058 0.630029 -0.307342 0.713165 0.001046 0.000000 0.000000 0.000000 1.000000
0.694196 0.634518 -0.339822 0.007905 -0.348075 0.709174 0.613121 5.000058 0.630029 -0.307342 0.713165 0.001046 0.000000 0.000000 0.000000 1.000000
0.694196 0.634518 -0.339822 0.007905 -0.348075 0.709174 0.613121 5.000058 0.630029 -0.307342 0.713165 0.001046 0.000000 0.000000 0.000000 1.000000
0.694196 0.634518 -0.339822 0.007905 -0.348075 0.709174 0.613121 5.000058 0.630029 -0.307342 0.713165 0.001046 0.000000 0.000000 0.000000 1.000000
0.703013 0.623525 -0.342037 0.007905 -0.344476 0.719312 0.603264 5.007738 0.622181 -0.306279 0.720475 0.001046 0.000000 0.000000 0.000000 1.000000
0.726965 0.592600 -0.346910 0.007905 -0.333662 0.746398 0.575812 5.028973 0.600159 -0.302844 0.740334 0.001046 0.000000 0.000000 0.000000 1.000000
0.761845 0.544555 -0.350787 0.007905 -0.314987 0.784641 0.533968 5.061051 0.566017 -0.296308 0.769303 0.001046 0.000000 0.000000 0.000000 1.000000
0.803051 0.482481 -0.349744 0.007905 -0.287784 0.827929 0.481366 5.101262 0.521813 -0.285911 0.803720 0.001046 0.000000 0.000000 0.000000 1.000000
0.845936 0.410243 -0.340725 0.007905 -0.252160 0.870686 0.422280 5.146894 0.469902 -0.271305 0.839992 0.001046 0.000000 0.000000 0.000000 1.000000
0.886284 0.332540 -0.322362 0.007905 -0.209443 0.908572 0.361428 5.195237 0.413079 -0.252811 0.874902 0.001046 0.000000 0.000000 0.000000 1.000000
0.920832 0.254594 -0.295381 0.007905 -0.162259 0.938931 0.303448 5.243580 0.354598 -0.231496 0.905908 0.001046 0.000000 0.000000 0.000000 1.000000
0.947673 0.181637 -0.262535 0.007905 -0.114281 0.960883 0.252276 5.289213 0.298088 -0.209072 0.931361 0.001046 0.000000 0.000000 0.000000 1.000000
0.966398 0.118442 -0.228138 0.007905 -0.069767 0.975061 0.210684 5.329423 0.247402 -0.187688 0.950561 0.001046 0.000000 0.000000 0.000000 1.000000
0.977894 0.069087 -0.197359 0.007905 -0.033086 0.983074 0.180194 5.361501 0.206468 -0.169681 0.963628 0.001046 0.000000 0.000000 0.000000 1.000000
0.983783 0.037048 -0.175492 0.007905 -0.008365 0.986847 0.161441 5.382736 0.179165 -0.157355 0.971154 0.001046 0.000000 0.000000 0.000000 1.000000
0.985572 0.025598 -0.167309 0.007905 0.000646 0.987922 0.154953 5.390417 0.169255 -0.152825 0.973652 0.001046 0.000000 0.000000 0.000000 1.000000
0.985572 0.025598 -0.167309 0.007905 0.000646 0.987922 0.154953 5.390417 0.169255 -0.152825 0.973652 0.001046 0.000000 0.000000 0.000000 1.000000
0.985572 0.025598 -0.167309 0.007905 0.000646 0.987922 0.154953 5.390417 0.169255 -0.152825 0.973652 0.001046 0.000000 0.000000 0.000000 1.000000
0.985572 0.025598 -0.167309 0.007905 0.000646 0.987922 0.154953 5.390417 0.169255 -0.152825 0.973652 0.001046 0.000000 0.000000 0.000000 1.000000
0.985572 0.025598 -0.167309 0.007905 0.000646 0.987922 0.154953 5.390417 0.169255 -0.152825 0.973652 0.001046 0.000000 0.000000 0.000000 1.000000
0.985572 0.025598 -0.167309 0.007905 0.000646 0.987922 0.154953 5.390417 0.169255 -0.152825 0.973652 0.001046 0.000000 0.000000 0.000000 1.000000
0.985572 0.025598 -0.167309 0.007905 0.000646 0.987922 0.154953 5.390417 0.169255 -0.152825 0.973652 0.001046 0.000000 0.000000 0.000000 1.000000
0.985572 0.025598 -0.167309 0.007905 0.000646 0.987922 0.154953 5.390417 0.169255 -0.152825 0.973652 0.001046 0.000000 0.000000 0.000000 1.000000
0.986271 0.005499 -0.165045 0.026208 0.017378 0.990439 0.136849 5.445595 0.164220 -0.137838 0.976746 -0.002153 0.000000 0.000000 0.000000 1.000000
0.986612 -0.047916 -0.155885 0.075260 0.062318 0.994093 0.088855 5.593474 0.150706 -0.097380 0.983771 -0.010727 0.000000 0.000000 0.000000 1.000000
0.983146 -0.123437 -0.134861 0.146276 0.127432 0.991617 0.021373 5.807566 0.131092 -0.038198 0.990634 -0.023141 0.000000 0.000000 0.000000 1.000000
0.972966 -0.208799 -0.098691 0.230469 0.204260 0.977417 -0.054168 6.061387 0.107773 0.032545 0.993643 -0.037857 0.000000 0.000000 0.000000 1.000000
0.955199 -0.291945 -0.048610 0.319056 0.284038 0.950413 -0.126642 6.328451 0.083173 0.107161 0.990757 -0.053341 0.000000 0.000000 0.000000 1.000000
0.931718 -0.363071 0.009031 0.403250 0.358236 0.914649 -0.187306 6.582272 0.059745 0.177751 0.982260 -0.068058 0.000000 0.000000 0.000000 1.000000
0.907035 -0.416142 0.064127 0.474265 0.419154 0.877955 -0.231311 6.796364 0.039958 0.236687 0.970764 -0.080471 0.000000 0.000000 0.000000 1.000000
0.887452 -0.448760 0.105091 0.523317 0.460151 0.849667 -0.257540 6.944242 0.026281 0.276912 0.960536 -0.089045 0.000000 0.000000 0.000000 1.000000
0.879625 -0.460046 0.120903 0.541620 0.475196 0.838577 -0.266415 6.999421 0.021177 0.291798 0.956246 -0.092244 0.000000 0.000000 0.000000 1.000000
0.879625 -0.460046 0.120903 0.541620 0.475196 0.838577 -0.266415 6.999421 0.021177 0.291798 0.956246 -0.092244 0.000000 0.000000 0.000000 1.000000
0.879625 -0.460046 0.120903 0.541620 0.475196 0.838577 -0.266415 6.999421 0.021177 0.291798 0.956246 -0.092244 0.000000 0.000000 0.000000 1.000000
0.879625 -0.460046 0.120903 0.541620 0.475196 0.838577 -0.266415 6.999421 0.021177 0.291798 0.956246 -0.092244 0.000000 0.000000 0.000000 1.000000
0.879625 -0.460046 0.120903 0.541620 0.475196 0.838577 -0.266415 6.999421 0.021177 0.291798 0.956246 -0.092244 0.000000 0.000000 0.000000 1.000000
0.879625 -0.460046 0.120903 0.541620 0.475196 0.838577 -0.266415 6.999421 0.021177 0.291798 0.956246 -0.092244 0.000000 0.000000 0.000000 1.000000
0.879625 -0.460046 0.120903 0.541620 0.475196 0.838577 -0.266415 6.999421 0.021177 0.291798 0.956246 -0.092244 0.000000 0.000000 0.000000 1.000000
0.879625 -0.460046 0.120903 0.541620 0.475196 0.838577 -0.266415 6.999421 0.021177 0.291798 0.956246 -0.092244 0.000000 0.000000 0.000000 1.000000
0.879625 -0.460046 0.120903 0.541620 0.475196 0.838577 -0.266415 6.999421 0.021177 0.291798 0.956246 -0.092244 0.000000 0.000000 0.000000 1.000000
0.879625 -0.460046 0.120903 0.541620 0.475196 0.838577 -0.266415 6.999421 0.021177 0.291798 0.956246 -0.092244 0.000000 0.000000 0.000000 1.000000
0.879625 -0.460046 0.120903 0.541620 0.475196 0.838577 -0.266415 6.999421 0.021177 0.291798 0.956246 -0.092244 0.000000 0.000000 0.000000 1.000000
0.902337 -0.427058 0.058387 0.512056 0.427148 0.867823 -0.253826 7.049425 0.057729 0.253977 0.965486 -0.087077 0.000000 0.000000 0.000000 1.000000
0.942843 -0.319150 -0.095869 0.435811 0.296799 0.935051 -0.193880 7.178381 0.151520 0.154344 0.976330 -0.073749 0.000000 0.000000 0.000000 1.000000
0.954132 -0.122501 -0.273178 0.331557 0.112565 0.992292 -0.051815 7.354710 0.277420 0.018688 0.960567 -0.055527 0.000000 0.000000 0.000000 1.000000
0.908967 0.138985 -0.393016 0.217968 -0.079187 0.983186 0.164545 7.546830 0.409277 -0.118444 0.904690 -0.035672 0.000000 0.000000 0.000000 1.000000
0.820288 0.394504 -0.414119 0.113715 -0.230944 0.890855 0.391206 7.723158 0.523253 -0.225264 0.821866 -0.017449 0.000000 0.000000 0.000000 1.000000
0.732359 0.571488 -0.370206 0.037470 -0.319692 0.768621 0.554093 7.852115 0.601205 -0.287443 0.745607 -0.004122 0.000000 0.000000 0.000000 1.000000
0.694196 0.634518 -0.339822 0.007905 -0.348075 0.709174 0.613121 7.902119 0.630029 -0.307342 0.713165 0.001046 0.000000 0.000000 0.000000 1.000000
0.694196 0.634518 -0.339822 0.007905 -0.348075 0.709174 0.613121 7.902119 0.630029 -0.307342 0.713165 0.001046 0.000000 0.000000 0.000000 1.000000
0.694196 0.634518 -0.339822 0.007905 -0.348075 0.709174 0.613121 7.902119 0.630029 -0.307342 0.713165 0.001046 0.000000 0.000000 0.000000 1.000000
0.694196 0.634518 -0.339822 0.007905 -0.348075 0.709174 0.613121 7.902119 0.630029 -0.307342 0.713165 0.001046 0.000000 0.000000 0.000000 1.000000
0.694196 0.634518 -0.339822 0.007905 -0.348075 0.709174 0.613121 7.902119 0.630029 -0.307342 0.713165 0.001046 0.000000 0.000000 0.000000 1.000000
0.694196 0.634518 -0.339822 0.007905 -0.348075 0.709174 0.613121 7.902119 0.630029 -0.307342 0.713165 0.001046 0.000000 0.000000 0.000000 1.000000
0.694196 0.634518 -0.339822 0.007905 -0.348075 0.709174 0.613121 7.902119 0.630029 -0.307342 0.713165 0.001046 0.000000 0.000000 0.000000 1.000000
0.694196 0.634518 -0.339822 0.007905 -0.348075 0.709174 0.613121 7.902119 0.630029 -0.307342 0.713165 0.001046 0.000000 0.000000 0.000000 1.000000
0.758840 0.574901 -0.306024 0.007905 -0.337076 0.748742 0.570758 7.902119 0.557262 -0.329960 0.761961 0.001046 0.000000 0.000000 0.000000 1.000000
0.892149 0.408456 -0.192962 0.007905 -0.277087 0.832147 0.480368 7.902119 0.356782 -0.375092 0.855577 0.001046 0.000000 0.000000 0.000000 1.000000
0.986423 0.164194 -0.003272 0.007905 -0.148268 0.898955 0.412185 7.902119 0.070619 -0.406103 0.911094 0.001046 0.000000 0.000000 0.000000 1.000000
0.975132 -0.094064 0.200674 0.007905 0.002686 0.910413 0.413693 7.902119 -0.221610 -0.402866 0.888025 0.001046 0.000000 0.000000 0.000000 1.000000
0.894128 -0.289040 0.342040 0.007905 0.107484 0.879994 0.462663 7.902119 -0.434721 -0.376917 0.817894 0.001046 0.000000 0.000000 0.000000 1.000000
0.845744 -0.364324 0.389852 0.007905 0.142036 0.857976 0.493662 7.902119 -0.514337 -0.362139 0.777376 0.001046 0.000000 0.000000 0.000000 1.000000
0.846219 -0.364607 0.388556 0.007570 0.141591 0.856876 0.495697 7.931906 -0.513679 -0.364452 0.776730 0.000987 0.000000 0.000000 0.000000 1.000000
0.847502 -0.363456 0.386833 0.006661 0.140381 0.856314 0.497010 8.012758 -0.511892 -0.366913 0.776751 0.000828 0.000000 0.000000 0.000000 1.000000
0.849384 -0.361195 0.384817 0.005321 0.138590 0.856188 0.497729 8.131908 -0.509254 -0.369432 0.777291 0.000594 0.000000 0.000000 0.000000 1.000000
0.851654 -0.358149 0.382642 0.003693 0.136402 0.856393 0.497982 8.276590 -0.506044 -0.371915 0.778202 0.000310 0.000000 0.000000 0.000000 1.000000
0.854104 -0.354647 0.380437 0.001922 0.134005 0.856824 0.497891 8.434039 -0.502543 -0.374270 0.779341 -0.000000 0.000000 0.000000 0.000000 1.000000
0.856533 -0.351022 0.378331 0.000151 0.131592 0.857383 0.497573 8.591488 -0.499034 -0.376402 0.780568 -0.000310 0.000000 0.000000 0.000000 1.000000
0.858747 -0.347610 0.376458 -0.001476 0.129360 0.857973 0.497141 8.736170 -0.495802 -0.378220 0.781748 -0.000594 0.000000 0.000000 0.000000 1.000000
0.860557 -0.344751 0.374951 -0.002816 0.127511 0.858503 0.496702 8.855320 -0.493135 -0.379630 0.782751 -0.000828 0.000000 0.000000 0.000000 1.000000
0.861779 -0.342786 0.373946 -0.003726 0.126252 0.858886 0.496362 8.936172 -0.491323 -0.380543 0.783447 -0.000987 0.000000 0.000000 0.000000 1.000000
0.862227 -0.342055 0.373581 -0.004061 0.125787 0.859033 0.496225 8.965960 -0.490655 -0.380867 0.783708 -0.001046 0.000000 0.000000 0.000000 1.000000
0.862227 -0.342055 0.373581 -0.004061 0.125787 0.859033 0.496225 8.965960 -0.490655 -0.380867 0.783708 -0.001046 0.000000 0.000000 0.000000 1.000000
0.862227 -0.342055 0.373581 -0.004061 0.125787 0.859033 0.496225 8.965960 -0.490655 -0.380867 0.783708 -0.001046 0.000000 0.000000 0.000000 1.000000
0.862227 -0.342055 0.373581 -0.004061 0.125787 0.859033 0.496225 8.965960 -0.490655 -0.380867 0.783708 -0.001046 0.000000 0.000000 0.000000 1.000000
0.862227 -0.342055 0.373581 -0.004061 0.125787 0.859033 0.496225 8.965960 -0.490655 -0.380867 0.783708 -0.001046 0.000000 0.000000 0.000000 1.000000
0.862227 -0.342055 0.373581 -0.004061 0.125787 0.859033 0.496225 8.965960 -0.490655 -0.380867 0.783708 -0.001046 0.000000 0.000000 0.000000 1.000000
0.862227 -0.342055 0.373581 -0.004061 0.125787 0.859033 0.496225 8.965960 -0.490655 -0.380867 0.783708 -0.001046 0.000000 0.000000 0.000000 1.000000
0.862227 -0.342055 0.373581 -0.004061 0.125787 0.859033 0.496225 8.965960 -0.490655 -0.380867 0.783708 -0.001046 0.000000 0.000000 0.000000 1.000000
0.862227 -0.342055 0.373581 -0.004061 0.125787 0.859033 0.496225 8.965960 -0.490655 -0.380867 0.783708 -0.001046 0.000000 0.000000 0.000000 1.000000
0.862227 -0.342055 0.373581 -0.004061 0.125787 0.859033 0.496225 8.965960 -0.490655 -0.380867 0.783708 -0.001046 0.000000 0.000000 0.000000 1.000000
0.862227 -0.342055 0.373581 -0.004061 0.125787 0.859033 0.496225 8.965960 -0.490655 -0.380867 0.783708 -0.001046 0.000000 0.000000 0.000000 1.000000</float_array><technique_common><accessor source="#jnt_spine2-Matrix-animation-output-transform-array" count="96" stride="16"><param type="float4x4"/></accessor></technique_common></source><source id="jnt_spine2-Interpolations"><Name_array id="jnt_spine2-Interpolations-array" count="96">
 LINEAR LINEAR LINEAR LINEAR LINEAR LINEAR LINEAR LINEAR LINEAR LINEAR LINEAR
LINEAR LINEAR LINEAR LINEAR LINEAR LINEAR LINEAR LINEAR LINEAR LINEAR LINEAR LINEAR
LINEAR LINEAR LINEAR LINEAR LINEAR LINEAR LINEAR LINEAR LINEAR LINEAR LINEAR LINEAR
LINEAR LINEAR LINEAR LINEAR LINEAR LINEAR LINEAR LINEAR LINEAR LINEAR LINEAR LINEAR
LINEAR LINEAR LINEAR LINEAR LINEAR LINEAR LINEAR LINEAR LINEAR LINEAR LINEAR LINEAR
LINEAR LINEAR LINEAR LINEAR LINEAR LINEAR LINEAR LINEAR LINEAR LINEAR LINEAR LINEAR
LINEAR LINEAR LINEAR LINEAR LINEAR LINEAR LINEAR LINEAR LINEAR LINEAR LINEAR LINEAR
LINEAR LINEAR LINEAR LINEAR LINEAR LINEAR LINEAR LINEAR LINEAR LINEAR LINEAR LINEAR
LINEAR</Name_array><technique_common><accessor source="#jnt_spine2-Interpolations-array" count="96"><param type="name"/></accessor></technique_common></source><sampler id="jnt_spine2-Matrix-animation-transform"><input semantic="INPUT" source="#jnt_spine2-Matrix-animation-input"/><input semantic="OUTPUT" source="#jnt_spine2-Matrix-animation-output-transform"/><input semantic="INTERPOLATION" source="#jnt_spine2-Interpolations"/></sampler><channel source="#jnt_spine2-Matrix-animation-transform" target="jnt_spine2/matrix"/></animation></animation>
    <animation id="neck_jnt-anim" name="neck_jnt"><animation><source id="neck_jnt-Matrix-animation-input"><float_array id="neck_jnt-Matrix-animation-input-array" count="96">

0.000000 0.033333 0.066667 0.100000 0.133333 0.166667 0.200000 0.233333 0.266667 0.300000 0.333333 0.366667 0.400000 0.433333 0.466667 0.500000
0.533333 0.566667 0.600000 0.633333 0.666667 0.700000 0.733333 0.766667 0.800000 0.833333 0.866667 0.900000 0.933333 0.966667 1.000000 1.033333
1.066667 1.100000 1.133333 1.166667 1.200000 1.233333 1.266667 1.300000 1.333333 1.366667 1.400000 1.433333 1.466667 1.500000 1.533333 1.566667
1.600000 1.633333 1.666667 1.700000 1.733333 1.766667 1.800000 1.833333 1.866667 1.900000 1.933333 1.966667 2.000000 2.033333 2.066667 2.100000
2.133333 2.166667 2.200000 2.233333 2.266667 2.300000 2.333333 2.366667 2.400000 2.433333 2.466667 2.500000 2.533333 2.566667 2.600000 2.633333
2.666667 2.700000 2.733333 2.766667 2.800000 2.833333 2.866667 2.900000 2.933333 2.966667 3.000000 3.033333 3.066667 3.100000 3.133333 3.166667</float_array><technique_common><accessor source="#neck_jnt-Matrix-animation-input-array" count="96"><param name="TIME" type="float"/></accessor></technique_common></source><source id="neck_jnt-Matrix-animation-output-transform"><float_array id="neck_jnt-Matrix-animation-output-transform-array" count="1536">

1.000000 -0.000000 0.000000 -0.000000 0.000000 1.000000 0.000000 2.357033 -0.000000 -0.000000 1.000000 2.698746 0.000000 0.000000 0.000000 1.000000
1.000000 -0.000000 0.000000 0.000000 0.000000 1.000000 0.000000 2.357033 -0.000000 -0.000000 1.000000 2.698746 0.000000 0.000000 0.000000 1.000000
1.000000 -0.000000 0.000000 0.000000 0.000000 1.000000 0.000000 2.357033 -0.000000 -0.000000 1.000000 2.698746 0.000000 0.000000 0.000000 1.000000
1.000000 -0.000000 0.000000 -0.000000 0.000000 1.000000 0.000000 2.357033 -0.000000 -0.000000 1.000000 2.698746 0.000000 0.000000 0.000000 1.000000
1.000000 -0.000000 0.000000 0.000000 0.000000 1.000000 0.000000 2.357033 -0.000000 -0.000000 1.000000 2.698746 0.000000 0.000000 0.000000 1.000000
1.000000 -0.000000 0.000000 -0.000000 0.000000 1.000000 0.000000 2.357033 -0.000000 -0.000000 1.000000 2.698746 0.000000 0.000000 0.000000 1.000000
1.000000 -0.000000 0.000000 0.000000 0.000000 1.000000 0.000000 2.357033 -0.000000 -0.000000 1.000000 2.698746 0.000000 0.000000 0.000000 1.000000
1.000000 -0.000000 0.000000 0.000000 0.000000 1.000000 0.000000 2.357033 -0.000000 -0.000000 1.000000 2.698746 0.000000 0.000000 0.000000 1.000000
1.000000 -0.000000 0.000000 0.000000 0.000000 1.000000 0.000000 2.357033 -0.000000 -0.000000 1.000000 2.698746 0.000000 0.000000 0.000000 1.000000
1.000000 -0.000000 0.000000 0.000000 0.000000 1.000000 0.000000 2.357033 -0.000000 -0.000000 1.000000 2.698746 0.000000 0.000000 0.000000 1.000000
1.000000 -0.000000 0.000000 0.000000 0.000000 1.000000 0.000000 2.357033 -0.000000 -0.000000 1.000000 2.698746 0.000000 0.000000 0.000000 1.000000
1.000000 -0.000000 0.000000 0.000000 0.000000 1.000000 0.000000 2.357033 -0.000000 -0.000000 1.000000 2.698746 0.000000 0.000000 0.000000 1.000000
1.000000 -0.000000 0.000000 0.000000 0.000000 1.000000 0.000000 2.357033 -0.000000 -0.000000 1.000000 2.698746 0.000000 0.000000 0.000000 1.000000
1.000000 -0.000000 0.000000 0.000000 0.000000 1.000000 0.000000 2.357033 -0.000000 -0.000000 1.000000 2.698746 0.000000 0.000000 0.000000 1.000000
1.000000 -0.000000 0.000000 0.000000 0.000000 1.000000 0.000000 2.357033 -0.000000 -0.000000 1.000000 2.698746 0.000000 0.000000 0.000000 1.000000
1.000000 -0.000000 0.000000 0.000000 0.000000 1.000000 0.000000 2.357033 -0.000000 -0.000000 1.000000 2.698746 0.000000 0.000000 0.000000 1.000000
1.000000 -0.000000 0.000000 0.000000 0.000000 1.000000 0.000000 2.357033 -0.000000 -0.000000 1.000000 2.698746 0.000000 0.000000 0.000000 1.000000
1.000000 -0.000000 0.000000 0.000000 0.000000 1.000000 0.000000 2.357033 -0.000000 -0.000000 1.000000 2.698746 0.000000 0.000000 0.000000 1.000000
1.000000 -0.000000 0.000000 0.000000 0.000000 1.000000 0.000000 2.357033 -0.000000 -0.000000 1.000000 2.698746 0.000000 0.000000 0.000000 1.000000
1.000000 -0.000000 0.000000 -0.000000 0.000000 1.000000 0.000000 2.357033 -0.000000 -0.000000 1.000000 2.698746 0.000000 0.000000 0.000000 1.000000
1.000000 -0.000000 0.000000 0.000000 0.000000 1.000000 0.000000 2.357033 -0.000000 -0.000000 1.000000 2.698746 0.000000 0.000000 0.000000 1.000000
1.000000 -0.000000 0.000000 0.000000 0.000000 1.000000 0.000000 2.357033 -0.000000 -0.000000 1.000000 2.698746 0.000000 0.000000 0.000000 1.000000
1.000000 -0.000000 0.000000 0.000000 0.000000 1.000000 0.000000 2.357033 -0.000000 -0.000000 1.000000 2.698746 0.000000 0.000000 0.000000 1.000000
1.000000 -0.000000 0.000000 0.000000 0.000000 1.000000 0.000000 2.357033 -0.000000 -0.000000 1.000000 2.698746 0.000000 0.000000 0.000000 1.000000
1.000000 -0.000000 0.000000 -0.000000 0.000000 1.000000 0.000000 2.357033 -0.000000 -0.000000 1.000000 2.698746 0.000000 0.000000 0.000000 1.000000
1.000000 -0.000000 0.000000 -0.000000 0.000000 1.000000 0.000000 2.357033 -0.000000 -0.000000 1.000000 2.698746 0.000000 0.000000 0.000000 1.000000
1.000000 -0.000000 0.000000 -0.000000 0.000000 1.000000 0.000000 2.357033 -0.000000 -0.000000 1.000000 2.698746 0.000000 0.000000 0.000000 1.000000
1.000000 -0.000000 0.000000 0.000000 0.000000 1.000000 0.000000 2.357033 -0.000000 -0.000000 1.000000 2.698746 0.000000 0.000000 0.000000 1.000000
1.000000 -0.000000 0.000000 -0.000000 0.000000 1.000000 0.000000 2.357033 -0.000000 -0.000000 1.000000 2.698746 0.000000 0.000000 0.000000 1.000000
1.000000 -0.000000 0.000000 0.000000 0.000000 1.000000 0.000000 2.357033 -0.000000 -0.000000 1.000000 2.698746 0.000000 0.000000 0.000000 1.000000
