<?xml version="1.0" encoding="utf-8"?>
<COLLADA xmlns="http://www.collada.org/2005/11/COLLADASchema" version="1.4.1">
  <asset><contributor><author></author><authoring_tool>FBX COLLADA exporter</authoring_tool><comments></comments></contributor><created>2020-01-22T09:17:23Z</created><keywords></keywords><modified>2020-01-22T09:17:23Z</modified><revision></revision><subject></subject><title></title><unit meter="0.010000" name="centimeter"></unit><up_axis>Y_UP</up_axis></asset>
  <library_animations>
    <animation id="root_jnt-anim" name="root_jnt"><animation><source id="root_jnt-Matrix-animation-input"><float_array id="root_jnt-Matrix-animation-input-array" count="31">

0.000000 0.033333 0.066667 0.100000 0.133333 0.166667 0.200000 0.233333 0.266667 0.300000 0.333333 0.366667 0.400000 0.433333 0.466667 0.500000
0.533333 0.566667 0.600000 0.633333 0.666667 0.700000 0.733333 0.766667 0.800000 0.833333 0.866667 0.900000 0.933333 0.966667 1.000000</float_array><technique_common><accessor source="#root_jnt-Matrix-animation-input-array" count="31"><param name="TIME" type="float"/></accessor></technique_common></source><source id="root_jnt-Matrix-animation-output-transform"><float_array id="root_jnt-Matrix-animation-output-transform-array" count="496">

1.000000 0.000000 0.000000 0.000000 0.000000 1.000000 0.000000 0.000000 0.000000 0.000000 1.000000 0.000000 0.000000 0.000000 0.000000 1.000000
1.000000 0.000000 0.000000 0.000000 0.000000 1.000000 0.000000 0.000000 0.000000 0.000000 1.000000 0.000000 0.000000 0.000000 0.000000 1.000000
1.000000 0.000000 0.000000 0.000000 0.000000 1.000000 0.000000 0.000000 0.000000 0.000000 1.000000 0.000000 0.000000 0.000000 0.000000 1.000000
1.000000 0.000000 0.000000 0.000000 0.000000 1.000000 0.000000 0.000000 0.000000 0.000000 1.000000 0.000000 0.000000 0.000000 0.000000 1.000000
1.000000 0.000000 0.000000 0.000000 0.000000 1.000000 0.000000 0.000000 0.000000 0.000000 1.000000 0.000000 0.000000 0.000000 0.000000 1.000000
1.000000 0.000000 0.000000 0.000000 0.000000 1.000000 0.000000 0.000000 0.000000 0.000000 1.000000 0.000000 0.000000 0.000000 0.000000 1.000000
1.000000 0.000000 0.000000 0.000000 0.000000 1.000000 0.000000 0.000000 0.000000 0.000000 1.000000 0.000000 0.000000 0.000000 0.000000 1.000000
1.000000 0.000000 0.000000 0.000000 0.000000 1.000000 0.000000 0.000000 0.000000 0.000000 1.000000 0.000000 0.000000 0.000000 0.000000 1.000000
1.000000 0.000000 0.000000 0.000000 0.000000 1.000000 0.000000 0.000000 0.000000 0.000000 1.000000 0.000000 0.000000 0.000000 0.000000 1.000000
1.000000 0.000000 0.000000 0.000000 0.000000 1.000000 0.000000 0.000000 0.000000 0.000000 1.000000 0.000000 0.000000 0.000000 0.000000 1.000000
1.000000 0.000000 0.000000 0.000000 0.000000 1.000000 0.000000 0.000000 0.000000 0.000000 1.000000 0.000000 0.000000 0.000000 0.000000 1.000000
1.000000 0.000000 0.000000 0.000000 0.000000 1.000000 0.000000 0.000000 0.000000 0.000000 1.000000 0.000000 0.000000 0.000000 0.000000 1.000000
1.000000 0.000000 0.000000 0.000000 0.000000 1.000000 0.000000 0.000000 0.000000 0.000000 1.000000 0.000000 0.000000 0.000000 0.000000 1.000000
1.000000 0.000000 0.000000 0.000000 0.000000 1.000000 0.000000 0.000000 0.000000 0.000000 1.000000 0.000000 0.000000 0.000000 0.000000 1.000000
1.000000 0.000000 0.000000 0.000000 0.000000 1.000000 0.000000 0.000000 0.000000 0.000000 1.000000 0.000000 0.000000 0.000000 0.000000 1.000000
1.000000 0.000000 0.000000 0.000000 0.000000 1.000000 0.000000 0.000000 0.000000 0.000000 1.000000 0.000000 0.000000 0.000000 0.000000 1.000000
1.000000 0.000000 0.000000 0.000000 0.000000 1.000000 0.000000 0.000000 0.000000 0.000000 1.000000 0.000000 0.000000 0.000000 0.000000 1.000000
1.000000 0.000000 0.000000 0.000000 0.000000 1.000000 0.000000 0.000000 0.000000 0.000000 1.000000 0.000000 0.000000 0.000000 0.000000 1.000000
1.000000 0.000000 0.000000 0.000000 0.000000 1.000000 0.000000 0.000000 0.000000 0.000000 1.000000 0.000000 0.000000 0.000000 0.000000 1.000000
1.000000 0.000000 0.000000 0.000000 0.000000 1.000000 0.000000 0.000000 0.000000 0.000000 1.000000 0.000000 0.000000 0.000000 0.000000 1.000000
1.000000 0.000000 0.000000 0.000000 0.000000 1.000000 0.000000 0.000000 0.000000 0.000000 1.000000 0.000000 0.000000 0.000000 0.000000 1.000000
1.000000 0.000000 0.000000 0.000000 0.000000 1.000000 0.000000 0.000000 0.000000 0.000000 1.000000 0.000000 0.000000 0.000000 0.000000 1.000000
1.000000 0.000000 0.000000 0.000000 0.000000 1.000000 0.000000 0.000000 0.000000 0.000000 1.000000 0.000000 0.000000 0.000000 0.000000 1.000000
1.000000 0.000000 0.000000 0.000000 0.000000 1.000000 0.000000 0.000000 0.000000 0.000000 1.000000 0.000000 0.000000 0.000000 0.000000 1.000000
1.000000 0.000000 0.000000 0.000000 0.000000 1.000000 0.000000 0.000000 0.000000 0.000000 1.000000 0.000000 0.000000 0.000000 0.000000 1.000000
1.000000 0.000000 0.000000 0.000000 0.000000 1.000000 0.000000 0.000000 0.000000 0.000000 1.000000 0.000000 0.000000 0.000000 0.000000 1.000000
1.000000 0.000000 0.000000 0.000000 0.000000 1.000000 0.000000 0.000000 0.000000 0.000000 1.000000 0.000000 0.000000 0.000000 0.000000 1.000000
1.000000 0.000000 0.000000 0.000000 0.000000 1.000000 0.000000 0.000000 0.000000 0.000000 1.000000 0.000000 0.000000 0.000000 0.000000 1.000000
1.000000 0.000000 0.000000 0.000000 0.000000 1.000000 0.000000 0.000000 0.000000 0.000000 1.000000 0.000000 0.000000 0.000000 0.000000 1.000000
1.000000 0.000000 0.000000 0.000000 0.000000 1.000000 0.000000 0.000000 0.000000 0.000000 1.000000 0.000000 0.000000 0.000000 0.000000 1.000000
1.000000 0.000000 0.000000 0.000000 0.000000 1.000000 0.000000 0.000000 0.000000 0.000000 1.000000 0.000000 0.000000 0.000000 0.000000 1.000000</float_array><technique_common><accessor source="#root_jnt-Matrix-animation-output-transform-array" count="31" stride="16"><param type="float4x4"/></accessor></technique_common></source><source id="root_jnt-Interpolations"><Name_array id="root_jnt-Interpolations-array" count="31">
 LINEAR LINEAR LINEAR LINEAR LINEAR LINEAR LINEAR LINEAR LINEAR LINEAR LINEAR
LINEAR LINEAR LINEAR LINEAR LINEAR LINEAR LINEAR LINEAR LINEAR LINEAR LINEAR LINEAR
LINEAR LINEAR LINEAR LINEAR LINEAR LINEAR LINEAR LINEAR</Name_array><technique_common><accessor source="#root_jnt-Interpolations-array" count="31"><param type="name"/></accessor></technique_common></source><sampler id="root_jnt-Matrix-animation-transform"><input semantic="INPUT" source="#root_jnt-Matrix-animation-input"/><input semantic="OUTPUT" source="#root_jnt-Matrix-animation-output-transform"/><input semantic="INTERPOLATION" source="#root_jnt-Interpolations"/></sampler><channel source="#root_jnt-Matrix-animation-transform" target="root_jnt/matrix"/></animation></animation>
    <animation id="jnt_spine2-anim" name="jnt_spine2"><animation><source id="jnt_spine2-Matrix-animation-input"><float_array id="jnt_spine2-Matrix-animation-input-array" count="31">

0.000000 0.033333 0.066667 0.100000 0.133333 0.166667 0.200000 0.233333 0.266667 0.300000 0.333333 0.366667 0.400000 0.433333 0.466667 0.500000
0.533333 0.566667 0.600000 0.633333 0.666667 0.700000 0.733333 0.766667 0.800000 0.833333 0.866667 0.900000 0.933333 0.966667 1.000000</float_array><technique_common><accessor source="#jnt_spine2-Matrix-animation-input-array" count="31"><param name="TIME" type="float"/></accessor></technique_common></source><source id="jnt_spine2-Matrix-animation-output-transform"><float_array id="jnt_spine2-Matrix-animation-output-transform-array" count="496">

0.998347 -0.029802 -0.049144 0.001922 -0.010686 0.743892 -0.668215 8.267676 0.056472 0.667635 0.742344 -0.000000 0.000000 0.000000 0.000000 1.000000
0.998347 -0.023326 -0.052528 0.001922 -0.010686 0.822660 -0.568433 8.177668 0.056472 0.568055 0.821051 0.061998 0.000000 0.000000 0.000000 1.000000
0.998347 -0.007805 -0.056942 0.001922 -0.010686 0.948251 -0.317343 7.963168 0.056472 0.317427 0.946600 0.263230 0.000000 0.000000 0.000000 1.000000
0.998347 0.008589 -0.056829 0.001922 -0.010686 0.999269 -0.036706 7.707472 0.056472 0.037253 0.997709 0.626552 0.000000 0.000000 0.000000 1.000000
0.998347 0.016480 -0.055061 0.001922 -0.010686 0.994529 0.103911 7.493875 0.056472 -0.103151 0.993061 1.174819 0.000000 0.000000 0.000000 1.000000
0.998347 0.017248 -0.054825 0.001922 -0.010686 0.992979 0.117804 7.319831 0.056472 -0.117024 0.991522 1.836163 0.000000 0.000000 0.000000 1.000000
0.998347 0.017642 -0.054700 0.001922 -0.010686 0.992108 0.124930 7.130301 0.056472 -0.124139 0.990657 2.448254 0.000000 0.000000 0.000000 1.000000
0.998347 0.017786 -0.054653 0.001922 -0.010686 0.991774 0.127554 6.929825 0.056472 -0.126759 0.990325 2.898256 0.000000 0.000000 0.000000 1.000000
0.998347 0.017807 -0.054646 0.001922 -0.010686 0.991726 0.127928 6.722949 0.056472 -0.127133 0.990277 3.073331 0.000000 0.000000 0.000000 1.000000
0.998347 0.012530 -0.056092 0.001922 -0.010686 0.999397 0.033050 6.514213 0.056472 -0.032396 0.997878 3.007983 0.000000 0.000000 0.000000 1.000000
0.998347 0.000590 -0.057471 0.001922 -0.010686 0.984417 -0.175524 6.308162 0.056472 0.175848 0.982796 2.827324 0.000000 0.000000 0.000000 1.000000
0.998347 -0.011375 -0.056337 0.001922 -0.010686 0.926387 -0.376421 6.109338 0.056472 0.376401 0.924734 2.554430 0.000000 0.000000 0.000000 1.000000
0.998347 -0.016680 -0.055000 0.001922 -0.010686 0.886397 -0.462802 5.922284 0.056472 0.462624 0.884754 2.212377 0.000000 0.000000 0.000000 1.000000
0.998347 -0.016414 -0.055080 0.001922 -0.010686 0.888628 -0.458504 5.751544 0.056472 0.458334 0.886984 1.824241 0.000000 0.000000 0.000000 1.000000
0.998347 -0.015746 -0.055275 0.001922 -0.010686 0.894114 -0.447712 5.601660 0.056472 0.447563 0.892468 1.413100 0.000000 0.000000 0.000000 1.000000
0.998347 -0.014874 -0.055516 0.001922 -0.010686 0.901049 -0.433585 5.477176 0.056472 0.433462 0.899401 1.002029 0.000000 0.000000 0.000000 1.000000
0.998347 -0.013998 -0.055743 0.001922 -0.010686 0.907761 -0.419351 5.382634 0.056472 0.419253 0.906111 0.614104 0.000000 0.000000 0.000000 1.000000
0.998347 -0.013323 -0.055909 0.001922 -0.010686 0.912772 -0.408330 5.322577 0.056472 0.408253 0.911120 0.272402 0.000000 0.000000 0.000000 1.000000
0.998347 -0.013052 -0.055972 0.001922 -0.010686 0.914738 -0.403905 5.301548 0.056472 0.403836 0.913087 -0.000000 0.000000 0.000000 0.000000 1.000000
0.998347 -0.013052 -0.055972 0.001922 -0.010686 0.914738 -0.403905 5.301548 0.056472 0.403836 0.913087 -0.193315 0.000000 0.000000 0.000000 1.000000
0.998347 -0.013052 -0.055972 0.001922 -0.010686 0.914738 -0.403905 5.301548 0.056472 0.403836 0.913087 -0.319529 0.000000 0.000000 0.000000 1.000000
0.998347 -0.013052 -0.055972 0.001922 -0.010686 0.914738 -0.403905 5.301548 0.056472 0.403836 0.913087 -0.388227 0.000000 0.000000 0.000000 1.000000
0.998347 -0.013052 -0.055972 0.001922 -0.010686 0.914738 -0.403905 5.301548 0.056472 0.403836 0.913087 -0.408997 0.000000 0.000000 0.000000 1.000000
0.998347 -0.013052 -0.055972 0.001922 -0.010686 0.914738 -0.403905 5.301548 0.056472 0.403836 0.913087 -0.391423 0.000000 0.000000 0.000000 1.000000
0.998347 -0.013052 -0.055972 0.001922 -0.010686 0.914738 -0.403905 5.301548 0.056472 0.403836 0.913087 -0.345091 0.000000 0.000000 0.000000 1.000000
0.998347 -0.013052 -0.055972 0.001922 -0.010686 0.914738 -0.403905 5.301548 0.056472 0.403836 0.913087 -0.279588 0.000000 0.000000 0.000000 1.000000
0.998347 -0.013052 -0.055972 0.001922 -0.010686 0.914738 -0.403905 5.301548 0.056472 0.403836 0.913087 -0.204498 0.000000 0.000000 0.000000 1.000000
0.998347 -0.013052 -0.055972 0.001922 -0.010686 0.914738 -0.403905 5.301548 0.056472 0.403836 0.913087 -0.129409 0.000000 0.000000 0.000000 1.000000
0.998347 -0.013052 -0.055972 0.001922 -0.010686 0.914738 -0.403905 5.301548 0.056472 0.403836 0.913087 -0.063906 0.000000 0.000000 0.000000 1.000000
0.998347 -0.013052 -0.055972 0.001922 -0.010686 0.914738 -0.403905 5.301548 0.056472 0.403836 0.913087 -0.017574 0.000000 0.000000 0.000000 1.000000
0.998347 -0.013052 -0.055972 0.001922 -0.010686 0.914738 -0.403905 5.301548 0.056472 0.403836 0.913087 -0.000000 0.000000 0.000000 0.000000 1.000000</float_array><technique_common><accessor source="#jnt_spine2-Matrix-animation-output-transform-array" count="31" stride="16"><param type="float4x4"/></accessor></technique_common></source><source id="jnt_spine2-Interpolations"><Name_array id="jnt_spine2-Interpolations-array" count="31">
 LINEAR LINEAR LINEAR LINEAR LINEAR LINEAR LINEAR LINEAR LINEAR LINEAR LINEAR
LINEAR LINEAR LINEAR LINEAR LINEAR LINEAR LINEAR LINEAR LINEAR LINEAR LINEAR LINEAR
LINEAR LINEAR LINEAR LINEAR LINEAR LINEAR LINEAR LINEAR</Name_array><technique_common><accessor source="#jnt_spine2-Interpolations-array" count="31"><param type="name"/></accessor></technique_common></source><sampler id="jnt_spine2-Matrix-animation-transform"><input semantic="INPUT" source="#jnt_spine2-Matrix-animation-input"/><input semantic="OUTPUT" source="#jnt_spine2-Matrix-animation-output-transform"/><input semantic="INTERPOLATION" source="#jnt_spine2-Interpolations"/></sampler><channel source="#jnt_spine2-Matrix-animation-transform" target="jnt_spine2/matrix"/></animation></animation>
    <animation id="neck_jnt-anim" name="neck_jnt"><animation><source id="neck_jnt-Matrix-animation-input"><float_array id="neck_jnt-Matrix-animation-input-array" count="31">

0.000000 0.033333 0.066667 0.100000 0.133333 0.166667 0.200000 0.233333 0.266667 0.300000 0.333333 0.366667 0.400000 0.433333 0.466667 0.500000
0.533333 0.566667 0.600000 0.633333 0.666667 0.700000 0.733333 0.766667 0.800000 0.833333 0.866667 0.900000 0.933333 0.966667 1.000000</float_array><technique_common><accessor source="#neck_jnt-Matrix-animation-input-array" count="31"><param name="TIME" type="float"/></accessor></technique_common></source><source id="neck_jnt-Matrix-animation-output-transform"><float_array id="neck_jnt-Matrix-animation-output-transform-array" count="496">

1.000000 -0.000000 0.000000 0.000000 0.000000 1.000000 0.000000 2.357033 -0.000000 0.000000 1.000000 2.698746 0.000000 0.000000 0.000000 1.000000
1.000000 -0.000000 0.000000 0.000000 0.000000 1.000000 0.000000 2.357033 -0.000000 -0.000000 1.000000 2.698746 0.000000 0.000000 0.000000 1.000000
1.000000 -0.000000 0.000000 0.000000 0.000000 1.000000 0.000000 2.357033 -0.000000 -0.000000 1.000000 2.698746 0.000000 0.000000 0.000000 1.000000
1.000000 -0.000000 0.000000 0.000000 0.000000 1.000000 0.000000 2.357033 -0.000000 -0.000000 1.000000 2.698746 0.000000 0.000000 0.000000 1.000000
1.000000 -0.000000 0.000000 -0.000000 0.000000 1.000000 0.000000 2.357033 -0.000000 -0.000000 1.000000 2.698746 0.000000 0.000000 0.000000 1.000000
1.000000 -0.000000 0.000000 0.000000 0.000000 1.000000 0.000000 2.357033 -0.000000 -0.000000 1.000000 2.698746 0.000000 0.000000 0.000000 1.000000
1.000000 -0.000000 0.000000 0.000000 0.000000 1.000000 0.000000 2.357033 -0.000000 -0.000000 1.000000 2.698746 0.000000 0.000000 0.000000 1.000000
1.000000 -0.000000 0.000000 0.000000 0.000000 1.000000 0.000000 2.357033 -0.000000 -0.000000 1.000000 2.698746 0.000000 0.000000 0.000000 1.000000
1.000000 -0.000000 0.000000 0.000000 0.000000 1.000000 0.000000 2.357033 -0.000000 -0.000000 1.000000 2.698746 0.000000 0.000000 0.000000 1.000000
1.000000 -0.000000 0.000000 0.000000 0.000000 1.000000 0.000000 2.357033 -0.000000 -0.000000 1.000000 2.698746 0.000000 0.000000 0.000000 1.000000
1.000000 -0.000000 0.000000 -0.000000 0.000000 1.000000 0.000000 2.357033 -0.000000 -0.000000 1.000000 2.698746 0.000000 0.000000 0.000000 1.000000
1.000000 -0.000000 0.000000 0.000000 0.000000 1.000000 0.000000 2.357033 -0.000000 -0.000000 1.000000 2.698746 0.000000 0.000000 0.000000 1.000000
1.000000 -0.000000 0.000000 0.000000 0.000000 1.000000 0.000000 2.357033 -0.000000 -0.000000 1.000000 2.698746 0.000000 0.000000 0.000000 1.000000
1.000000 -0.000000 0.000000 0.000000 0.000000 1.000000 0.000000 2.357033 -0.000000 -0.000000 1.000000 2.698746 0.000000 0.000000 0.000000 1.000000
1.000000 -0.000000 0.000000 -0.000000 0.000000 1.000000 0.000000 2.357033 -0.000000 -0.000000 1.000000 2.698746 0.000000 0.000000 0.000000 1.000000
1.000000 -0.000000 0.000000 0.000000 0.000000 1.000000 0.000000 2.357033 -0.000000 -0.000000 1.000000 2.698746 0.000000 0.000000 0.000000 1.000000
1.000000 -0.000000 0.000000 -0.000000 0.000000 1.000000 0.000000 2.357033 -0.000000 -0.000000 1.000000 2.698746 0.000000 0.000000 0.000000 1.000000
1.000000 -0.000000 0.000000 0.000000 0.000000 1.000000 0.000000 2.357033 -0.000000 -0.000000 1.000000 2.698746 0.000000 0.000000 0.000000 1.000000
1.000000 -0.000000 0.000000 0.000000 0.000000 1.000000 0.000000 2.357033 -0.000000 -0.000000 1.000000 2.698746 0.000000 0.000000 0.000000 1.000000
1.000000 -0.000000 0.000000 0.000000 0.000000 1.000000 0.000000 2.357033 -0.000000 -0.000000 1.000000 2.698746 0.000000 0.000000 0.000000 1.000000
1.000000 -0.000000 0.000000 0.000000 0.000000 1.000000 0.000000 2.357033 -0.000000 -0.000000 1.000000 2.698746 0.000000 0.000000 0.000000 1.000000
1.000000 -0.000000 0.000000 0.000000 0.000000 1.000000 0.000000 2.357033 -0.000000 -0.000000 1.000000 2.698746 0.000000 0.000000 0.000000 1.000000
1.000000 -0.000000 0.000000 0.000000 0.000000 1.000000 0.000000 2.357033 -0.000000 -0.000000 1.000000 2.698746 0.000000 0.000000 0.000000 1.000000
1.000000 -0.000000 0.000000 0.000000 0.000000 1.000000 0.000000 2.357033 -0.000000 -0.000000 1.000000 2.698746 0.000000 0.000000 0.000000 1.000000
1.000000 -0.000000 0.000000 0.000000 0.000000 1.000000 0.000000 2.357033 -0.000000 -0.000000 1.000000 2.698746 0.000000 0.000000 0.000000 1.000000
1.000000 -0.000000 0.000000 0.000000 0.000000 1.000000 0.000000 2.357033 -0.000000 -0.000000 1.000000 2.698746 0.000000 0.000000 0.000000 1.000000
1.000000 -0.000000 0.000000 0.000000 0.000000 1.000000 0.000000 2.357033 -0.000000 -0.000000 1.000000 2.698746 0.000000 0.000000 0.000000 1.000000
1.000000 -0.000000 0.000000 0.000000 0.000000 1.000000 0.000000 2.357033 -0.000000 -0.000000 1.000000 2.698746 0.000000 0.000000 0.000000 1.000000
1.000000 -0.000000 0.000000 0.000000 0.000000 1.000000 0.000000 2.357033 -0.000000 -0.000000 1.000000 2.698746 0.000000 0.000000 0.000000 1.000000
1.000000 -0.000000 0.000000 0.000000 0.000000 1.000000 0.000000 2.357033 -0.000000 -0.000000 1.000000 2.698746 0.000000 0.000000 0.000000 1.000000
1.000000 -0.000000 0.000000 0.000000 0.000000 1.000000 0.000000 2.357033 -0.000000 -0.000000 1.000000 2.698746 0.000000 0.000000 0.000000 1.000000</float_array><technique_common><accessor source="#neck_jnt-Matrix-animation-output-transform-array" count="31" stride="16"><param type="float4x4"/></accessor></technique_common></source><source id="neck_jnt-Interpolations"><Name_array id="neck_jnt-Interpolations-array" count="31">
 LINEAR LINEAR LINEAR LINEAR LINEAR LINEAR LINEAR LINEAR LINEAR LINEAR LINEAR
LINEAR LINEAR LINEAR LINEAR LINEAR LINEAR LINEAR LINEAR LINEAR LINEAR LINEAR LINEAR
LINEAR LINEAR LINEAR LINEAR LINEAR LINEAR LINEAR LINEAR</Name_array><technique_common><accessor source="#neck_jnt-Interpolations-array" count="31"><param type="name"/></accessor></technique_common></source><sampler id="neck_jnt-Matrix-animation-transform"><input semantic="INPUT" source="#neck_jnt-Matrix-animation-input"/><input semantic="OUTPUT" source="#neck_jnt-Matrix-animation-output-transform"/><input semantic="INTERPOLATION" source="#neck_jnt-Interpolations"/></sampler><channel source="#neck_jnt-Matrix-animation-transform" target="neck_jnt/matrix"/></animation></animation>
    <animation id="head_jnt-anim" name="head_jnt"><animation><source id="head_jnt-Matrix-animation-input"><float_array id="head_jnt-Matrix-animation-input-array" count="31">

0.000000 0.033333 0.066667 0.100000 0.133333 0.166667 0.200000 0.233333 0.266667 0.300000 0.333333 0.366667 0.400000 0.433333 0.466667 0.500000
0.533333 0.566667 0.600000 0.633333 0.666667 0.700000 0.733333 0.766667 0.800000 0.833333 0.866667 0.900000 0.933333 0.966667 1.000000</float_array><technique_common><accessor source="#head_jnt-Matrix-animation-input-array" count="31"><param name="TIME" type="float"/></accessor></technique_common></source><source id="head_jnt-Matrix-animation-output-transform"><float_array id="head_jnt-Matrix-animation-output-transform-array" count="496">

0.999365 -0.004624 -0.035323 0.593777 0.005309 0.999799 0.019335 0.457607 0.035226 -0.019510 0.999189 -0.160107 0.000000 0.000000 0.000000 1.000000
0.999365 -0.004624 -0.035323 0.593777 0.005309 0.999799 0.019335 0.457607 0.035226 -0.019510 0.999189 -0.160107 0.000000 0.000000 0.000000 1.000000
0.999365 -0.004624 -0.035323 0.593777 0.005309 0.999799 0.019335 0.457607 0.035226 -0.019510 0.999189 -0.160107 0.000000 0.000000 0.000000 1.000000
0.999365 -0.004624 -0.035323 0.593777 0.005309 0.999799 0.019335 0.457607 0.035226 -0.019510 0.999189 -0.160107 0.000000 0.000000 0.000000 1.000000
0.999365 -0.004624 -0.035323 0.593777 0.005309 0.999799 0.019335 0.457607 0.035226 -0.019510 0.999189 -0.160107 0.000000 0.000000 0.000000 1.000000
0.999365 -0.004624 -0.035323 0.593777 0.005309 0.999799 0.019335 0.457607 0.035226 -0.019510 0.999189 -0.160107 0.000000 0.000000 0.000000 1.000000
0.999365 -0.004624 -0.035323 0.593777 0.005309 0.999799 0.019335 0.457607 0.035226 -0.019510 0.999189 -0.160107 0.000000 0.000000 0.000000 1.000000
0.999365 -0.004624 -0.035323 0.593777 0.005309 0.999799 0.019335 0.457607 0.035226 -0.019510 0.999189 -0.160107 0.000000 0.000000 0.000000 1.000000
0.999365 -0.004624 -0.035323 0.593777 0.005309 0.999799 0.019335 0.457607 0.035226 -0.019510 0.999189 -0.160107 0.000000 0.000000 0.000000 1.000000
0.999365 -0.004624 -0.035323 0.593777 0.005309 0.999799 0.019335 0.457607 0.035226 -0.019510 0.999189 -0.160107 0.000000 0.000000 0.000000 1.000000
0.999365 -0.004624 -0.035323 0.593777 0.005309 0.999799 0.019335 0.457607 0.035226 -0.019510 0.999189 -0.160107 0.000000 0.000000 0.000000 1.000000
0.999365 -0.004624 -0.035323 0.593777 0.005309 0.999799 0.019335 0.457607 0.035226 -0.019510 0.999189 -0.160107 0.000000 0.000000 0.000000 1.000000
0.999365 -0.004624 -0.035323 0.593777 0.005309 0.999799 0.019335 0.457607 0.035226 -0.019510 0.999189 -0.160107 0.000000 0.000000 0.000000 1.000000
0.999365 -0.004624 -0.035323 0.593777 0.005309 0.999799 0.019335 0.457607 0.035226 -0.019510 0.999189 -0.160107 0.000000 0.000000 0.000000 1.000000
0.999365 -0.004624 -0.035323 0.593777 0.005309 0.999799 0.019335 0.457607 0.035226 -0.019510 0.999189 -0.160107 0.000000 0.000000 0.000000 1.000000
0.999365 -0.004624 -0.035323 0.593777 0.005309 0.999799 0.019335 0.457607 0.035226 -0.019510 0.999189 -0.160107 0.000000 0.000000 0.000000 1.000000
0.999365 -0.004624 -0.035323 0.593777 0.005309 0.999799 0.019335 0.457607 0.035226 -0.019510 0.999189 -0.160107 0.000000 0.000000 0.000000 1.000000
0.999365 -0.004624 -0.035323 0.593777 0.005309 0.999799 0.019335 0.457607 0.035226 -0.019510 0.999189 -0.160107 0.000000 0.000000 0.000000 1.000000
0.999365 -0.004624 -0.035323 0.593777 0.005309 0.999799 0.019335 0.457607 0.035226 -0.019510 0.999189 -0.160107 0.000000 0.000000 0.000000 1.000000
0.999365 -0.004624 -0.035323 0.593777 0.005309 0.999799 0.019335 0.457607 0.035226 -0.019510 0.999189 -0.160107 0.000000 0.000000 0.000000 1.000000
0.999365 -0.004624 -0.035323 0.593777 0.005309 0.999799 0.019335 0.457607 0.035226 -0.019510 0.999189 -0.160107 0.000000 0.000000 0.000000 1.000000
0.999365 -0.004624 -0.035323 0.593777 0.005309 0.999799 0.019335 0.457607 0.035226 -0.019510 0.999189 -0.160107 0.000000 0.000000 0.000000 1.000000
0.999365 -0.004624 -0.035323 0.593777 0.005309 0.999799 0.019335 0.457607 0.035226 -0.019510 0.999189 -0.160107 0.000000 0.000000 0.000000 1.000000
0.999365 -0.004624 -0.035323 0.593777 0.005309 0.999799 0.019335 0.457607 0.035226 -0.019510 0.999189 -0.160107 0.000000 0.000000 0.000000 1.000000
0.999365 -0.004624 -0.035323 0.593777 0.005309 0.999799 0.019335 0.457607 0.035226 -0.019510 0.999189 -0.160107 0.000000 0.000000 0.000000 1.000000
0.999365 -0.004624 -0.035323 0.593777 0.005309 0.999799 0.019335 0.457607 0.035226 -0.019510 0.999189 -0.160107 0.000000 0.000000 0.000000 1.000000
0.999365 -0.004624 -0.035323 0.593777 0.005309 0.999799 0.019335 0.457607 0.035226 -0.019510 0.999189 -0.160107 0.000000 0.000000 0.000000 1.000000
0.999365 -0.004624 -0.035323 0.593777 0.005309 0.999799 0.019335 0.457607 0.035226 -0.019510 0.999189 -0.160107 0.000000 0.000000 0.000000 1.000000
0.999365 -0.004624 -0.035323 0.593777 0.005309 0.999799 0.019335 0.457607 0.035226 -0.019510 0.999189 -0.160107 0.000000 0.000000 0.000000 1.000000
0.999365 -0.004624 -0.035323 0.593777 0.005309 0.999799 0.019335 0.457607 0.035226 -0.019510 0.999189 -0.160107 0.000000 0.000000 0.000000 1.000000
0.999365 -0.004624 -0.035323 0.593777 0.005309 0.999799 0.019335 0.457607 0.035226 -0.019510 0.999189 -0.160107 0.000000 0.000000 0.000000 1.000000</float_array><technique_common><accessor source="#head_jnt-Matrix-animation-output-transform-array" count="31" stride="16"><param type="float4x4"/></accessor></technique_common></source><source id="head_jnt-Interpolations"><Name_array id="head_jnt-Interpolations-array" count="31">
 LINEAR LINEAR LINEAR LINEAR LINEAR LINEAR LINEAR LINEAR LINEAR LINEAR LINEAR
LINEAR LINEAR LINEAR LINEAR LINEAR LINEAR LINEAR LINEAR LINEAR LINEAR LINEAR LINEAR
LINEAR LINEAR LINEAR LINEAR LINEAR LINEAR LINEAR LINEAR</Name_array><technique_common><accessor source="#head_jnt-Interpolations-array" count="31"><param type="name"/></accessor></technique_common></source><sampler id="head_jnt-Matrix-animation-transform"><input semantic="INPUT" source="#head_jnt-Matrix-animation-input"/><input semantic="OUTPUT" source="#head_jnt-Matrix-animation-output-transform"/><input semantic="INTERPOLATION" source="#head_jnt-Interpolations"/></sampler><channel source="#head_jnt-Matrix-animation-transform" target="head_jnt/matrix"/></animation></animation>
    <animation id="r_arm01_jnt-anim" name="r_arm01_jnt"><animation><source id="r_arm01_jnt-Matrix-animation-input"><float_array id="r_arm01_jnt-Matrix-animation-input-array" count="31">

0.000000 0.033333 0.066667 0.100000 0.133333 0.166667 0.200000 0.233333 0.266667 0.300000 0.333333 0.366667 0.400000 0.433333 0.466667 0.500000
0.533333 0.566667 0.600000 0.633333 0.666667 0.700000 0.733333 0.766667 0.800000 0.833333 0.866667 0.900000 0.933333 0.966667 1.000000</float_array><technique_common><accessor source="#r_arm01_jnt-Matrix-animation-input-array" count="31"><param name="TIME" type="float"/></accessor></technique_common></source><source id="r_arm01_jnt-Matrix-animation-output-transform"><float_array id="r_arm01_jnt-Matrix-animation-output-transform-array" count="496">

-0.964823 0.262900 0.000000 -2.858765 0.262900 0.964823 -0.000000 2.350029 -0.000000 0.000000 -1.000000 -0.000000 0.000000 0.000000 0.000000 1.000000
-0.964823 0.262900 0.000000 -2.858765 0.262900 0.964823 0.000000 2.350029 -0.000000 0.000000 -1.000000 -0.000000 0.000000 0.000000 0.000000 1.000000
-0.964823 0.262900 0.000000 -2.858765 0.262900 0.964823 0.000000 2.350029 -0.000000 -0.000000 -1.000000 -0.000000 0.000000 0.000000 0.000000 1.000000
-0.964823 0.262900 0.000000 -2.858765 0.262900 0.964823 -0.000000 2.350029 -0.000000 0.000000 -1.000000 -0.000000 0.000000 0.000000 0.000000 1.000000
-0.964823 0.262900 0.000000 -2.858765 0.262900 0.964823 -0.000000 2.350029 -0.000000 0.000000 -1.000000 -0.000000 0.000000 0.000000 0.000000 1.000000
-0.964823 0.262900 0.000000 -2.858765 0.262900 0.964823 -0.000000 2.350029 -0.000000 0.000000 -1.000000 -0.000000 0.000000 0.000000 0.000000 1.000000
-0.964823 0.262900 0.000000 -2.858765 0.262900 0.964823 -0.000000 2.350029 -0.000000 0.000000 -1.000000 -0.000000 0.000000 0.000000 0.000000 1.000000
-0.964823 0.262900 0.000000 -2.858765 0.262900 0.964823 0.000000 2.350029 -0.000000 -0.000000 -1.000000 -0.000000 0.000000 0.000000 0.000000 1.000000
-0.964823 0.262900 0.000000 -2.858765 0.262900 0.964823 0.000000 2.350029 -0.000000 -0.000000 -1.000000 -0.000000 0.000000 0.000000 0.000000 1.000000
-0.964823 0.262900 0.000000 -2.858765 0.262900 0.964823 -0.000000 2.350029 -0.000000 -0.000000 -1.000000 -0.000000 0.000000 0.000000 0.000000 1.000000
-0.964823 0.262900 0.000000 -2.858765 0.262900 0.964823 -0.000000 2.350029 -0.000000 0.000000 -1.000000 -0.000000 0.000000 0.000000 0.000000 1.000000
-0.964823 0.262900 0.000000 -2.858765 0.262900 0.964823 0.000000 2.350029 -0.000000 0.000000 -1.000000 -0.000000 0.000000 0.000000 0.000000 1.000000
-0.964823 0.262900 0.000000 -2.858765 0.262900 0.964823 0.000000 2.350029 -0.000000 -0.000000 -1.000000 -0.000000 0.000000 0.000000 0.000000 1.000000
-0.964823 0.262900 0.000000 -2.858765 0.262900 0.964823 -0.000000 2.350029 -0.000000 0.000000 -1.000000 -0.000000 0.000000 0.000000 0.000000 1.000000
-0.964823 0.262900 0.000000 -2.858765 0.262900 0.964823 0.000000 2.350029 -0.000000 0.000000 -1.000000 -0.000000 0.000000 0.000000 0.000000 1.000000
-0.964823 0.262900 0.000000 -2.858765 0.262900 0.964823 -0.000000 2.350029 -0.000000 0.000000 -1.000000 -0.000000 0.000000 0.000000 0.000000 1.000000
-0.964823 0.262900 0.000000 -2.858765 0.262900 0.964823 -0.000000 2.350029 -0.000000 0.000000 -1.000000 -0.000000 0.000000 0.000000 0.000000 1.000000
-0.964823 0.262900 0.000000 -2.858765 0.262900 0.964823 -0.000000 2.350029 -0.000000 0.000000 -1.000000 -0.000000 0.000000 0.000000 0.000000 1.000000
-0.964823 0.262900 0.000000 -2.858765 0.262900 0.964823 0.000000 2.350029 -0.000000 0.000000 -1.000000 -0.000000 0.000000 0.000000 0.000000 1.000000
-0.964823 0.262900 0.000000 -2.858765 0.262900 0.964823 0.000000 2.350029 -0.000000 0.000000 -1.000000 -0.000000 0.000000 0.000000 0.000000 1.000000
-0.964823 0.262900 0.000000 -2.858765 0.262900 0.964823 0.000000 2.350029 -0.000000 0.000000 -1.000000 -0.000000 0.000000 0.000000 0.000000 1.000000
-0.964823 0.262900 0.000000 -2.858765 0.262900 0.964823 0.000000 2.350029 -0.000000 0.000000 -1.000000 -0.000000 0.000000 0.000000 0.000000 1.000000
-0.964823 0.262900 0.000000 -2.858765 0.262900 0.964823 0.000000 2.350029 -0.000000 0.000000 -1.000000 -0.000000 0.000000 0.000000 0.000000 1.000000
-0.964823 0.262900 0.000000 -2.858765 0.262900 0.964823 0.000000 2.350029 -0.000000 0.000000 -1.000000 -0.000000 0.000000 0.000000 0.000000 1.000000
-0.964823 0.262900 0.000000 -2.858765 0.262900 0.964823 0.000000 2.350029 -0.000000 0.000000 -1.000000 -0.000000 0.000000 0.000000 0.000000 1.000000
-0.964823 0.262900 0.000000 -2.858765 0.262900 0.964823 0.000000 2.350029 -0.000000 0.000000 -1.000000 -0.000000 0.000000 0.000000 0.000000 1.000000
-0.964823 0.262900 0.000000 -2.858765 0.262900 0.964823 0.000000 2.350029 -0.000000 0.000000 -1.000000 -0.000000 0.000000 0.000000 0.000000 1.000000
-0.964823 0.262900 0.000000 -2.858765 0.262900 0.964823 0.000000 2.350029 -0.000000 0.000000 -1.000000 -0.000000 0.000000 0.000000 0.000000 1.000000
-0.964823 0.262900 0.000000 -2.858765 0.262900 0.964823 0.000000 2.350029 -0.000000 0.000000 -1.000000 -0.000000 0.000000 0.000000 0.000000 1.000000
-0.964823 0.262900 0.000000 -2.858765 0.262900 0.964823 0.000000 2.350029 -0.000000 0.000000 -1.000000 -0.000000 0.000000 0.000000 0.000000 1.000000
-0.964823 0.262900 0.000000 -2.858765 0.262900 0.964823 0.000000 2.350029 -0.000000 0.000000 -1.000000 -0.000000 0.000000 0.000000 0.000000 1.000000</float_array><technique_common><accessor source="#r_arm01_jnt-Matrix-animation-output-transform-array" count="31" stride="16"><param type="float4x4"/></accessor></technique_common></source><source id="r_arm01_jnt-Interpolations"><Name_array id="r_arm01_jnt-Interpolations-array" count="31">
 LINEAR LINEAR LINEAR LINEAR LINEAR LINEAR LINEAR LINEAR LINEAR LINEAR LINEAR
LINEAR LINEAR LINEAR LINEAR LINEAR LINEAR LINEAR LINEAR LINEAR LINEAR LINEAR LINEAR
LINEAR LINEAR LINEAR LINEAR LINEAR LINEAR LINEAR LINEAR</Name_array><technique_common><accessor source="#r_arm01_jnt-Interpolations-array" count="31"><param type="name"/></accessor></technique_common></source><sampler id="r_arm01_jnt-Matrix-animation-transform"><input semantic="INPUT" source="#r_arm01_jnt-Matrix-animation-input"/><input semantic="OUTPUT" source="#r_arm01_jnt-Matrix-animation-output-transform"/><input semantic="INTERPOLATION" source="#r_arm01_jnt-Interpolations"/></sampler><channel source="#r_arm01_jnt-Matrix-animation-transform" target="r_arm01_jnt/matrix"/></animation></animation>
    <animation id="r_arm02_jnt-anim" name="r_arm02_jnt"><animation><source id="r_arm02_jnt-Matrix-animation-input"><float_array id="r_arm02_jnt-Matrix-animation-input-array" count="31">

0.000000 0.033333 0.066667 0.100000 0.133333 0.166667 0.200000 0.233333 0.266667 0.300000 0.333333 0.366667 0.400000 0.433333 0.466667 0.500000
0.533333 0.566667 0.600000 0.633333 0.666667 0.700000 0.733333 0.766667 0.800000 0.833333 0.866667 0.900000 0.933333 0.966667 1.000000</float_array><technique_common><accessor source="#r_arm02_jnt-Matrix-animation-input-array" count="31"><param name="TIME" type="float"/></accessor></technique_common></source><source id="r_arm02_jnt-Matrix-animation-output-transform"><float_array id="r_arm02_jnt-Matrix-animation-output-transform-array" count="496">

0.916235 0.273169 -0.293074 1.138730 -0.369984 0.296270 -0.880532 0.000000 -0.153705 0.915206 0.372521 -0.000000 0.000000 0.000000 0.000000 1.000000
0.910547 0.319459 -0.262392 1.138730 -0.380890 0.401550 -0.832875 -0.000000 -0.160706 0.858314 0.487309 -0.000000 0.000000 0.000000 0.000000 1.000000
0.896874 0.405977 -0.175497 1.138730 -0.408328 0.607567 -0.681271 0.000000 -0.169954 0.682675 0.710683 -0.000000 0.000000 0.000000 0.000000 1.000000
0.884778 0.460058 -0.074255 1.138730 -0.437684 0.765668 -0.471366 -0.000000 -0.160001 0.449554 0.878806 -0.000000 0.000000 0.000000 0.000000 1.000000
0.889412 0.454265 -0.050881 1.138730 -0.442599 0.828015 -0.344235 0.000000 -0.114243 0.328687 0.937504 -0.000000 0.000000 0.000000 0.000000 1.000000
0.903857 0.415605 -0.101560 1.138730 -0.425468 0.848237 -0.315389 0.000000 -0.044930 0.328277 0.943512 -0.000000 0.000000 0.000000 0.000000 1.000000
0.915026 0.374976 -0.148727 1.138730 -0.402968 0.866614 -0.294276 0.000000 0.018543 0.329202 0.944077 0.000000 0.000000 0.000000 0.000000 1.000000
0.922662 0.340241 -0.181467 1.138730 -0.380255 0.880953 -0.281651 -0.000000 0.064034 0.328873 0.942201 -0.000000 0.000000 0.000000 0.000000 1.000000
0.928317 0.319366 -0.190350 1.138730 -0.362949 0.889448 -0.277760 -0.000000 0.080599 0.326937 0.941603 0.000000 0.000000 0.000000 0.000000 1.000000
0.930462 0.289692 -0.224320 1.138730 -0.355225 0.863252 -0.358623 -0.000000 0.089755 0.413369 0.906129 -0.000000 0.000000 0.000000 0.000000 1.000000
0.927459 0.228191 -0.296223 1.138730 -0.357368 0.774046 -0.522629 0.000000 0.110031 0.590578 0.799444 -0.000000 0.000000 0.000000 0.000000 1.000000
0.924099 0.157735 -0.348081 1.138730 -0.361939 0.653561 -0.664724 0.000000 0.122641 0.740255 0.661045 -0.000000 0.000000 0.000000 0.000000 1.000000
0.929285 0.127812 -0.346544 1.138730 -0.352201 0.589282 -0.727118 0.000000 0.111278 0.797753 0.592627 -0.000000 0.000000 0.000000 0.000000 1.000000
0.940989 0.140421 -0.307931 1.138730 -0.329270 0.590174 -0.737072 -0.000000 0.078233 0.794969 0.601584 -0.000000 0.000000 0.000000 0.000000 1.000000
0.951533 0.158096 -0.263802 1.138730 -0.304994 0.595392 -0.743295 0.000000 0.039554 0.787727 0.614753 -0.000000 0.000000 0.000000 0.000000 1.000000
0.959655 0.178357 -0.217371 1.138730 -0.281170 0.602814 -0.746698 0.000000 -0.002145 0.777692 0.628642 -0.000000 0.000000 0.000000 0.000000 1.000000
0.964753 0.198768 -0.172459 1.138730 -0.259528 0.610211 -0.748524 0.000000 -0.043546 0.766899 0.640289 -0.000000 0.000000 0.000000 0.000000 1.000000
0.967009 0.217074 -0.133317 1.138730 -0.241570 0.615285 -0.750379 0.000000 -0.080859 0.757828 0.647424 -0.000000 0.000000 0.000000 0.000000 1.000000
0.967283 0.231252 -0.104333 1.138730 -0.228536 0.615689 -0.754121 -0.000000 -0.110155 0.753292 0.648395 -0.000000 0.000000 0.000000 0.000000 1.000000
0.966807 0.240821 -0.085384 1.138730 -0.219797 0.613471 -0.758514 -0.000000 -0.130285 0.752103 0.646039 -0.000000 0.000000 0.000000 0.000000 1.000000
0.966272 0.246976 -0.072944 1.138730 -0.213922 0.612105 -0.761291 0.000000 -0.143371 0.751219 0.644294 -0.000000 0.000000 0.000000 0.000000 1.000000
0.965907 0.250294 -0.066154 1.138730 -0.210670 0.611390 -0.762772 0.000000 -0.150471 0.750703 0.643275 -0.000000 0.000000 0.000000 0.000000 1.000000
0.965786 0.251292 -0.064098 1.138730 -0.209679 0.611177 -0.763215 -0.000000 -0.152615 0.750543 0.642958 -0.000000 0.000000 0.000000 0.000000 1.000000
0.965889 0.250448 -0.065838 1.138730 -0.210518 0.611357 -0.762840 0.000000 -0.150801 0.750679 0.643227 -0.000000 0.000000 0.000000 0.000000 1.000000
0.966143 0.248213 -0.070419 1.138730 -0.212717 0.611837 -0.761845 0.000000 -0.146015 0.751030 0.643921 -0.000000 0.000000 0.000000 0.000000 1.000000
0.966460 0.245036 -0.076886 1.138730 -0.215796 0.612530 -0.760420 0.000000 -0.139235 0.751508 0.644864 -0.000000 0.000000 0.000000 0.000000 1.000000
0.966766 0.241369 -0.084284 1.138730 -0.219282 0.613347 -0.758763 0.000000 -0.131447 0.752028 0.645891 -0.000000 0.000000 0.000000 0.000000 1.000000
0.967010 0.237676 -0.091663 1.138730 -0.222721 0.614187 -0.757080 0.000000 -0.123641 0.752519 0.646860 -0.000000 0.000000 0.000000 0.000000 1.000000
0.967171 0.234433 -0.098084 1.138730 -0.225682 0.614939 -0.755591 0.000000 -0.116820 0.752922 0.647659 -0.000000 0.000000 0.000000 0.000000 1.000000
0.967257 0.232129 -0.102616 1.138730 -0.227755 0.615481 -0.754527 -0.000000 -0.111989 0.753193 0.648197 -0.000000 0.000000 0.000000 0.000000 1.000000
0.967283 0.231252 -0.104333 1.138730 -0.228536 0.615689 -0.754121 -0.000000 -0.110155 0.753292 0.648395 -0.000000 0.000000 0.000000 0.000000 1.000000</float_array><technique_common><accessor source="#r_arm02_jnt-Matrix-animation-output-transform-array" count="31" stride="16"><param type="float4x4"/></accessor></technique_common></source><source id="r_arm02_jnt-Interpolations"><Name_array id="r_arm02_jnt-Interpolations-array" count="31">
 LINEAR LINEAR LINEAR LINEAR LINEAR LINEAR LINEAR LINEAR LINEAR LINEAR LINEAR
LINEAR LINEAR LINEAR LINEAR LINEAR LINEAR LINEAR LINEAR LINEAR LINEAR LINEAR LINEAR
LINEAR LINEAR LINEAR LINEAR LINEAR LINEAR LINEAR LINEAR</Name_array><technique_common><accessor source="#r_arm02_jnt-Interpolations-array" count="31"><param type="name"/></accessor></technique_common></source><sampler id="r_arm02_jnt-Matrix-animation-transform"><input semantic="INPUT" source="#r_arm02_jnt-Matrix-animation-input"/><input semantic="OUTPUT" source="#r_arm02_jnt-Matrix-animation-output-transform"/><input semantic="INTERPOLATION" source="#r_arm02_jnt-Interpolations"/></sampler><channel source="#r_arm02_jnt-Matrix-animation-transform" target="r_arm02_jnt/matrix"/></animation></animation>
    <animation id="r_arm03_jnt-anim" name="r_arm03_jnt"><animation><source id="r_arm03_jnt-Matrix-animation-input"><float_array id="r_arm03_jnt-Matrix-animation-input-array" count="31">

0.000000 0.033333 0.066667 0.100000 0.133333 0.166667 0.200000 0.233333 0.266667 0.300000 0.333333 0.366667 0.400000 0.433333 0.466667 0.500000
0.533333 0.566667 0.600000 0.633333 0.666667 0.700000 0.733333 0.766667 0.800000 0.833333 0.866667 0.900000 0.933333 0.966667 1.000000</float_array><technique_common><accessor source="#r_arm03_jnt-Matrix-animation-input-array" count="31"><param name="TIME" type="float"/></accessor></technique_common></source><source id="r_arm03_jnt-Matrix-animation-output-transform"><float_array id="r_arm03_jnt-Matrix-animation-output-transform-array" count="496">

0.235869 -0.704585 -0.669273 0.839582 0.007309 0.689972 -0.723799 -0.000000 0.971757 0.165830 0.167893 0.000000 0.000000 0.000000 0.000000 1.000000
0.235896 -0.701871 -0.672109 0.839582 0.006384 0.692732 -0.721167 0.000000 0.971757 0.165830 0.167893 0.000000 0.000000 0.000000 0.000000 1.000000
