<?xml version="1.0" encoding="utf-8"?>
<COLLADA xmlns="http://www.collada.org/2005/11/COLLADASchema" version="1.4.1">
  <asset><contributor><author></author><authoring_tool>FBX COLLADA exporter</authoring_tool><comments></comments></contributor><created>2020-03-23T22:43:16Z</created><keywords></keywords><modified>2020-03-23T22:43:16Z</modified><revision></revision><subject></subject><title></title><unit meter="0.010000" name="centimeter"></unit><up_axis>Y_UP</up_axis></asset>
  <library_animations>
    <animation id="root_jnt-anim" name="root_jnt"><animation><source id="root_jnt-Matrix-animation-input"><float_array id="root_jnt-Matrix-animation-input-array" count="19">

0.000000 0.033333 0.066667 0.100000 0.133333 0.166667 0.200000 0.233333 0.266667 0.300000 0.333333 0.366667 0.400000 0.433333 0.466667 0.500000
0.533333 0.566667 0.600000</float_array><technique_common><accessor source="#root_jnt-Matrix-animation-input-array" count="19"><param name="TIME" type="float"/></accessor></technique_common></source><source id="root_jnt-Matrix-animation-output-transform"><float_array id="root_jnt-Matrix-animation-output-transform-array" count="304">

1.000000 0.000000 0.000000 0.000000 0.000000 1.000000 0.000000 0.000000 0.000000 0.000000 1.000000 0.000000 0.000000 0.000000 0.000000 1.000000
1.000000 0.000000 0.000000 0.000000 0.000000 1.000000 0.000000 0.000000 0.000000 0.000000 1.000000 0.000000 0.000000 0.000000 0.000000 1.000000
1.000000 0.000000 0.000000 0.000000 0.000000 1.000000 0.000000 0.000000 0.000000 0.000000 1.000000 0.000000 0.000000 0.000000 0.000000 1.000000
1.000000 0.000000 0.000000 0.000000 0.000000 1.000000 0.000000 0.000000 0.000000 0.000000 1.000000 0.000000 0.000000 0.000000 0.000000 1.000000
1.000000 0.000000 0.000000 0.000000 0.000000 1.000000 0.000000 0.000000 0.000000 0.000000 1.000000 0.000000 0.000000 0.000000 0.000000 1.000000
1.000000 0.000000 0.000000 0.000000 0.000000 1.000000 0.000000 0.000000 0.000000 0.000000 1.000000 0.000000 0.000000 0.000000 0.000000 1.000000
1.000000 0.000000 0.000000 0.000000 0.000000 1.000000 0.000000 0.000000 0.000000 0.000000 1.000000 0.000000 0.000000 0.000000 0.000000 1.000000
1.000000 0.000000 0.000000 0.000000 0.000000 1.000000 0.000000 0.000000 0.000000 0.000000 1.000000 0.000000 0.000000 0.000000 0.000000 1.000000
1.000000 0.000000 0.000000 0.000000 0.000000 1.000000 0.000000 0.000000 0.000000 0.000000 1.000000 0.000000 0.000000 0.000000 0.000000 1.000000
1.000000 0.000000 0.000000 0.000000 0.000000 1.000000 0.000000 0.000000 0.000000 0.000000 1.000000 0.000000 0.000000 0.000000 0.000000 1.000000
1.000000 0.000000 0.000000 0.000000 0.000000 1.000000 0.000000 0.000000 0.000000 0.000000 1.000000 0.000000 0.000000 0.000000 0.000000 1.000000
1.000000 0.000000 0.000000 0.000000 0.000000 1.000000 0.000000 0.000000 0.000000 0.000000 1.000000 0.000000 0.000000 0.000000 0.000000 1.000000
1.000000 0.000000 0.000000 0.000000 0.000000 1.000000 0.000000 0.000000 0.000000 0.000000 1.000000 0.000000 0.000000 0.000000 0.000000 1.000000
1.000000 0.000000 0.000000 0.000000 0.000000 1.000000 0.000000 0.000000 0.000000 0.000000 1.000000 0.000000 0.000000 0.000000 0.000000 1.000000
1.000000 0.000000 0.000000 0.000000 0.000000 1.000000 0.000000 0.000000 0.000000 0.000000 1.000000 0.000000 0.000000 0.000000 0.000000 1.000000
1.000000 0.000000 0.000000 0.000000 0.000000 1.000000 0.000000 0.000000 0.000000 0.000000 1.000000 0.000000 0.000000 0.000000 0.000000 1.000000
1.000000 0.000000 0.000000 0.000000 0.000000 1.000000 0.000000 0.000000 0.000000 0.000000 1.000000 0.000000 0.000000 0.000000 0.000000 1.000000
1.000000 0.000000 0.000000 0.000000 0.000000 1.000000 0.000000 0.000000 0.000000 0.000000 1.000000 0.000000 0.000000 0.000000 0.000000 1.000000
1.000000 0.000000 0.000000 0.000000 0.000000 1.000000 0.000000 0.000000 0.000000 0.000000 1.000000 0.000000 0.000000 0.000000 0.000000 1.000000</float_array><technique_common><accessor source="#root_jnt-Matrix-animation-output-transform-array" count="19" stride="16"><param type="float4x4"/></accessor></technique_common></source><source id="root_jnt-Interpolations"><Name_array id="root_jnt-Interpolations-array" count="19">
 LINEAR LINEAR LINEAR LINEAR LINEAR LINEAR LINEAR LINEAR LINEAR LINEAR LINEAR
LINEAR LINEAR LINEAR LINEAR LINEAR LINEAR LINEAR LINEAR</Name_array><technique_common><accessor source="#root_jnt-Interpolations-array" count="19"><param type="name"/></accessor></technique_common></source><sampler id="root_jnt-Matrix-animation-transform"><input semantic="INPUT" source="#root_jnt-Matrix-animation-input"/><input semantic="OUTPUT" source="#root_jnt-Matrix-animation-output-transform"/><input semantic="INTERPOLATION" source="#root_jnt-Interpolations"/></sampler><channel source="#root_jnt-Matrix-animation-transform" target="root_jnt/matrix"/></animation></animation>
    <animation id="jnt_spine2-anim" name="jnt_spine2"><animation><source id="jnt_spine2-Matrix-animation-input"><float_array id="jnt_spine2-Matrix-animation-input-array" count="19">

0.000000 0.033333 0.066667 0.100000 0.133333 0.166667 0.200000 0.233333 0.266667 0.300000 0.333333 0.366667 0.400000 0.433333 0.466667 0.500000
0.533333 0.566667 0.600000</float_array><technique_common><accessor source="#jnt_spine2-Matrix-animation-input-array" count="19"><param name="TIME" type="float"/></accessor></technique_common></source><source id="jnt_spine2-Matrix-animation-output-transform"><float_array id="jnt_spine2-Matrix-animation-output-transform-array" count="304">

0.985305 0.106465 -0.133567 -0.467351 -0.126786 0.979865 -0.154242 8.241275 0.114457 0.168910 0.978963 1.629070 0.000000 0.000000 0.000000 1.000000
0.985996 0.106525 -0.128310 -0.467351 -0.125976 0.979927 -0.154512 8.190685 0.109275 0.168512 0.979624 1.629070 0.000000 0.000000 0.000000 1.000000
0.987715 0.106566 -0.114291 -0.467351 -0.123784 0.979966 -0.156026 8.060217 0.095374 0.168257 0.981118 1.629070 0.000000 0.000000 0.000000 1.000000
0.989853 0.106523 -0.094043 -0.467351 -0.120556 0.979894 -0.158980 7.881822 0.075217 0.168705 0.982793 1.629070 0.000000 0.000000 0.000000 1.000000
0.991848 0.106478 -0.069993 -0.467351 -0.116649 0.979795 -0.162464 7.687451 0.051280 0.169304 0.984229 1.629070 0.000000 0.000000 0.000000 1.000000
0.993315 0.106457 -0.044630 -0.467351 -0.112453 0.979709 -0.165904 7.509055 0.026063 0.169813 0.985132 1.629070 0.000000 0.000000 0.000000 1.000000
0.994106 0.106462 -0.020467 -0.467351 -0.108391 0.979672 -0.168803 7.378587 0.002080 0.170027 0.985437 1.629070 0.000000 0.000000 0.000000 1.000000
0.994316 0.106473 -0.000000 -0.467351 -0.104915 0.979762 -0.170468 7.327997 -0.018150 0.169499 0.985363 1.629070 0.000000 0.000000 0.000000 1.000000
0.994215 0.106467 0.014158 -0.467351 -0.102489 0.979859 -0.171383 7.784636 -0.032120 0.168940 0.985103 1.629070 0.000000 0.000000 0.000000 1.000000
0.994127 0.106468 0.019405 -0.467351 -0.101579 0.979837 -0.172047 8.241275 -0.037331 0.169066 0.984898 1.629070 0.000000 0.000000 0.000000 1.000000
0.994215 0.106474 0.014104 -0.467351 -0.102489 0.979772 -0.171880 8.190685 -0.032120 0.169440 0.985017 1.629070 0.000000 0.000000 0.000000 1.000000
0.994316 0.106473 -0.000037 -0.467351 -0.104915 0.979702 -0.170810 8.060217 -0.018150 0.169843 0.985304 1.629070 0.000000 0.000000 0.000000 1.000000
0.994106 0.106462 -0.020467 -0.467351 -0.108391 0.979672 -0.168803 7.881822 0.002080 0.170027 0.985437 1.629070 0.000000 0.000000 0.000000 1.000000
0.993315 0.106473 -0.044593 -0.467351 -0.112453 0.979767 -0.165562 7.687451 0.026063 0.169470 0.985191 1.629070 0.000000 0.000000 0.000000 1.000000
0.991848 0.106513 -0.069939 -0.467351 -0.116649 0.979877 -0.161967 7.509055 0.051280 0.168805 0.984315 1.629070 0.000000 0.000000 0.000000 1.000000
0.989853 0.106523 -0.094043 -0.467351 -0.120556 0.979894 -0.158980 7.378587 0.075217 0.168705 0.982793 1.629070 0.000000 0.000000 0.000000 1.000000
0.987715 0.106508 -0.114345 -0.467351 -0.123784 0.979887 -0.156523 7.327997 0.095374 0.168755 0.981033 1.629070 0.000000 0.000000 0.000000 1.000000
0.985996 0.106480 -0.128347 -0.467351 -0.125976 0.979873 -0.154854 7.784636 0.109275 0.168854 0.979565 1.629070 0.000000 0.000000 0.000000 1.000000
0.985305 0.106465 -0.133567 -0.467351 -0.126786 0.979865 -0.154242 8.241275 0.114457 0.168910 0.978963 1.629070 0.000000 0.000000 0.000000 1.000000</float_array><technique_common><accessor source="#jnt_spine2-Matrix-animation-output-transform-array" count="19" stride="16"><param type="float4x4"/></accessor></technique_common></source><source id="jnt_spine2-Interpolations"><Name_array id="jnt_spine2-Interpolations-array" count="19">
 LINEAR LINEAR LINEAR LINEAR LINEAR LINEAR LINEAR LINEAR LINEAR LINEAR LINEAR
LINEAR LINEAR LINEAR LINEAR LINEAR LINEAR LINEAR LINEAR</Name_array><technique_common><accessor source="#jnt_spine2-Interpolations-array" count="19"><param type="name"/></accessor></technique_common></source><sampler id="jnt_spine2-Matrix-animation-transform"><input semantic="INPUT" source="#jnt_spine2-Matrix-animation-input"/><input semantic="OUTPUT" source="#jnt_spine2-Matrix-animation-output-transform"/><input semantic="INTERPOLATION" source="#jnt_spine2-Interpolations"/></sampler><channel source="#jnt_spine2-Matrix-animation-transform" target="jnt_spine2/matrix"/></animation></animation>
    <animation id="neck_jnt-anim" name="neck_jnt"><animation><source id="neck_jnt-Matrix-animation-input"><float_array id="neck_jnt-Matrix-animation-input-array" count="19">

0.000000 0.033333 0.066667 0.100000 0.133333 0.166667 0.200000 0.233333 0.266667 0.300000 0.333333 0.366667 0.400000 0.433333 0.466667 0.500000
0.533333 0.566667 0.600000</float_array><technique_common><accessor source="#neck_jnt-Matrix-animation-input-array" count="19"><param name="TIME" type="float"/></accessor></technique_common></source><source id="neck_jnt-Matrix-animation-output-transform"><float_array id="neck_jnt-Matrix-animation-output-transform-array" count="304">

1.000000 -0.000000 0.000000 1.220000 0.000000 1.000000 0.000000 2.357033 -0.000000 -0.000000 1.000000 2.698746 0.000000 0.000000 0.000000 1.000000
1.000000 -0.000000 0.000000 1.220000 0.000000 1.000000 0.000000 2.357033 -0.000000 -0.000000 1.000000 2.698746 0.000000 0.000000 0.000000 1.000000
1.000000 -0.000000 0.000000 1.220000 0.000000 1.000000 0.000000 2.357033 -0.000000 -0.000000 1.000000 2.698746 0.000000 0.000000 0.000000 1.000000
1.000000 -0.000000 0.000000 1.220000 0.000000 1.000000 0.000000 2.357033 -0.000000 -0.000000 1.000000 2.698746 0.000000 0.000000 0.000000 1.000000
1.000000 -0.000000 0.000000 1.220000 0.000000 1.000000 0.000000 2.357033 -0.000000 -0.000000 1.000000 2.698746 0.000000 0.000000 0.000000 1.000000
1.000000 -0.000000 0.000000 1.220000 0.000000 1.000000 0.000000 2.357033 -0.000000 -0.000000 1.000000 2.698746 0.000000 0.000000 0.000000 1.000000
1.000000 -0.000000 0.000000 1.220000 0.000000 1.000000 0.000000 2.357033 -0.000000 -0.000000 1.000000 2.698746 0.000000 0.000000 0.000000 1.000000
1.000000 -0.000000 0.000000 1.220000 0.000000 1.000000 0.000000 2.357033 -0.000000 -0.000000 1.000000 2.698746 0.000000 0.000000 0.000000 1.000000
1.000000 -0.000000 0.000000 1.220000 0.000000 1.000000 0.000000 2.357033 -0.000000 -0.000000 1.000000 2.698746 0.000000 0.000000 0.000000 1.000000
1.000000 -0.000000 0.000000 1.220000 0.000000 1.000000 0.000000 2.357033 -0.000000 -0.000000 1.000000 2.698746 0.000000 0.000000 0.000000 1.000000
1.000000 -0.000000 0.000000 1.220000 0.000000 1.000000 0.000000 2.357033 -0.000000 -0.000000 1.000000 2.698746 0.000000 0.000000 0.000000 1.000000
1.000000 -0.000000 0.000000 1.220000 0.000000 1.000000 0.000000 2.357033 -0.000000 -0.000000 1.000000 2.698746 0.000000 0.000000 0.000000 1.000000
1.000000 -0.000000 0.000000 1.220000 0.000000 1.000000 0.000000 2.357033 -0.000000 -0.000000 1.000000 2.698746 0.000000 0.000000 0.000000 1.000000
1.000000 -0.000000 0.000000 1.220000 0.000000 1.000000 0.000000 2.357033 -0.000000 -0.000000 1.000000 2.698746 0.000000 0.000000 0.000000 1.000000
1.000000 -0.000000 0.000000 1.220000 0.000000 1.000000 0.000000 2.357033 -0.000000 -0.000000 1.000000 2.698746 0.000000 0.000000 0.000000 1.000000
1.000000 -0.000000 0.000000 1.220000 0.000000 1.000000 0.000000 2.357033 -0.000000 -0.000000 1.000000 2.698746 0.000000 0.000000 0.000000 1.000000
1.000000 -0.000000 0.000000 1.220000 0.000000 1.000000 0.000000 2.357033 -0.000000 -0.000000 1.000000 2.698746 0.000000 0.000000 0.000000 1.000000
1.000000 -0.000000 0.000000 1.220000 0.000000 1.000000 0.000000 2.357033 -0.000000 -0.000000 1.000000 2.698746 0.000000 0.000000 0.000000 1.000000
1.000000 -0.000000 0.000000 1.220000 0.000000 1.000000 0.000000 2.357033 -0.000000 -0.000000 1.000000 2.698746 0.000000 0.000000 0.000000 1.000000</float_array><technique_common><accessor source="#neck_jnt-Matrix-animation-output-transform-array" count="19" stride="16"><param type="float4x4"/></accessor></technique_common></source><source id="neck_jnt-Interpolations"><Name_array id="neck_jnt-Interpolations-array" count="19">
 LINEAR LINEAR LINEAR LINEAR LINEAR LINEAR LINEAR LINEAR LINEAR LINEAR LINEAR
LINEAR LINEAR LINEAR LINEAR LINEAR LINEAR LINEAR LINEAR</Name_array><technique_common><accessor source="#neck_jnt-Interpolations-array" count="19"><param type="name"/></accessor></technique_common></source><sampler id="neck_jnt-Matrix-animation-transform"><input semantic="INPUT" source="#neck_jnt-Matrix-animation-input"/><input semantic="OUTPUT" source="#neck_jnt-Matrix-animation-output-transform"/><input semantic="INTERPOLATION" source="#neck_jnt-Interpolations"/></sampler><channel source="#neck_jnt-Matrix-animation-transform" target="neck_jnt/matrix"/></animation></animation>
    <animation id="head_jnt-anim" name="head_jnt"><animation><source id="head_jnt-Matrix-animation-input"><float_array id="head_jnt-Matrix-animation-input-array" count="19">

0.000000 0.033333 0.066667 0.100000 0.133333 0.166667 0.200000 0.233333 0.266667 0.300000 0.333333 0.366667 0.400000 0.433333 0.466667 0.500000
0.533333 0.566667 0.600000</float_array><technique_common><accessor source="#head_jnt-Matrix-animation-input-array" count="19"><param name="TIME" type="float"/></accessor></technique_common></source><source id="head_jnt-Matrix-animation-output-transform"><float_array id="head_jnt-Matrix-animation-output-transform-array" count="304">

0.977993 -0.132632 0.161054 -0.068576 0.140863 0.989190 -0.040762 0.393787 -0.153906 0.062551 0.986104 0.070697 0.000000 0.000000 0.000000 1.000000
0.978996 -0.132633 0.154838 -0.068576 0.140607 0.989187 -0.041692 0.393787 -0.147634 0.062587 0.987060 0.070697 0.000000 0.000000 0.000000 1.000000
0.981490 -0.132635 0.138147 -0.068576 0.139891 0.989182 -0.044163 0.393787 -0.130795 0.062671 0.989427 0.070697 0.000000 0.000000 0.000000 1.000000
0.984597 -0.132640 0.113908 -0.068576 0.138773 0.989175 -0.047687 0.393787 -0.106350 0.062759 0.992346 0.070697 0.000000 0.000000 0.000000 1.000000
0.987506 -0.132644 0.085076 -0.068576 0.137329 0.989171 -0.051778 0.393787 -0.077286 0.062815 0.995028 0.070697 0.000000 0.000000 0.000000 1.000000
0.989655 -0.132647 0.054653 -0.068576 0.135673 0.989171 -0.055978 0.393787 -0.046636 0.062814 0.996935 0.070697 0.000000 0.000000 0.000000 1.000000
0.990831 -0.132646 0.025683 -0.068576 0.133976 0.989175 -0.059867 0.393787 -0.017464 0.062759 0.997876 0.070697 0.000000 0.000000 0.000000 1.000000
0.991163 -0.132641 0.001224 -0.068576 0.132453 0.989181 -0.063065 0.393787 0.007154 0.062670 0.998009 0.070697 0.000000 0.000000 0.000000 1.000000
0.991041 -0.132635 -0.015674 -0.068576 0.131355 0.989187 -0.065230 0.393787 0.024157 0.062587 0.997747 0.070697 0.000000 0.000000 0.000000 1.000000
0.990922 -0.132632 -0.021979 -0.068576 0.130935 0.989190 -0.066028 0.393787 0.030499 0.062551 0.997576 0.070697 0.000000 0.000000 0.000000 1.000000
0.991041 -0.132635 -0.015674 -0.068576 0.131355 0.989187 -0.065230 0.393787 0.024157 0.062587 0.997747 0.070697 0.000000 0.000000 0.000000 1.000000
0.991163 -0.132641 0.001224 -0.068576 0.132453 0.989181 -0.063065 0.393787 0.007154 0.062670 0.998009 0.070697 0.000000 0.000000 0.000000 1.000000
0.990831 -0.132646 0.025683 -0.068576 0.133976 0.989175 -0.059867 0.393787 -0.017464 0.062759 0.997876 0.070697 0.000000 0.000000 0.000000 1.000000
0.989655 -0.132647 0.054653 -0.068576 0.135673 0.989171 -0.055978 0.393787 -0.046636 0.062814 0.996935 0.070697 0.000000 0.000000 0.000000 1.000000
0.987506 -0.132644 0.085076 -0.068576 0.137329 0.989171 -0.051778 0.393787 -0.077286 0.062815 0.995028 0.070697 0.000000 0.000000 0.000000 1.000000
0.984597 -0.132640 0.113908 -0.068576 0.138773 0.989175 -0.047687 0.393787 -0.106350 0.062759 0.992346 0.070697 0.000000 0.000000 0.000000 1.000000
0.981490 -0.132635 0.138147 -0.068576 0.139891 0.989182 -0.044163 0.393787 -0.130795 0.062671 0.989427 0.070697 0.000000 0.000000 0.000000 1.000000
0.978996 -0.132633 0.154838 -0.068576 0.140607 0.989187 -0.041692 0.393787 -0.147634 0.062587 0.987060 0.070697 0.000000 0.000000 0.000000 1.000000
0.977993 -0.132632 0.161054 -0.068576 0.140863 0.989190 -0.040762 0.393787 -0.153906 0.062551 0.986104 0.070697 0.000000 0.000000 0.000000 1.000000</float_array><technique_common><accessor source="#head_jnt-Matrix-animation-output-transform-array" count="19" stride="16"><param type="float4x4"/></accessor></technique_common></source><source id="head_jnt-Interpolations"><Name_array id="head_jnt-Interpolations-array" count="19">
 LINEAR LINEAR LINEAR LINEAR LINEAR LINEAR LINEAR LINEAR LINEAR LINEAR LINEAR
LINEAR LINEAR LINEAR LINEAR LINEAR LINEAR LINEAR LINEAR</Name_array><technique_common><accessor source="#head_jnt-Interpolations-array" count="19"><param type="name"/></accessor></technique_common></source><sampler id="head_jnt-Matrix-animation-transform"><input semantic="INPUT" source="#head_jnt-Matrix-animation-input"/><input semantic="OUTPUT" source="#head_jnt-Matrix-animation-output-transform"/><input semantic="INTERPOLATION" source="#head_jnt-Interpolations"/></sampler><channel source="#head_jnt-Matrix-animation-transform" target="head_jnt/matrix"/></animation></animation>
    <animation id="r_arm01_jnt-anim" name="r_arm01_jnt"><animation><source id="r_arm01_jnt-Matrix-animation-input"><float_array id="r_arm01_jnt-Matrix-animation-input-array" count="19">

0.000000 0.033333 0.066667 0.100000 0.133333 0.166667 0.200000 0.233333 0.266667 0.300000 0.333333 0.366667 0.400000 0.433333 0.466667 0.500000
0.533333 0.566667 0.600000</float_array><technique_common><accessor source="#r_arm01_jnt-Matrix-animation-input-array" count="19"><param name="TIME" type="float"/></accessor></technique_common></source><source id="r_arm01_jnt-Matrix-animation-output-transform"><float_array id="r_arm01_jnt-Matrix-animation-output-transform-array" count="304">

-0.964823 0.262900 0.000000 -2.858765 0.262900 0.964823 -0.000000 2.350029 -0.000000 0.000000 -1.000000 -0.000000 0.000000 0.000000 0.000000 1.000000
-0.964823 0.262900 0.000000 -2.840068 0.262900 0.964823 -0.000000 2.205203 -0.000000 0.000000 -1.000000 0.026040 0.000000 0.000000 0.000000 1.000000
-0.964823 0.262900 0.000000 -2.805346 0.262900 0.964823 -0.000000 2.076521 -0.000000 0.000000 -1.000000 0.074399 0.000000 0.000000 0.000000 1.000000
-0.964823 0.262900 0.000000 -2.786650 0.262900 0.964823 -0.000000 2.020965 -0.000000 0.000000 -1.000000 0.100439 0.000000 0.000000 0.000000 1.000000
-0.964823 0.262900 0.000000 -2.819305 0.262900 0.964823 -0.000000 2.171867 -0.000000 -0.000000 -1.000000 0.050666 0.000000 0.000000 0.000000 1.000000
-0.964823 0.262900 0.000000 -2.879951 0.262900 0.964823 -0.000000 2.452116 -0.000000 -0.000000 -1.000000 -0.041768 0.000000 0.000000 0.000000 1.000000
-0.964823 0.262900 0.000000 -2.912606 0.262900 0.964823 -0.000000 2.603018 -0.000000 -0.000000 -1.000000 -0.091541 0.000000 0.000000 0.000000 1.000000
-0.964823 0.262900 0.000000 -2.898647 0.262900 0.964823 -0.000000 2.561121 -0.000000 0.000000 -1.000000 -0.067808 0.000000 0.000000 0.000000 1.000000
-0.964823 0.262900 0.000000 -2.872723 0.262900 0.964823 -0.000000 2.463003 -0.000000 0.000000 -1.000000 -0.023733 0.000000 0.000000 0.000000 1.000000
-0.964823 0.262900 0.000000 -2.858765 0.262900 0.964823 0.000000 2.350029 -0.000000 0.000000 -1.000000 -0.000000 0.000000 0.000000 0.000000 1.000000
-0.964823 0.262900 0.000000 -2.840068 0.262900 0.964823 -0.000000 2.205203 -0.000000 -0.000000 -1.000000 0.026040 0.000000 0.000000 0.000000 1.000000
-0.964823 0.262900 0.000000 -2.805346 0.262900 0.964823 -0.000000 2.076521 -0.000000 -0.000000 -1.000000 0.074399 0.000000 0.000000 0.000000 1.000000
-0.964823 0.262900 0.000000 -2.786650 0.262900 0.964823 -0.000000 2.020965 -0.000000 -0.000000 -1.000000 0.100439 0.000000 0.000000 0.000000 1.000000
-0.964823 0.262900 0.000000 -2.819305 0.262900 0.964823 -0.000000 2.171867 -0.000000 0.000000 -1.000000 0.050666 0.000000 0.000000 0.000000 1.000000
-0.964823 0.262900 0.000000 -2.879951 0.262900 0.964823 0.000000 2.452116 -0.000000 0.000000 -1.000000 -0.041768 0.000000 0.000000 0.000000 1.000000
-0.964823 0.262900 0.000000 -2.912606 0.262900 0.964823 -0.000000 2.603018 -0.000000 0.000000 -1.000000 -0.091541 0.000000 0.000000 0.000000 1.000000
-0.964823 0.262900 0.000000 -2.898647 0.262900 0.964823 0.000000 2.561121 -0.000000 0.000000 -1.000000 -0.067808 0.000000 0.000000 0.000000 1.000000
-0.964823 0.262900 0.000000 -2.872723 0.262900 0.964823 -0.000000 2.463003 -0.000000 -0.000000 -1.000000 -0.023733 0.000000 0.000000 0.000000 1.000000
-0.964823 0.262900 0.000000 -2.858765 0.262900 0.964823 -0.000000 2.350029 -0.000000 0.000000 -1.000000 -0.000000 0.000000 0.000000 0.000000 1.000000</float_array><technique_common><accessor source="#r_arm01_jnt-Matrix-animation-output-transform-array" count="19" stride="16"><param type="float4x4"/></accessor></technique_common></source><source id="r_arm01_jnt-Interpolations"><Name_array id="r_arm01_jnt-Interpolations-array" count="19">
 LINEAR LINEAR LINEAR LINEAR LINEAR LINEAR LINEAR LINEAR LINEAR LINEAR LINEAR
LINEAR LINEAR LINEAR LINEAR LINEAR LINEAR LINEAR LINEAR</Name_array><technique_common><accessor source="#r_arm01_jnt-Interpolations-array" count="19"><param type="name"/></accessor></technique_common></source><sampler id="r_arm01_jnt-Matrix-animation-transform"><input semantic="INPUT" source="#r_arm01_jnt-Matrix-animation-input"/><input semantic="OUTPUT" source="#r_arm01_jnt-Matrix-animation-output-transform"/><input semantic="INTERPOLATION" source="#r_arm01_jnt-Interpolations"/></sampler><channel source="#r_arm01_jnt-Matrix-animation-transform" target="r_arm01_jnt/matrix"/></animation></animation>
    <animation id="r_arm02_jnt-anim" name="r_arm02_jnt"><animation><source id="r_arm02_jnt-Matrix-animation-input"><float_array id="r_arm02_jnt-Matrix-animation-input-array" count="19">

0.000000 0.033333 0.066667 0.100000 0.133333 0.166667 0.200000 0.233333 0.266667 0.300000 0.333333 0.366667 0.400000 0.433333 0.466667 0.500000
0.533333 0.566667 0.600000</float_array><technique_common><accessor source="#r_arm02_jnt-Matrix-animation-input-array" count="19"><param name="TIME" type="float"/></accessor></technique_common></source><source id="r_arm02_jnt-Matrix-animation-output-transform"><float_array id="r_arm02_jnt-Matrix-animation-output-transform-array" count="304">

0.580327 0.442157 0.683899 1.138730 0.808733 -0.214136 -0.547811 0.000000 -0.095770 0.871001 -0.481856 -0.000000 0.000000 0.000000 0.000000 1.000000
0.580327 0.442157 0.683899 1.138730 0.808733 -0.214136 -0.547811 0.000000 -0.095770 0.871001 -0.481856 -0.000000 0.000000 0.000000 0.000000 1.000000
0.580327 0.442157 0.683899 1.138730 0.808733 -0.214136 -0.547811 0.000000 -0.095770 0.871001 -0.481856 -0.000000 0.000000 0.000000 0.000000 1.000000
0.580327 0.442157 0.683899 1.138730 0.808733 -0.214136 -0.547811 0.000000 -0.095770 0.871001 -0.481856 -0.000000 0.000000 0.000000 0.000000 1.000000
0.580327 0.442157 0.683899 1.138730 0.808733 -0.214136 -0.547811 0.000000 -0.095770 0.871001 -0.481856 -0.000000 0.000000 0.000000 0.000000 1.000000
0.580327 0.442157 0.683899 1.138730 0.808733 -0.214136 -0.547811 0.000000 -0.095770 0.871001 -0.481856 -0.000000 0.000000 0.000000 0.000000 1.000000
0.580327 0.442157 0.683899 1.138730 0.808733 -0.214136 -0.547811 0.000000 -0.095770 0.871001 -0.481856 -0.000000 0.000000 0.000000 0.000000 1.000000
0.580327 0.442157 0.683899 1.138730 0.808733 -0.214136 -0.547811 0.000000 -0.095770 0.871001 -0.481856 -0.000000 0.000000 0.000000 0.000000 1.000000
0.580327 0.442157 0.683899 1.138730 0.808733 -0.214136 -0.547811 0.000000 -0.095770 0.871001 -0.481856 -0.000000 0.000000 0.000000 0.000000 1.000000
0.580327 0.442157 0.683899 1.138730 0.808733 -0.214136 -0.547811 0.000000 -0.095770 0.871001 -0.481856 -0.000000 0.000000 0.000000 0.000000 1.000000
0.580327 0.442157 0.683899 1.138730 0.808733 -0.214136 -0.547811 0.000000 -0.095770 0.871001 -0.481856 -0.000000 0.000000 0.000000 0.000000 1.000000
0.580327 0.442157 0.683899 1.138730 0.808733 -0.214136 -0.547811 0.000000 -0.095770 0.871001 -0.481856 -0.000000 0.000000 0.000000 0.000000 1.000000
0.580327 0.442157 0.683899 1.138730 0.808733 -0.214136 -0.547811 0.000000 -0.095770 0.871001 -0.481856 -0.000000 0.000000 0.000000 0.000000 1.000000
0.580327 0.442157 0.683899 1.138730 0.808733 -0.214136 -0.547811 0.000000 -0.095770 0.871001 -0.481856 -0.000000 0.000000 0.000000 0.000000 1.000000
0.580327 0.442157 0.683899 1.138730 0.808733 -0.214136 -0.547811 0.000000 -0.095770 0.871001 -0.481856 -0.000000 0.000000 0.000000 0.000000 1.000000
0.580327 0.442157 0.683899 1.138730 0.808733 -0.214136 -0.547811 0.000000 -0.095770 0.871001 -0.481856 -0.000000 0.000000 0.000000 0.000000 1.000000
0.580327 0.442157 0.683899 1.138730 0.808733 -0.214136 -0.547811 0.000000 -0.095770 0.871001 -0.481856 -0.000000 0.000000 0.000000 0.000000 1.000000
0.580327 0.442157 0.683899 1.138730 0.808733 -0.214136 -0.547811 0.000000 -0.095770 0.871001 -0.481856 -0.000000 0.000000 0.000000 0.000000 1.000000
0.580327 0.442157 0.683899 1.138730 0.808733 -0.214136 -0.547811 0.000000 -0.095770 0.871001 -0.481856 -0.000000 0.000000 0.000000 0.000000 1.000000</float_array><technique_common><accessor source="#r_arm02_jnt-Matrix-animation-output-transform-array" count="19" stride="16"><param type="float4x4"/></accessor></technique_common></source><source id="r_arm02_jnt-Interpolations"><Name_array id="r_arm02_jnt-Interpolations-array" count="19">
 LINEAR LINEAR LINEAR LINEAR LINEAR LINEAR LINEAR LINEAR LINEAR LINEAR LINEAR
LINEAR LINEAR LINEAR LINEAR LINEAR LINEAR LINEAR LINEAR</Name_array><technique_common><accessor source="#r_arm02_jnt-Interpolations-array" count="19"><param type="name"/></accessor></technique_common></source><sampler id="r_arm02_jnt-Matrix-animation-transform"><input semantic="INPUT" source="#r_arm02_jnt-Matrix-animation-input"/><input semantic="OUTPUT" source="#r_arm02_jnt-Matrix-animation-output-transform"/><input semantic="INTERPOLATION" source="#r_arm02_jnt-Interpolations"/></sampler><channel source="#r_arm02_jnt-Matrix-animation-transform" target="r_arm02_jnt/matrix"/></animation></animation>
    <animation id="r_arm03_jnt-anim" name="r_arm03_jnt"><animation><source id="r_arm03_jnt-Matrix-animation-input"><float_array id="r_arm03_jnt-Matrix-animation-input-array" count="19">

0.000000 0.033333 0.066667 0.100000 0.133333 0.166667 0.200000 0.233333 0.266667 0.300000 0.333333 0.366667 0.400000 0.433333 0.466667 0.500000
0.533333 0.566667 0.600000</float_array><technique_common><accessor source="#r_arm03_jnt-Matrix-animation-input-array" count="19"><param name="TIME" type="float"/></accessor></technique_common></source><source id="r_arm03_jnt-Matrix-animation-output-transform"><float_array id="r_arm03_jnt-Matrix-animation-output-transform-array" count="304">

0.661317 -0.596012 -0.455444 0.839582 -0.237084 0.409965 -0.880750 -0.000000 0.711654 0.690433 0.129812 -0.000000 0.000000 0.000000 0.000000 1.000000
0.661317 -0.596012 -0.455444 0.839582 -0.237084 0.409965 -0.880750 0.000000 0.711654 0.690433 0.129812 0.000000 0.000000 0.000000 0.000000 1.000000
0.661317 -0.596012 -0.455444 0.839582 -0.237084 0.409965 -0.880750 0.000000 0.711654 0.690433 0.129812 0.000000 0.000000 0.000000 0.000000 1.000000
0.661317 -0.596012 -0.455444 0.839582 -0.237084 0.409965 -0.880750 0.000000 0.711654 0.690433 0.129812 0.000000 0.000000 0.000000 0.000000 1.000000
0.661317 -0.596012 -0.455444 0.839582 -0.237084 0.409965 -0.880750 -0.000000 0.711654 0.690433 0.129812 0.000000 0.000000 0.000000 0.000000 1.000000
0.661317 -0.596012 -0.455444 0.839582 -0.237084 0.409965 -0.880750 -0.000000 0.711654 0.690433 0.129812 -0.000000 0.000000 0.000000 0.000000 1.000000
0.661317 -0.596012 -0.455444 0.839582 -0.237084 0.409965 -0.880750 -0.000000 0.711654 0.690433 0.129812 -0.000000 0.000000 0.000000 0.000000 1.000000
0.661317 -0.596012 -0.455444 0.839582 -0.237084 0.409965 -0.880750 -0.000000 0.711654 0.690433 0.129812 -0.000000 0.000000 0.000000 0.000000 1.000000
0.661317 -0.596012 -0.455444 0.839582 -0.237084 0.409965 -0.880750 -0.000000 0.711654 0.690433 0.129812 0.000000 0.000000 0.000000 0.000000 1.000000
0.661317 -0.596012 -0.455444 0.839582 -0.237084 0.409965 -0.880750 -0.000000 0.711654 0.690433 0.129812 -0.000000 0.000000 0.000000 0.000000 1.000000
0.661317 -0.596012 -0.455444 0.839582 -0.237084 0.409965 -0.880750 -0.000000 0.711654 0.690433 0.129812 -0.000000 0.000000 0.000000 0.000000 1.000000
0.661317 -0.596012 -0.455444 0.839582 -0.237084 0.409965 -0.880750 -0.000000 0.711654 0.690433 0.129812 -0.000000 0.000000 0.000000 0.000000 1.000000
0.661317 -0.596012 -0.455444 0.839582 -0.237084 0.409965 -0.880750 -0.000000 0.711654 0.690433 0.129812 -0.000000 0.000000 0.000000 0.000000 1.000000
0.661317 -0.596012 -0.455444 0.839582 -0.237084 0.409965 -0.880750 -0.000000 0.711654 0.690433 0.129812 -0.000000 0.000000 0.000000 0.000000 1.000000
0.661317 -0.596012 -0.455444 0.839582 -0.237084 0.409965 -0.880750 0.000000 0.711654 0.690433 0.129812 0.000000 0.000000 0.000000 0.000000 1.000000
0.661317 -0.596012 -0.455444 0.839582 -0.237084 0.409965 -0.880750 -0.000000 0.711654 0.690433 0.129812 0.000000 0.000000 0.000000 0.000000 1.000000
0.661317 -0.596012 -0.455444 0.839582 -0.237084 0.409965 -0.880750 -0.000000 0.711654 0.690433 0.129812 -0.000000 0.000000 0.000000 0.000000 1.000000
0.661317 -0.596012 -0.455444 0.839582 -0.237084 0.409965 -0.880750 0.000000 0.711654 0.690433 0.129812 0.000000 0.000000 0.000000 0.000000 1.000000
0.661317 -0.596012 -0.455444 0.839582 -0.237084 0.409965 -0.880750 -0.000000 0.711654 0.690433 0.129812 -0.000000 0.000000 0.000000 0.000000 1.000000</float_array><technique_common><accessor source="#r_arm03_jnt-Matrix-animation-output-transform-array" count="19" stride="16"><param type="float4x4"/></accessor></technique_common></source><source id="r_arm03_jnt-Interpolations"><Name_array id="r_arm03_jnt-Interpolations-array" count="19">
 LINEAR LINEAR LINEAR LINEAR LINEAR LINEAR LINEAR LINEAR LINEAR LINEAR LINEAR
LINEAR LINEAR LINEAR LINEAR LINEAR LINEAR LINEAR LINEAR</Name_array><technique_common><accessor source="#r_arm03_jnt-Interpolations-array" count="19"><param type="name"/></accessor></technique_common></source><sampler id="r_arm03_jnt-Matrix-animation-transform"><input semantic="INPUT" source="#r_arm03_jnt-Matrix-animation-input"/><input semantic="OUTPUT" source="#r_arm03_jnt-Matrix-animation-output-transform"/><input semantic="INTERPOLATION" source="#r_arm03_jnt-Interpolations"/></sampler><channel source="#r_arm03_jnt-Matrix-animation-transform" target="r_arm03_jnt/matrix"/></animation></animation>
    <animation id="r_arm04_jnt-anim" name="r_arm04_jnt"><animation><source id="r_arm04_jnt-Matrix-animation-input"><float_array id="r_arm04_jnt-Matrix-animation-input-array" count="19">

0.000000 0.033333 0.066667 0.100000 0.133333 0.166667 0.200000 0.233333 0.266667 0.300000 0.333333 0.366667 0.400000 0.433333 0.466667 0.500000
0.533333 0.566667 0.600000</float_array><technique_common><accessor source="#r_arm04_jnt-Matrix-animation-input-array" count="19"><param name="TIME" type="float"/></accessor></technique_common></source><source id="r_arm04_jnt-Matrix-animation-output-transform"><float_array id="r_arm04_jnt-Matrix-animation-output-transform-array" count="304">

0.877159 -0.479229 -0.030518 3.327914 0.479098 0.877680 -0.011936 -0.000000 0.032505 -0.004151 0.999463 -0.000000 0.000000 0.000000 0.000000 1.000000
0.877159 -0.479229 -0.030518 3.327914 0.479098 0.877680 -0.011936 -0.000000 0.032505 -0.004151 0.999463 0.000000 0.000000 0.000000 0.000000 1.000000
0.877159 -0.479229 -0.030518 3.327914 0.479098 0.877680 -0.011936 -0.000000 0.032505 -0.004151 0.999463 -0.000000 0.000000 0.000000 0.000000 1.000000
0.877159 -0.479229 -0.030518 3.327914 0.479098 0.877680 -0.011936 -0.000000 0.032505 -0.004151 0.999463 -0.000000 0.000000 0.000000 0.000000 1.000000
0.877159 -0.479229 -0.030518 3.327914 0.479098 0.877680 -0.011936 -0.000000 0.032505 -0.004151 0.999463 0.000000 0.000000 0.000000 0.000000 1.000000
0.877159 -0.479229 -0.030518 3.327914 0.479098 0.877680 -0.011936 -0.000000 0.032505 -0.004151 0.999463 -0.000000 0.000000 0.000000 0.000000 1.000000
0.877159 -0.479229 -0.030518 3.327914 0.479098 0.877680 -0.011936 -0.000000 0.032505 -0.004151 0.999463 -0.000000 0.000000 0.000000 0.000000 1.000000
0.877159 -0.479229 -0.030518 3.327914 0.479098 0.877680 -0.011936 -0.000000 0.032505 -0.004151 0.999463 -0.000000 0.000000 0.000000 0.000000 1.000000
0.877159 -0.479229 -0.030518 3.327914 0.479098 0.877680 -0.011936 -0.000000 0.032505 -0.004151 0.999463 -0.000000 0.000000 0.000000 0.000000 1.000000
0.877159 -0.479229 -0.030518 3.327914 0.479098 0.877680 -0.011936 -0.000000 0.032505 -0.004151 0.999463 -0.000000 0.000000 0.000000 0.000000 1.000000
0.877159 -0.479229 -0.030518 3.327914 0.479098 0.877680 -0.011936 -0.000000 0.032505 -0.004151 0.999463 -0.000000 0.000000 0.000000 0.000000 1.000000
0.877159 -0.479229 -0.030518 3.327914 0.479098 0.877680 -0.011936 -0.000000 0.032505 -0.004151 0.999463 -0.000000 0.000000 0.000000 0.000000 1.000000
0.877159 -0.479229 -0.030518 3.327914 0.479098 0.877680 -0.011936 -0.000000 0.032505 -0.004151 0.999463 0.000000 0.000000 0.000000 0.000000 1.000000
0.877159 -0.479229 -0.030518 3.327914 0.479098 0.877680 -0.011936 -0.000000 0.032505 -0.004151 0.999463 0.000000 0.000000 0.000000 0.000000 1.000000
0.877159 -0.479229 -0.030518 3.327914 0.479098 0.877680 -0.011936 -0.000000 0.032505 -0.004151 0.999463 0.000000 0.000000 0.000000 0.000000 1.000000
0.877159 -0.479229 -0.030518 3.327914 0.479098 0.877680 -0.011936 -0.000000 0.032505 -0.004151 0.999463 0.000000 0.000000 0.000000 0.000000 1.000000
0.877159 -0.479229 -0.030518 3.327914 0.479098 0.877680 -0.011936 -0.000000 0.032505 -0.004151 0.999463 -0.000000 0.000000 0.000000 0.000000 1.000000
0.877159 -0.479229 -0.030518 3.327914 0.479098 0.877680 -0.011936 -0.000000 0.032505 -0.004151 0.999463 0.000000 0.000000 0.000000 0.000000 1.000000
0.877159 -0.479229 -0.030518 3.327914 0.479098 0.877680 -0.011936 -0.000000 0.032505 -0.004151 0.999463 -0.000000 0.000000 0.000000 0.000000 1.000000</float_array><technique_common><accessor source="#r_arm04_jnt-Matrix-animation-output-transform-array" count="19" stride="16"><param type="float4x4"/></accessor></technique_common></source><source id="r_arm04_jnt-Interpolations"><Name_array id="r_arm04_jnt-Interpolations-array" count="19">
 LINEAR LINEAR LINEAR LINEAR LINEAR LINEAR LINEAR LINEAR LINEAR LINEAR LINEAR
LINEAR LINEAR LINEAR LINEAR LINEAR LINEAR LINEAR LINEAR</Name_array><technique_common><accessor source="#r_arm04_jnt-Interpolations-array" count="19"><param type="name"/></accessor></technique_common></source><sampler id="r_arm04_jnt-Matrix-animation-transform"><input semantic="INPUT" source="#r_arm04_jnt-Matrix-animation-input"/><input semantic="OUTPUT" source="#r_arm04_jnt-Matrix-animation-output-transform"/><input semantic="INTERPOLATION" source="#r_arm04_jnt-Interpolations"/></sampler><channel source="#r_arm04_jnt-Matrix-animation-transform" target="r_arm04_jnt/matrix"/></animation></animation>
    <animation id="r_arm05_jnt-anim" name="r_arm05_jnt"><animation><source id="r_arm05_jnt-Matrix-animation-input"><float_array id="r_arm05_jnt-Matrix-animation-input-array" count="19">

0.000000 0.033333 0.066667 0.100000 0.133333 0.166667 0.200000 0.233333 0.266667 0.300000 0.333333 0.366667 0.400000 0.433333 0.466667 0.500000
0.533333 0.566667 0.600000</float_array><technique_common><accessor source="#r_arm05_jnt-Matrix-animation-input-array" count="19"><param name="TIME" type="float"/></accessor></technique_common></source><source id="r_arm05_jnt-Matrix-animation-output-transform"><float_array id="r_arm05_jnt-Matrix-animation-output-transform-array" count="304">

-0.112999 0.993593 0.002268 1.353106 -0.993593 -0.112993 -0.002540 -0.000000 -0.002268 -0.002540 0.999994 0.000000 0.000000 0.000000 0.000000 1.000000
-0.112999 0.993593 0.002268 1.353106 -0.993593 -0.112993 -0.002540 -0.000000 -0.002268 -0.002540 0.999994 -0.000000 0.000000 0.000000 0.000000 1.000000
-0.112999 0.993593 0.002268 1.353106 -0.993593 -0.112993 -0.002540 -0.000000 -0.002268 -0.002540 0.999994 0.000000 0.000000 0.000000 0.000000 1.000000
-0.112999 0.993593 0.002268 1.353106 -0.993593 -0.112993 -0.002540 -0.000000 -0.002268 -0.002540 0.999994 -0.000000 0.000000 0.000000 0.000000 1.000000
-0.097292 0.995252 0.002642 1.321192 -0.995253 -0.097285 -0.002501 0.338917 -0.002232 -0.002873 0.999993 -0.007179 0.000000 0.000000 0.000000 1.000000
-0.079067 0.996865 0.003075 1.254596 -0.996867 -0.079060 -0.002449 0.686658 -0.002198 -0.003259 0.999992 -0.014546 0.000000 0.000000 0.000000 1.000000
-0.099802 0.995004 0.002582 1.329563 -0.995005 -0.099796 -0.002508 0.285026 -0.002238 -0.002820 0.999994 -0.006038 0.000000 0.000000 0.000000 1.000000
-0.117912 0.993022 0.002150 1.353161 -0.993021 -0.117906 -0.002551 -0.101544 -0.002280 -0.002436 0.999994 0.002151 0.000000 0.000000 0.000000 1.000000
-0.115462 0.993309 0.002209 1.353120 -0.993309 -0.115456 -0.002546 -0.051030 -0.002274 -0.002488 0.999994 0.001081 0.000000 0.000000 0.000000 1.000000
-0.112999 0.993593 0.002268 1.353106 -0.993593 -0.112993 -0.002540 -0.000000 -0.002268 -0.002540 0.999994 -0.000000 0.000000 0.000000 0.000000 1.000000
-0.112999 0.993593 0.002268 1.353106 -0.993593 -0.112993 -0.002540 0.000000 -0.002268 -0.002540 0.999994 -0.000000 0.000000 0.000000 0.000000 1.000000
-0.112999 0.993593 0.002268 1.353106 -0.993593 -0.112993 -0.002540 0.000000 -0.002268 -0.002540 0.999994 0.000000 0.000000 0.000000 0.000000 1.000000
-0.112999 0.993593 0.002268 1.353106 -0.993593 -0.112993 -0.002540 -0.000000 -0.002268 -0.002540 0.999994 -0.000000 0.000000 0.000000 0.000000 1.000000
-0.112999 0.993593 0.002268 1.353106 -0.993593 -0.112993 -0.002540 -0.000000 -0.002268 -0.002540 0.999994 0.000000 0.000000 0.000000 0.000000 1.000000
-0.112999 0.993593 0.002268 1.353106 -0.993593 -0.112993 -0.002540 -0.000000 -0.002268 -0.002540 0.999994 -0.000000 0.000000 0.000000 0.000000 1.000000
-0.112999 0.993593 0.002268 1.353106 -0.993593 -0.112993 -0.002540 -0.000000 -0.002268 -0.002540 0.999994 -0.000000 0.000000 0.000000 0.000000 1.000000
-0.112999 0.993593 0.002268 1.353106 -0.993593 -0.112993 -0.002540 -0.000000 -0.002268 -0.002540 0.999994 0.000000 0.000000 0.000000 0.000000 1.000000
-0.112999 0.993593 0.002268 1.353106 -0.993593 -0.112993 -0.002540 -0.000000 -0.002268 -0.002540 0.999994 -0.000000 0.000000 0.000000 0.000000 1.000000
-0.112999 0.993593 0.002268 1.353106 -0.993593 -0.112993 -0.002540 -0.000000 -0.002268 -0.002540 0.999994 0.000000 0.000000 0.000000 0.000000 1.000000</float_array><technique_common><accessor source="#r_arm05_jnt-Matrix-animation-output-transform-array" count="19" stride="16"><param type="float4x4"/></accessor></technique_common></source><source id="r_arm05_jnt-Interpolations"><Name_array id="r_arm05_jnt-Interpolations-array" count="19">
 LINEAR LINEAR LINEAR LINEAR LINEAR LINEAR LINEAR LINEAR LINEAR LINEAR LINEAR
