<?xml version="1.0" encoding="utf-8"?>
<COLLADA xmlns="http://www.collada.org/2005/11/COLLADASchema" version="1.4.1">
  <asset><contributor><author></author><authoring_tool>FBX COLLADA exporter</authoring_tool><comments></comments></contributor><created>2020-01-21T09:35:30Z</created><keywords></keywords><modified>2020-01-21T09:35:30Z</modified><revision></revision><subject></subject><title></title><unit meter="0.010000" name="centimeter"></unit><up_axis>Y_UP</up_axis></asset>
  <library_animations>
    <animation id="root_jnt-anim" name="root_jnt"><animation><source id="root_jnt-Matrix-animation-input"><float_array id="root_jnt-Matrix-animation-input-array" count="21">

0.000000 0.033333 0.066667 0.100000 0.133333 0.166667 0.200000 0.233333 0.266667 0.300000 0.333333 0.366667 0.400000 0.433333 0.466667 0.500000
0.533333 0.566667 0.600000 0.633333 0.666667</float_array><technique_common><accessor source="#root_jnt-Matrix-animation-input-array" count="21"><param name="TIME" type="float"/></accessor></technique_common></source><source id="root_jnt-Matrix-animation-output-transform"><float_array id="root_jnt-Matrix-animation-output-transform-array" count="336">

1.000000 0.000000 0.000000 0.000000 0.000000 1.000000 0.000000 0.000000 0.000000 0.000000 1.000000 0.000000 0.000000 0.000000 0.000000 1.000000
1.000000 0.000000 0.000000 0.000000 0.000000 1.000000 0.000000 0.000000 0.000000 0.000000 1.000000 0.000000 0.000000 0.000000 0.000000 1.000000
1.000000 0.000000 0.000000 0.000000 0.000000 1.000000 0.000000 0.000000 0.000000 0.000000 1.000000 0.000000 0.000000 0.000000 0.000000 1.000000
1.000000 0.000000 0.000000 0.000000 0.000000 1.000000 0.000000 0.000000 0.000000 0.000000 1.000000 0.000000 0.000000 0.000000 0.000000 1.000000
1.000000 0.000000 0.000000 0.000000 0.000000 1.000000 0.000000 0.000000 0.000000 0.000000 1.000000 0.000000 0.000000 0.000000 0.000000 1.000000
1.000000 0.000000 0.000000 0.000000 0.000000 1.000000 0.000000 0.000000 0.000000 0.000000 1.000000 0.000000 0.000000 0.000000 0.000000 1.000000
1.000000 0.000000 0.000000 0.000000 0.000000 1.000000 0.000000 0.000000 0.000000 0.000000 1.000000 0.000000 0.000000 0.000000 0.000000 1.000000
1.000000 0.000000 0.000000 0.000000 0.000000 1.000000 0.000000 0.000000 0.000000 0.000000 1.000000 0.000000 0.000000 0.000000 0.000000 1.000000
1.000000 0.000000 0.000000 0.000000 0.000000 1.000000 0.000000 0.000000 0.000000 0.000000 1.000000 0.000000 0.000000 0.000000 0.000000 1.000000
1.000000 0.000000 0.000000 0.000000 0.000000 1.000000 0.000000 0.000000 0.000000 0.000000 1.000000 0.000000 0.000000 0.000000 0.000000 1.000000
1.000000 0.000000 0.000000 0.000000 0.000000 1.000000 0.000000 0.000000 0.000000 0.000000 1.000000 0.000000 0.000000 0.000000 0.000000 1.000000
1.000000 0.000000 0.000000 0.000000 0.000000 1.000000 0.000000 0.000000 0.000000 0.000000 1.000000 0.000000 0.000000 0.000000 0.000000 1.000000
1.000000 0.000000 0.000000 0.000000 0.000000 1.000000 0.000000 0.000000 0.000000 0.000000 1.000000 0.000000 0.000000 0.000000 0.000000 1.000000
1.000000 0.000000 0.000000 0.000000 0.000000 1.000000 0.000000 0.000000 0.000000 0.000000 1.000000 0.000000 0.000000 0.000000 0.000000 1.000000
1.000000 0.000000 0.000000 0.000000 0.000000 1.000000 0.000000 0.000000 0.000000 0.000000 1.000000 0.000000 0.000000 0.000000 0.000000 1.000000
1.000000 0.000000 0.000000 0.000000 0.000000 1.000000 0.000000 0.000000 0.000000 0.000000 1.000000 0.000000 0.000000 0.000000 0.000000 1.000000
1.000000 0.000000 0.000000 0.000000 0.000000 1.000000 0.000000 0.000000 0.000000 0.000000 1.000000 0.000000 0.000000 0.000000 0.000000 1.000000
1.000000 0.000000 0.000000 0.000000 0.000000 1.000000 0.000000 0.000000 0.000000 0.000000 1.000000 0.000000 0.000000 0.000000 0.000000 1.000000
1.000000 0.000000 0.000000 0.000000 0.000000 1.000000 0.000000 0.000000 0.000000 0.000000 1.000000 0.000000 0.000000 0.000000 0.000000 1.000000
1.000000 0.000000 0.000000 0.000000 0.000000 1.000000 0.000000 0.000000 0.000000 0.000000 1.000000 0.000000 0.000000 0.000000 0.000000 1.000000
1.000000 0.000000 0.000000 0.000000 0.000000 1.000000 0.000000 0.000000 0.000000 0.000000 1.000000 0.000000 0.000000 0.000000 0.000000 1.000000</float_array><technique_common><accessor source="#root_jnt-Matrix-animation-output-transform-array" count="21" stride="16"><param type="float4x4"/></accessor></technique_common></source><source id="root_jnt-Interpolations"><Name_array id="root_jnt-Interpolations-array" count="21">
 LINEAR LINEAR LINEAR LINEAR LINEAR LINEAR LINEAR LINEAR LINEAR LINEAR LINEAR
LINEAR LINEAR LINEAR LINEAR LINEAR LINEAR LINEAR LINEAR LINEAR LINEAR</Name_array><technique_common><accessor source="#root_jnt-Interpolations-array" count="21"><param type="name"/></accessor></technique_common></source><sampler id="root_jnt-Matrix-animation-transform"><input semantic="INPUT" source="#root_jnt-Matrix-animation-input"/><input semantic="OUTPUT" source="#root_jnt-Matrix-animation-output-transform"/><input semantic="INTERPOLATION" source="#root_jnt-Interpolations"/></sampler><channel source="#root_jnt-Matrix-animation-transform" target="root_jnt/matrix"/></animation></animation>
    <animation id="jnt_spine2-anim" name="jnt_spine2"><animation><source id="jnt_spine2-Matrix-animation-input"><float_array id="jnt_spine2-Matrix-animation-input-array" count="21">

0.000000 0.033333 0.066667 0.100000 0.133333 0.166667 0.200000 0.233333 0.266667 0.300000 0.333333 0.366667 0.400000 0.433333 0.466667 0.500000
0.533333 0.566667 0.600000 0.633333 0.666667</float_array><technique_common><accessor source="#jnt_spine2-Matrix-animation-input-array" count="21"><param name="TIME" type="float"/></accessor></technique_common></source><source id="jnt_spine2-Matrix-animation-output-transform"><float_array id="jnt_spine2-Matrix-animation-output-transform-array" count="336">

1.000000 0.000000 0.000000 0.000000 0.000000 0.940943 -0.338566 6.834946 0.000000 0.338566 0.940943 -0.000000 0.000000 0.000000 0.000000 1.000000
1.000000 0.000000 0.000000 0.000000 0.000000 0.952503 -0.304530 6.718735 0.000000 0.304530 0.952503 -0.000000 0.000000 0.000000 0.000000 1.000000
1.000000 0.000000 0.000000 0.000000 0.000000 0.975078 -0.221862 6.424618 0.000000 0.221862 0.975078 -0.000000 0.000000 0.000000 0.000000 1.000000
1.000000 0.000000 0.000000 0.000000 0.000000 0.992639 -0.121113 6.034372 0.000000 0.121113 0.992639 -0.000000 0.000000 0.000000 0.000000 1.000000
1.000000 0.000000 0.000000 0.000000 0.000000 0.999363 -0.035682 5.629773 0.000000 0.035682 0.999363 -0.000000 0.000000 0.000000 0.000000 1.000000
1.000000 0.000000 0.000000 0.000000 0.000000 1.000000 0.000258 5.292594 0.000000 -0.000258 1.000000 -0.000000 0.000000 0.000000 0.000000 1.000000
1.000000 0.000000 0.000000 0.000000 0.000000 0.999053 -0.043501 4.989801 0.000000 0.043501 0.999053 -0.000000 0.000000 0.000000 0.000000 1.000000
1.000000 0.000000 0.000000 0.000000 0.000000 0.990242 -0.139361 4.682727 0.000000 0.139361 0.990242 -0.000000 0.000000 0.000000 0.000000 1.000000
1.000000 0.000000 0.000000 0.000000 0.000000 0.972254 -0.233929 4.444705 0.000000 0.233929 0.972254 -0.000000 0.000000 0.000000 0.000000 1.000000
1.000000 0.000000 0.000000 0.000000 0.000000 0.961086 -0.276250 4.349069 0.000000 0.276250 0.961086 -0.000000 0.000000 0.000000 0.000000 1.000000
1.000000 0.000000 0.000000 0.000000 0.000000 0.961465 -0.274926 4.406967 0.000000 0.274926 0.961465 -0.000000 0.000000 0.000000 0.000000 1.000000
1.000000 0.000000 0.000000 0.000000 0.000000 0.962693 -0.270595 4.565719 0.000000 0.270595 0.962693 -0.000000 0.000000 0.000000 0.000000 1.000000
1.000000 0.000000 0.000000 0.000000 0.000000 0.964876 -0.262707 4.802914 0.000000 0.262707 0.964876 -0.000000 0.000000 0.000000 0.000000 1.000000
1.000000 0.000000 0.000000 0.000000 0.000000 0.968066 -0.250697 5.096139 0.000000 0.250697 0.968066 -0.000000 0.000000 0.000000 0.000000 1.000000
1.000000 0.000000 0.000000 0.000000 0.000000 0.972240 -0.233987 5.422983 0.000000 0.233987 0.972240 -0.000000 0.000000 0.000000 0.000000 1.000000
1.000000 0.000000 0.000000 0.000000 0.000000 0.977275 -0.211975 5.761032 0.000000 0.211975 0.977275 -0.000000 0.000000 0.000000 0.000000 1.000000
1.000000 0.000000 0.000000 0.000000 0.000000 0.984710 -0.174204 6.087875 0.000000 0.174204 0.984710 -0.000000 0.000000 0.000000 0.000000 1.000000
1.000000 0.000000 0.000000 0.000000 0.000000 0.992798 -0.119802 6.381101 0.000000 0.119802 0.992798 -0.000000 0.000000 0.000000 0.000000 1.000000
1.000000 0.000000 0.000000 0.000000 0.000000 0.998018 -0.062931 6.618296 0.000000 0.062931 0.998018 -0.000000 0.000000 0.000000 0.000000 1.000000
1.000000 0.000000 0.000000 0.000000 0.000000 0.999835 -0.018142 6.777048 0.000000 0.018142 0.999835 -0.000000 0.000000 0.000000 0.000000 1.000000
1.000000 0.000000 0.000000 0.000000 0.000000 1.000000 0.000000 6.834946 0.000000 0.000000 1.000000 -0.000000 0.000000 0.000000 0.000000 1.000000</float_array><technique_common><accessor source="#jnt_spine2-Matrix-animation-output-transform-array" count="21" stride="16"><param type="float4x4"/></accessor></technique_common></source><source id="jnt_spine2-Interpolations"><Name_array id="jnt_spine2-Interpolations-array" count="21">
 LINEAR LINEAR LINEAR LINEAR LINEAR LINEAR LINEAR LINEAR LINEAR LINEAR LINEAR
LINEAR LINEAR LINEAR LINEAR LINEAR LINEAR LINEAR LINEAR LINEAR LINEAR</Name_array><technique_common><accessor source="#jnt_spine2-Interpolations-array" count="21"><param type="name"/></accessor></technique_common></source><sampler id="jnt_spine2-Matrix-animation-transform"><input semantic="INPUT" source="#jnt_spine2-Matrix-animation-input"/><input semantic="OUTPUT" source="#jnt_spine2-Matrix-animation-output-transform"/><input semantic="INTERPOLATION" source="#jnt_spine2-Interpolations"/></sampler><channel source="#jnt_spine2-Matrix-animation-transform" target="jnt_spine2/matrix"/></animation></animation>
    <animation id="neck_jnt-anim" name="neck_jnt"><animation><source id="neck_jnt-Matrix-animation-input"><float_array id="neck_jnt-Matrix-animation-input-array" count="21">

0.000000 0.033333 0.066667 0.100000 0.133333 0.166667 0.200000 0.233333 0.266667 0.300000 0.333333 0.366667 0.400000 0.433333 0.466667 0.500000
0.533333 0.566667 0.600000 0.633333 0.666667</float_array><technique_common><accessor source="#neck_jnt-Matrix-animation-input-array" count="21"><param name="TIME" type="float"/></accessor></technique_common></source><source id="neck_jnt-Matrix-animation-output-transform"><float_array id="neck_jnt-Matrix-animation-output-transform-array" count="336">

1.000000 -0.000000 0.000000 -0.000000 0.000000 1.000000 0.000000 2.357033 -0.000000 -0.000000 1.000000 2.698746 0.000000 0.000000 0.000000 1.000000
1.000000 -0.000000 0.000000 -0.000000 0.000000 1.000000 0.000000 2.357033 -0.000000 -0.000000 1.000000 2.698746 0.000000 0.000000 0.000000 1.000000
1.000000 -0.000000 0.000000 -0.000000 0.000000 1.000000 0.000000 2.357033 -0.000000 -0.000000 1.000000 2.698746 0.000000 0.000000 0.000000 1.000000
1.000000 -0.000000 0.000000 -0.000000 0.000000 1.000000 0.000000 2.357033 -0.000000 -0.000000 1.000000 2.698746 0.000000 0.000000 0.000000 1.000000
1.000000 -0.000000 0.000000 -0.000000 0.000000 1.000000 0.000000 2.357033 -0.000000 -0.000000 1.000000 2.698746 0.000000 0.000000 0.000000 1.000000
1.000000 -0.000000 0.000000 -0.000000 0.000000 1.000000 0.000000 2.357033 -0.000000 -0.000000 1.000000 2.698746 0.000000 0.000000 0.000000 1.000000
1.000000 -0.000000 0.000000 -0.000000 0.000000 1.000000 0.000000 2.357033 -0.000000 -0.000000 1.000000 2.698746 0.000000 0.000000 0.000000 1.000000
1.000000 -0.000000 0.000000 -0.000000 0.000000 1.000000 0.000000 2.357033 -0.000000 -0.000000 1.000000 2.698746 0.000000 0.000000 0.000000 1.000000
1.000000 -0.000000 0.000000 -0.000000 0.000000 1.000000 0.000000 2.357033 -0.000000 -0.000000 1.000000 2.698746 0.000000 0.000000 0.000000 1.000000
1.000000 -0.000000 0.000000 -0.000000 0.000000 1.000000 0.000000 2.357033 -0.000000 -0.000000 1.000000 2.698746 0.000000 0.000000 0.000000 1.000000
1.000000 -0.000000 0.000000 -0.000000 0.000000 1.000000 0.000000 2.357033 -0.000000 -0.000000 1.000000 2.698746 0.000000 0.000000 0.000000 1.000000
1.000000 -0.000000 0.000000 -0.000000 0.000000 1.000000 0.000000 2.357033 -0.000000 -0.000000 1.000000 2.698746 0.000000 0.000000 0.000000 1.000000
1.000000 -0.000000 0.000000 -0.000000 0.000000 1.000000 0.000000 2.357033 -0.000000 -0.000000 1.000000 2.698746 0.000000 0.000000 0.000000 1.000000
1.000000 -0.000000 0.000000 -0.000000 0.000000 1.000000 0.000000 2.357033 -0.000000 -0.000000 1.000000 2.698746 0.000000 0.000000 0.000000 1.000000
1.000000 -0.000000 0.000000 -0.000000 0.000000 1.000000 0.000000 2.357033 -0.000000 -0.000000 1.000000 2.698746 0.000000 0.000000 0.000000 1.000000
1.000000 -0.000000 0.000000 -0.000000 0.000000 1.000000 0.000000 2.357033 -0.000000 -0.000000 1.000000 2.698746 0.000000 0.000000 0.000000 1.000000
1.000000 -0.000000 0.000000 -0.000000 0.000000 1.000000 0.000000 2.357033 -0.000000 -0.000000 1.000000 2.698746 0.000000 0.000000 0.000000 1.000000
1.000000 -0.000000 0.000000 -0.000000 0.000000 1.000000 0.000000 2.357033 -0.000000 -0.000000 1.000000 2.698746 0.000000 0.000000 0.000000 1.000000
1.000000 -0.000000 0.000000 -0.000000 0.000000 1.000000 0.000000 2.357033 -0.000000 -0.000000 1.000000 2.698746 0.000000 0.000000 0.000000 1.000000
1.000000 -0.000000 0.000000 -0.000000 0.000000 1.000000 0.000000 2.357033 -0.000000 -0.000000 1.000000 2.698746 0.000000 0.000000 0.000000 1.000000
1.000000 -0.000000 0.000000 -0.000000 0.000000 1.000000 0.000000 2.357033 -0.000000 -0.000000 1.000000 2.698746 0.000000 0.000000 0.000000 1.000000</float_array><technique_common><accessor source="#neck_jnt-Matrix-animation-output-transform-array" count="21" stride="16"><param type="float4x4"/></accessor></technique_common></source><source id="neck_jnt-Interpolations"><Name_array id="neck_jnt-Interpolations-array" count="21">
 LINEAR LINEAR LINEAR LINEAR LINEAR LINEAR LINEAR LINEAR LINEAR LINEAR LINEAR
LINEAR LINEAR LINEAR LINEAR LINEAR LINEAR LINEAR LINEAR LINEAR LINEAR</Name_array><technique_common><accessor source="#neck_jnt-Interpolations-array" count="21"><param type="name"/></accessor></technique_common></source><sampler id="neck_jnt-Matrix-animation-transform"><input semantic="INPUT" source="#neck_jnt-Matrix-animation-input"/><input semantic="OUTPUT" source="#neck_jnt-Matrix-animation-output-transform"/><input semantic="INTERPOLATION" source="#neck_jnt-Interpolations"/></sampler><channel source="#neck_jnt-Matrix-animation-transform" target="neck_jnt/matrix"/></animation></animation>
    <animation id="head_jnt-anim" name="head_jnt"><animation><source id="head_jnt-Matrix-animation-input"><float_array id="head_jnt-Matrix-animation-input-array" count="21">

0.000000 0.033333 0.066667 0.100000 0.133333 0.166667 0.200000 0.233333 0.266667 0.300000 0.333333 0.366667 0.400000 0.433333 0.466667 0.500000
0.533333 0.566667 0.600000 0.633333 0.666667</float_array><technique_common><accessor source="#head_jnt-Matrix-animation-input-array" count="21"><param name="TIME" type="float"/></accessor></technique_common></source><source id="head_jnt-Matrix-animation-output-transform"><float_array id="head_jnt-Matrix-animation-output-transform-array" count="336">

0.986093 0.163650 -0.028984 0.722739 -0.166197 0.970981 -0.171972 -0.050900 0.000000 0.174398 0.984675 -0.103117 0.000000 0.000000 0.000000 1.000000
0.986093 0.163650 -0.028984 0.722739 -0.166197 0.970981 -0.171972 -0.050900 -0.000000 0.174398 0.984675 -0.103117 0.000000 0.000000 0.000000 1.000000
0.986093 0.163650 -0.028984 0.722739 -0.166197 0.970981 -0.171972 -0.050900 0.000000 0.174398 0.984675 -0.103117 0.000000 0.000000 0.000000 1.000000
0.986093 0.163650 -0.028984 0.722739 -0.166197 0.970981 -0.171972 -0.050900 0.000000 0.174398 0.984675 -0.103117 0.000000 0.000000 0.000000 1.000000
0.986093 0.163650 -0.028984 0.722739 -0.166197 0.970981 -0.171972 -0.050900 0.000000 0.174398 0.984675 -0.103117 0.000000 0.000000 0.000000 1.000000
0.986093 0.163650 -0.028984 0.722739 -0.166197 0.970981 -0.171972 -0.050900 0.000000 0.174398 0.984675 -0.103117 0.000000 0.000000 0.000000 1.000000
0.986093 0.163650 -0.028984 0.722739 -0.166197 0.970981 -0.171972 -0.050900 0.000000 0.174398 0.984675 -0.103117 0.000000 0.000000 0.000000 1.000000
0.986093 0.163650 -0.028984 0.722739 -0.166197 0.970981 -0.171972 -0.050900 0.000000 0.174398 0.984675 -0.103117 0.000000 0.000000 0.000000 1.000000
0.986093 0.163650 -0.028984 0.722739 -0.166197 0.970981 -0.171972 -0.050900 0.000000 0.174398 0.984675 -0.103117 0.000000 0.000000 0.000000 1.000000
0.986093 0.163650 -0.028984 0.722739 -0.166197 0.970981 -0.171972 -0.050900 -0.000000 0.174398 0.984675 -0.103117 0.000000 0.000000 0.000000 1.000000
0.986093 0.163650 -0.028984 0.722739 -0.166197 0.970981 -0.171972 -0.050900 -0.000000 0.174398 0.984675 -0.103117 0.000000 0.000000 0.000000 1.000000
0.986093 0.163650 -0.028984 0.722739 -0.166197 0.970981 -0.171972 -0.050900 -0.000000 0.174398 0.984675 -0.103117 0.000000 0.000000 0.000000 1.000000
0.986093 0.163650 -0.028984 0.722739 -0.166197 0.970981 -0.171972 -0.050900 0.000000 0.174398 0.984675 -0.103117 0.000000 0.000000 0.000000 1.000000
0.986093 0.163650 -0.028984 0.722739 -0.166197 0.970981 -0.171972 -0.050900 0.000000 0.174398 0.984675 -0.103117 0.000000 0.000000 0.000000 1.000000
0.986093 0.163650 -0.028984 0.722739 -0.166197 0.970981 -0.171972 -0.050900 0.000000 0.174398 0.984675 -0.103117 0.000000 0.000000 0.000000 1.000000
0.986093 0.163650 -0.028984 0.722739 -0.166197 0.970981 -0.171972 -0.050900 0.000000 0.174398 0.984675 -0.103117 0.000000 0.000000 0.000000 1.000000
0.986093 0.163650 -0.028984 0.722739 -0.166197 0.970981 -0.171972 -0.050900 0.000000 0.174398 0.984675 -0.103117 0.000000 0.000000 0.000000 1.000000
0.986093 0.163650 -0.028984 0.722739 -0.166197 0.970981 -0.171972 -0.050900 0.000000 0.174398 0.984675 -0.103117 0.000000 0.000000 0.000000 1.000000
0.986093 0.163650 -0.028984 0.722739 -0.166197 0.970981 -0.171972 -0.050900 0.000000 0.174398 0.984675 -0.103117 0.000000 0.000000 0.000000 1.000000
0.986093 0.163650 -0.028984 0.722739 -0.166197 0.970981 -0.171972 -0.050900 0.000000 0.174398 0.984675 -0.103117 0.000000 0.000000 0.000000 1.000000
0.986093 0.163650 -0.028984 0.722739 -0.166197 0.970981 -0.171972 -0.050900 0.000000 0.174398 0.984675 -0.103117 0.000000 0.000000 0.000000 1.000000</float_array><technique_common><accessor source="#head_jnt-Matrix-animation-output-transform-array" count="21" stride="16"><param type="float4x4"/></accessor></technique_common></source><source id="head_jnt-Interpolations"><Name_array id="head_jnt-Interpolations-array" count="21">
 LINEAR LINEAR LINEAR LINEAR LINEAR LINEAR LINEAR LINEAR LINEAR LINEAR LINEAR
LINEAR LINEAR LINEAR LINEAR LINEAR LINEAR LINEAR LINEAR LINEAR LINEAR</Name_array><technique_common><accessor source="#head_jnt-Interpolations-array" count="21"><param type="name"/></accessor></technique_common></source><sampler id="head_jnt-Matrix-animation-transform"><input semantic="INPUT" source="#head_jnt-Matrix-animation-input"/><input semantic="OUTPUT" source="#head_jnt-Matrix-animation-output-transform"/><input semantic="INTERPOLATION" source="#head_jnt-Interpolations"/></sampler><channel source="#head_jnt-Matrix-animation-transform" target="head_jnt/matrix"/></animation></animation>
    <animation id="r_arm01_jnt-anim" name="r_arm01_jnt"><animation><source id="r_arm01_jnt-Matrix-animation-input"><float_array id="r_arm01_jnt-Matrix-animation-input-array" count="21">

0.000000 0.033333 0.066667 0.100000 0.133333 0.166667 0.200000 0.233333 0.266667 0.300000 0.333333 0.366667 0.400000 0.433333 0.466667 0.500000
0.533333 0.566667 0.600000 0.633333 0.666667</float_array><technique_common><accessor source="#r_arm01_jnt-Matrix-animation-input-array" count="21"><param name="TIME" type="float"/></accessor></technique_common></source><source id="r_arm01_jnt-Matrix-animation-output-transform"><float_array id="r_arm01_jnt-Matrix-animation-output-transform-array" count="336">

-0.966114 0.145537 0.213171 -2.858765 0.216779 0.905800 0.364051 2.350029 -0.140108 0.397926 -0.906656 -0.000000 0.000000 0.000000 0.000000 1.000000
-0.966114 0.145537 0.213171 -2.858765 0.216779 0.905800 0.364051 2.350029 -0.140108 0.397926 -0.906656 -0.000000 0.000000 0.000000 0.000000 1.000000
-0.966114 0.145537 0.213171 -2.858765 0.216779 0.905800 0.364051 2.350029 -0.140108 0.397926 -0.906656 -0.000000 0.000000 0.000000 0.000000 1.000000
-0.966114 0.145537 0.213171 -2.858765 0.216779 0.905800 0.364051 2.350029 -0.140108 0.397926 -0.906656 -0.000000 0.000000 0.000000 0.000000 1.000000
-0.966114 0.145537 0.213171 -2.858765 0.216779 0.905800 0.364051 2.350029 -0.140108 0.397926 -0.906656 -0.000000 0.000000 0.000000 0.000000 1.000000
-0.966114 0.145537 0.213171 -2.858765 0.216779 0.905800 0.364051 2.350029 -0.140108 0.397926 -0.906656 -0.000000 0.000000 0.000000 0.000000 1.000000
-0.966114 0.145537 0.213171 -2.858765 0.216779 0.905800 0.364051 2.350029 -0.140108 0.397926 -0.906656 -0.000000 0.000000 0.000000 0.000000 1.000000
-0.966114 0.145537 0.213171 -2.858765 0.216779 0.905800 0.364051 2.350029 -0.140108 0.397926 -0.906656 -0.000000 0.000000 0.000000 0.000000 1.000000
-0.966114 0.145537 0.213171 -2.858765 0.216779 0.905800 0.364051 2.350029 -0.140108 0.397926 -0.906656 -0.000000 0.000000 0.000000 0.000000 1.000000
-0.966114 0.145537 0.213171 -2.858765 0.216779 0.905800 0.364051 2.350029 -0.140108 0.397926 -0.906656 -0.000000 0.000000 0.000000 0.000000 1.000000
-0.966114 0.145537 0.213171 -2.858765 0.216779 0.905800 0.364051 2.350029 -0.140108 0.397926 -0.906656 -0.000000 0.000000 0.000000 0.000000 1.000000
-0.966114 0.145537 0.213171 -2.858765 0.216779 0.905800 0.364051 2.350029 -0.140108 0.397926 -0.906656 -0.000000 0.000000 0.000000 0.000000 1.000000
-0.966114 0.145537 0.213171 -2.858765 0.216779 0.905800 0.364051 2.350029 -0.140108 0.397926 -0.906656 -0.000000 0.000000 0.000000 0.000000 1.000000
-0.966114 0.145537 0.213171 -2.858765 0.216779 0.905800 0.364051 2.350029 -0.140108 0.397926 -0.906656 -0.000000 0.000000 0.000000 0.000000 1.000000
-0.966114 0.145537 0.213171 -2.858765 0.216779 0.905800 0.364051 2.350029 -0.140108 0.397926 -0.906656 -0.000000 0.000000 0.000000 0.000000 1.000000
-0.966114 0.145537 0.213171 -2.858765 0.216779 0.905800 0.364051 2.350029 -0.140108 0.397926 -0.906656 -0.000000 0.000000 0.000000 0.000000 1.000000
-0.966114 0.145537 0.213171 -2.858765 0.216779 0.905800 0.364051 2.350029 -0.140108 0.397926 -0.906656 -0.000000 0.000000 0.000000 0.000000 1.000000
-0.966114 0.145537 0.213171 -2.858765 0.216779 0.905800 0.364051 2.350029 -0.140108 0.397926 -0.906656 -0.000000 0.000000 0.000000 0.000000 1.000000
-0.966114 0.145537 0.213171 -2.858765 0.216779 0.905800 0.364051 2.350029 -0.140108 0.397926 -0.906656 -0.000000 0.000000 0.000000 0.000000 1.000000
-0.966114 0.145537 0.213171 -2.858765 0.216779 0.905800 0.364051 2.350029 -0.140108 0.397926 -0.906656 -0.000000 0.000000 0.000000 0.000000 1.000000
-0.966114 0.145537 0.213171 -2.858765 0.216779 0.905800 0.364051 2.350029 -0.140108 0.397926 -0.906656 -0.000000 0.000000 0.000000 0.000000 1.000000</float_array><technique_common><accessor source="#r_arm01_jnt-Matrix-animation-output-transform-array" count="21" stride="16"><param type="float4x4"/></accessor></technique_common></source><source id="r_arm01_jnt-Interpolations"><Name_array id="r_arm01_jnt-Interpolations-array" count="21">
 LINEAR LINEAR LINEAR LINEAR LINEAR LINEAR LINEAR LINEAR LINEAR LINEAR LINEAR
LINEAR LINEAR LINEAR LINEAR LINEAR LINEAR LINEAR LINEAR LINEAR LINEAR</Name_array><technique_common><accessor source="#r_arm01_jnt-Interpolations-array" count="21"><param type="name"/></accessor></technique_common></source><sampler id="r_arm01_jnt-Matrix-animation-transform"><input semantic="INPUT" source="#r_arm01_jnt-Matrix-animation-input"/><input semantic="OUTPUT" source="#r_arm01_jnt-Matrix-animation-output-transform"/><input semantic="INTERPOLATION" source="#r_arm01_jnt-Interpolations"/></sampler><channel source="#r_arm01_jnt-Matrix-animation-transform" target="r_arm01_jnt/matrix"/></animation></animation>
    <animation id="r_arm02_jnt-anim" name="r_arm02_jnt"><animation><source id="r_arm02_jnt-Matrix-animation-input"><float_array id="r_arm02_jnt-Matrix-animation-input-array" count="21">

0.000000 0.033333 0.066667 0.100000 0.133333 0.166667 0.200000 0.233333 0.266667 0.300000 0.333333 0.366667 0.400000 0.433333 0.466667 0.500000
0.533333 0.566667 0.600000 0.633333 0.666667</float_array><technique_common><accessor source="#r_arm02_jnt-Matrix-animation-input-array" count="21"><param name="TIME" type="float"/></accessor></technique_common></source><source id="r_arm02_jnt-Matrix-animation-output-transform"><float_array id="r_arm02_jnt-Matrix-animation-output-transform-array" count="336">

0.254429 0.966856 -0.021347 1.138730 -0.725106 0.176113 -0.665737 0.000000 -0.639912 0.184862 0.745881 -0.000000 0.000000 0.000000 0.000000 1.000000
0.262719 0.964869 -0.002534 1.138730 -0.740446 0.199927 -0.641693 0.000000 -0.618643 0.170461 0.766958 -0.000000 0.000000 0.000000 0.000000 1.000000
0.285433 0.957462 0.042365 1.138730 -0.772753 0.256066 -0.580760 0.000000 -0.566904 0.133030 0.812972 0.000000 0.000000 0.000000 0.000000 1.000000
0.318511 0.943091 0.095556 1.138730 -0.802684 0.321959 -0.502037 0.000000 -0.504232 0.083203 0.859551 -0.000000 0.000000 0.000000 0.000000 1.000000
0.354385 0.924666 0.139299 1.138730 -0.818555 0.378775 -0.431852 0.000000 -0.452082 0.039018 0.891123 0.000000 0.000000 0.000000 0.000000 1.000000
0.382297 0.910558 0.157266 1.138730 -0.817521 0.412623 -0.401748 0.000000 -0.430706 0.025019 0.902145 -0.000000 0.000000 0.000000 0.000000 1.000000
0.400589 0.906245 0.135090 1.138730 -0.795366 0.417131 -0.439766 0.000000 -0.454886 0.068720 0.887894 -0.000000 0.000000 0.000000 0.000000 1.000000
0.417117 0.904826 0.085463 1.138730 -0.756369 0.397732 -0.519341 0.000000 -0.503905 0.151984 0.850283 -0.000000 0.000000 0.000000 0.000000 1.000000
0.431730 0.901323 0.035012 1.138730 -0.716667 0.366334 -0.593454 0.000000 -0.547720 0.231121 0.804106 -0.000000 0.000000 0.000000 0.000000 1.000000
0.438425 0.898688 0.011964 1.138730 -0.698185 0.348931 -0.625128 0.000000 -0.565969 0.265719 0.780431 -0.000000 0.000000 0.000000 0.000000 1.000000
0.433830 0.900905 0.012703 1.138730 -0.700537 0.346143 -0.624045 -0.000000 -0.566603 0.261830 0.781285 -0.000000 0.000000 0.000000 0.000000 1.000000
0.421323 0.906785 0.015118 1.138730 -0.707141 0.338908 -0.620559 0.000000 -0.567837 0.250765 0.784014 -0.000000 0.000000 0.000000 0.000000 1.000000
0.402902 0.915035 0.019502 1.138730 -0.717264 0.328913 -0.614287 0.000000 -0.568509 0.233510 0.788842 -0.000000 0.000000 0.000000 0.000000 1.000000
0.380622 0.924361 0.026145 1.138730 -0.730215 0.317786 -0.604812 -0.000000 -0.567373 0.211113 0.795939 0.000000 0.000000 0.000000 0.000000 1.000000
0.356532 0.933615 0.035334 1.138730 -0.745422 0.307057 -0.591661 0.000000 -0.563233 0.184607 0.805413 -0.000000 0.000000 0.000000 0.000000 1.000000
0.332607 0.941876 0.047343 1.138730 -0.762442 0.298110 -0.574292 0.000000 -0.555026 0.154917 0.817280 -0.000000 0.000000 0.000000 0.000000 1.000000
0.311258 0.947914 0.067657 1.138730 -0.784690 0.296516 -0.544371 0.000000 -0.536078 0.116349 0.836112 -0.000000 0.000000 0.000000 0.000000 1.000000
0.294673 0.950722 0.096413 1.138730 -0.811354 0.302219 -0.500369 0.000000 -0.504849 0.069220 0.860428 0.000000 0.000000 0.000000 0.000000 1.000000
0.283658 0.950625 0.125896 1.138730 -0.836059 0.309469 -0.453028 -0.000000 -0.469621 0.023249 0.882562 -0.000000 0.000000 0.000000 0.000000 1.000000
0.277854 0.949045 0.148699 1.138730 -0.853684 0.314924 -0.414786 -0.000000 -0.440479 -0.011692 0.897687 -0.000000 0.000000 0.000000 0.000000 1.000000
0.276156 0.948065 0.157829 1.138730 -0.860368 0.317045 -0.399061 0.000000 -0.428375 -0.025588 0.903239 0.000000 0.000000 0.000000 0.000000 1.000000</float_array><technique_common><accessor source="#r_arm02_jnt-Matrix-animation-output-transform-array" count="21" stride="16"><param type="float4x4"/></accessor></technique_common></source><source id="r_arm02_jnt-Interpolations"><Name_array id="r_arm02_jnt-Interpolations-array" count="21">
 LINEAR LINEAR LINEAR LINEAR LINEAR LINEAR LINEAR LINEAR LINEAR LINEAR LINEAR
LINEAR LINEAR LINEAR LINEAR LINEAR LINEAR LINEAR LINEAR LINEAR LINEAR</Name_array><technique_common><accessor source="#r_arm02_jnt-Interpolations-array" count="21"><param type="name"/></accessor></technique_common></source><sampler id="r_arm02_jnt-Matrix-animation-transform"><input semantic="INPUT" source="#r_arm02_jnt-Matrix-animation-input"/><input semantic="OUTPUT" source="#r_arm02_jnt-Matrix-animation-output-transform"/><input semantic="INTERPOLATION" source="#r_arm02_jnt-Interpolations"/></sampler><channel source="#r_arm02_jnt-Matrix-animation-transform" target="r_arm02_jnt/matrix"/></animation></animation>
    <animation id="r_arm03_jnt-anim" name="r_arm03_jnt"><animation><source id="r_arm03_jnt-Matrix-animation-input"><float_array id="r_arm03_jnt-Matrix-animation-input-array" count="21">

0.000000 0.033333 0.066667 0.100000 0.133333 0.166667 0.200000 0.233333 0.266667 0.300000 0.333333 0.366667 0.400000 0.433333 0.466667 0.500000
0.533333 0.566667 0.600000 0.633333 0.666667</float_array><technique_common><accessor source="#r_arm03_jnt-Matrix-animation-input-array" count="21"><param name="TIME" type="float"/></accessor></technique_common></source><source id="r_arm03_jnt-Matrix-animation-output-transform"><float_array id="r_arm03_jnt-Matrix-animation-output-transform-array" count="336">

0.363747 -0.789239 0.494762 1.214614 0.517942 0.612835 0.596800 -0.337194 -0.774225 0.039174 0.631697 -0.000000 0.000000 0.000000 0.000000 1.000000
0.361810 -0.791522 0.492530 1.215870 0.519296 0.609884 0.598643 -0.335791 -0.774225 0.039174 0.631697 -0.000000 0.000000 0.000000 0.000000 1.000000
0.356738 -0.797421 0.486680 1.219121 0.522794 0.602150 0.603409 -0.332112 -0.774225 0.039174 0.631697 -0.000000 0.000000 0.000000 0.000000 1.000000
0.349767 -0.805344 0.478627 1.223497 0.527483 0.591511 0.609816 -0.327045 -0.774225 0.039174 0.631697 -0.000000 0.000000 0.000000 0.000000 1.000000
0.342430 -0.813457 0.470138 1.227988 0.532275 0.580305 0.616384 -0.321698 -0.774225 0.039174 0.631697 -0.000000 0.000000 0.000000 0.000000 1.000000
0.336364 -0.819994 0.463108 1.231616 0.536129 0.571030 0.621683 -0.317267 -0.774225 0.039174 0.631697 -0.000000 0.000000 0.000000 0.000000 1.000000
0.330945 -0.825705 0.456822 1.234792 0.539491 0.562740 0.626317 -0.313301 -0.774225 0.039174 0.631697 -0.000000 0.000000 0.000000 0.000000 1.000000
0.325414 -0.831414 0.450396 1.237974 0.542846 0.554270 0.630954 -0.309245 -0.774225 0.039174 0.631697 -0.000000 0.000000 0.000000 0.000000 1.000000
0.321066 -0.835816 0.445340 1.240432 0.545428 0.547610 0.634532 -0.306052 -0.774225 0.039174 0.631697 -0.000000 0.000000 0.000000 0.000000 1.000000
0.319300 -0.837584 0.443285 1.241420 0.546464 0.544903 0.635970 -0.304753 -0.774225 0.039174 0.631697 -0.000000 0.000000 0.000000 0.000000 1.000000
0.320202 -0.836683 0.444334 1.240916 0.545936 0.546285 0.635237 -0.305417 -0.774225 0.039174 0.631697 -0.000000 0.000000 0.000000 0.000000 1.000000
0.322727 -0.834143 0.447273 1.239497 0.544447 0.550156 0.633172 -0.307273 -0.774225 0.039174 0.631697 -0.000000 0.000000 0.000000 0.000000 1.000000
0.326637 -0.830162 0.451818 1.237275 0.542110 0.556144 0.629937 -0.310143 -0.774225 0.039174 0.631697 -0.000000 0.000000 0.000000 0.000000 1.000000
0.331687 -0.824931 0.457682 1.234361 0.539035 0.563875 0.625689 -0.313844 -0.774225 0.039174 0.631697 -0.000000 0.000000 0.000000 0.000000 1.000000
0.337585 -0.818690 0.464525 1.230891 0.535361 0.572898 0.620626 -0.318160 -0.774225 0.039174 0.631697 -0.000000 0.000000 0.000000 0.000000 1.000000
0.343972 -0.811771 0.471923 1.227053 0.531280 0.582661 0.615019 -0.322823 -0.774225 0.039174 0.631697 -0.000000 0.000000 0.000000 0.000000 1.000000
0.350482 -0.804541 0.479454 1.223053 0.527008 0.592603 0.609166 -0.327565 -0.774225 0.039174 0.631697 -0.000000 0.000000 0.000000 0.000000 1.000000
0.356586 -0.797597 0.486504 1.219218 0.522898 0.601917 0.603551 -0.332002 -0.774225 0.039174 0.631697 -0.000000 0.000000 0.000000 0.000000 1.000000
0.361623 -0.791742 0.492315 1.215991 0.519427 0.609598 0.598820 -0.335655 -0.774225 0.039174 0.631697 -0.000000 0.000000 0.000000 0.000000 1.000000
0.365006 -0.787746 0.496213 1.213793 0.517055 0.614753 0.595594 -0.338105 -0.774225 0.039174 0.631697 -0.000000 0.000000 0.000000 0.000000 1.000000
0.366236 -0.786280 0.497630 1.212986 0.516184 0.616627 0.594411 -0.338995 -0.774225 0.039174 0.631697 -0.000000 0.000000 0.000000 0.000000 1.000000</float_array><technique_common><accessor source="#r_arm03_jnt-Matrix-animation-output-transform-array" count="21" stride="16"><param type="float4x4"/></accessor></technique_common></source><source id="r_arm03_jnt-Interpolations"><Name_array id="r_arm03_jnt-Interpolations-array" count="21">
 LINEAR LINEAR LINEAR LINEAR LINEAR LINEAR LINEAR LINEAR LINEAR LINEAR LINEAR
LINEAR LINEAR LINEAR LINEAR LINEAR LINEAR LINEAR LINEAR LINEAR LINEAR</Name_array><technique_common><accessor source="#r_arm03_jnt-Interpolations-array" count="21"><param type="name"/></accessor></technique_common></source><sampler id="r_arm03_jnt-Matrix-animation-transform"><input semantic="INPUT" source="#r_arm03_jnt-Matrix-animation-input"/><input semantic="OUTPUT" source="#r_arm03_jnt-Matrix-animation-output-transform"/><input semantic="INTERPOLATION" source="#r_arm03_jnt-Interpolations"/></sampler><channel source="#r_arm03_jnt-Matrix-animation-transform" target="r_arm03_jnt/matrix"/></animation></animation>
    <animation id="r_arm04_jnt-anim" name="r_arm04_jnt"><animation><source id="r_arm04_jnt-Matrix-animation-input"><float_array id="r_arm04_jnt-Matrix-animation-input-array" count="21">

0.000000 0.033333 0.066667 0.100000 0.133333 0.166667 0.200000 0.233333 0.266667 0.300000 0.333333 0.366667 0.400000 0.433333 0.466667 0.500000
0.533333 0.566667 0.600000 0.633333 0.666667</float_array><technique_common><accessor source="#r_arm04_jnt-Matrix-animation-input-array" count="21"><param name="TIME" type="float"/></accessor></technique_common></source><source id="r_arm04_jnt-Matrix-animation-output-transform"><float_array id="r_arm04_jnt-Matrix-animation-output-transform-array" count="336">

0.970507 -0.238426 -0.035619 3.327914 0.238073 0.971148 -0.013916 -0.000000 0.037909 0.005026 0.999269 0.000000 0.000000 0.000000 0.000000 1.000000
0.972255 -0.231174 -0.035773 3.327914 0.230813 0.972898 -0.013953 -0.000000 0.038029 0.005309 0.999263 0.000000 0.000000 0.000000 0.000000 1.000000
0.976555 -0.212207 -0.036174 3.327914 0.211828 0.977206 -0.014045 -0.000000 0.038330 0.006053 0.999247 0.000000 0.000000 0.000000 0.000000 1.000000
0.981823 -0.186214 -0.036725 3.327914 0.185810 0.982484 -0.014156 -0.000000 0.038718 0.007075 0.999225 -0.000000 0.000000 0.000000 0.000000 1.000000
0.986579 -0.158965 -0.037302 3.327914 0.158534 0.987251 -0.014257 -0.000000 0.039093 0.008152 0.999202 0.000000 0.000000 0.000000 0.000000 1.000000
0.989916 -0.136523 -0.037778 3.327914 0.136070 0.990596 -0.014328 -0.000000 0.039379 0.009043 0.999183 -0.000000 0.000000 0.000000 0.000000 1.000000
0.992449 -0.116556 -0.038201 3.327914 0.116083 0.993135 -0.014382 -0.000000 0.039615 0.009839 0.999167 -0.000000 0.000000 0.000000 0.000000 1.000000
0.994607 -0.096248 -0.038631 3.327914 0.095755 0.995300 -0.014428 -0.000000 0.039838 0.010651 0.999149 0.000000 0.000000 0.000000 0.000000 1.000000
0.996005 -0.080347 -0.038968 3.327914 0.079838 0.996703 -0.014458 -0.000000 0.040001 0.011289 0.999136 0.000000 0.000000 0.000000 0.000000 1.000000
0.996499 -0.073902 -0.039104 3.327914 0.073386 0.997199 -0.014468 -0.000000 0.040064 0.011548 0.999130 -0.000000 0.000000 0.000000 0.000000 1.000000
0.996252 -0.077192 -0.039035 3.327914 0.076680 0.996951 -0.014463 -0.000000 0.040032 0.011416 0.999133 -0.000000 0.000000 0.000000 0.000000 1.000000
0.995502 -0.086417 -0.038839 3.327914 0.085914 0.996198 -0.014447 -0.000000 0.039940 0.011045 0.999141 -0.000000 0.000000 0.000000 0.000000 1.000000
0.994167 -0.100733 -0.038536 3.327914 0.100244 0.994858 -0.014419 -0.000000 0.039790 0.010471 0.999153 -0.000000 0.000000 0.000000 0.000000 1.000000
0.992127 -0.119284 -0.038143 3.327914 0.118814 0.992812 -0.014375 -0.000000 0.039583 0.009730 0.999169 -0.000000 0.000000 0.000000 0.000000 1.000000
0.989287 -0.141036 -0.037682 3.327914 0.140587 0.989965 -0.014315 -0.000000 0.039323 0.008864 0.999187 -0.000000 0.000000 0.000000 0.000000 1.000000
0.985646 -0.164682 -0.037181 3.327914 0.164257 0.986315 -0.014238 -0.000000 0.039017 0.007926 0.999207 -0.000000 0.000000 0.000000 0.000000 1.000000
0.981316 -0.188877 -0.036669 3.327914 0.188475 0.981976 -0.014146 -0.000000 0.038680 0.006970 0.999227 0.000000 0.000000 0.000000 0.000000 1.000000
0.976678 -0.211638 -0.036187 3.327914 0.211258 0.977329 -0.014047 -0.000000 0.038339 0.006075 0.999246 0.000000 0.000000 0.000000 0.000000 1.000000
0.972420 -0.230473 -0.035788 3.327914 0.230112 0.973064 -0.013957 -0.000000 0.038040 0.005337 0.999262 0.000000 0.000000 0.000000 0.000000 1.000000
0.969339 -0.243145 -0.035519 3.327914 0.242796 0.969978 -0.013891 -0.000000 0.037830 0.004842 0.999272 -0.000000 0.000000 0.000000 0.000000 1.000000
0.968174 -0.247758 -0.035421 3.327914 0.247413 0.968811 -0.013867 -0.000000 0.037752 0.004662 0.999276 0.000000 0.000000 0.000000 0.000000 1.000000</float_array><technique_common><accessor source="#r_arm04_jnt-Matrix-animation-output-transform-array" count="21" stride="16"><param type="float4x4"/></accessor></technique_common></source><source id="r_arm04_jnt-Interpolations"><Name_array id="r_arm04_jnt-Interpolations-array" count="21">
 LINEAR LINEAR LINEAR LINEAR LINEAR LINEAR LINEAR LINEAR LINEAR LINEAR LINEAR
LINEAR LINEAR LINEAR LINEAR LINEAR LINEAR LINEAR LINEAR LINEAR LINEAR</Name_array><technique_common><accessor source="#r_arm04_jnt-Interpolations-array" count="21"><param type="name"/></accessor></technique_common></source><sampler id="r_arm04_jnt-Matrix-animation-transform"><input semantic="INPUT" source="#r_arm04_jnt-Matrix-animation-input"/><input semantic="OUTPUT" source="#r_arm04_jnt-Matrix-animation-output-transform"/><input semantic="INTERPOLATION" source="#r_arm04_jnt-Interpolations"/></sampler><channel source="#r_arm04_jnt-Matrix-animation-transform" target="r_arm04_jnt/matrix"/></animation></animation>
    <animation id="r_arm05_jnt-anim" name="r_arm05_jnt"><animation><source id="r_arm05_jnt-Matrix-animation-input"><float_array id="r_arm05_jnt-Matrix-animation-input-array" count="21">

0.000000 0.033333 0.066667 0.100000 0.133333 0.166667 0.200000 0.233333 0.266667 0.300000 0.333333 0.366667 0.400000 0.433333 0.466667 0.500000
0.533333 0.566667 0.600000 0.633333 0.666667</float_array><technique_common><accessor source="#r_arm05_jnt-Matrix-animation-input-array" count="21"><param name="TIME" type="float"/></accessor></technique_common></source><source id="r_arm05_jnt-Matrix-animation-output-transform"><float_array id="r_arm05_jnt-Matrix-animation-output-transform-array" count="336">

-0.112999 0.993593 0.002268 1.353106 -0.993593 -0.112993 -0.002540 -0.000000 -0.002268 -0.002540 0.999994 0.000000 0.000000 0.000000 0.000000 1.000000
-0.112999 0.993593 0.002268 1.353106 -0.993593 -0.112993 -0.002540 -0.000000 -0.002268 -0.002540 0.999994 -0.000000 0.000000 0.000000 0.000000 1.000000
-0.112999 0.993593 0.002268 1.353106 -0.993593 -0.112993 -0.002540 -0.000000 -0.002268 -0.002540 0.999994 -0.000000 0.000000 0.000000 0.000000 1.000000
-0.112999 0.993593 0.002268 1.353106 -0.993593 -0.112993 -0.002540 -0.000000 -0.002268 -0.002540 0.999994 -0.000000 0.000000 0.000000 0.000000 1.000000
