<?xml version="1.0" encoding="utf-8"?>
<COLLADA xmlns="http://www.collada.org/2005/11/COLLADASchema" version="1.4.1">
  <asset><contributor><author></author><authoring_tool>FBX COLLADA exporter</authoring_tool><comments></comments></contributor><created>2020-03-27T16:33:52Z</created><keywords></keywords><modified>2020-03-27T16:33:52Z</modified><revision></revision><subject></subject><title></title><unit meter="0.010000" name="centimeter"></unit><up_axis>Y_UP</up_axis></asset>
  <library_animations>
    <animation id="root_jnt-anim" name="root_jnt"><animation><source id="root_jnt-Matrix-animation-input"><float_array id="root_jnt-Matrix-animation-input-array" count="23">

0.000000 0.033333 0.066667 0.100000 0.133333 0.166667 0.200000 0.233333 0.266667 0.300000 0.333333 0.366667 0.400000 0.433333 0.466667 0.500000
0.533333 0.566667 0.600000 0.633333 0.666667 0.700000 0.733333</float_array><technique_common><accessor source="#root_jnt-Matrix-animation-input-array" count="23"><param name="TIME" type="float"/></accessor></technique_common></source><source id="root_jnt-Matrix-animation-output-transform"><float_array id="root_jnt-Matrix-animation-output-transform-array" count="368">

1.000000 0.000000 0.000000 0.000000 0.000000 1.000000 0.000000 0.000000 0.000000 0.000000 1.000000 0.000000 0.000000 0.000000 0.000000 1.000000
1.000000 0.000000 0.000000 0.000000 0.000000 1.000000 0.000000 0.000000 0.000000 0.000000 1.000000 0.000000 0.000000 0.000000 0.000000 1.000000
1.000000 0.000000 0.000000 0.000000 0.000000 1.000000 0.000000 0.000000 0.000000 0.000000 1.000000 0.000000 0.000000 0.000000 0.000000 1.000000
1.000000 0.000000 0.000000 0.000000 0.000000 1.000000 0.000000 0.000000 0.000000 0.000000 1.000000 0.000000 0.000000 0.000000 0.000000 1.000000
1.000000 0.000000 0.000000 0.000000 0.000000 1.000000 0.000000 0.000000 0.000000 0.000000 1.000000 0.000000 0.000000 0.000000 0.000000 1.000000
1.000000 0.000000 0.000000 0.000000 0.000000 1.000000 0.000000 0.000000 0.000000 0.000000 1.000000 0.000000 0.000000 0.000000 0.000000 1.000000
1.000000 0.000000 0.000000 0.000000 0.000000 1.000000 0.000000 0.000000 0.000000 0.000000 1.000000 0.000000 0.000000 0.000000 0.000000 1.000000
1.000000 0.000000 0.000000 0.000000 0.000000 1.000000 0.000000 0.000000 0.000000 0.000000 1.000000 0.000000 0.000000 0.000000 0.000000 1.000000
1.000000 0.000000 0.000000 0.000000 0.000000 1.000000 0.000000 0.000000 0.000000 0.000000 1.000000 0.000000 0.000000 0.000000 0.000000 1.000000
1.000000 0.000000 0.000000 0.000000 0.000000 1.000000 0.000000 0.000000 0.000000 0.000000 1.000000 0.000000 0.000000 0.000000 0.000000 1.000000
1.000000 0.000000 0.000000 0.000000 0.000000 1.000000 0.000000 0.000000 0.000000 0.000000 1.000000 0.000000 0.000000 0.000000 0.000000 1.000000
1.000000 0.000000 0.000000 0.000000 0.000000 1.000000 0.000000 0.000000 0.000000 0.000000 1.000000 0.000000 0.000000 0.000000 0.000000 1.000000
1.000000 0.000000 0.000000 0.000000 0.000000 1.000000 0.000000 0.000000 0.000000 0.000000 1.000000 0.000000 0.000000 0.000000 0.000000 1.000000
1.000000 0.000000 0.000000 0.000000 0.000000 1.000000 0.000000 0.000000 0.000000 0.000000 1.000000 0.000000 0.000000 0.000000 0.000000 1.000000
1.000000 0.000000 0.000000 0.000000 0.000000 1.000000 0.000000 0.000000 0.000000 0.000000 1.000000 0.000000 0.000000 0.000000 0.000000 1.000000
1.000000 0.000000 0.000000 0.000000 0.000000 1.000000 0.000000 0.000000 0.000000 0.000000 1.000000 0.000000 0.000000 0.000000 0.000000 1.000000
1.000000 0.000000 0.000000 0.000000 0.000000 1.000000 0.000000 0.000000 0.000000 0.000000 1.000000 0.000000 0.000000 0.000000 0.000000 1.000000
1.000000 0.000000 0.000000 0.000000 0.000000 1.000000 0.000000 0.000000 0.000000 0.000000 1.000000 0.000000 0.000000 0.000000 0.000000 1.000000
1.000000 0.000000 0.000000 0.000000 0.000000 1.000000 0.000000 0.000000 0.000000 0.000000 1.000000 0.000000 0.000000 0.000000 0.000000 1.000000
1.000000 0.000000 0.000000 0.000000 0.000000 1.000000 0.000000 0.000000 0.000000 0.000000 1.000000 0.000000 0.000000 0.000000 0.000000 1.000000
1.000000 0.000000 0.000000 0.000000 0.000000 1.000000 0.000000 0.000000 0.000000 0.000000 1.000000 0.000000 0.000000 0.000000 0.000000 1.000000
1.000000 0.000000 0.000000 0.000000 0.000000 1.000000 0.000000 0.000000 0.000000 0.000000 1.000000 0.000000 0.000000 0.000000 0.000000 1.000000
1.000000 0.000000 0.000000 0.000000 0.000000 1.000000 0.000000 0.000000 0.000000 0.000000 1.000000 0.000000 0.000000 0.000000 0.000000 1.000000</float_array><technique_common><accessor source="#root_jnt-Matrix-animation-output-transform-array" count="23" stride="16"><param type="float4x4"/></accessor></technique_common></source><source id="root_jnt-Interpolations"><Name_array id="root_jnt-Interpolations-array" count="23">
 LINEAR LINEAR LINEAR LINEAR LINEAR LINEAR LINEAR LINEAR LINEAR LINEAR LINEAR
LINEAR LINEAR LINEAR LINEAR LINEAR LINEAR LINEAR LINEAR LINEAR LINEAR LINEAR LINEAR</Name_array><technique_common><accessor source="#root_jnt-Interpolations-array" count="23"><param type="name"/></accessor></technique_common></source><sampler id="root_jnt-Matrix-animation-transform"><input semantic="INPUT" source="#root_jnt-Matrix-animation-input"/><input semantic="OUTPUT" source="#root_jnt-Matrix-animation-output-transform"/><input semantic="INTERPOLATION" source="#root_jnt-Interpolations"/></sampler><channel source="#root_jnt-Matrix-animation-transform" target="root_jnt/matrix"/></animation></animation>
    <animation id="jnt_spine2-anim" name="jnt_spine2"><animation><source id="jnt_spine2-Matrix-animation-input"><float_array id="jnt_spine2-Matrix-animation-input-array" count="23">

0.000000 0.033333 0.066667 0.100000 0.133333 0.166667 0.200000 0.233333 0.266667 0.300000 0.333333 0.366667 0.400000 0.433333 0.466667 0.500000
0.533333 0.566667 0.600000 0.633333 0.666667 0.700000 0.733333</float_array><technique_common><accessor source="#jnt_spine2-Matrix-animation-input-array" count="23"><param name="TIME" type="float"/></accessor></technique_common></source><source id="jnt_spine2-Matrix-animation-output-transform"><float_array id="jnt_spine2-Matrix-animation-output-transform-array" count="368">

0.986603 0.020004 0.161911 0.180235 -0.028026 0.998482 0.047414 7.047826 -0.160717 -0.051316 0.985666 -0.000000 0.000000 0.000000 0.000000 1.000000
0.986816 0.018786 0.160754 0.180235 -0.026789 0.998499 0.047762 7.375017 -0.159616 -0.051438 0.985838 -0.004824 0.000000 0.000000 0.000000 1.000000
0.987386 0.015448 0.157578 0.180235 -0.023395 0.998539 0.048701 7.606985 -0.156596 -0.051773 0.986305 -0.016327 0.000000 0.000000 0.000000 1.000000
0.988198 0.010465 0.152822 0.180235 -0.018317 0.998578 0.050065 7.756663 -0.152080 -0.052273 0.986985 -0.030056 0.000000 0.000000 0.000000 1.000000
0.989138 0.004310 0.146924 0.180235 -0.012028 0.998591 0.051685 7.836986 -0.146494 -0.052891 0.987797 -0.041558 0.000000 0.000000 0.000000 1.000000
0.990102 -0.002542 0.140328 0.180235 -0.005005 0.998560 0.053405 7.860886 -0.140262 -0.053579 0.988664 -0.046382 0.000000 0.000000 0.000000 1.000000
0.991004 -0.009619 0.133483 0.180235 0.002272 0.998479 0.055088 7.771378 -0.133810 -0.054289 0.989519 -0.042946 0.000000 0.000000 0.000000 1.000000
0.991786 -0.016453 0.126844 0.180235 0.009320 0.998352 0.056622 7.550986 -0.127567 -0.054974 0.990305 -0.034357 0.000000 0.000000 0.000000 1.000000
0.992411 -0.022575 0.120871 0.180235 0.015652 0.998199 0.057920 7.271910 -0.121961 -0.055588 0.990977 -0.023191 0.000000 0.000000 0.000000 1.000000
0.992864 -0.027522 0.116029 0.180235 0.020780 0.998047 0.058916 7.006349 -0.117424 -0.056084 0.991497 -0.012025 0.000000 0.000000 0.000000 1.000000
0.993141 -0.030829 0.112783 0.180235 0.024215 0.997931 0.059555 6.826501 -0.114386 -0.056416 0.991833 -0.003436 0.000000 0.000000 0.000000 1.000000
0.993237 -0.032035 0.111598 0.180235 0.025468 0.997886 0.059783 7.047826 -0.113278 -0.056537 0.991954 -0.000000 0.000000 0.000000 0.000000 1.000000
0.993140 -0.030879 0.112780 0.180235 0.024265 0.997930 0.059557 7.434150 -0.114386 -0.056412 0.991833 -0.003436 0.000000 0.000000 0.000000 1.000000
0.992861 -0.027708 0.116018 0.180235 0.020967 0.998042 0.058922 7.676024 -0.117424 -0.056069 0.991498 -0.012025 0.000000 0.000000 0.000000 1.000000
0.992405 -0.022965 0.120849 0.180235 0.016044 0.998191 0.057934 7.806541 -0.121961 -0.055555 0.990979 -0.023191 0.000000 0.000000 0.000000 1.000000
0.991780 -0.017095 0.126808 0.180235 0.009965 0.998344 0.056649 7.858795 -0.127567 -0.054920 0.990308 -0.034357 0.000000 0.000000 0.000000 1.000000
0.991002 -0.010542 0.133432 0.180235 0.003198 0.998474 0.055134 7.865879 -0.133810 -0.054211 0.989523 -0.042946 0.000000 0.000000 0.000000 1.000000
0.990107 -0.003755 0.140263 0.180235 -0.003789 0.998562 0.053474 7.860886 -0.140262 -0.053476 0.988669 -0.046382 0.000000 0.000000 0.000000 1.000000
0.989155 0.002817 0.146845 0.180235 -0.010531 0.998603 0.051780 7.720437 -0.146494 -0.052765 0.987803 -0.041558 0.000000 0.000000 0.000000 1.000000
0.988229 0.008721 0.152732 0.180235 -0.016569 0.998602 0.050186 7.400156 -0.152080 -0.052126 0.986993 -0.030056 0.000000 0.000000 0.000000 1.000000
0.987430 0.013502 0.157479 0.180235 -0.021445 0.998576 0.048846 7.051644 -0.156596 -0.051609 0.986314 -0.016327 0.000000 0.000000 0.000000 1.000000
0.986870 0.016704 0.160650 0.180235 -0.024703 0.998546 0.047923 6.826501 -0.159616 -0.051262 0.985847 -0.004824 0.000000 0.000000 0.000000 1.000000
0.986661 0.017873 0.161805 0.180235 -0.025891 0.998532 0.047581 7.047826 -0.160717 -0.051136 0.985675 -0.000000 0.000000 0.000000 0.000000 1.000000</float_array><technique_common><accessor source="#jnt_spine2-Matrix-animation-output-transform-array" count="23" stride="16"><param type="float4x4"/></accessor></technique_common></source><source id="jnt_spine2-Interpolations"><Name_array id="jnt_spine2-Interpolations-array" count="23">
 LINEAR LINEAR LINEAR LINEAR LINEAR LINEAR LINEAR LINEAR LINEAR LINEAR LINEAR
LINEAR LINEAR LINEAR LINEAR LINEAR LINEAR LINEAR LINEAR LINEAR LINEAR LINEAR LINEAR</Name_array><technique_common><accessor source="#jnt_spine2-Interpolations-array" count="23"><param type="name"/></accessor></technique_common></source><sampler id="jnt_spine2-Matrix-animation-transform"><input semantic="INPUT" source="#jnt_spine2-Matrix-animation-input"/><input semantic="OUTPUT" source="#jnt_spine2-Matrix-animation-output-transform"/><input semantic="INTERPOLATION" source="#jnt_spine2-Interpolations"/></sampler><channel source="#jnt_spine2-Matrix-animation-transform" target="jnt_spine2/matrix"/></animation></animation>
    <animation id="neck_jnt-anim" name="neck_jnt"><animation><source id="neck_jnt-Matrix-animation-input"><float_array id="neck_jnt-Matrix-animation-input-array" count="23">

0.000000 0.033333 0.066667 0.100000 0.133333 0.166667 0.200000 0.233333 0.266667 0.300000 0.333333 0.366667 0.400000 0.433333 0.466667 0.500000
0.533333 0.566667 0.600000 0.633333 0.666667 0.700000 0.733333</float_array><technique_common><accessor source="#neck_jnt-Matrix-animation-input-array" count="23"><param name="TIME" type="float"/></accessor></technique_common></source><source id="neck_jnt-Matrix-animation-output-transform"><float_array id="neck_jnt-Matrix-animation-output-transform-array" count="368">

1.000000 -0.000000 0.000000 -1.220000 0.000000 1.000000 0.000000 2.357033 -0.000000 -0.000000 1.000000 2.698746 0.000000 0.000000 0.000000 1.000000
1.000000 -0.000000 0.000000 -1.220000 0.000000 1.000000 0.000000 2.357033 -0.000000 -0.000000 1.000000 2.698746 0.000000 0.000000 0.000000 1.000000
1.000000 -0.000000 0.000000 -1.220000 0.000000 1.000000 0.000000 2.357033 -0.000000 -0.000000 1.000000 2.698746 0.000000 0.000000 0.000000 1.000000
1.000000 -0.000000 0.000000 -1.220000 0.000000 1.000000 0.000000 2.357033 -0.000000 -0.000000 1.000000 2.698746 0.000000 0.000000 0.000000 1.000000
1.000000 -0.000000 0.000000 -1.220000 0.000000 1.000000 0.000000 2.357033 -0.000000 -0.000000 1.000000 2.698746 0.000000 0.000000 0.000000 1.000000
1.000000 -0.000000 0.000000 -1.220000 0.000000 1.000000 0.000000 2.357033 -0.000000 -0.000000 1.000000 2.698746 0.000000 0.000000 0.000000 1.000000
1.000000 -0.000000 0.000000 -1.220000 0.000000 1.000000 0.000000 2.357033 -0.000000 -0.000000 1.000000 2.698746 0.000000 0.000000 0.000000 1.000000
1.000000 -0.000000 0.000000 -1.220000 0.000000 1.000000 0.000000 2.357033 -0.000000 -0.000000 1.000000 2.698746 0.000000 0.000000 0.000000 1.000000
1.000000 -0.000000 0.000000 -1.220000 0.000000 1.000000 0.000000 2.357033 -0.000000 -0.000000 1.000000 2.698746 0.000000 0.000000 0.000000 1.000000
1.000000 -0.000000 0.000000 -1.220000 0.000000 1.000000 0.000000 2.357033 -0.000000 -0.000000 1.000000 2.698746 0.000000 0.000000 0.000000 1.000000
1.000000 -0.000000 0.000000 -1.220000 0.000000 1.000000 0.000000 2.357033 -0.000000 -0.000000 1.000000 2.698746 0.000000 0.000000 0.000000 1.000000
1.000000 -0.000000 0.000000 -1.220000 0.000000 1.000000 0.000000 2.357033 -0.000000 -0.000000 1.000000 2.698746 0.000000 0.000000 0.000000 1.000000
1.000000 -0.000000 0.000000 -1.220000 0.000000 1.000000 0.000000 2.357033 -0.000000 -0.000000 1.000000 2.698746 0.000000 0.000000 0.000000 1.000000
1.000000 -0.000000 0.000000 -1.220000 0.000000 1.000000 0.000000 2.357033 -0.000000 -0.000000 1.000000 2.698746 0.000000 0.000000 0.000000 1.000000
1.000000 -0.000000 0.000000 -1.220000 0.000000 1.000000 0.000000 2.357033 -0.000000 -0.000000 1.000000 2.698746 0.000000 0.000000 0.000000 1.000000
1.000000 -0.000000 0.000000 -1.220000 0.000000 1.000000 0.000000 2.357033 -0.000000 -0.000000 1.000000 2.698746 0.000000 0.000000 0.000000 1.000000
1.000000 -0.000000 0.000000 -1.220000 0.000000 1.000000 0.000000 2.357033 -0.000000 -0.000000 1.000000 2.698746 0.000000 0.000000 0.000000 1.000000
1.000000 -0.000000 0.000000 -1.220000 0.000000 1.000000 0.000000 2.357033 -0.000000 -0.000000 1.000000 2.698746 0.000000 0.000000 0.000000 1.000000
1.000000 -0.000000 0.000000 -1.220000 0.000000 1.000000 0.000000 2.357033 -0.000000 -0.000000 1.000000 2.698746 0.000000 0.000000 0.000000 1.000000
1.000000 -0.000000 0.000000 -1.220000 0.000000 1.000000 0.000000 2.357033 -0.000000 -0.000000 1.000000 2.698746 0.000000 0.000000 0.000000 1.000000
1.000000 -0.000000 0.000000 -1.220000 0.000000 1.000000 0.000000 2.357033 -0.000000 -0.000000 1.000000 2.698746 0.000000 0.000000 0.000000 1.000000
1.000000 -0.000000 0.000000 -1.220000 0.000000 1.000000 0.000000 2.357033 -0.000000 -0.000000 1.000000 2.698746 0.000000 0.000000 0.000000 1.000000
1.000000 -0.000000 0.000000 -1.220000 0.000000 1.000000 0.000000 2.357033 -0.000000 -0.000000 1.000000 2.698746 0.000000 0.000000 0.000000 1.000000</float_array><technique_common><accessor source="#neck_jnt-Matrix-animation-output-transform-array" count="23" stride="16"><param type="float4x4"/></accessor></technique_common></source><source id="neck_jnt-Interpolations"><Name_array id="neck_jnt-Interpolations-array" count="23">
 LINEAR LINEAR LINEAR LINEAR LINEAR LINEAR LINEAR LINEAR LINEAR LINEAR LINEAR
LINEAR LINEAR LINEAR LINEAR LINEAR LINEAR LINEAR LINEAR LINEAR LINEAR LINEAR LINEAR</Name_array><technique_common><accessor source="#neck_jnt-Interpolations-array" count="23"><param type="name"/></accessor></technique_common></source><sampler id="neck_jnt-Matrix-animation-transform"><input semantic="INPUT" source="#neck_jnt-Matrix-animation-input"/><input semantic="OUTPUT" source="#neck_jnt-Matrix-animation-output-transform"/><input semantic="INTERPOLATION" source="#neck_jnt-Interpolations"/></sampler><channel source="#neck_jnt-Matrix-animation-transform" target="neck_jnt/matrix"/></animation></animation>
    <animation id="head_jnt-anim" name="head_jnt"><animation><source id="head_jnt-Matrix-animation-input"><float_array id="head_jnt-Matrix-animation-input-array" count="23">

0.000000 0.033333 0.066667 0.100000 0.133333 0.166667 0.200000 0.233333 0.266667 0.300000 0.333333 0.366667 0.400000 0.433333 0.466667 0.500000
0.533333 0.566667 0.600000 0.633333 0.666667 0.700000 0.733333</float_array><technique_common><accessor source="#head_jnt-Matrix-animation-input-array" count="23"><param name="TIME" type="float"/></accessor></technique_common></source><source id="head_jnt-Matrix-animation-output-transform"><float_array id="head_jnt-Matrix-animation-output-transform-array" count="368">

0.865942 -0.067486 0.495570 0.000000 0.058573 0.997720 0.033521 0.000000 -0.496702 -0.000000 0.867921 -0.000000 0.000000 0.000000 0.000000 1.000000
0.866093 -0.064876 0.495656 0.000000 0.056307 0.997893 0.032224 0.000000 -0.496702 -0.000000 0.867921 -0.000000 0.000000 0.000000 0.000000 1.000000
0.866474 -0.057715 0.495874 0.000000 0.050092 0.998333 0.028667 0.000000 -0.496702 0.000000 0.867921 -0.000000 0.000000 0.000000 0.000000 1.000000
0.866962 -0.047011 0.496153 0.000000 0.040802 0.998894 0.023350 -0.000000 -0.496702 -0.000000 0.867921 -0.000000 0.000000 0.000000 0.000000 1.000000
0.867426 -0.033771 0.496419 0.000000 0.029311 0.999430 0.016774 -0.000000 -0.496702 -0.000000 0.867921 0.000000 0.000000 0.000000 0.000000 1.000000
0.867764 -0.019006 0.496612 0.000000 0.016496 0.999819 0.009440 0.000000 -0.496702 -0.000000 0.867921 -0.000000 0.000000 0.000000 0.000000 1.000000
0.867915 -0.003731 0.496699 0.000000 0.003238 0.999993 0.001853 -0.000000 -0.496702 -0.000000 0.867921 -0.000000 0.000000 0.000000 0.000000 1.000000
0.867868 0.011039 0.496672 -0.000000 -0.009581 0.999939 -0.005483 0.000000 -0.496702 -0.000000 0.867921 -0.000000 0.000000 0.000000 0.000000 1.000000
0.867665 0.024288 0.496555 0.000000 -0.021080 0.999705 -0.012064 0.000000 -0.496702 0.000000 0.867921 -0.000000 0.000000 0.000000 0.000000 1.000000
0.867389 0.035002 0.496398 0.000000 -0.030379 0.999387 -0.017386 -0.000000 -0.496702 -0.000000 0.867921 0.000000 0.000000 0.000000 0.000000 1.000000
0.867149 0.042171 0.496260 0.000000 -0.036601 0.999110 -0.020946 -0.000000 -0.496702 0.000000 0.867921 -0.000000 0.000000 0.000000 0.000000 1.000000
0.867050 0.044785 0.496204 0.000000 -0.038870 0.998997 -0.022245 0.000000 -0.496702 0.000000 0.867921 0.000000 0.000000 0.000000 0.000000 1.000000
0.867149 0.042171 0.496260 0.000000 -0.036601 0.999110 -0.020946 -0.000000 -0.496702 0.000000 0.867921 -0.000000 0.000000 0.000000 0.000000 1.000000
0.867389 0.035002 0.496398 0.000000 -0.030379 0.999387 -0.017386 0.000000 -0.496702 -0.000000 0.867921 0.000000 0.000000 0.000000 0.000000 1.000000
0.867665 0.024288 0.496555 0.000000 -0.021080 0.999705 -0.012064 0.000000 -0.496702 0.000000 0.867921 -0.000000 0.000000 0.000000 0.000000 1.000000
0.867868 0.011039 0.496672 0.000000 -0.009581 0.999939 -0.005483 0.000000 -0.496702 0.000000 0.867921 -0.000000 0.000000 0.000000 0.000000 1.000000
0.867915 -0.003731 0.496699 0.000000 0.003238 0.999993 0.001853 0.000000 -0.496702 0.000000 0.867921 -0.000000 0.000000 0.000000 0.000000 1.000000
0.867764 -0.019006 0.496612 0.000000 0.016496 0.999819 0.009440 0.000000 -0.496702 0.000000 0.867921 0.000000 0.000000 0.000000 0.000000 1.000000
0.867426 -0.033771 0.496419 0.000000 0.029311 0.999430 0.016774 -0.000000 -0.496702 0.000000 0.867921 -0.000000 0.000000 0.000000 0.000000 1.000000
0.866962 -0.047011 0.496153 0.000000 0.040802 0.998894 0.023350 -0.000000 -0.496702 -0.000000 0.867921 -0.000000 0.000000 0.000000 0.000000 1.000000
0.866474 -0.057715 0.495874 0.000000 0.050092 0.998333 0.028667 0.000000 -0.496702 0.000000 0.867921 -0.000000 0.000000 0.000000 0.000000 1.000000
0.866093 -0.064876 0.495656 0.000000 0.056307 0.997893 0.032224 0.000000 -0.496702 0.000000 0.867921 -0.000000 0.000000 0.000000 0.000000 1.000000
0.865942 -0.067486 0.495570 -0.000000 0.058573 0.997720 0.033521 0.000000 -0.496702 -0.000000 0.867921 0.000000 0.000000 0.000000 0.000000 1.000000</float_array><technique_common><accessor source="#head_jnt-Matrix-animation-output-transform-array" count="23" stride="16"><param type="float4x4"/></accessor></technique_common></source><source id="head_jnt-Interpolations"><Name_array id="head_jnt-Interpolations-array" count="23">
 LINEAR LINEAR LINEAR LINEAR LINEAR LINEAR LINEAR LINEAR LINEAR LINEAR LINEAR
LINEAR LINEAR LINEAR LINEAR LINEAR LINEAR LINEAR LINEAR LINEAR LINEAR LINEAR LINEAR</Name_array><technique_common><accessor source="#head_jnt-Interpolations-array" count="23"><param type="name"/></accessor></technique_common></source><sampler id="head_jnt-Matrix-animation-transform"><input semantic="INPUT" source="#head_jnt-Matrix-animation-input"/><input semantic="OUTPUT" source="#head_jnt-Matrix-animation-output-transform"/><input semantic="INTERPOLATION" source="#head_jnt-Interpolations"/></sampler><channel source="#head_jnt-Matrix-animation-transform" target="head_jnt/matrix"/></animation></animation>
    <animation id="r_arm01_jnt-anim" name="r_arm01_jnt"><animation><source id="r_arm01_jnt-Matrix-animation-input"><float_array id="r_arm01_jnt-Matrix-animation-input-array" count="23">

0.000000 0.033333 0.066667 0.100000 0.133333 0.166667 0.200000 0.233333 0.266667 0.300000 0.333333 0.366667 0.400000 0.433333 0.466667 0.500000
0.533333 0.566667 0.600000 0.633333 0.666667 0.700000 0.733333</float_array><technique_common><accessor source="#r_arm01_jnt-Matrix-animation-input-array" count="23"><param name="TIME" type="float"/></accessor></technique_common></source><source id="r_arm01_jnt-Matrix-animation-output-transform"><float_array id="r_arm01_jnt-Matrix-animation-output-transform-array" count="368">

-0.610274 0.792190 0.000000 -2.858765 0.792190 0.610274 -0.000000 2.350029 -0.000000 -0.000000 -1.000000 -0.000000 0.000000 0.000000 0.000000 1.000000
-0.610274 0.792190 0.000000 -2.858765 0.792190 0.610274 -0.000000 2.350029 -0.000000 0.000000 -1.000000 -0.000000 0.000000 0.000000 0.000000 1.000000
-0.610274 0.792190 0.000000 -2.858765 0.792190 0.610274 -0.000000 2.350029 -0.000000 0.000000 -1.000000 -0.000000 0.000000 0.000000 0.000000 1.000000
-0.610274 0.792190 0.000000 -2.858765 0.792190 0.610274 -0.000000 2.350029 -0.000000 0.000000 -1.000000 -0.000000 0.000000 0.000000 0.000000 1.000000
-0.610274 0.792190 0.000000 -2.858765 0.792190 0.610274 -0.000000 2.350029 -0.000000 0.000000 -1.000000 -0.000000 0.000000 0.000000 0.000000 1.000000
-0.610274 0.792190 0.000000 -2.858765 0.792190 0.610274 -0.000000 2.350029 -0.000000 -0.000000 -1.000000 -0.000000 0.000000 0.000000 0.000000 1.000000
-0.610274 0.792190 0.000000 -2.858765 0.792190 0.610274 -0.000000 2.350029 -0.000000 0.000000 -1.000000 -0.000000 0.000000 0.000000 0.000000 1.000000
-0.610274 0.792190 0.000000 -2.858765 0.792190 0.610274 -0.000000 2.350029 -0.000000 0.000000 -1.000000 -0.000000 0.000000 0.000000 0.000000 1.000000
-0.610274 0.792190 0.000000 -2.858765 0.792190 0.610274 -0.000000 2.350029 -0.000000 0.000000 -1.000000 -0.000000 0.000000 0.000000 0.000000 1.000000
-0.610274 0.792190 0.000000 -2.858765 0.792190 0.610274 -0.000000 2.350029 -0.000000 0.000000 -1.000000 -0.000000 0.000000 0.000000 0.000000 1.000000
-0.610274 0.792190 0.000000 -2.858765 0.792190 0.610274 -0.000000 2.350029 -0.000000 0.000000 -1.000000 -0.000000 0.000000 0.000000 0.000000 1.000000
-0.610274 0.792190 0.000000 -2.858765 0.792190 0.610274 -0.000000 2.350029 -0.000000 -0.000000 -1.000000 -0.000000 0.000000 0.000000 0.000000 1.000000
-0.610274 0.792190 0.000000 -2.858765 0.792190 0.610274 -0.000000 2.350029 -0.000000 0.000000 -1.000000 -0.000000 0.000000 0.000000 0.000000 1.000000
-0.610274 0.792190 0.000000 -2.858765 0.792190 0.610274 -0.000000 2.350029 -0.000000 0.000000 -1.000000 -0.000000 0.000000 0.000000 0.000000 1.000000
-0.610274 0.792190 0.000000 -2.858765 0.792190 0.610274 -0.000000 2.350029 -0.000000 0.000000 -1.000000 -0.000000 0.000000 0.000000 0.000000 1.000000
-0.610274 0.792190 0.000000 -2.858765 0.792190 0.610274 -0.000000 2.350029 -0.000000 -0.000000 -1.000000 -0.000000 0.000000 0.000000 0.000000 1.000000
-0.610274 0.792190 0.000000 -2.858765 0.792190 0.610274 -0.000000 2.350029 -0.000000 0.000000 -1.000000 -0.000000 0.000000 0.000000 0.000000 1.000000
-0.610274 0.792190 0.000000 -2.858765 0.792190 0.610274 -0.000000 2.350029 -0.000000 0.000000 -1.000000 -0.000000 0.000000 0.000000 0.000000 1.000000
-0.610274 0.792190 0.000000 -2.858765 0.792190 0.610274 -0.000000 2.350029 -0.000000 0.000000 -1.000000 -0.000000 0.000000 0.000000 0.000000 1.000000
-0.610274 0.792190 0.000000 -2.858765 0.792190 0.610274 -0.000000 2.350029 -0.000000 0.000000 -1.000000 -0.000000 0.000000 0.000000 0.000000 1.000000
-0.610274 0.792190 0.000000 -2.858765 0.792190 0.610274 -0.000000 2.350029 -0.000000 0.000000 -1.000000 -0.000000 0.000000 0.000000 0.000000 1.000000
-0.610274 0.792190 0.000000 -2.858765 0.792190 0.610274 -0.000000 2.350029 -0.000000 0.000000 -1.000000 -0.000000 0.000000 0.000000 0.000000 1.000000
-0.610274 0.792190 0.000000 -2.858765 0.792190 0.610274 -0.000000 2.350029 -0.000000 0.000000 -1.000000 -0.000000 0.000000 0.000000 0.000000 1.000000</float_array><technique_common><accessor source="#r_arm01_jnt-Matrix-animation-output-transform-array" count="23" stride="16"><param type="float4x4"/></accessor></technique_common></source><source id="r_arm01_jnt-Interpolations"><Name_array id="r_arm01_jnt-Interpolations-array" count="23">
 LINEAR LINEAR LINEAR LINEAR LINEAR LINEAR LINEAR LINEAR LINEAR LINEAR LINEAR
LINEAR LINEAR LINEAR LINEAR LINEAR LINEAR LINEAR LINEAR LINEAR LINEAR LINEAR LINEAR</Name_array><technique_common><accessor source="#r_arm01_jnt-Interpolations-array" count="23"><param type="name"/></accessor></technique_common></source><sampler id="r_arm01_jnt-Matrix-animation-transform"><input semantic="INPUT" source="#r_arm01_jnt-Matrix-animation-input"/><input semantic="OUTPUT" source="#r_arm01_jnt-Matrix-animation-output-transform"/><input semantic="INTERPOLATION" source="#r_arm01_jnt-Interpolations"/></sampler><channel source="#r_arm01_jnt-Matrix-animation-transform" target="r_arm01_jnt/matrix"/></animation></animation>
    <animation id="r_arm02_jnt-anim" name="r_arm02_jnt"><animation><source id="r_arm02_jnt-Matrix-animation-input"><float_array id="r_arm02_jnt-Matrix-animation-input-array" count="23">

0.000000 0.033333 0.066667 0.100000 0.133333 0.166667 0.200000 0.233333 0.266667 0.300000 0.333333 0.366667 0.400000 0.433333 0.466667 0.500000
0.533333 0.566667 0.600000 0.633333 0.666667 0.700000 0.733333</float_array><technique_common><accessor source="#r_arm02_jnt-Matrix-animation-input-array" count="23"><param name="TIME" type="float"/></accessor></technique_common></source><source id="r_arm02_jnt-Matrix-animation-output-transform"><float_array id="r_arm02_jnt-Matrix-animation-output-transform-array" count="368">

-0.316586 0.946781 -0.058132 1.138730 -0.945455 -0.309998 0.100080 -0.110455 0.076733 0.086645 0.993280 -0.000000 0.000000 0.000000 0.000000 1.000000
-0.316586 0.946781 -0.058132 1.138730 -0.945455 -0.309998 0.100080 0.153317 0.076733 0.086645 0.993280 0.000000 0.000000 0.000000 0.000000 1.000000
-0.316586 0.946781 -0.058132 1.138730 -0.945455 -0.309998 0.100080 0.234056 0.076733 0.086645 0.993280 0.000000 0.000000 0.000000 0.000000 1.000000
-0.316586 0.946781 -0.058132 1.138730 -0.945455 -0.309998 0.100080 0.203235 0.076733 0.086645 0.993280 -0.000000 0.000000 0.000000 0.000000 1.000000
-0.316586 0.946781 -0.058132 1.138730 -0.945455 -0.309998 0.100080 0.132329 0.076733 0.086645 0.993280 0.000000 0.000000 0.000000 0.000000 1.000000
-0.316586 0.946781 -0.058132 1.138730 -0.945455 -0.309998 0.100080 0.092810 0.076733 0.086645 0.993280 0.000000 0.000000 0.000000 0.000000 1.000000
-0.316586 0.946781 -0.058132 1.138730 -0.945455 -0.309998 0.100080 0.083984 0.076733 0.086645 0.993280 0.000000 0.000000 0.000000 0.000000 1.000000
-0.316586 0.946781 -0.058132 1.138730 -0.945455 -0.309998 0.100080 0.055988 0.076733 0.086645 0.993280 0.000000 0.000000 0.000000 0.000000 1.000000
-0.316586 0.946781 -0.058132 1.138730 -0.945455 -0.309998 0.100080 0.006546 0.076733 0.086645 0.993280 -0.000000 0.000000 0.000000 0.000000 1.000000
-0.316586 0.946781 -0.058132 1.138730 -0.945455 -0.309998 0.100080 -0.066620 0.076733 0.086645 0.993280 0.000000 0.000000 0.000000 0.000000 1.000000
-0.316586 0.946781 -0.058132 1.138730 -0.945455 -0.309998 0.100080 -0.165786 0.076733 0.086645 0.993280 -0.000000 0.000000 0.000000 0.000000 1.000000
-0.316586 0.946781 -0.058132 1.138730 -0.945455 -0.309998 0.100080 -0.110455 0.076733 0.086645 0.993280 0.000000 0.000000 0.000000 0.000000 1.000000
-0.316586 0.946781 -0.058132 1.138730 -0.945455 -0.309998 0.100080 0.230699 0.076733 0.086645 0.993280 -0.000000 0.000000 0.000000 0.000000 1.000000
-0.316586 0.946781 -0.058132 1.138730 -0.945455 -0.309998 0.100080 0.359648 0.076733 0.086645 0.993280 0.000000 0.000000 0.000000 0.000000 1.000000
-0.316586 0.946781 -0.058132 1.138730 -0.945455 -0.309998 0.100080 0.343363 0.076733 0.086645 0.993280 -0.000000 0.000000 0.000000 0.000000 1.000000
-0.316586 0.946781 -0.058132 1.138730 -0.945455 -0.309998 0.100080 0.248814 0.076733 0.086645 0.993280 -0.000000 0.000000 0.000000 0.000000 1.000000
-0.316586 0.946781 -0.058132 1.138730 -0.945455 -0.309998 0.100080 0.142973 0.076733 0.086645 0.993280 0.000000 0.000000 0.000000 0.000000 1.000000
-0.316586 0.946781 -0.058132 1.138730 -0.945455 -0.309998 0.100080 0.092810 0.076733 0.086645 0.993280 -0.000000 0.000000 0.000000 0.000000 1.000000
-0.316586 0.946781 -0.058132 1.138730 -0.945455 -0.309998 0.100080 0.073578 0.076733 0.086645 0.993280 0.000000 0.000000 0.000000 0.000000 1.000000
-0.316586 0.946781 -0.058132 1.138730 -0.945455 -0.309998 0.100080 0.019974 0.076733 0.086645 0.993280 -0.000000 0.000000 0.000000 0.000000 1.000000
-0.316586 0.946781 -0.058132 1.138730 -0.945455 -0.309998 0.100080 -0.061860 0.076733 0.086645 0.993280 0.000000 0.000000 0.000000 0.000000 1.000000
-0.316586 0.946781 -0.058132 1.138730 -0.945455 -0.309998 0.100080 -0.165786 0.076733 0.086645 0.993280 -0.000000 0.000000 0.000000 0.000000 1.000000
-0.316586 0.946781 -0.058132 1.138730 -0.945455 -0.309998 0.100080 -0.110455 0.076733 0.086645 0.993280 -0.000000 0.000000 0.000000 0.000000 1.000000</float_array><technique_common><accessor source="#r_arm02_jnt-Matrix-animation-output-transform-array" count="23" stride="16"><param type="float4x4"/></accessor></technique_common></source><source id="r_arm02_jnt-Interpolations"><Name_array id="r_arm02_jnt-Interpolations-array" count="23">
 LINEAR LINEAR LINEAR LINEAR LINEAR LINEAR LINEAR LINEAR LINEAR LINEAR LINEAR
LINEAR LINEAR LINEAR LINEAR LINEAR LINEAR LINEAR LINEAR LINEAR LINEAR LINEAR LINEAR</Name_array><technique_common><accessor source="#r_arm02_jnt-Interpolations-array" count="23"><param type="name"/></accessor></technique_common></source><sampler id="r_arm02_jnt-Matrix-animation-transform"><input semantic="INPUT" source="#r_arm02_jnt-Matrix-animation-input"/><input semantic="OUTPUT" source="#r_arm02_jnt-Matrix-animation-output-transform"/><input semantic="INTERPOLATION" source="#r_arm02_jnt-Interpolations"/></sampler><channel source="#r_arm02_jnt-Matrix-animation-transform" target="r_arm02_jnt/matrix"/></animation></animation>
    <animation id="r_arm03_jnt-anim" name="r_arm03_jnt"><animation><source id="r_arm03_jnt-Matrix-animation-input"><float_array id="r_arm03_jnt-Matrix-animation-input-array" count="23">

0.000000 0.033333 0.066667 0.100000 0.133333 0.166667 0.200000 0.233333 0.266667 0.300000 0.333333 0.366667 0.400000 0.433333 0.466667 0.500000
0.533333 0.566667 0.600000 0.633333 0.666667 0.700000 0.733333</float_array><technique_common><accessor source="#r_arm03_jnt-Matrix-animation-input-array" count="23"><param name="TIME" type="float"/></accessor></technique_common></source><source id="r_arm03_jnt-Matrix-animation-output-transform"><float_array id="r_arm03_jnt-Matrix-animation-output-transform-array" count="368">

0.840931 -0.467861 0.271919 1.073740 0.312627 0.830184 0.461583 -0.152856 -0.441700 -0.303150 0.844394 -0.003835 0.000000 0.000000 0.000000 1.000000
0.840931 -0.467861 0.271919 1.073740 0.312627 0.830184 0.461583 -0.152856 -0.441700 -0.303150 0.844394 -0.003835 0.000000 0.000000 0.000000 1.000000
0.840931 -0.467861 0.271919 1.073740 0.312627 0.830184 0.461583 -0.152856 -0.441700 -0.303150 0.844394 -0.003835 0.000000 0.000000 0.000000 1.000000
0.840931 -0.467861 0.271919 1.073740 0.312627 0.830184 0.461583 -0.152856 -0.441700 -0.303150 0.844394 -0.003835 0.000000 0.000000 0.000000 1.000000
0.840931 -0.467861 0.271919 1.073740 0.312627 0.830184 0.461583 -0.152856 -0.441700 -0.303150 0.844394 -0.003835 0.000000 0.000000 0.000000 1.000000
0.840931 -0.467861 0.271919 1.073740 0.312627 0.830184 0.461583 -0.152856 -0.441700 -0.303150 0.844394 -0.003835 0.000000 0.000000 0.000000 1.000000
0.840931 -0.467861 0.271919 1.073740 0.312627 0.830184 0.461583 -0.152856 -0.441700 -0.303150 0.844394 -0.003835 0.000000 0.000000 0.000000 1.000000
0.840931 -0.467861 0.271919 1.073740 0.312627 0.830184 0.461583 -0.152856 -0.441700 -0.303150 0.844394 -0.003835 0.000000 0.000000 0.000000 1.000000
0.840931 -0.467861 0.271919 1.073740 0.312627 0.830184 0.461583 -0.152856 -0.441700 -0.303150 0.844394 -0.003835 0.000000 0.000000 0.000000 1.000000
0.840931 -0.467861 0.271919 1.073740 0.312627 0.830184 0.461583 -0.152856 -0.441700 -0.303150 0.844394 -0.003835 0.000000 0.000000 0.000000 1.000000
0.840931 -0.467861 0.271919 1.073740 0.312627 0.830184 0.461583 -0.152856 -0.441700 -0.303150 0.844394 -0.003835 0.000000 0.000000 0.000000 1.000000
0.840931 -0.467861 0.271919 1.073740 0.312627 0.830184 0.461583 -0.152856 -0.441700 -0.303150 0.844394 -0.003835 0.000000 0.000000 0.000000 1.000000
0.840931 -0.467861 0.271919 1.073740 0.312627 0.830184 0.461583 -0.152856 -0.441700 -0.303150 0.844394 -0.003835 0.000000 0.000000 0.000000 1.000000
0.840931 -0.467861 0.271919 1.073740 0.312627 0.830184 0.461583 -0.152856 -0.441700 -0.303150 0.844394 -0.003835 0.000000 0.000000 0.000000 1.000000
0.840931 -0.467861 0.271919 1.073740 0.312627 0.830184 0.461583 -0.152856 -0.441700 -0.303150 0.844394 -0.003835 0.000000 0.000000 0.000000 1.000000
0.840931 -0.467861 0.271919 1.073740 0.312627 0.830184 0.461583 -0.152856 -0.441700 -0.303150 0.844394 -0.003835 0.000000 0.000000 0.000000 1.000000
0.840931 -0.467861 0.271919 1.073740 0.312627 0.830184 0.461583 -0.152856 -0.441700 -0.303150 0.844394 -0.003835 0.000000 0.000000 0.000000 1.000000
0.840931 -0.467861 0.271919 1.073740 0.312627 0.830184 0.461583 -0.152856 -0.441700 -0.303150 0.844394 -0.003835 0.000000 0.000000 0.000000 1.000000
0.840931 -0.467861 0.271919 1.073740 0.312627 0.830184 0.461583 -0.152856 -0.441700 -0.303150 0.844394 -0.003835 0.000000 0.000000 0.000000 1.000000
0.840931 -0.467861 0.271919 1.073740 0.312627 0.830184 0.461583 -0.152856 -0.441700 -0.303150 0.844394 -0.003835 0.000000 0.000000 0.000000 1.000000
0.840931 -0.467861 0.271919 1.073740 0.312627 0.830184 0.461583 -0.152856 -0.441700 -0.303150 0.844394 -0.003835 0.000000 0.000000 0.000000 1.000000
0.840931 -0.467861 0.271919 1.073740 0.312627 0.830184 0.461583 -0.152856 -0.441700 -0.303150 0.844394 -0.003835 0.000000 0.000000 0.000000 1.000000
0.840931 -0.467861 0.271919 1.073740 0.312627 0.830184 0.461583 -0.152856 -0.441700 -0.303150 0.844394 -0.003835 0.000000 0.000000 0.000000 1.000000</float_array><technique_common><accessor source="#r_arm03_jnt-Matrix-animation-output-transform-array" count="23" stride="16"><param type="float4x4"/></accessor></technique_common></source><source id="r_arm03_jnt-Interpolations"><Name_array id="r_arm03_jnt-Interpolations-array" count="23">
 LINEAR LINEAR LINEAR LINEAR LINEAR LINEAR LINEAR LINEAR LINEAR LINEAR LINEAR
LINEAR LINEAR LINEAR LINEAR LINEAR LINEAR LINEAR LINEAR LINEAR LINEAR LINEAR LINEAR</Name_array><technique_common><accessor source="#r_arm03_jnt-Interpolations-array" count="23"><param type="name"/></accessor></technique_common></source><sampler id="r_arm03_jnt-Matrix-animation-transform"><input semantic="INPUT" source="#r_arm03_jnt-Matrix-animation-input"/><input semantic="OUTPUT" source="#r_arm03_jnt-Matrix-animation-output-transform"/><input semantic="INTERPOLATION" source="#r_arm03_jnt-Interpolations"/></sampler><channel source="#r_arm03_jnt-Matrix-animation-transform" target="r_arm03_jnt/matrix"/></animation></animation>
    <animation id="r_arm04_jnt-anim" name="r_arm04_jnt"><animation><source id="r_arm04_jnt-Matrix-animation-input"><float_array id="r_arm04_jnt-Matrix-animation-input-array" count="23">

0.000000 0.033333 0.066667 0.100000 0.133333 0.166667 0.200000 0.233333 0.266667 0.300000 0.333333 0.366667 0.400000 0.433333 0.466667 0.500000
0.533333 0.566667 0.600000 0.633333 0.666667 0.700000 0.733333</float_array><technique_common><accessor source="#r_arm04_jnt-Matrix-animation-input-array" count="23"><param name="TIME" type="float"/></accessor></technique_common></source><source id="r_arm04_jnt-Matrix-animation-output-transform"><float_array id="r_arm04_jnt-Matrix-animation-output-transform-array" count="368">

0.961500 -0.273308 0.028649 3.327914 -0.271739 -0.961121 -0.049042 0.000000 0.040938 0.039369 -0.998386 0.000000 0.000000 0.000000 0.000000 1.000000
0.955213 -0.294620 0.027709 3.327914 -0.293090 -0.954840 -0.048765 0.000000 0.040825 0.038460 -0.998426 -0.000000 0.000000 0.000000 0.000000 1.000000
0.960696 -0.276135 0.028524 3.327914 -0.274571 -0.960317 -0.049006 0.000000 0.040924 0.039248 -0.998391 -0.000000 0.000000 0.000000 0.000000 1.000000
0.971282 -0.235997 0.030294 3.327914 -0.234359 -0.970891 -0.049472 0.000000 0.041087 0.040952 -0.998316 -0.000000 0.000000 0.000000 0.000000 1.000000
0.979051 -0.201113 0.031832 3.327914 -0.199411 -0.978649 -0.049815 0.000000 0.041171 0.042423 -0.998251 -0.000000 0.000000 0.000000 0.000000 1.000000
0.984259 -0.173618 0.033044 3.327914 -0.171865 -0.983849 -0.050044 0.000000 0.041199 0.043577 -0.998200 -0.000000 0.000000 0.000000 0.000000 1.000000
0.987238 -0.155618 0.033838 3.327914 -0.153832 -0.986822 -0.050175 0.000000 0.041200 0.044329 -0.998167 -0.000000 0.000000 0.000000 0.000000 1.000000
0.988223 -0.149170 0.034122 3.327914 -0.147373 -0.987805 -0.050218 0.000000 0.041197 0.044598 -0.998155 0.000000 0.000000 0.000000 0.000000 1.000000
0.985757 -0.164817 0.033433 3.327914 -0.163048 -0.985345 -0.050109 0.000000 0.041201 0.043945 -0.998184 -0.000000 0.000000 0.000000 0.000000 1.000000
0.978903 -0.201838 0.031800 3.327914 -0.200137 -0.978501 -0.049808 0.000000 0.041170 0.042392 -0.998252 -0.000000 0.000000 0.000000 0.000000 1.000000
0.968967 -0.245376 0.029880 3.327914 -0.243755 -0.968579 -0.049370 0.000000 0.041056 0.040555 -0.998333 -0.000000 0.000000 0.000000 0.000000 1.000000
0.959304 -0.280952 0.028311 3.327914 -0.279397 -0.958927 -0.048945 0.000000 0.040900 0.039043 -0.998400 -0.000000 0.000000 0.000000 0.000000 1.000000
0.955213 -0.294620 0.027709 3.327914 -0.293090 -0.954840 -0.048765 0.000000 0.040825 0.038460 -0.998426 -0.000000 0.000000 0.000000 0.000000 1.000000
0.960696 -0.276135 0.028524 3.327914 -0.274571 -0.960317 -0.049006 0.000000 0.040924 0.039248 -0.998391 -0.000000 0.000000 0.000000 0.000000 1.000000
0.970784 -0.238047 0.030203 3.327914 -0.236413 -0.970394 -0.049450 0.000000 0.041081 0.040865 -0.998320 -0.000000 0.000000 0.000000 0.000000 1.000000
0.977949 -0.206439 0.031597 3.327914 -0.204746 -0.977549 -0.049766 0.000000 0.041161 0.042199 -0.998261 -0.000000 0.000000 0.000000 0.000000 1.000000
0.982834 -0.181571 0.032694 3.327914 -0.179833 -0.982426 -0.049981 0.000000 0.041194 0.043244 -0.998215 -0.000000 0.000000 0.000000 0.000000 1.000000
0.985951 -0.163643 0.033484 3.327914 -0.161872 -0.985538 -0.050118 0.000000 0.041202 0.043994 -0.998182 -0.000000 0.000000 0.000000 0.000000 1.000000
0.987673 -0.152804 0.033962 3.327914 -0.151013 -0.987257 -0.050194 0.000000 0.041199 0.044447 -0.998162 -0.000000 0.000000 0.000000 0.000000 1.000000
0.988223 -0.149170 0.034122 3.327914 -0.147373 -0.987805 -0.050218 0.000000 0.041197 0.044598 -0.998155 -0.000000 0.000000 0.000000 0.000000 1.000000
