<?xml version="1.0" encoding="utf-8"?>
<COLLADA xmlns="http://www.collada.org/2005/11/COLLADASchema" version="1.4.1">
  <asset><contributor><author></author><authoring_tool>FBX COLLADA exporter</authoring_tool><comments></comments></contributor><created>2020-04-01T10:43:17Z</created><keywords></keywords><modified>2020-04-01T10:43:17Z</modified><revision></revision><subject></subject><title></title><unit meter="0.010000" name="centimeter"></unit><up_axis>Y_UP</up_axis></asset>
  <library_animations>
    <animation id="root_jnt-anim" name="root_jnt"><animation><source id="root_jnt-Matrix-animation-input"><float_array id="root_jnt-Matrix-animation-input-array" count="57">

0.000000 0.033333 0.066667 0.100000 0.133333 0.166667 0.200000 0.233333 0.266667 0.300000 0.333333 0.366667 0.400000 0.433333 0.466667 0.500000
0.533333 0.566667 0.600000 0.633333 0.666667 0.700000 0.733333 0.766667 0.800000 0.833333 0.866667 0.900000 0.933333 0.966667 1.000000 1.033333
1.066667 1.100000 1.133333 1.166667 1.200000 1.233333 1.266667 1.300000 1.333333 1.366667 1.400000 1.433333 1.466667 1.500000 1.533333 1.566667
1.600000 1.633333 1.666667 1.700000 1.733333 1.766667 1.800000 1.833333 1.866667</float_array><technique_common><accessor source="#root_jnt-Matrix-animation-input-array" count="57"><param name="TIME" type="float"/></accessor></technique_common></source><source id="root_jnt-Matrix-animation-output-transform"><float_array id="root_jnt-Matrix-animation-output-transform-array" count="912">

1.000000 0.000000 0.000000 0.000000 0.000000 1.000000 0.000000 0.000000 0.000000 0.000000 1.000000 0.000000 0.000000 0.000000 0.000000 1.000000
1.000000 0.000000 0.000000 0.000000 0.000000 1.000000 0.000000 0.000000 0.000000 0.000000 1.000000 0.000000 0.000000 0.000000 0.000000 1.000000
1.000000 0.000000 0.000000 0.000000 0.000000 1.000000 0.000000 0.000000 0.000000 0.000000 1.000000 0.000000 0.000000 0.000000 0.000000 1.000000
1.000000 0.000000 0.000000 0.000000 0.000000 1.000000 0.000000 0.000000 0.000000 0.000000 1.000000 0.000000 0.000000 0.000000 0.000000 1.000000
1.000000 0.000000 0.000000 0.000000 0.000000 1.000000 0.000000 0.000000 0.000000 0.000000 1.000000 0.000000 0.000000 0.000000 0.000000 1.000000
1.000000 0.000000 0.000000 0.000000 0.000000 1.000000 0.000000 0.000000 0.000000 0.000000 1.000000 0.000000 0.000000 0.000000 0.000000 1.000000
1.000000 0.000000 0.000000 0.000000 0.000000 1.000000 0.000000 0.000000 0.000000 0.000000 1.000000 0.000000 0.000000 0.000000 0.000000 1.000000
1.000000 0.000000 0.000000 0.000000 0.000000 1.000000 0.000000 0.000000 0.000000 0.000000 1.000000 0.000000 0.000000 0.000000 0.000000 1.000000
1.000000 0.000000 0.000000 0.000000 0.000000 1.000000 0.000000 0.000000 0.000000 0.000000 1.000000 0.000000 0.000000 0.000000 0.000000 1.000000
1.000000 0.000000 0.000000 0.000000 0.000000 1.000000 0.000000 0.000000 0.000000 0.000000 1.000000 0.000000 0.000000 0.000000 0.000000 1.000000
1.000000 0.000000 0.000000 0.000000 0.000000 1.000000 0.000000 0.000000 0.000000 0.000000 1.000000 0.000000 0.000000 0.000000 0.000000 1.000000
1.000000 0.000000 0.000000 0.000000 0.000000 1.000000 0.000000 0.000000 0.000000 0.000000 1.000000 0.000000 0.000000 0.000000 0.000000 1.000000
1.000000 0.000000 0.000000 0.000000 0.000000 1.000000 0.000000 0.000000 0.000000 0.000000 1.000000 0.000000 0.000000 0.000000 0.000000 1.000000
1.000000 0.000000 0.000000 0.000000 0.000000 1.000000 0.000000 0.000000 0.000000 0.000000 1.000000 0.000000 0.000000 0.000000 0.000000 1.000000
1.000000 0.000000 0.000000 0.000000 0.000000 1.000000 0.000000 0.000000 0.000000 0.000000 1.000000 0.000000 0.000000 0.000000 0.000000 1.000000
1.000000 0.000000 0.000000 0.000000 0.000000 1.000000 0.000000 0.000000 0.000000 0.000000 1.000000 0.000000 0.000000 0.000000 0.000000 1.000000
1.000000 0.000000 0.000000 0.000000 0.000000 1.000000 0.000000 0.000000 0.000000 0.000000 1.000000 0.000000 0.000000 0.000000 0.000000 1.000000
1.000000 0.000000 0.000000 0.000000 0.000000 1.000000 0.000000 0.000000 0.000000 0.000000 1.000000 0.000000 0.000000 0.000000 0.000000 1.000000
1.000000 0.000000 0.000000 0.000000 0.000000 1.000000 0.000000 0.000000 0.000000 0.000000 1.000000 0.000000 0.000000 0.000000 0.000000 1.000000
1.000000 0.000000 0.000000 0.000000 0.000000 1.000000 0.000000 0.000000 0.000000 0.000000 1.000000 0.000000 0.000000 0.000000 0.000000 1.000000
1.000000 0.000000 0.000000 0.000000 0.000000 1.000000 0.000000 0.000000 0.000000 0.000000 1.000000 0.000000 0.000000 0.000000 0.000000 1.000000
1.000000 0.000000 0.000000 0.000000 0.000000 1.000000 0.000000 0.000000 0.000000 0.000000 1.000000 0.000000 0.000000 0.000000 0.000000 1.000000
1.000000 0.000000 0.000000 0.000000 0.000000 1.000000 0.000000 0.000000 0.000000 0.000000 1.000000 0.000000 0.000000 0.000000 0.000000 1.000000
1.000000 0.000000 0.000000 0.000000 0.000000 1.000000 0.000000 0.000000 0.000000 0.000000 1.000000 0.000000 0.000000 0.000000 0.000000 1.000000
1.000000 0.000000 0.000000 0.000000 0.000000 1.000000 0.000000 0.000000 0.000000 0.000000 1.000000 0.000000 0.000000 0.000000 0.000000 1.000000
1.000000 0.000000 0.000000 0.000000 0.000000 1.000000 0.000000 0.000000 0.000000 0.000000 1.000000 0.000000 0.000000 0.000000 0.000000 1.000000
1.000000 0.000000 0.000000 0.000000 0.000000 1.000000 0.000000 0.000000 0.000000 0.000000 1.000000 0.000000 0.000000 0.000000 0.000000 1.000000
1.000000 0.000000 0.000000 0.000000 0.000000 1.000000 0.000000 0.000000 0.000000 0.000000 1.000000 0.000000 0.000000 0.000000 0.000000 1.000000
1.000000 0.000000 0.000000 0.000000 0.000000 1.000000 0.000000 0.000000 0.000000 0.000000 1.000000 0.000000 0.000000 0.000000 0.000000 1.000000
1.000000 0.000000 0.000000 0.000000 0.000000 1.000000 0.000000 0.000000 0.000000 0.000000 1.000000 0.000000 0.000000 0.000000 0.000000 1.000000
1.000000 0.000000 0.000000 0.000000 0.000000 1.000000 0.000000 0.000000 0.000000 0.000000 1.000000 0.000000 0.000000 0.000000 0.000000 1.000000
1.000000 0.000000 0.000000 0.000000 0.000000 1.000000 0.000000 0.000000 0.000000 0.000000 1.000000 0.000000 0.000000 0.000000 0.000000 1.000000
1.000000 0.000000 0.000000 0.000000 0.000000 1.000000 0.000000 0.000000 0.000000 0.000000 1.000000 0.000000 0.000000 0.000000 0.000000 1.000000
1.000000 0.000000 0.000000 0.000000 0.000000 1.000000 0.000000 0.000000 0.000000 0.000000 1.000000 0.000000 0.000000 0.000000 0.000000 1.000000
1.000000 0.000000 0.000000 0.000000 0.000000 1.000000 0.000000 0.000000 0.000000 0.000000 1.000000 0.000000 0.000000 0.000000 0.000000 1.000000
1.000000 0.000000 0.000000 0.000000 0.000000 1.000000 0.000000 0.000000 0.000000 0.000000 1.000000 0.000000 0.000000 0.000000 0.000000 1.000000
1.000000 0.000000 0.000000 0.000000 0.000000 1.000000 0.000000 0.000000 0.000000 0.000000 1.000000 0.000000 0.000000 0.000000 0.000000 1.000000
1.000000 0.000000 0.000000 0.000000 0.000000 1.000000 0.000000 0.000000 0.000000 0.000000 1.000000 0.000000 0.000000 0.000000 0.000000 1.000000
1.000000 0.000000 0.000000 0.000000 0.000000 1.000000 0.000000 0.000000 0.000000 0.000000 1.000000 0.000000 0.000000 0.000000 0.000000 1.000000
1.000000 0.000000 0.000000 0.000000 0.000000 1.000000 0.000000 0.000000 0.000000 0.000000 1.000000 0.000000 0.000000 0.000000 0.000000 1.000000
1.000000 0.000000 0.000000 0.000000 0.000000 1.000000 0.000000 0.000000 0.000000 0.000000 1.000000 0.000000 0.000000 0.000000 0.000000 1.000000
1.000000 0.000000 0.000000 0.000000 0.000000 1.000000 0.000000 0.000000 0.000000 0.000000 1.000000 0.000000 0.000000 0.000000 0.000000 1.000000
1.000000 0.000000 0.000000 0.000000 0.000000 1.000000 0.000000 0.000000 0.000000 0.000000 1.000000 0.000000 0.000000 0.000000 0.000000 1.000000
1.000000 0.000000 0.000000 0.000000 0.000000 1.000000 0.000000 0.000000 0.000000 0.000000 1.000000 0.000000 0.000000 0.000000 0.000000 1.000000
1.000000 0.000000 0.000000 0.000000 0.000000 1.000000 0.000000 0.000000 0.000000 0.000000 1.000000 0.000000 0.000000 0.000000 0.000000 1.000000
1.000000 0.000000 0.000000 0.000000 0.000000 1.000000 0.000000 0.000000 0.000000 0.000000 1.000000 0.000000 0.000000 0.000000 0.000000 1.000000
1.000000 0.000000 0.000000 0.000000 0.000000 1.000000 0.000000 0.000000 0.000000 0.000000 1.000000 0.000000 0.000000 0.000000 0.000000 1.000000
1.000000 0.000000 0.000000 0.000000 0.000000 1.000000 0.000000 0.000000 0.000000 0.000000 1.000000 0.000000 0.000000 0.000000 0.000000 1.000000
1.000000 0.000000 0.000000 0.000000 0.000000 1.000000 0.000000 0.000000 0.000000 0.000000 1.000000 0.000000 0.000000 0.000000 0.000000 1.000000
1.000000 0.000000 0.000000 0.000000 0.000000 1.000000 0.000000 0.000000 0.000000 0.000000 1.000000 0.000000 0.000000 0.000000 0.000000 1.000000
1.000000 0.000000 0.000000 0.000000 0.000000 1.000000 0.000000 0.000000 0.000000 0.000000 1.000000 0.000000 0.000000 0.000000 0.000000 1.000000
1.000000 0.000000 0.000000 0.000000 0.000000 1.000000 0.000000 0.000000 0.000000 0.000000 1.000000 0.000000 0.000000 0.000000 0.000000 1.000000
1.000000 0.000000 0.000000 0.000000 0.000000 1.000000 0.000000 0.000000 0.000000 0.000000 1.000000 0.000000 0.000000 0.000000 0.000000 1.000000
1.000000 0.000000 0.000000 0.000000 0.000000 1.000000 0.000000 0.000000 0.000000 0.000000 1.000000 0.000000 0.000000 0.000000 0.000000 1.000000
1.000000 0.000000 0.000000 0.000000 0.000000 1.000000 0.000000 0.000000 0.000000 0.000000 1.000000 0.000000 0.000000 0.000000 0.000000 1.000000
1.000000 0.000000 0.000000 0.000000 0.000000 1.000000 0.000000 0.000000 0.000000 0.000000 1.000000 0.000000 0.000000 0.000000 0.000000 1.000000
1.000000 0.000000 0.000000 0.000000 0.000000 1.000000 0.000000 0.000000 0.000000 0.000000 1.000000 0.000000 0.000000 0.000000 0.000000 1.000000</float_array><technique_common><accessor source="#root_jnt-Matrix-animation-output-transform-array" count="57" stride="16"><param type="float4x4"/></accessor></technique_common></source><source id="root_jnt-Interpolations"><Name_array id="root_jnt-Interpolations-array" count="57">
 LINEAR LINEAR LINEAR LINEAR LINEAR LINEAR LINEAR LINEAR LINEAR LINEAR LINEAR
LINEAR LINEAR LINEAR LINEAR LINEAR LINEAR LINEAR LINEAR LINEAR LINEAR LINEAR LINEAR
LINEAR LINEAR LINEAR LINEAR LINEAR LINEAR LINEAR LINEAR LINEAR LINEAR LINEAR LINEAR
LINEAR LINEAR LINEAR LINEAR LINEAR LINEAR LINEAR LINEAR LINEAR LINEAR LINEAR LINEAR
LINEAR LINEAR LINEAR LINEAR LINEAR LINEAR LINEAR LINEAR LINEAR LINEAR</Name_array><technique_common><accessor source="#root_jnt-Interpolations-array" count="57"><param type="name"/></accessor></technique_common></source><sampler id="root_jnt-Matrix-animation-transform"><input semantic="INPUT" source="#root_jnt-Matrix-animation-input"/><input semantic="OUTPUT" source="#root_jnt-Matrix-animation-output-transform"/><input semantic="INTERPOLATION" source="#root_jnt-Interpolations"/></sampler><channel source="#root_jnt-Matrix-animation-transform" target="root_jnt/matrix"/></animation></animation>
    <animation id="jnt_spine2-anim" name="jnt_spine2"><animation><source id="jnt_spine2-Matrix-animation-input"><float_array id="jnt_spine2-Matrix-animation-input-array" count="57">

0.000000 0.033333 0.066667 0.100000 0.133333 0.166667 0.200000 0.233333 0.266667 0.300000 0.333333 0.366667 0.400000 0.433333 0.466667 0.500000
0.533333 0.566667 0.600000 0.633333 0.666667 0.700000 0.733333 0.766667 0.800000 0.833333 0.866667 0.900000 0.933333 0.966667 1.000000 1.033333
1.066667 1.100000 1.133333 1.166667 1.200000 1.233333 1.266667 1.300000 1.333333 1.366667 1.400000 1.433333 1.466667 1.500000 1.533333 1.566667
1.600000 1.633333 1.666667 1.700000 1.733333 1.766667 1.800000 1.833333 1.866667</float_array><technique_common><accessor source="#jnt_spine2-Matrix-animation-input-array" count="57"><param name="TIME" type="float"/></accessor></technique_common></source><source id="jnt_spine2-Matrix-animation-output-transform"><float_array id="jnt_spine2-Matrix-animation-output-transform-array" count="912">

0.972531 0.189280 -0.135487 -0.467351 -0.195311 0.980200 -0.032577 8.363968 0.126638 0.058145 0.990243 -0.277140 0.000000 0.000000 0.000000 1.000000
0.978763 0.192102 -0.071550 -0.520383 -0.195973 0.979249 -0.051636 8.173482 0.060146 0.064561 0.996100 0.697716 0.000000 0.000000 0.000000 1.000000
0.980862 0.194029 -0.016193 -0.652961 -0.194703 0.977686 -0.078874 7.697267 0.000528 0.080518 0.996753 1.259261 0.000000 0.000000 0.000000 1.000000
0.980217 0.196001 0.027537 -0.825314 -0.191916 0.975233 -0.109946 7.078188 -0.048404 0.102486 0.993556 1.516357 0.000000 0.000000 0.000000 1.000000
0.978633 0.197612 0.056806 -0.997666 -0.188112 0.972022 -0.140666 6.459109 -0.083014 0.126975 0.988426 1.577864 0.000000 0.000000 0.000000 1.000000
0.977890 0.197414 0.068987 -1.130245 -0.183768 0.968671 -0.167053 5.982895 -0.099804 0.150682 0.983532 1.155630 0.000000 0.000000 0.000000 1.000000
0.979182 0.193432 0.061533 -1.183276 -0.179221 0.966197 -0.185320 5.792409 -0.095300 0.170434 0.980750 0.147712 0.000000 0.000000 0.000000 1.000000
0.985060 0.163357 -0.054516 -1.133309 -0.170566 0.969147 -0.177935 5.880474 0.023767 0.184575 0.982531 -1.057719 0.000000 0.000000 0.000000 1.000000
0.961264 0.110992 -0.252293 -1.008650 -0.152747 0.976442 -0.152413 6.094740 0.229432 0.185046 0.955572 -2.072489 0.000000 0.000000 0.000000 1.000000
0.928567 0.098632 -0.357819 -0.847161 -0.137272 0.986950 -0.084182 6.360316 0.344847 0.127287 0.929989 -2.508427 0.000000 0.000000 0.000000 1.000000
0.938062 0.128201 -0.321875 -0.686705 -0.136077 0.990696 -0.001992 6.602308 0.318625 0.045668 0.946780 -2.548141 0.000000 0.000000 0.000000 1.000000
0.951159 0.147556 -0.271154 -0.565145 -0.140203 0.989035 0.046405 6.993012 0.275028 -0.006122 0.961417 -2.579290 0.000000 0.000000 0.000000 1.000000
0.952827 0.166624 -0.253685 -0.500018 -0.163241 0.985983 0.034485 7.585755 0.255876 0.008554 0.966672 -2.253058 0.000000 0.000000 0.000000 1.000000
0.951200 0.199390 -0.235505 -0.472818 -0.202856 0.979161 0.009675 8.127190 0.232527 0.038571 0.971825 -1.415237 0.000000 0.000000 0.000000 1.000000
0.952070 0.217057 -0.215521 -0.467351 -0.225791 0.974037 -0.016458 8.363968 0.206353 0.064331 0.976361 -0.277140 0.000000 0.000000 0.000000 1.000000
0.960812 0.202233 -0.189585 -0.520383 -0.211859 0.976784 -0.031749 8.150822 0.178763 0.070670 0.981351 0.697716 0.000000 0.000000 0.000000 1.000000
0.973599 0.160728 -0.162083 -0.652961 -0.171001 0.983926 -0.051466 7.617957 0.151205 0.077824 0.985434 1.259261 0.000000 0.000000 0.000000 1.000000
0.985388 0.100170 -0.137755 -0.825314 -0.115528 0.987370 -0.108419 6.925233 0.125155 0.122749 0.984515 1.516357 0.000000 0.000000 0.000000 1.000000
0.993049 0.036898 -0.111768 -0.997666 -0.058557 0.978614 -0.197197 6.232509 0.102102 0.202371 0.973972 1.577864 0.000000 0.000000 0.000000 1.000000
0.999860 0.005055 -0.015932 -1.130245 -0.009457 0.957020 -0.289866 5.699644 0.013782 0.289976 0.956935 1.155630 0.000000 0.000000 0.000000 1.000000
0.985025 0.042350 0.167129 -1.183276 0.019886 0.934984 -0.354131 5.224108 -0.171260 0.352152 0.920141 0.147712 0.000000 0.000000 0.000000 1.000000
0.944886 0.142581 0.294722 -1.136815 -0.017783 0.921213 -0.388652 4.623859 -0.326917 0.361990 0.872977 -1.057719 0.000000 0.000000 0.000000 1.000000
0.909873 0.221704 0.350682 -1.020517 -0.095287 0.934322 -0.343456 3.969728 -0.403796 0.279086 0.871241 -2.072489 0.000000 0.000000 0.000000 1.000000
0.883050 0.222658 0.413092 -0.869006 -0.130638 0.962112 -0.239321 3.528404 -0.450728 0.157367 0.878681 -2.508427 0.000000 0.000000 0.000000 1.000000
0.876729 0.143690 0.459020 -0.716911 -0.104251 0.988417 -0.110291 3.566573 -0.469551 0.048842 0.881554 -2.457554 0.000000 0.000000 0.000000 1.000000
0.883371 0.087350 0.460463 -0.598858 -0.083765 0.996085 -0.028260 4.402014 -0.461129 -0.013607 0.887229 -2.246002 0.000000 0.000000 0.000000 1.000000
0.871290 0.116446 0.476753 -0.524990 -0.100874 0.993193 -0.058233 5.975545 -0.480289 0.002646 0.877106 -1.836756 0.000000 0.000000 0.000000 1.000000
0.840027 0.172315 0.514453 -0.481559 -0.130156 0.984537 -0.117244 7.609974 -0.526701 0.031529 0.849466 -1.192806 0.000000 0.000000 0.000000 1.000000
0.799620 0.205137 0.564381 -0.467351 -0.140906 0.977698 -0.155730 8.363968 -0.583741 0.045000 0.810692 -0.277140 0.000000 0.000000 0.000000 1.000000
0.758350 0.210900 0.616788 -0.520383 -0.132904 0.976364 -0.170443 8.173482 -0.638156 0.047282 0.768454 0.697716 0.000000 0.000000 0.000000 1.000000
0.716065 0.221656 0.661906 -0.652961 -0.123528 0.973516 -0.192372 7.697267 -0.687016 0.055987 0.724482 1.259261 0.000000 0.000000 0.000000 1.000000
0.676270 0.235984 0.697833 -0.825314 -0.113748 0.969391 -0.217584 7.078188 -0.727819 0.067768 0.682412 1.516357 0.000000 0.000000 0.000000 1.000000
0.642963 0.251490 0.723431 -0.997666 -0.104507 0.964526 -0.242421 6.459109 -0.758734 0.080264 0.646437 1.577864 0.000000 0.000000 0.000000 1.000000
0.620338 0.265091 0.738179 -1.130245 -0.096617 0.959812 -0.263490 5.982895 -0.778361 0.092132 0.621020 1.155630 0.000000 0.000000 0.000000 1.000000
0.612447 0.273348 0.741748 -1.183276 -0.090669 0.956411 -0.277591 5.792409 -0.785295 0.102757 0.610535 0.147712 0.000000 0.000000 0.000000 1.000000
0.689737 0.259005 0.676150 -1.133309 -0.093231 0.957827 -0.271800 5.880474 -0.718033 0.124433 0.684796 -1.057719 0.000000 0.000000 0.000000 1.000000
0.820449 0.218182 0.528451 -1.008650 -0.096995 0.964038 -0.247432 6.094740 -0.563432 0.151748 0.812106 -2.072489 0.000000 0.000000 0.000000 1.000000
0.890635 0.160528 0.425440 -0.847161 -0.093575 0.980291 -0.173991 6.360316 -0.444986 0.115152 0.888103 -2.508427 0.000000 0.000000 0.000000 1.000000
0.894300 0.117854 0.431669 -0.686705 -0.090069 0.992358 -0.084335 6.602308 -0.438310 0.036541 0.898081 -2.548141 0.000000 0.000000 0.000000 1.000000
0.896088 0.095257 0.433535 -0.565145 -0.091366 0.995370 -0.029858 6.993012 -0.434372 -0.012855 0.900642 -2.579290 0.000000 0.000000 0.000000 1.000000
0.910822 0.124301 0.393641 -0.500018 -0.113863 0.992244 -0.049864 7.585755 -0.396786 0.000596 0.917911 -2.253058 0.000000 0.000000 0.000000 1.000000
0.922055 0.174808 0.345336 -0.472818 -0.153228 0.984169 -0.089062 8.127190 -0.355438 0.029205 0.934243 -1.415237 0.000000 0.000000 0.000000 1.000000
0.933296 0.203824 0.295658 -0.467351 -0.177244 0.977498 -0.114375 8.363968 -0.312318 0.054342 0.948422 -0.277140 0.000000 0.000000 0.000000 1.000000
0.948699 0.188045 0.254185 -0.520383 -0.165247 0.980272 -0.108447 8.150822 -0.269563 0.060881 0.961056 0.697716 0.000000 0.000000 0.000000 1.000000
0.965090 0.145456 0.217816 -0.652961 -0.126358 0.987007 -0.099253 7.617957 -0.229423 0.068265 0.970930 1.259261 0.000000 0.000000 0.000000 1.000000
0.978263 0.095936 0.183840 -0.825314 -0.072699 0.988946 -0.129227 6.925233 -0.194206 0.113053 0.974425 1.516357 0.000000 0.000000 0.000000 1.000000
0.985932 0.049818 0.159551 -0.997666 -0.017465 0.980030 -0.198080 6.232509 -0.166233 0.192507 0.967113 1.577864 0.000000 0.000000 0.000000 1.000000
0.988685 0.016951 0.149047 -1.130245 0.025627 0.959903 -0.279158 5.699644 -0.147802 0.279819 0.948607 1.155630 0.000000 0.000000 0.000000 1.000000
0.989053 0.009111 0.147279 -1.183276 0.042962 0.937073 -0.346481 5.486498 -0.141168 0.349016 0.926423 0.147712 0.000000 0.000000 0.000000 1.000000
0.997587 0.036153 0.059264 -1.136815 -0.010840 0.924345 -0.381404 5.511949 -0.068570 0.379841 0.922507 -1.057719 0.000000 0.000000 0.000000 1.000000
0.990375 0.081050 -0.112194 -1.020517 -0.111052 0.949136 -0.294633 5.604620 0.082607 0.304257 0.949002 -2.072489 0.000000 0.000000 0.000000 1.000000
0.964443 0.125675 -0.232498 -0.869006 -0.161526 0.976576 -0.142157 5.788996 0.209187 0.174657 0.962152 -2.508427 0.000000 0.000000 0.000000 1.000000
0.956258 0.126422 -0.263797 -0.716911 -0.136825 0.990365 -0.021365 6.089555 0.258555 0.056524 0.964341 -2.457554 0.000000 0.000000 0.000000 1.000000
0.956758 0.121250 -0.264411 -0.598858 -0.113723 0.992553 0.043650 6.530780 0.267734 -0.011693 0.963422 -2.246002 0.000000 0.000000 0.000000 1.000000
0.959729 0.137060 -0.245224 -0.524990 -0.134296 0.990544 0.028039 7.237037 0.246748 0.006023 0.969061 -1.836756 0.000000 0.000000 0.000000 1.000000
0.965523 0.168706 -0.198253 -0.481559 -0.173189 0.984874 -0.005369 8.004189 0.194348 0.039519 0.980136 -1.192806 0.000000 0.000000 0.000000 1.000000
0.972531 0.189280 -0.135487 -0.467351 -0.195311 0.980200 -0.032577 8.363968 0.126638 0.058145 0.990243 -0.277140 0.000000 0.000000 0.000000 1.000000</float_array><technique_common><accessor source="#jnt_spine2-Matrix-animation-output-transform-array" count="57" stride="16"><param type="float4x4"/></accessor></technique_common></source><source id="jnt_spine2-Interpolations"><Name_array id="jnt_spine2-Interpolations-array" count="57">
 LINEAR LINEAR LINEAR LINEAR LINEAR LINEAR LINEAR LINEAR LINEAR LINEAR LINEAR
LINEAR LINEAR LINEAR LINEAR LINEAR LINEAR LINEAR LINEAR LINEAR LINEAR LINEAR LINEAR
LINEAR LINEAR LINEAR LINEAR LINEAR LINEAR LINEAR LINEAR LINEAR LINEAR LINEAR LINEAR
LINEAR LINEAR LINEAR LINEAR LINEAR LINEAR LINEAR LINEAR LINEAR LINEAR LINEAR LINEAR
LINEAR LINEAR LINEAR LINEAR LINEAR LINEAR LINEAR LINEAR LINEAR LINEAR</Name_array><technique_common><accessor source="#jnt_spine2-Interpolations-array" count="57"><param type="name"/></accessor></technique_common></source><sampler id="jnt_spine2-Matrix-animation-transform"><input semantic="INPUT" source="#jnt_spine2-Matrix-animation-input"/><input semantic="OUTPUT" source="#jnt_spine2-Matrix-animation-output-transform"/><input semantic="INTERPOLATION" source="#jnt_spine2-Interpolations"/></sampler><channel source="#jnt_spine2-Matrix-animation-transform" target="jnt_spine2/matrix"/></animation></animation>
    <animation id="neck_jnt-anim" name="neck_jnt"><animation><source id="neck_jnt-Matrix-animation-input"><float_array id="neck_jnt-Matrix-animation-input-array" count="57">

0.000000 0.033333 0.066667 0.100000 0.133333 0.166667 0.200000 0.233333 0.266667 0.300000 0.333333 0.366667 0.400000 0.433333 0.466667 0.500000
0.533333 0.566667 0.600000 0.633333 0.666667 0.700000 0.733333 0.766667 0.800000 0.833333 0.866667 0.900000 0.933333 0.966667 1.000000 1.033333
1.066667 1.100000 1.133333 1.166667 1.200000 1.233333 1.266667 1.300000 1.333333 1.366667 1.400000 1.433333 1.466667 1.500000 1.533333 1.566667
1.600000 1.633333 1.666667 1.700000 1.733333 1.766667 1.800000 1.833333 1.866667</float_array><technique_common><accessor source="#neck_jnt-Matrix-animation-input-array" count="57"><param name="TIME" type="float"/></accessor></technique_common></source><source id="neck_jnt-Matrix-animation-output-transform"><float_array id="neck_jnt-Matrix-animation-output-transform-array" count="912">

1.000000 -0.000000 0.000000 1.220000 0.000000 1.000000 0.000000 2.357033 -0.000000 -0.000000 1.000000 2.698746 0.000000 0.000000 0.000000 1.000000
1.000000 -0.000000 0.000000 1.220000 0.000000 1.000000 0.000000 2.357033 -0.000000 -0.000000 1.000000 2.698746 0.000000 0.000000 0.000000 1.000000
1.000000 -0.000000 0.000000 1.220000 0.000000 1.000000 0.000000 2.357033 -0.000000 -0.000000 1.000000 2.698746 0.000000 0.000000 0.000000 1.000000
1.000000 -0.000000 0.000000 1.220000 0.000000 1.000000 0.000000 2.357033 -0.000000 -0.000000 1.000000 2.698746 0.000000 0.000000 0.000000 1.000000
1.000000 -0.000000 0.000000 1.220000 0.000000 1.000000 0.000000 2.357033 -0.000000 -0.000000 1.000000 2.698746 0.000000 0.000000 0.000000 1.000000
1.000000 -0.000000 0.000000 1.220000 0.000000 1.000000 0.000000 2.357033 -0.000000 -0.000000 1.000000 2.698746 0.000000 0.000000 0.000000 1.000000
1.000000 -0.000000 0.000000 1.220000 0.000000 1.000000 0.000000 2.357033 -0.000000 -0.000000 1.000000 2.698746 0.000000 0.000000 0.000000 1.000000
1.000000 -0.000000 0.000000 1.220000 0.000000 1.000000 0.000000 2.357033 -0.000000 -0.000000 1.000000 2.698746 0.000000 0.000000 0.000000 1.000000
1.000000 -0.000000 0.000000 1.220000 0.000000 1.000000 0.000000 2.357033 -0.000000 -0.000000 1.000000 2.698746 0.000000 0.000000 0.000000 1.000000
1.000000 -0.000000 0.000000 1.220000 0.000000 1.000000 0.000000 2.357033 -0.000000 -0.000000 1.000000 2.698746 0.000000 0.000000 0.000000 1.000000
1.000000 -0.000000 0.000000 1.220000 0.000000 1.000000 0.000000 2.357033 -0.000000 -0.000000 1.000000 2.698746 0.000000 0.000000 0.000000 1.000000
1.000000 -0.000000 0.000000 1.220000 0.000000 1.000000 0.000000 2.357033 -0.000000 -0.000000 1.000000 2.698746 0.000000 0.000000 0.000000 1.000000
1.000000 -0.000000 0.000000 1.220000 0.000000 1.000000 0.000000 2.357033 -0.000000 -0.000000 1.000000 2.698746 0.000000 0.000000 0.000000 1.000000
1.000000 -0.000000 0.000000 1.220000 0.000000 1.000000 0.000000 2.357033 -0.000000 -0.000000 1.000000 2.698746 0.000000 0.000000 0.000000 1.000000
1.000000 -0.000000 0.000000 1.220000 0.000000 1.000000 0.000000 2.357033 -0.000000 -0.000000 1.000000 2.698746 0.000000 0.000000 0.000000 1.000000
1.000000 -0.000000 0.000000 1.220000 0.000000 1.000000 0.000000 2.357033 -0.000000 -0.000000 1.000000 2.698746 0.000000 0.000000 0.000000 1.000000
1.000000 -0.000000 0.000000 1.220000 0.000000 1.000000 0.000000 2.357033 -0.000000 -0.000000 1.000000 2.698746 0.000000 0.000000 0.000000 1.000000
1.000000 -0.000000 0.000000 1.220000 0.000000 1.000000 0.000000 2.357033 -0.000000 -0.000000 1.000000 2.698746 0.000000 0.000000 0.000000 1.000000
1.000000 -0.000000 0.000000 1.220000 0.000000 1.000000 0.000000 2.357033 -0.000000 -0.000000 1.000000 2.698746 0.000000 0.000000 0.000000 1.000000
1.000000 -0.000000 0.000000 1.220000 0.000000 1.000000 0.000000 2.357033 -0.000000 -0.000000 1.000000 2.698746 0.000000 0.000000 0.000000 1.000000
1.000000 -0.000000 0.000000 1.220000 0.000000 1.000000 0.000000 2.357033 -0.000000 -0.000000 1.000000 2.698746 0.000000 0.000000 0.000000 1.000000
1.000000 -0.000000 0.000000 1.220000 0.000000 1.000000 0.000000 2.357033 -0.000000 -0.000000 1.000000 2.698746 0.000000 0.000000 0.000000 1.000000
1.000000 -0.000000 0.000000 1.220000 0.000000 1.000000 0.000000 2.357033 -0.000000 -0.000000 1.000000 2.698746 0.000000 0.000000 0.000000 1.000000
1.000000 -0.000000 0.000000 1.220000 0.000000 1.000000 0.000000 2.357033 -0.000000 -0.000000 1.000000 2.698746 0.000000 0.000000 0.000000 1.000000
1.000000 -0.000000 0.000000 1.220000 0.000000 1.000000 0.000000 2.357033 -0.000000 -0.000000 1.000000 2.698746 0.000000 0.000000 0.000000 1.000000
1.000000 -0.000000 0.000000 1.220000 0.000000 1.000000 0.000000 2.357033 -0.000000 -0.000000 1.000000 2.698746 0.000000 0.000000 0.000000 1.000000
1.000000 -0.000000 0.000000 1.220000 0.000000 1.000000 0.000000 2.357033 -0.000000 -0.000000 1.000000 2.698746 0.000000 0.000000 0.000000 1.000000
1.000000 -0.000000 0.000000 1.220000 0.000000 1.000000 0.000000 2.357033 -0.000000 -0.000000 1.000000 2.698746 0.000000 0.000000 0.000000 1.000000
1.000000 -0.000000 0.000000 1.220000 0.000000 1.000000 0.000000 2.357033 -0.000000 -0.000000 1.000000 2.698746 0.000000 0.000000 0.000000 1.000000
1.000000 -0.000000 0.000000 1.220000 0.000000 1.000000 0.000000 2.357033 -0.000000 -0.000000 1.000000 2.698746 0.000000 0.000000 0.000000 1.000000
1.000000 -0.000000 0.000000 1.220000 0.000000 1.000000 0.000000 2.357033 -0.000000 -0.000000 1.000000 2.698746 0.000000 0.000000 0.000000 1.000000
1.000000 -0.000000 0.000000 1.220000 0.000000 1.000000 0.000000 2.357033 -0.000000 -0.000000 1.000000 2.698746 0.000000 0.000000 0.000000 1.000000
1.000000 -0.000000 0.000000 1.220000 0.000000 1.000000 0.000000 2.357033 -0.000000 -0.000000 1.000000 2.698746 0.000000 0.000000 0.000000 1.000000
1.000000 -0.000000 0.000000 1.220000 0.000000 1.000000 0.000000 2.357033 -0.000000 -0.000000 1.000000 2.698746 0.000000 0.000000 0.000000 1.000000
1.000000 -0.000000 0.000000 1.220000 0.000000 1.000000 0.000000 2.357033 -0.000000 -0.000000 1.000000 2.698746 0.000000 0.000000 0.000000 1.000000
1.000000 -0.000000 0.000000 1.220000 0.000000 1.000000 0.000000 2.357033 -0.000000 -0.000000 1.000000 2.698746 0.000000 0.000000 0.000000 1.000000
1.000000 -0.000000 0.000000 1.220000 0.000000 1.000000 0.000000 2.357033 -0.000000 -0.000000 1.000000 2.698746 0.000000 0.000000 0.000000 1.000000
1.000000 -0.000000 0.000000 1.220000 0.000000 1.000000 0.000000 2.357033 -0.000000 -0.000000 1.000000 2.698746 0.000000 0.000000 0.000000 1.000000
1.000000 -0.000000 0.000000 1.220000 0.000000 1.000000 0.000000 2.357033 -0.000000 -0.000000 1.000000 2.698746 0.000000 0.000000 0.000000 1.000000
1.000000 -0.000000 0.000000 1.220000 0.000000 1.000000 0.000000 2.357033 -0.000000 -0.000000 1.000000 2.698746 0.000000 0.000000 0.000000 1.000000
1.000000 -0.000000 0.000000 1.220000 0.000000 1.000000 0.000000 2.357033 -0.000000 -0.000000 1.000000 2.698746 0.000000 0.000000 0.000000 1.000000
1.000000 -0.000000 0.000000 1.220000 0.000000 1.000000 0.000000 2.357033 -0.000000 -0.000000 1.000000 2.698746 0.000000 0.000000 0.000000 1.000000
1.000000 -0.000000 0.000000 1.220000 0.000000 1.000000 0.000000 2.357033 -0.000000 -0.000000 1.000000 2.698746 0.000000 0.000000 0.000000 1.000000
1.000000 -0.000000 0.000000 1.220000 0.000000 1.000000 0.000000 2.357033 -0.000000 -0.000000 1.000000 2.698746 0.000000 0.000000 0.000000 1.000000
1.000000 -0.000000 0.000000 1.220000 0.000000 1.000000 0.000000 2.357033 -0.000000 -0.000000 1.000000 2.698746 0.000000 0.000000 0.000000 1.000000
1.000000 -0.000000 0.000000 1.220000 0.000000 1.000000 0.000000 2.357033 -0.000000 -0.000000 1.000000 2.698746 0.000000 0.000000 0.000000 1.000000
1.000000 -0.000000 0.000000 1.220000 0.000000 1.000000 0.000000 2.357033 -0.000000 -0.000000 1.000000 2.698746 0.000000 0.000000 0.000000 1.000000
1.000000 -0.000000 0.000000 1.220000 0.000000 1.000000 0.000000 2.357033 -0.000000 -0.000000 1.000000 2.698746 0.000000 0.000000 0.000000 1.000000
1.000000 -0.000000 0.000000 1.220000 0.000000 1.000000 0.000000 2.357033 -0.000000 -0.000000 1.000000 2.698746 0.000000 0.000000 0.000000 1.000000
1.000000 -0.000000 0.000000 1.220000 0.000000 1.000000 0.000000 2.357033 -0.000000 -0.000000 1.000000 2.698746 0.000000 0.000000 0.000000 1.000000
1.000000 -0.000000 0.000000 1.220000 0.000000 1.000000 0.000000 2.357033 -0.000000 -0.000000 1.000000 2.698746 0.000000 0.000000 0.000000 1.000000
1.000000 -0.000000 0.000000 1.220000 0.000000 1.000000 0.000000 2.357033 -0.000000 -0.000000 1.000000 2.698746 0.000000 0.000000 0.000000 1.000000
1.000000 -0.000000 0.000000 1.220000 0.000000 1.000000 0.000000 2.357033 -0.000000 -0.000000 1.000000 2.698746 0.000000 0.000000 0.000000 1.000000
1.000000 -0.000000 0.000000 1.220000 0.000000 1.000000 0.000000 2.357033 -0.000000 -0.000000 1.000000 2.698746 0.000000 0.000000 0.000000 1.000000
1.000000 -0.000000 0.000000 1.220000 0.000000 1.000000 0.000000 2.357033 -0.000000 -0.000000 1.000000 2.698746 0.000000 0.000000 0.000000 1.000000
1.000000 -0.000000 0.000000 1.220000 0.000000 1.000000 0.000000 2.357033 -0.000000 -0.000000 1.000000 2.698746 0.000000 0.000000 0.000000 1.000000
1.000000 -0.000000 0.000000 1.220000 0.000000 1.000000 0.000000 2.357033 -0.000000 -0.000000 1.000000 2.698746 0.000000 0.000000 0.000000 1.000000</float_array><technique_common><accessor source="#neck_jnt-Matrix-animation-output-transform-array" count="57" stride="16"><param type="float4x4"/></accessor></technique_common></source><source id="neck_jnt-Interpolations"><Name_array id="neck_jnt-Interpolations-array" count="57">
 LINEAR LINEAR LINEAR LINEAR LINEAR LINEAR LINEAR LINEAR LINEAR LINEAR LINEAR
LINEAR LINEAR LINEAR LINEAR LINEAR LINEAR LINEAR LINEAR LINEAR LINEAR LINEAR LINEAR
LINEAR LINEAR LINEAR LINEAR LINEAR LINEAR LINEAR LINEAR LINEAR LINEAR LINEAR LINEAR
LINEAR LINEAR LINEAR LINEAR LINEAR LINEAR LINEAR LINEAR LINEAR LINEAR LINEAR LINEAR
LINEAR LINEAR LINEAR LINEAR LINEAR LINEAR LINEAR LINEAR LINEAR LINEAR</Name_array><technique_common><accessor source="#neck_jnt-Interpolations-array" count="57"><param type="name"/></accessor></technique_common></source><sampler id="neck_jnt-Matrix-animation-transform"><input semantic="INPUT" source="#neck_jnt-Matrix-animation-input"/><input semantic="OUTPUT" source="#neck_jnt-Matrix-animation-output-transform"/><input semantic="INTERPOLATION" source="#neck_jnt-Interpolations"/></sampler><channel source="#neck_jnt-Matrix-animation-transform" target="neck_jnt/matrix"/></animation></animation>
    <animation id="head_jnt-anim" name="head_jnt"><animation><source id="head_jnt-Matrix-animation-input"><float_array id="head_jnt-Matrix-animation-input-array" count="57">

0.000000 0.033333 0.066667 0.100000 0.133333 0.166667 0.200000 0.233333 0.266667 0.300000 0.333333 0.366667 0.400000 0.433333 0.466667 0.500000
0.533333 0.566667 0.600000 0.633333 0.666667 0.700000 0.733333 0.766667 0.800000 0.833333 0.866667 0.900000 0.933333 0.966667 1.000000 1.033333
1.066667 1.100000 1.133333 1.166667 1.200000 1.233333 1.266667 1.300000 1.333333 1.366667 1.400000 1.433333 1.466667 1.500000 1.533333 1.566667
1.600000 1.633333 1.666667 1.700000 1.733333 1.766667 1.800000 1.833333 1.866667</float_array><technique_common><accessor source="#head_jnt-Matrix-animation-input-array" count="57"><param name="TIME" type="float"/></accessor></technique_common></source><source id="head_jnt-Matrix-animation-output-transform"><float_array id="head_jnt-Matrix-animation-output-transform-array" count="912">

0.967853 -0.159024 0.194866 -0.068576 0.165175 0.986140 -0.015625 0.393787 -0.189680 0.047310 0.980705 0.070697 0.000000 0.000000 0.000000 1.000000
0.970133 -0.158717 0.183441 -0.067208 0.163886 0.986390 -0.013267 0.385164 -0.178838 0.042934 0.982941 0.071795 0.000000 0.000000 0.000000 1.000000
0.975541 -0.157159 0.153691 -0.063360 0.160324 0.987029 -0.008338 0.360898 -0.150387 0.032774 0.988084 0.074885 0.000000 0.000000 0.000000 1.000000
0.981734 -0.153498 0.112416 -0.057412 0.154921 0.987919 -0.003987 0.323397 -0.110446 0.021329 0.993653 0.079660 0.000000 0.000000 0.000000 1.000000
0.986797 -0.147676 0.066512 -0.049746 0.148231 0.988947 -0.003465 0.275066 -0.065265 0.013279 0.997780 0.085814 0.000000 0.000000 0.000000 1.000000
0.989779 -0.140753 0.022930 -0.040745 0.141016 0.989954 -0.010303 0.218313 -0.021249 0.013431 0.999684 0.093041 0.000000 0.000000 0.000000 1.000000
0.984080 -0.163441 -0.069808 -0.012131 0.156454 0.983010 -0.095985 0.048113 0.084310 0.083535 0.992932 0.122385 0.000000 0.000000 0.000000 1.000000
0.981729 -0.178480 0.065983 -0.002404 0.181738 0.982216 -0.047155 -0.013651 -0.056393 0.058285 0.996706 0.129919 0.000000 0.000000 0.000000 1.000000
0.953387 -0.186330 0.237347 0.006201 0.188601 0.981964 0.013312 -0.069064 -0.235546 0.032072 0.971334 0.136106 0.000000 0.000000 0.000000 1.000000
0.938208 -0.132387 0.319748 0.013740 0.150184 0.988155 -0.031542 -0.118238 -0.311785 0.077614 0.946977 0.141139 0.000000 0.000000 0.000000 1.000000
0.929118 -0.037634 0.367862 0.020270 0.091558 0.987244 -0.130252 -0.161284 -0.358268 0.154700 0.920713 0.145211 0.000000 0.000000 0.000000 1.000000
0.923133 0.019311 0.383996 0.025846 0.058081 0.980272 -0.188926 -0.198314 -0.380070 0.196706 0.903800 0.148518 0.000000 0.000000 0.000000 1.000000
0.926020 0.004708 0.377445 0.030523 0.061868 0.984507 -0.164065 -0.229439 -0.372369 0.175279 0.911383 0.151252 0.000000 0.000000 0.000000 1.000000
0.934829 -0.031246 0.353720 0.034357 0.075243 0.990932 -0.111321 -0.254770 -0.347034 0.130682 0.928703 0.153608 0.000000 0.000000 0.000000 1.000000
0.938945 -0.048888 0.340576 0.037404 0.082029 0.993118 -0.083593 -0.274420 -0.334146 0.106426 0.936493 0.155781 0.000000 0.000000 0.000000 1.000000
0.942697 -0.049891 0.329899 0.038772 0.080760 0.993475 -0.080528 -0.283043 -0.323729 0.102556 0.940575 0.156879 0.000000 0.000000 0.000000 1.000000
0.959581 -0.062460 0.274413 0.038541 0.084110 0.994144 -0.067841 -0.281586 -0.268569 0.088180 0.959216 0.156693 0.000000 0.000000 0.000000 1.000000
0.982740 -0.084732 0.164444 0.037865 0.094030 0.994333 -0.049591 -0.277324 -0.159310 0.064198 0.985139 0.156151 0.000000 0.000000 0.000000 1.000000
0.994002 -0.108274 0.015397 0.036769 0.108742 0.993495 -0.033793 -0.270416 -0.011638 0.035265 0.999310 0.155271 0.000000 0.000000 0.000000 1.000000
0.979891 -0.128761 -0.152430 0.035279 0.125889 0.991638 -0.028385 -0.261022 0.154811 0.008625 0.987906 0.154075 0.000000 0.000000 0.000000 1.000000
0.909823 -0.191918 -0.367953 0.052080 0.160353 0.980357 -0.114839 -0.356734 0.382764 0.045481 0.922726 0.173934 0.000000 0.000000 0.000000 1.000000
0.903160 -0.228318 -0.363555 0.049076 0.214588 0.973559 -0.078321 -0.338235 0.371825 -0.007278 0.928275 0.171249 0.000000 0.000000 0.000000 1.000000
0.913722 -0.257136 -0.314632 0.044442 0.263342 0.964418 -0.023410 -0.310177 0.309457 -0.061466 0.948925 0.166807 0.000000 0.000000 0.000000 1.000000
0.910881 -0.261636 -0.319129 0.038642 0.261443 0.964203 -0.044267 -0.275240 0.319287 -0.043112 0.946677 0.161130 0.000000 0.000000 0.000000 1.000000
0.916224 -0.255000 -0.309046 0.032137 0.237490 0.966861 -0.093692 -0.236101 0.322696 0.012448 0.946421 0.154738 0.000000 0.000000 0.000000 1.000000
0.913804 -0.266530 -0.306469 0.025390 0.241315 0.963226 -0.118165 -0.195440 0.326694 0.034024 0.944518 0.148152 0.000000 0.000000 0.000000 1.000000
0.890216 -0.300700 -0.342191 0.018865 0.285748 0.953622 -0.094617 -0.155933 0.354773 -0.013551 0.934854 0.141892 0.000000 0.000000 0.000000 1.000000
0.854850 -0.332418 -0.398409 0.013023 0.337160 0.939504 -0.060457 -0.120259 0.394404 -0.082646 0.915213 0.136481 0.000000 0.000000 0.000000 1.000000
0.826146 -0.361578 -0.432139 0.008328 0.380150 0.923771 -0.046181 -0.091096 0.415896 -0.126126 0.900624 0.132438 0.000000 0.000000 0.000000 1.000000
0.805084 -0.385528 -0.450786 0.004295 0.408927 0.911250 -0.049008 -0.065668 0.429673 -0.144883 0.891286 0.129200 0.000000 0.000000 0.000000 1.000000
0.780409 -0.393049 -0.486286 0.000148 0.422306 0.904865 -0.053642 -0.039519 0.461107 -0.163499 0.872152 0.125871 0.000000 0.000000 0.000000 1.000000
0.756131 -0.383635 -0.530179 -0.004088 0.417603 0.906617 -0.060445 -0.012808 0.503858 -0.175700 0.845728 0.122469 0.000000 0.000000 0.000000 1.000000
0.733640 -0.365842 -0.572654 -0.008389 0.401621 0.913212 -0.068882 0.014304 0.548154 -0.179455 0.816898 0.119017 0.000000 0.000000 0.000000 1.000000
0.713982 -0.351646 -0.605454 -0.012727 0.384353 0.919637 -0.080875 0.041656 0.585238 -0.174965 0.791760 0.115534 0.000000 0.000000 0.000000 1.000000
0.653411 -0.396064 -0.645125 0.001581 0.363366 0.911711 -0.191697 -0.038342 0.664092 -0.109159 0.739639 0.133393 0.000000 0.000000 0.000000 1.000000
0.724780 -0.416721 -0.548669 -0.003559 0.422312 0.897914 -0.124113 -0.006374 0.544378 -0.141755 0.826776 0.128993 0.000000 0.000000 0.000000 1.000000
0.800564 -0.437158 -0.409866 -0.009972 0.471010 0.881887 -0.020618 0.032908 0.370469 -0.176545 0.911913 0.123122 0.000000 0.000000 0.000000 1.000000
0.850202 -0.428103 -0.306406 -0.017197 0.447651 0.894179 -0.007201 0.076824 0.277065 -0.131041 0.951874 0.116301 0.000000 0.000000 0.000000 1.000000
0.897016 -0.390774 -0.206540 -0.024770 0.391066 0.919442 -0.041157 0.122697 0.205984 -0.043852 0.977572 0.109051 0.000000 0.000000 0.000000 1.000000
0.924394 -0.354381 -0.141103 -0.032229 0.348403 0.935027 -0.065870 0.167849 0.155278 0.011729 0.987801 0.101894 0.000000 0.000000 0.000000 1.000000
0.932229 -0.339718 -0.124663 -0.039110 0.337004 0.940525 -0.042909 0.209601 0.131826 -0.002011 0.991271 0.095349 0.000000 0.000000 0.000000 1.000000
0.935192 -0.329538 -0.129695 -0.044952 0.331946 0.943293 -0.003220 0.245275 0.123401 -0.040040 0.991549 0.089937 0.000000 0.000000 0.000000 1.000000
0.942541 -0.315414 -0.110137 -0.049291 0.319318 0.947450 0.019351 0.272192 0.098246 -0.053408 0.993728 0.086180 0.000000 0.000000 0.000000 1.000000
0.952577 -0.294366 -0.077108 -0.052611 0.296771 0.954705 0.021590 0.293131 0.067260 -0.043449 0.996789 0.083514 0.000000 0.000000 0.000000 1.000000
0.960173 -0.271074 -0.067731 -0.055691 0.273168 0.961675 0.023678 0.312546 0.058716 -0.041236 0.997423 0.081042 0.000000 0.000000 0.000000 1.000000
