<?xml version="1.0" encoding="utf-8"?>
<COLLADA xmlns="http://www.collada.org/2005/11/COLLADASchema" version="1.4.1">
  <asset><contributor><author></author><authoring_tool>FBX COLLADA exporter</authoring_tool><comments></comments></contributor><created>2020-01-21T09:14:14Z</created><keywords></keywords><modified>2020-01-21T09:14:14Z</modified><revision></revision><subject></subject><title></title><unit meter="0.010000" name="centimeter"></unit><up_axis>Y_UP</up_axis></asset>
  <library_animations>
    <animation id="root_jnt-anim" name="root_jnt"><animation><source id="root_jnt-Matrix-animation-input"><float_array id="root_jnt-Matrix-animation-input-array" count="19">

0.000000 0.033333 0.066667 0.100000 0.133333 0.166667 0.200000 0.233333 0.266667 0.300000 0.333333 0.366667 0.400000 0.433333 0.466667 0.500000
0.533333 0.566667 0.600000</float_array><technique_common><accessor source="#root_jnt-Matrix-animation-input-array" count="19"><param name="TIME" type="float"/></accessor></technique_common></source><source id="root_jnt-Matrix-animation-output-transform"><float_array id="root_jnt-Matrix-animation-output-transform-array" count="304">

1.000000 0.000000 0.000000 0.000000 0.000000 1.000000 0.000000 0.000000 0.000000 0.000000 1.000000 0.000000 0.000000 0.000000 0.000000 1.000000
1.000000 0.000000 0.000000 0.000000 0.000000 1.000000 0.000000 0.000000 0.000000 0.000000 1.000000 0.000000 0.000000 0.000000 0.000000 1.000000
1.000000 0.000000 0.000000 0.000000 0.000000 1.000000 0.000000 0.000000 0.000000 0.000000 1.000000 0.000000 0.000000 0.000000 0.000000 1.000000
1.000000 0.000000 0.000000 0.000000 0.000000 1.000000 0.000000 0.000000 0.000000 0.000000 1.000000 0.000000 0.000000 0.000000 0.000000 1.000000
1.000000 0.000000 0.000000 0.000000 0.000000 1.000000 0.000000 0.000000 0.000000 0.000000 1.000000 0.000000 0.000000 0.000000 0.000000 1.000000
1.000000 0.000000 0.000000 0.000000 0.000000 1.000000 0.000000 0.000000 0.000000 0.000000 1.000000 0.000000 0.000000 0.000000 0.000000 1.000000
1.000000 0.000000 0.000000 0.000000 0.000000 1.000000 0.000000 0.000000 0.000000 0.000000 1.000000 0.000000 0.000000 0.000000 0.000000 1.000000
1.000000 0.000000 0.000000 0.000000 0.000000 1.000000 0.000000 0.000000 0.000000 0.000000 1.000000 0.000000 0.000000 0.000000 0.000000 1.000000
1.000000 0.000000 0.000000 0.000000 0.000000 1.000000 0.000000 0.000000 0.000000 0.000000 1.000000 0.000000 0.000000 0.000000 0.000000 1.000000
1.000000 0.000000 0.000000 0.000000 0.000000 1.000000 0.000000 0.000000 0.000000 0.000000 1.000000 0.000000 0.000000 0.000000 0.000000 1.000000
1.000000 0.000000 0.000000 0.000000 0.000000 1.000000 0.000000 0.000000 0.000000 0.000000 1.000000 0.000000 0.000000 0.000000 0.000000 1.000000
1.000000 0.000000 0.000000 0.000000 0.000000 1.000000 0.000000 0.000000 0.000000 0.000000 1.000000 0.000000 0.000000 0.000000 0.000000 1.000000
1.000000 0.000000 0.000000 0.000000 0.000000 1.000000 0.000000 0.000000 0.000000 0.000000 1.000000 0.000000 0.000000 0.000000 0.000000 1.000000
1.000000 0.000000 0.000000 0.000000 0.000000 1.000000 0.000000 0.000000 0.000000 0.000000 1.000000 0.000000 0.000000 0.000000 0.000000 1.000000
1.000000 0.000000 0.000000 0.000000 0.000000 1.000000 0.000000 0.000000 0.000000 0.000000 1.000000 0.000000 0.000000 0.000000 0.000000 1.000000
1.000000 0.000000 0.000000 0.000000 0.000000 1.000000 0.000000 0.000000 0.000000 0.000000 1.000000 0.000000 0.000000 0.000000 0.000000 1.000000
1.000000 0.000000 0.000000 0.000000 0.000000 1.000000 0.000000 0.000000 0.000000 0.000000 1.000000 0.000000 0.000000 0.000000 0.000000 1.000000
1.000000 0.000000 0.000000 0.000000 0.000000 1.000000 0.000000 0.000000 0.000000 0.000000 1.000000 0.000000 0.000000 0.000000 0.000000 1.000000
1.000000 0.000000 0.000000 0.000000 0.000000 1.000000 0.000000 0.000000 0.000000 0.000000 1.000000 0.000000 0.000000 0.000000 0.000000 1.000000</float_array><technique_common><accessor source="#root_jnt-Matrix-animation-output-transform-array" count="19" stride="16"><param type="float4x4"/></accessor></technique_common></source><source id="root_jnt-Interpolations"><Name_array id="root_jnt-Interpolations-array" count="19">
 LINEAR LINEAR LINEAR LINEAR LINEAR LINEAR LINEAR LINEAR LINEAR LINEAR LINEAR
LINEAR LINEAR LINEAR LINEAR LINEAR LINEAR LINEAR LINEAR</Name_array><technique_common><accessor source="#root_jnt-Interpolations-array" count="19"><param type="name"/></accessor></technique_common></source><sampler id="root_jnt-Matrix-animation-transform"><input semantic="INPUT" source="#root_jnt-Matrix-animation-input"/><input semantic="OUTPUT" source="#root_jnt-Matrix-animation-output-transform"/><input semantic="INTERPOLATION" source="#root_jnt-Interpolations"/></sampler><channel source="#root_jnt-Matrix-animation-transform" target="root_jnt/matrix"/></animation></animation>
    <animation id="jnt_spine2-anim" name="jnt_spine2"><animation><source id="jnt_spine2-Matrix-animation-input"><float_array id="jnt_spine2-Matrix-animation-input-array" count="19">

0.000000 0.033333 0.066667 0.100000 0.133333 0.166667 0.200000 0.233333 0.266667 0.300000 0.333333 0.366667 0.400000 0.433333 0.466667 0.500000
0.533333 0.566667 0.600000</float_array><technique_common><accessor source="#jnt_spine2-Matrix-animation-input-array" count="19"><param name="TIME" type="float"/></accessor></technique_common></source><source id="jnt_spine2-Matrix-animation-output-transform"><float_array id="jnt_spine2-Matrix-animation-output-transform-array" count="304">

1.000000 0.000000 0.000000 0.000000 0.000000 1.000000 0.000000 6.834946 0.000000 0.000000 1.000000 -0.000000 0.000000 0.000000 0.000000 1.000000
0.999982 0.001178 0.005889 0.000000 -0.001178 0.999999 -0.000007 6.845536 -0.005889 0.000000 0.999983 -0.000000 0.000000 0.000000 0.000000 1.000000
0.999756 0.004334 0.021669 0.000000 -0.004333 0.999991 -0.000094 6.873917 -0.021670 -0.000000 0.999765 -0.000000 0.000000 0.000000 0.000000 1.000000
0.998970 0.008902 0.044504 0.000000 -0.008894 0.999960 -0.000396 6.915007 -0.044506 -0.000000 0.999009 -0.000000 0.000000 0.000000 0.000000 1.000000
0.997335 0.014319 0.071541 0.000000 -0.014282 0.999897 -0.001025 6.963721 -0.071548 -0.000000 0.997437 -0.000000 0.000000 0.000000 0.000000 1.000000
0.994794 0.020018 0.099925 0.000000 -0.019917 0.999800 -0.002001 7.014977 -0.099945 0.000000 0.994993 -0.000000 0.000000 0.000000 0.000000 1.000000
0.991600 0.025433 0.126818 0.000000 -0.025228 0.999677 -0.003226 7.063691 -0.126859 0.000000 0.991921 -0.000000 0.000000 0.000000 0.000000 1.000000
0.988318 0.030001 0.149421 0.000000 -0.029663 0.999550 -0.004485 7.104780 -0.149488 0.000000 0.988764 -0.000000 0.000000 0.000000 0.000000 1.000000
0.985739 0.033155 0.164983 0.000000 -0.032700 0.999450 -0.005473 7.133161 -0.165074 0.000000 0.986281 -0.000000 0.000000 0.000000 0.000000 1.000000
0.984711 0.034332 0.170778 0.000000 -0.033827 0.999410 -0.005867 7.143751 -0.170879 -0.000000 0.985292 -0.000000 0.000000 0.000000 0.000000 1.000000
0.985739 0.033155 0.164983 0.000000 -0.032700 0.999450 -0.005473 7.133161 -0.165074 0.000000 0.986281 -0.000000 0.000000 0.000000 0.000000 1.000000
0.988318 0.030001 0.149421 0.000000 -0.029663 0.999550 -0.004485 7.104780 -0.149488 0.000000 0.988764 -0.000000 0.000000 0.000000 0.000000 1.000000
0.991600 0.025433 0.126818 0.000000 -0.025228 0.999677 -0.003226 7.063691 -0.126859 0.000000 0.991921 -0.000000 0.000000 0.000000 0.000000 1.000000
0.994794 0.020018 0.099925 0.000000 -0.019917 0.999800 -0.002001 7.014977 -0.099945 0.000000 0.994993 -0.000000 0.000000 0.000000 0.000000 1.000000
0.997335 0.014319 0.071541 0.000000 -0.014282 0.999897 -0.001025 6.963721 -0.071548 -0.000000 0.997437 -0.000000 0.000000 0.000000 0.000000 1.000000
0.998970 0.008902 0.044504 0.000000 -0.008894 0.999960 -0.000396 6.915007 -0.044506 -0.000000 0.999009 -0.000000 0.000000 0.000000 0.000000 1.000000
0.999756 0.004334 0.021669 0.000000 -0.004333 0.999991 -0.000094 6.873917 -0.021670 -0.000000 0.999765 -0.000000 0.000000 0.000000 0.000000 1.000000
0.999982 0.001178 0.005889 0.000000 -0.001178 0.999999 -0.000007 6.845536 -0.005889 -0.000000 0.999983 -0.000000 0.000000 0.000000 0.000000 1.000000
1.000000 0.000000 0.000000 0.000000 0.000000 1.000000 0.000000 6.834946 0.000000 0.000000 1.000000 -0.000000 0.000000 0.000000 0.000000 1.000000</float_array><technique_common><accessor source="#jnt_spine2-Matrix-animation-output-transform-array" count="19" stride="16"><param type="float4x4"/></accessor></technique_common></source><source id="jnt_spine2-Interpolations"><Name_array id="jnt_spine2-Interpolations-array" count="19">
 LINEAR LINEAR LINEAR LINEAR LINEAR LINEAR LINEAR LINEAR LINEAR LINEAR LINEAR
LINEAR LINEAR LINEAR LINEAR LINEAR LINEAR LINEAR LINEAR</Name_array><technique_common><accessor source="#jnt_spine2-Interpolations-array" count="19"><param type="name"/></accessor></technique_common></source><sampler id="jnt_spine2-Matrix-animation-transform"><input semantic="INPUT" source="#jnt_spine2-Matrix-animation-input"/><input semantic="OUTPUT" source="#jnt_spine2-Matrix-animation-output-transform"/><input semantic="INTERPOLATION" source="#jnt_spine2-Interpolations"/></sampler><channel source="#jnt_spine2-Matrix-animation-transform" target="jnt_spine2/matrix"/></animation></animation>
    <animation id="neck_jnt-anim" name="neck_jnt"><animation><source id="neck_jnt-Matrix-animation-input"><float_array id="neck_jnt-Matrix-animation-input-array" count="19">

0.000000 0.033333 0.066667 0.100000 0.133333 0.166667 0.200000 0.233333 0.266667 0.300000 0.333333 0.366667 0.400000 0.433333 0.466667 0.500000
0.533333 0.566667 0.600000</float_array><technique_common><accessor source="#neck_jnt-Matrix-animation-input-array" count="19"><param name="TIME" type="float"/></accessor></technique_common></source><source id="neck_jnt-Matrix-animation-output-transform"><float_array id="neck_jnt-Matrix-animation-output-transform-array" count="304">

1.000000 -0.000000 0.000000 -0.000000 0.000000 1.000000 0.000000 2.357033 -0.000000 -0.000000 1.000000 2.698746 0.000000 0.000000 0.000000 1.000000
1.000000 -0.000000 0.000000 0.000000 0.000000 1.000000 0.000000 2.357033 -0.000000 -0.000000 1.000000 2.698746 0.000000 0.000000 0.000000 1.000000
1.000000 -0.000000 0.000000 -0.000000 0.000000 1.000000 0.000000 2.357033 -0.000000 -0.000000 1.000000 2.698746 0.000000 0.000000 0.000000 1.000000
1.000000 -0.000000 0.000000 -0.000000 0.000000 1.000000 0.000000 2.357033 -0.000000 -0.000000 1.000000 2.698746 0.000000 0.000000 0.000000 1.000000
1.000000 -0.000000 0.000000 0.000000 0.000000 1.000000 0.000000 2.357033 -0.000000 -0.000000 1.000000 2.698746 0.000000 0.000000 0.000000 1.000000
1.000000 -0.000000 0.000000 0.000000 0.000000 1.000000 0.000000 2.357033 -0.000000 -0.000000 1.000000 2.698746 0.000000 0.000000 0.000000 1.000000
1.000000 -0.000000 0.000000 0.000000 0.000000 1.000000 0.000000 2.357033 -0.000000 -0.000000 1.000000 2.698746 0.000000 0.000000 0.000000 1.000000
1.000000 -0.000000 0.000000 -0.000000 0.000000 1.000000 0.000000 2.357033 -0.000000 -0.000000 1.000000 2.698746 0.000000 0.000000 0.000000 1.000000
1.000000 -0.000000 0.000000 -0.000000 0.000000 1.000000 0.000000 2.357033 -0.000000 -0.000000 1.000000 2.698746 0.000000 0.000000 0.000000 1.000000
1.000000 -0.000000 0.000000 0.000000 0.000000 1.000000 0.000000 2.357033 -0.000000 -0.000000 1.000000 2.698746 0.000000 0.000000 0.000000 1.000000
1.000000 -0.000000 0.000000 -0.000000 0.000000 1.000000 0.000000 2.357033 -0.000000 -0.000000 1.000000 2.698746 0.000000 0.000000 0.000000 1.000000
1.000000 -0.000000 0.000000 -0.000000 0.000000 1.000000 0.000000 2.357033 -0.000000 -0.000000 1.000000 2.698746 0.000000 0.000000 0.000000 1.000000
1.000000 -0.000000 0.000000 0.000000 0.000000 1.000000 0.000000 2.357033 -0.000000 -0.000000 1.000000 2.698746 0.000000 0.000000 0.000000 1.000000
1.000000 -0.000000 0.000000 0.000000 0.000000 1.000000 0.000000 2.357033 -0.000000 -0.000000 1.000000 2.698746 0.000000 0.000000 0.000000 1.000000
1.000000 -0.000000 0.000000 0.000000 0.000000 1.000000 0.000000 2.357033 -0.000000 -0.000000 1.000000 2.698746 0.000000 0.000000 0.000000 1.000000
1.000000 -0.000000 0.000000 -0.000000 0.000000 1.000000 0.000000 2.357033 -0.000000 -0.000000 1.000000 2.698746 0.000000 0.000000 0.000000 1.000000
1.000000 -0.000000 0.000000 0.000000 0.000000 1.000000 0.000000 2.357033 -0.000000 -0.000000 1.000000 2.698746 0.000000 0.000000 0.000000 1.000000
1.000000 -0.000000 0.000000 0.000000 0.000000 1.000000 0.000000 2.357033 -0.000000 -0.000000 1.000000 2.698746 0.000000 0.000000 0.000000 1.000000
1.000000 -0.000000 0.000000 -0.000000 0.000000 1.000000 0.000000 2.357033 -0.000000 -0.000000 1.000000 2.698746 0.000000 0.000000 0.000000 1.000000</float_array><technique_common><accessor source="#neck_jnt-Matrix-animation-output-transform-array" count="19" stride="16"><param type="float4x4"/></accessor></technique_common></source><source id="neck_jnt-Interpolations"><Name_array id="neck_jnt-Interpolations-array" count="19">
 LINEAR LINEAR LINEAR LINEAR LINEAR LINEAR LINEAR LINEAR LINEAR LINEAR LINEAR
LINEAR LINEAR LINEAR LINEAR LINEAR LINEAR LINEAR LINEAR</Name_array><technique_common><accessor source="#neck_jnt-Interpolations-array" count="19"><param type="name"/></accessor></technique_common></source><sampler id="neck_jnt-Matrix-animation-transform"><input semantic="INPUT" source="#neck_jnt-Matrix-animation-input"/><input semantic="OUTPUT" source="#neck_jnt-Matrix-animation-output-transform"/><input semantic="INTERPOLATION" source="#neck_jnt-Interpolations"/></sampler><channel source="#neck_jnt-Matrix-animation-transform" target="neck_jnt/matrix"/></animation></animation>
    <animation id="head_jnt-anim" name="head_jnt"><animation><source id="head_jnt-Matrix-animation-input"><float_array id="head_jnt-Matrix-animation-input-array" count="19">

0.000000 0.033333 0.066667 0.100000 0.133333 0.166667 0.200000 0.233333 0.266667 0.300000 0.333333 0.366667 0.400000 0.433333 0.466667 0.500000
0.533333 0.566667 0.600000</float_array><technique_common><accessor source="#head_jnt-Matrix-animation-input-array" count="19"><param name="TIME" type="float"/></accessor></technique_common></source><source id="head_jnt-Matrix-animation-output-transform"><float_array id="head_jnt-Matrix-animation-output-transform-array" count="304">

0.986093 0.163650 -0.028984 0.722739 -0.166197 0.970981 -0.171972 -0.050900 0.000000 0.174398 0.984675 -0.103117 0.000000 0.000000 0.000000 1.000000
0.986093 0.163650 -0.028984 0.722739 -0.166197 0.970981 -0.171972 -0.050900 0.000000 0.174398 0.984675 -0.103117 0.000000 0.000000 0.000000 1.000000
0.986093 0.163650 -0.028984 0.722739 -0.166197 0.970981 -0.171972 -0.050900 0.000000 0.174398 0.984675 -0.103117 0.000000 0.000000 0.000000 1.000000
0.986093 0.163650 -0.028984 0.722739 -0.166197 0.970981 -0.171972 -0.050900 -0.000000 0.174398 0.984675 -0.103117 0.000000 0.000000 0.000000 1.000000
0.986093 0.163650 -0.028984 0.722739 -0.166197 0.970981 -0.171972 -0.050900 -0.000000 0.174398 0.984675 -0.103117 0.000000 0.000000 0.000000 1.000000
0.986093 0.163650 -0.028984 0.722739 -0.166197 0.970981 -0.171972 -0.050900 0.000000 0.174398 0.984675 -0.103117 0.000000 0.000000 0.000000 1.000000
0.986093 0.163650 -0.028984 0.722739 -0.166197 0.970981 -0.171972 -0.050900 -0.000000 0.174398 0.984675 -0.103117 0.000000 0.000000 0.000000 1.000000
0.986093 0.163650 -0.028984 0.722739 -0.166197 0.970981 -0.171972 -0.050900 0.000000 0.174398 0.984675 -0.103117 0.000000 0.000000 0.000000 1.000000
0.986093 0.163650 -0.028984 0.722739 -0.166197 0.970981 -0.171972 -0.050900 -0.000000 0.174398 0.984675 -0.103117 0.000000 0.000000 0.000000 1.000000
0.986093 0.163650 -0.028984 0.722739 -0.166197 0.970981 -0.171972 -0.050900 0.000000 0.174398 0.984675 -0.103117 0.000000 0.000000 0.000000 1.000000
0.986093 0.163650 -0.028984 0.722739 -0.166197 0.970981 -0.171972 -0.050900 -0.000000 0.174398 0.984675 -0.103117 0.000000 0.000000 0.000000 1.000000
0.986093 0.163650 -0.028984 0.722739 -0.166197 0.970981 -0.171972 -0.050900 0.000000 0.174398 0.984675 -0.103117 0.000000 0.000000 0.000000 1.000000
0.986093 0.163650 -0.028984 0.722739 -0.166197 0.970981 -0.171972 -0.050900 -0.000000 0.174398 0.984675 -0.103117 0.000000 0.000000 0.000000 1.000000
0.986093 0.163650 -0.028984 0.722739 -0.166197 0.970981 -0.171972 -0.050900 0.000000 0.174398 0.984675 -0.103117 0.000000 0.000000 0.000000 1.000000
0.986093 0.163650 -0.028984 0.722739 -0.166197 0.970981 -0.171972 -0.050900 -0.000000 0.174398 0.984675 -0.103117 0.000000 0.000000 0.000000 1.000000
0.986093 0.163650 -0.028984 0.722739 -0.166197 0.970981 -0.171972 -0.050900 -0.000000 0.174398 0.984675 -0.103117 0.000000 0.000000 0.000000 1.000000
0.986093 0.163650 -0.028984 0.722739 -0.166197 0.970981 -0.171972 -0.050900 0.000000 0.174398 0.984675 -0.103117 0.000000 0.000000 0.000000 1.000000
0.986093 0.163650 -0.028984 0.722739 -0.166197 0.970981 -0.171972 -0.050900 0.000000 0.174398 0.984675 -0.103117 0.000000 0.000000 0.000000 1.000000
0.986093 0.163650 -0.028984 0.722739 -0.166197 0.970981 -0.171972 -0.050900 0.000000 0.174398 0.984675 -0.103117 0.000000 0.000000 0.000000 1.000000</float_array><technique_common><accessor source="#head_jnt-Matrix-animation-output-transform-array" count="19" stride="16"><param type="float4x4"/></accessor></technique_common></source><source id="head_jnt-Interpolations"><Name_array id="head_jnt-Interpolations-array" count="19">
 LINEAR LINEAR LINEAR LINEAR LINEAR LINEAR LINEAR LINEAR LINEAR LINEAR LINEAR
LINEAR LINEAR LINEAR LINEAR LINEAR LINEAR LINEAR LINEAR</Name_array><technique_common><accessor source="#head_jnt-Interpolations-array" count="19"><param type="name"/></accessor></technique_common></source><sampler id="head_jnt-Matrix-animation-transform"><input semantic="INPUT" source="#head_jnt-Matrix-animation-input"/><input semantic="OUTPUT" source="#head_jnt-Matrix-animation-output-transform"/><input semantic="INTERPOLATION" source="#head_jnt-Interpolations"/></sampler><channel source="#head_jnt-Matrix-animation-transform" target="head_jnt/matrix"/></animation></animation>
    <animation id="r_arm01_jnt-anim" name="r_arm01_jnt"><animation><source id="r_arm01_jnt-Matrix-animation-input"><float_array id="r_arm01_jnt-Matrix-animation-input-array" count="19">

0.000000 0.033333 0.066667 0.100000 0.133333 0.166667 0.200000 0.233333 0.266667 0.300000 0.333333 0.366667 0.400000 0.433333 0.466667 0.500000
0.533333 0.566667 0.600000</float_array><technique_common><accessor source="#r_arm01_jnt-Matrix-animation-input-array" count="19"><param name="TIME" type="float"/></accessor></technique_common></source><source id="r_arm01_jnt-Matrix-animation-output-transform"><float_array id="r_arm01_jnt-Matrix-animation-output-transform-array" count="304">

-0.966114 0.145537 0.213171 -2.858765 0.216779 0.905800 0.364051 2.350029 -0.140108 0.397926 -0.906656 -0.000000 0.000000 0.000000 0.000000 1.000000
-0.966114 0.145537 0.213171 -2.858765 0.216779 0.905800 0.364051 2.350029 -0.140108 0.397926 -0.906656 -0.000000 0.000000 0.000000 0.000000 1.000000
-0.966114 0.145537 0.213171 -2.858765 0.216779 0.905800 0.364051 2.350029 -0.140108 0.397926 -0.906656 -0.000000 0.000000 0.000000 0.000000 1.000000
-0.966114 0.145537 0.213171 -2.858765 0.216779 0.905800 0.364051 2.350029 -0.140108 0.397926 -0.906656 -0.000000 0.000000 0.000000 0.000000 1.000000
-0.966114 0.145537 0.213171 -2.858765 0.216779 0.905800 0.364051 2.350029 -0.140108 0.397926 -0.906656 -0.000000 0.000000 0.000000 0.000000 1.000000
-0.966114 0.145537 0.213171 -2.858765 0.216779 0.905800 0.364051 2.350029 -0.140108 0.397926 -0.906656 -0.000000 0.000000 0.000000 0.000000 1.000000
-0.966114 0.145537 0.213171 -2.858765 0.216779 0.905800 0.364051 2.350029 -0.140108 0.397926 -0.906656 -0.000000 0.000000 0.000000 0.000000 1.000000
-0.966114 0.145537 0.213171 -2.858765 0.216779 0.905800 0.364051 2.350029 -0.140108 0.397926 -0.906656 -0.000000 0.000000 0.000000 0.000000 1.000000
-0.966114 0.145537 0.213171 -2.858765 0.216779 0.905800 0.364051 2.350029 -0.140108 0.397926 -0.906656 -0.000000 0.000000 0.000000 0.000000 1.000000
-0.966114 0.145537 0.213171 -2.858765 0.216779 0.905800 0.364051 2.350029 -0.140108 0.397926 -0.906656 -0.000000 0.000000 0.000000 0.000000 1.000000
-0.966114 0.145537 0.213171 -2.858765 0.216779 0.905800 0.364051 2.350029 -0.140108 0.397926 -0.906656 -0.000000 0.000000 0.000000 0.000000 1.000000
-0.966114 0.145537 0.213171 -2.858765 0.216779 0.905800 0.364051 2.350029 -0.140108 0.397926 -0.906656 -0.000000 0.000000 0.000000 0.000000 1.000000
-0.966114 0.145537 0.213171 -2.858765 0.216779 0.905800 0.364051 2.350029 -0.140108 0.397926 -0.906656 -0.000000 0.000000 0.000000 0.000000 1.000000
-0.966114 0.145537 0.213171 -2.858765 0.216779 0.905800 0.364051 2.350029 -0.140108 0.397926 -0.906656 -0.000000 0.000000 0.000000 0.000000 1.000000
-0.966114 0.145537 0.213171 -2.858765 0.216779 0.905800 0.364051 2.350029 -0.140108 0.397926 -0.906656 -0.000000 0.000000 0.000000 0.000000 1.000000
-0.966114 0.145537 0.213171 -2.858765 0.216779 0.905800 0.364051 2.350029 -0.140108 0.397926 -0.906656 -0.000000 0.000000 0.000000 0.000000 1.000000
-0.966114 0.145537 0.213171 -2.858765 0.216779 0.905800 0.364051 2.350029 -0.140108 0.397926 -0.906656 -0.000000 0.000000 0.000000 0.000000 1.000000
-0.966114 0.145537 0.213171 -2.858765 0.216779 0.905800 0.364051 2.350029 -0.140108 0.397926 -0.906656 -0.000000 0.000000 0.000000 0.000000 1.000000
-0.966114 0.145537 0.213171 -2.858765 0.216779 0.905800 0.364051 2.350029 -0.140108 0.397926 -0.906656 -0.000000 0.000000 0.000000 0.000000 1.000000</float_array><technique_common><accessor source="#r_arm01_jnt-Matrix-animation-output-transform-array" count="19" stride="16"><param type="float4x4"/></accessor></technique_common></source><source id="r_arm01_jnt-Interpolations"><Name_array id="r_arm01_jnt-Interpolations-array" count="19">
 LINEAR LINEAR LINEAR LINEAR LINEAR LINEAR LINEAR LINEAR LINEAR LINEAR LINEAR
LINEAR LINEAR LINEAR LINEAR LINEAR LINEAR LINEAR LINEAR</Name_array><technique_common><accessor source="#r_arm01_jnt-Interpolations-array" count="19"><param type="name"/></accessor></technique_common></source><sampler id="r_arm01_jnt-Matrix-animation-transform"><input semantic="INPUT" source="#r_arm01_jnt-Matrix-animation-input"/><input semantic="OUTPUT" source="#r_arm01_jnt-Matrix-animation-output-transform"/><input semantic="INTERPOLATION" source="#r_arm01_jnt-Interpolations"/></sampler><channel source="#r_arm01_jnt-Matrix-animation-transform" target="r_arm01_jnt/matrix"/></animation></animation>
    <animation id="r_arm02_jnt-anim" name="r_arm02_jnt"><animation><source id="r_arm02_jnt-Matrix-animation-input"><float_array id="r_arm02_jnt-Matrix-animation-input-array" count="19">

0.000000 0.033333 0.066667 0.100000 0.133333 0.166667 0.200000 0.233333 0.266667 0.300000 0.333333 0.366667 0.400000 0.433333 0.466667 0.500000
0.533333 0.566667 0.600000</float_array><technique_common><accessor source="#r_arm02_jnt-Matrix-animation-input-array" count="19"><param name="TIME" type="float"/></accessor></technique_common></source><source id="r_arm02_jnt-Matrix-animation-output-transform"><float_array id="r_arm02_jnt-Matrix-animation-output-transform-array" count="304">

0.276156 0.948065 0.157829 1.138730 -0.860368 0.317045 -0.399061 0.000000 -0.428375 -0.025588 0.903239 0.000000 0.000000 0.000000 0.000000 1.000000
0.274735 0.949811 0.149598 1.138730 -0.862694 0.312200 -0.397857 -0.000000 -0.424593 -0.019752 0.905169 -0.000000 0.000000 0.000000 0.000000 1.000000
0.270795 0.954157 0.127494 1.138730 -0.868811 0.299280 -0.394459 0.000000 -0.414533 -0.003950 0.910026 -0.000000 0.000000 0.000000 0.000000 1.000000
0.264763 0.959583 0.095397 1.138730 -0.877365 0.280761 -0.389107 0.000000 -0.400165 0.019323 0.916240 -0.000000 0.000000 0.000000 0.000000 1.000000
0.257133 0.964678 0.057264 1.138730 -0.887045 0.259123 -0.382108 -0.000000 -0.383450 0.047457 0.922342 -0.000000 0.000000 0.000000 0.000000 1.000000
0.248581 0.968460 0.017133 1.138730 -0.896696 0.236777 -0.373997 -0.000000 -0.366258 0.077606 0.927272 -0.000000 0.000000 0.000000 0.000000 1.000000
0.239986 0.970551 -0.020929 1.138730 -0.905366 0.215985 -0.365599 -0.000000 -0.350312 0.106687 0.930537 -0.000000 0.000000 0.000000 0.000000 1.000000
0.232409 0.971178 -0.052911 1.138730 -0.912305 0.198815 -0.358011 0.000000 -0.337173 0.131476 0.932217 -0.000000 0.000000 0.000000 0.000000 1.000000
0.227009 0.971007 -0.074910 1.138730 -0.916901 0.187165 -0.352508 0.000000 -0.328268 0.148707 0.932806 -0.000000 0.000000 0.000000 0.000000 1.000000
0.224961 0.970818 -0.083095 1.138730 -0.918575 0.182863 -0.350402 0.000000 -0.324981 0.155156 0.932906 -0.000000 0.000000 0.000000 0.000000 1.000000
0.227009 0.971007 -0.074910 1.138730 -0.916901 0.187165 -0.352508 0.000000 -0.328268 0.148707 0.932806 -0.000000 0.000000 0.000000 0.000000 1.000000
0.232409 0.971178 -0.052911 1.138730 -0.912305 0.198815 -0.358011 0.000000 -0.337173 0.131476 0.932217 -0.000000 0.000000 0.000000 0.000000 1.000000
0.239986 0.970551 -0.020929 1.138730 -0.905366 0.215985 -0.365599 -0.000000 -0.350312 0.106687 0.930537 -0.000000 0.000000 0.000000 0.000000 1.000000
0.248581 0.968460 0.017133 1.138730 -0.896696 0.236777 -0.373997 -0.000000 -0.366258 0.077606 0.927272 -0.000000 0.000000 0.000000 0.000000 1.000000
0.257133 0.964678 0.057264 1.138730 -0.887045 0.259123 -0.382108 -0.000000 -0.383450 0.047457 0.922342 -0.000000 0.000000 0.000000 0.000000 1.000000
0.264763 0.959583 0.095397 1.138730 -0.877365 0.280761 -0.389107 0.000000 -0.400165 0.019323 0.916240 0.000000 0.000000 0.000000 0.000000 1.000000
0.270795 0.954157 0.127494 1.138730 -0.868811 0.299280 -0.394459 0.000000 -0.414533 -0.003950 0.910026 -0.000000 0.000000 0.000000 0.000000 1.000000
0.274735 0.949811 0.149598 1.138730 -0.862694 0.312200 -0.397857 -0.000000 -0.424593 -0.019752 0.905169 -0.000000 0.000000 0.000000 0.000000 1.000000
0.276156 0.948065 0.157829 1.138730 -0.860368 0.317045 -0.399061 0.000000 -0.428375 -0.025588 0.903239 0.000000 0.000000 0.000000 0.000000 1.000000</float_array><technique_common><accessor source="#r_arm02_jnt-Matrix-animation-output-transform-array" count="19" stride="16"><param type="float4x4"/></accessor></technique_common></source><source id="r_arm02_jnt-Interpolations"><Name_array id="r_arm02_jnt-Interpolations-array" count="19">
 LINEAR LINEAR LINEAR LINEAR LINEAR LINEAR LINEAR LINEAR LINEAR LINEAR LINEAR
LINEAR LINEAR LINEAR LINEAR LINEAR LINEAR LINEAR LINEAR</Name_array><technique_common><accessor source="#r_arm02_jnt-Interpolations-array" count="19"><param type="name"/></accessor></technique_common></source><sampler id="r_arm02_jnt-Matrix-animation-transform"><input semantic="INPUT" source="#r_arm02_jnt-Matrix-animation-input"/><input semantic="OUTPUT" source="#r_arm02_jnt-Matrix-animation-output-transform"/><input semantic="INTERPOLATION" source="#r_arm02_jnt-Interpolations"/></sampler><channel source="#r_arm02_jnt-Matrix-animation-transform" target="r_arm02_jnt/matrix"/></animation></animation>
    <animation id="r_arm03_jnt-anim" name="r_arm03_jnt"><animation><source id="r_arm03_jnt-Matrix-animation-input"><float_array id="r_arm03_jnt-Matrix-animation-input-array" count="19">

0.000000 0.033333 0.066667 0.100000 0.133333 0.166667 0.200000 0.233333 0.266667 0.300000 0.333333 0.366667 0.400000 0.433333 0.466667 0.500000
0.533333 0.566667 0.600000</float_array><technique_common><accessor source="#r_arm03_jnt-Matrix-animation-input-array" count="19"><param name="TIME" type="float"/></accessor></technique_common></source><source id="r_arm03_jnt-Matrix-animation-output-transform"><float_array id="r_arm03_jnt-Matrix-animation-output-transform-array" count="304">

0.366236 -0.786280 0.497630 1.212986 0.516184 0.616627 0.594411 -0.338995 -0.774225 0.039174 0.631697 -0.000000 0.000000 0.000000 0.000000 1.000000
0.366596 -0.785850 0.498044 1.212750 0.515929 0.617175 0.594064 -0.339255 -0.774225 0.039174 0.631697 -0.000000 0.000000 0.000000 0.000000 1.000000
0.367579 -0.784672 0.499175 1.212103 0.515229 0.618672 0.593113 -0.339966 -0.774225 0.039174 0.631697 -0.000000 0.000000 0.000000 0.000000 1.000000
0.369051 -0.782899 0.500870 1.211128 0.514176 0.620915 0.591683 -0.341031 -0.774225 0.039174 0.631697 -0.000000 0.000000 0.000000 0.000000 1.000000
0.370871 -0.780694 0.502963 1.209918 0.512865 0.623685 0.589904 -0.342345 -0.774225 0.039174 0.631697 -0.000000 0.000000 0.000000 0.000000 1.000000
0.372869 -0.778255 0.505261 1.208579 0.511414 0.626726 0.587938 -0.343787 -0.774225 0.039174 0.631697 -0.000000 0.000000 0.000000 0.000000 1.000000
0.374845 -0.775824 0.507532 1.207246 0.509967 0.629733 0.585978 -0.345213 -0.774225 0.039174 0.631697 -0.000000 0.000000 0.000000 0.000000 1.000000
0.376568 -0.773688 0.509512 1.206076 0.508696 0.632354 0.584257 -0.346455 -0.774225 0.039174 0.631697 -0.000000 0.000000 0.000000 0.000000 1.000000
0.377788 -0.772169 0.510913 1.205244 0.507791 0.634209 0.583033 -0.347333 -0.774225 0.039174 0.631697 -0.000000 0.000000 0.000000 0.000000 1.000000
0.378249 -0.771592 0.511442 1.204928 0.507448 0.634910 0.582569 -0.347665 -0.774225 0.039174 0.631697 -0.000000 0.000000 0.000000 0.000000 1.000000
0.377788 -0.772169 0.510913 1.205244 0.507791 0.634209 0.583033 -0.347333 -0.774225 0.039174 0.631697 -0.000000 0.000000 0.000000 0.000000 1.000000
0.376568 -0.773688 0.509512 1.206076 0.508696 0.632354 0.584257 -0.346455 -0.774225 0.039174 0.631697 -0.000000 0.000000 0.000000 0.000000 1.000000
0.374845 -0.775824 0.507532 1.207246 0.509967 0.629733 0.585978 -0.345213 -0.774225 0.039174 0.631697 -0.000000 0.000000 0.000000 0.000000 1.000000
0.372869 -0.778255 0.505261 1.208579 0.511414 0.626726 0.587938 -0.343787 -0.774225 0.039174 0.631697 -0.000000 0.000000 0.000000 0.000000 1.000000
0.370871 -0.780694 0.502963 1.209918 0.512865 0.623685 0.589904 -0.342345 -0.774225 0.039174 0.631697 -0.000000 0.000000 0.000000 0.000000 1.000000
0.369051 -0.782899 0.500870 1.211128 0.514176 0.620915 0.591683 -0.341031 -0.774225 0.039174 0.631697 -0.000000 0.000000 0.000000 0.000000 1.000000
0.367579 -0.784672 0.499175 1.212103 0.515229 0.618672 0.593113 -0.339966 -0.774225 0.039174 0.631697 -0.000000 0.000000 0.000000 0.000000 1.000000
0.366596 -0.785850 0.498044 1.212750 0.515929 0.617175 0.594064 -0.339255 -0.774225 0.039174 0.631697 -0.000000 0.000000 0.000000 0.000000 1.000000
0.366236 -0.786280 0.497630 1.212986 0.516184 0.616627 0.594411 -0.338995 -0.774225 0.039174 0.631697 -0.000000 0.000000 0.000000 0.000000 1.000000</float_array><technique_common><accessor source="#r_arm03_jnt-Matrix-animation-output-transform-array" count="19" stride="16"><param type="float4x4"/></accessor></technique_common></source><source id="r_arm03_jnt-Interpolations"><Name_array id="r_arm03_jnt-Interpolations-array" count="19">
 LINEAR LINEAR LINEAR LINEAR LINEAR LINEAR LINEAR LINEAR LINEAR LINEAR LINEAR
LINEAR LINEAR LINEAR LINEAR LINEAR LINEAR LINEAR LINEAR</Name_array><technique_common><accessor source="#r_arm03_jnt-Interpolations-array" count="19"><param type="name"/></accessor></technique_common></source><sampler id="r_arm03_jnt-Matrix-animation-transform"><input semantic="INPUT" source="#r_arm03_jnt-Matrix-animation-input"/><input semantic="OUTPUT" source="#r_arm03_jnt-Matrix-animation-output-transform"/><input semantic="INTERPOLATION" source="#r_arm03_jnt-Interpolations"/></sampler><channel source="#r_arm03_jnt-Matrix-animation-transform" target="r_arm03_jnt/matrix"/></animation></animation>
    <animation id="r_arm04_jnt-anim" name="r_arm04_jnt"><animation><source id="r_arm04_jnt-Matrix-animation-input"><float_array id="r_arm04_jnt-Matrix-animation-input-array" count="19">

0.000000 0.033333 0.066667 0.100000 0.133333 0.166667 0.200000 0.233333 0.266667 0.300000 0.333333 0.366667 0.400000 0.433333 0.466667 0.500000
0.533333 0.566667 0.600000</float_array><technique_common><accessor source="#r_arm04_jnt-Matrix-animation-input-array" count="19"><param name="TIME" type="float"/></accessor></technique_common></source><source id="r_arm04_jnt-Matrix-animation-output-transform"><float_array id="r_arm04_jnt-Matrix-animation-output-transform-array" count="304">

0.968174 -0.247758 -0.035421 3.327914 0.247413 0.968811 -0.013867 -0.000000 0.037752 0.004662 0.999276 0.000000 0.000000 0.000000 0.000000 1.000000
0.967829 -0.249106 -0.035393 3.327914 0.248763 0.968465 -0.013859 -0.000000 0.037729 0.004609 0.999277 -0.000000 0.000000 0.000000 0.000000 1.000000
0.966875 -0.252795 -0.035315 3.327914 0.252455 0.967510 -0.013839 -0.000000 0.037666 0.004465 0.999280 -0.000000 0.000000 0.000000 0.000000 1.000000
0.965418 -0.258321 -0.035198 3.327914 0.257987 0.966050 -0.013808 -0.000000 0.037570 0.004250 0.999285 -0.000000 0.000000 0.000000 0.000000 1.000000
0.963569 -0.265154 -0.035053 3.327914 0.264826 0.964198 -0.013769 -0.000000 0.037449 0.003985 0.999291 -0.000000 0.000000 0.000000 0.000000 1.000000
0.961477 -0.272663 -0.034894 3.327914 0.272343 0.962102 -0.013725 -0.000000 0.037314 0.003693 0.999297 -0.000000 0.000000 0.000000 0.000000 1.000000
0.959344 -0.280094 -0.034736 3.327914 0.279781 0.959966 -0.013679 -0.000000 0.037177 0.003405 0.999303 -0.000000 0.000000 0.000000 0.000000 1.000000
0.957432 -0.286579 -0.034599 3.327914 0.286271 0.958052 -0.013639 -0.000000 0.037056 0.003154 0.999308 0.000000 0.000000 0.000000 0.000000 1.000000
0.956049 -0.291169 -0.034502 3.327914 0.290866 0.956667 -0.013610 -0.000000 0.036969 0.002976 0.999312 -0.000000 0.000000 0.000000 0.000000 1.000000
0.955520 -0.292905 -0.034465 3.327914 0.292604 0.956137 -0.013598 -0.000000 0.036936 0.002909 0.999313 0.000000 0.000000 0.000000 0.000000 1.000000
0.956049 -0.291169 -0.034502 3.327914 0.290866 0.956667 -0.013610 -0.000000 0.036969 0.002976 0.999312 -0.000000 0.000000 0.000000 0.000000 1.000000
0.957432 -0.286579 -0.034599 3.327914 0.286271 0.958052 -0.013639 -0.000000 0.037056 0.003154 0.999308 0.000000 0.000000 0.000000 0.000000 1.000000
0.959344 -0.280094 -0.034736 3.327914 0.279781 0.959966 -0.013679 -0.000000 0.037177 0.003405 0.999303 -0.000000 0.000000 0.000000 0.000000 1.000000
0.961477 -0.272663 -0.034894 3.327914 0.272343 0.962102 -0.013725 -0.000000 0.037314 0.003693 0.999297 -0.000000 0.000000 0.000000 0.000000 1.000000
0.963569 -0.265154 -0.035053 3.327914 0.264826 0.964198 -0.013769 -0.000000 0.037449 0.003985 0.999291 -0.000000 0.000000 0.000000 0.000000 1.000000
0.965418 -0.258321 -0.035198 3.327914 0.257987 0.966050 -0.013808 -0.000000 0.037570 0.004250 0.999285 -0.000000 0.000000 0.000000 0.000000 1.000000
0.966875 -0.252795 -0.035315 3.327914 0.252455 0.967510 -0.013839 -0.000000 0.037666 0.004465 0.999280 -0.000000 0.000000 0.000000 0.000000 1.000000
0.967829 -0.249106 -0.035393 3.327914 0.248763 0.968465 -0.013859 -0.000000 0.037729 0.004609 0.999277 0.000000 0.000000 0.000000 0.000000 1.000000
0.968174 -0.247758 -0.035421 3.327914 0.247413 0.968811 -0.013867 -0.000000 0.037752 0.004662 0.999276 0.000000 0.000000 0.000000 0.000000 1.000000</float_array><technique_common><accessor source="#r_arm04_jnt-Matrix-animation-output-transform-array" count="19" stride="16"><param type="float4x4"/></accessor></technique_common></source><source id="r_arm04_jnt-Interpolations"><Name_array id="r_arm04_jnt-Interpolations-array" count="19">
 LINEAR LINEAR LINEAR LINEAR LINEAR LINEAR LINEAR LINEAR LINEAR LINEAR LINEAR
LINEAR LINEAR LINEAR LINEAR LINEAR LINEAR LINEAR LINEAR</Name_array><technique_common><accessor source="#r_arm04_jnt-Interpolations-array" count="19"><param type="name"/></accessor></technique_common></source><sampler id="r_arm04_jnt-Matrix-animation-transform"><input semantic="INPUT" source="#r_arm04_jnt-Matrix-animation-input"/><input semantic="OUTPUT" source="#r_arm04_jnt-Matrix-animation-output-transform"/><input semantic="INTERPOLATION" source="#r_arm04_jnt-Interpolations"/></sampler><channel source="#r_arm04_jnt-Matrix-animation-transform" target="r_arm04_jnt/matrix"/></animation></animation>
    <animation id="r_arm05_jnt-anim" name="r_arm05_jnt"><animation><source id="r_arm05_jnt-Matrix-animation-input"><float_array id="r_arm05_jnt-Matrix-animation-input-array" count="19">

0.000000 0.033333 0.066667 0.100000 0.133333 0.166667 0.200000 0.233333 0.266667 0.300000 0.333333 0.366667 0.400000 0.433333 0.466667 0.500000
0.533333 0.566667 0.600000</float_array><technique_common><accessor source="#r_arm05_jnt-Matrix-animation-input-array" count="19"><param name="TIME" type="float"/></accessor></technique_common></source><source id="r_arm05_jnt-Matrix-animation-output-transform"><float_array id="r_arm05_jnt-Matrix-animation-output-transform-array" count="304">

-0.112999 0.993593 0.002268 1.353106 -0.993593 -0.112993 -0.002540 -0.000000 -0.002268 -0.002540 0.999994 -0.000000 0.000000 0.000000 0.000000 1.000000
-0.112999 0.993593 0.002268 1.353106 -0.993593 -0.112993 -0.002540 -0.000000 -0.002268 -0.002540 0.999994 -0.000000 0.000000 0.000000 0.000000 1.000000
-0.112999 0.993593 0.002268 1.353106 -0.993593 -0.112993 -0.002540 -0.000000 -0.002268 -0.002540 0.999994 -0.000000 0.000000 0.000000 0.000000 1.000000
-0.112999 0.993593 0.002268 1.353106 -0.993593 -0.112993 -0.002540 -0.000000 -0.002268 -0.002540 0.999994 0.000000 0.000000 0.000000 0.000000 1.000000
-0.112999 0.993593 0.002268 1.353106 -0.993593 -0.112993 -0.002540 -0.000000 -0.002268 -0.002540 0.999994 0.000000 0.000000 0.000000 0.000000 1.000000
-0.112999 0.993593 0.002268 1.353106 -0.993593 -0.112993 -0.002540 -0.000000 -0.002268 -0.002540 0.999994 -0.000000 0.000000 0.000000 0.000000 1.000000
-0.112999 0.993593 0.002268 1.353106 -0.993593 -0.112993 -0.002540 -0.000000 -0.002268 -0.002540 0.999994 0.000000 0.000000 0.000000 0.000000 1.000000
-0.112999 0.993593 0.002268 1.353106 -0.993593 -0.112993 -0.002540 -0.000000 -0.002268 -0.002540 0.999994 -0.000000 0.000000 0.000000 0.000000 1.000000
-0.112999 0.993593 0.002268 1.353106 -0.993593 -0.112993 -0.002540 -0.000000 -0.002268 -0.002540 0.999994 -0.000000 0.000000 0.000000 0.000000 1.000000
-0.112999 0.993593 0.002268 1.353106 -0.993593 -0.112993 -0.002540 -0.000000 -0.002268 -0.002540 0.999994 0.000000 0.000000 0.000000 0.000000 1.000000
-0.112999 0.993593 0.002268 1.353106 -0.993593 -0.112993 -0.002540 -0.000000 -0.002268 -0.002540 0.999994 -0.000000 0.000000 0.000000 0.000000 1.000000
-0.112999 0.993593 0.002268 1.353106 -0.993593 -0.112993 -0.002540 0.000000 -0.002268 -0.002540 0.999994 -0.000000 0.000000 0.000000 0.000000 1.000000
-0.112999 0.993593 0.002268 1.353106 -0.993593 -0.112993 -0.002540 0.000000 -0.002268 -0.002540 0.999994 0.000000 0.000000 0.000000 0.000000 1.000000
-0.112999 0.993593 0.002268 1.353106 -0.993593 -0.112993 -0.002540 -0.000000 -0.002268 -0.002540 0.999994 -0.000000 0.000000 0.000000 0.000000 1.000000
-0.112999 0.993593 0.002268 1.353106 -0.993593 -0.112993 -0.002540 -0.000000 -0.002268 -0.002540 0.999994 0.000000 0.000000 0.000000 0.000000 1.000000
-0.112999 0.993593 0.002268 1.353106 -0.993593 -0.112993 -0.002540 -0.000000 -0.002268 -0.002540 0.999994 -0.000000 0.000000 0.000000 0.000000 1.000000
-0.112999 0.993593 0.002268 1.353106 -0.993593 -0.112993 -0.002540 0.000000 -0.002268 -0.002540 0.999994 -0.000000 0.000000 0.000000 0.000000 1.000000
-0.112999 0.993593 0.002268 1.353106 -0.993593 -0.112993 -0.002540 -0.000000 -0.002268 -0.002540 0.999994 -0.000000 0.000000 0.000000 0.000000 1.000000
-0.112999 0.993593 0.002268 1.353106 -0.993593 -0.112993 -0.002540 -0.000000 -0.002268 -0.002540 0.999994 -0.000000 0.000000 0.000000 0.000000 1.000000</float_array><technique_common><accessor source="#r_arm05_jnt-Matrix-animation-output-transform-array" count="19" stride="16"><param type="float4x4"/></accessor></technique_common></source><source id="r_arm05_jnt-Interpolations"><Name_array id="r_arm05_jnt-Interpolations-array" count="19">
 LINEAR LINEAR LINEAR LINEAR LINEAR LINEAR LINEAR LINEAR LINEAR LINEAR LINEAR
