<?xml version="1.0" encoding="utf-8"?>
<COLLADA xmlns="http://www.collada.org/2005/11/COLLADASchema" version="1.4.1">
  <asset><contributor><author></author><authoring_tool>FBX COLLADA exporter</authoring_tool><comments></comments></contributor><created>2020-01-22T11:06:45Z</created><keywords></keywords><modified>2020-01-22T11:06:45Z</modified><revision></revision><subject></subject><title></title><unit meter="0.010000" name="centimeter"></unit><up_axis>Y_UP</up_axis></asset>
  <library_animations>
    <animation id="root_jnt-anim" name="root_jnt"><animation><source id="root_jnt-Matrix-animation-input"><float_array id="root_jnt-Matrix-animation-input-array" count="15">

0.000000 0.033333 0.066667 0.100000 0.133333 0.166667 0.200000 0.233333 0.266667 0.300000 0.333333 0.366667 0.400000 0.433333 0.466667</float_array><technique_common><accessor source="#root_jnt-Matrix-animation-input-array" count="15"><param name="TIME" type="float"/></accessor></technique_common></source><source id="root_jnt-Matrix-animation-output-transform"><float_array id="root_jnt-Matrix-animation-output-transform-array" count="240">

1.000000 0.000000 0.000000 0.000000 0.000000 1.000000 0.000000 0.000000 0.000000 0.000000 1.000000 0.000000 0.000000 0.000000 0.000000 1.000000
1.000000 0.000000 0.000000 0.000000 0.000000 1.000000 0.000000 0.000000 0.000000 0.000000 1.000000 0.000000 0.000000 0.000000 0.000000 1.000000
1.000000 0.000000 0.000000 0.000000 0.000000 1.000000 0.000000 0.000000 0.000000 0.000000 1.000000 0.000000 0.000000 0.000000 0.000000 1.000000
1.000000 0.000000 0.000000 0.000000 0.000000 1.000000 0.000000 0.000000 0.000000 0.000000 1.000000 0.000000 0.000000 0.000000 0.000000 1.000000
1.000000 0.000000 0.000000 0.000000 0.000000 1.000000 0.000000 0.000000 0.000000 0.000000 1.000000 0.000000 0.000000 0.000000 0.000000 1.000000
1.000000 0.000000 0.000000 0.000000 0.000000 1.000000 0.000000 0.000000 0.000000 0.000000 1.000000 0.000000 0.000000 0.000000 0.000000 1.000000
1.000000 0.000000 0.000000 0.000000 0.000000 1.000000 0.000000 0.000000 0.000000 0.000000 1.000000 0.000000 0.000000 0.000000 0.000000 1.000000
1.000000 0.000000 0.000000 0.000000 0.000000 1.000000 0.000000 0.000000 0.000000 0.000000 1.000000 0.000000 0.000000 0.000000 0.000000 1.000000
1.000000 0.000000 0.000000 0.000000 0.000000 1.000000 0.000000 0.000000 0.000000 0.000000 1.000000 0.000000 0.000000 0.000000 0.000000 1.000000
1.000000 0.000000 0.000000 0.000000 0.000000 1.000000 0.000000 0.000000 0.000000 0.000000 1.000000 0.000000 0.000000 0.000000 0.000000 1.000000
1.000000 0.000000 0.000000 0.000000 0.000000 1.000000 0.000000 0.000000 0.000000 0.000000 1.000000 0.000000 0.000000 0.000000 0.000000 1.000000
1.000000 0.000000 0.000000 0.000000 0.000000 1.000000 0.000000 0.000000 0.000000 0.000000 1.000000 0.000000 0.000000 0.000000 0.000000 1.000000
1.000000 0.000000 0.000000 0.000000 0.000000 1.000000 0.000000 0.000000 0.000000 0.000000 1.000000 0.000000 0.000000 0.000000 0.000000 1.000000
1.000000 0.000000 0.000000 0.000000 0.000000 1.000000 0.000000 0.000000 0.000000 0.000000 1.000000 0.000000 0.000000 0.000000 0.000000 1.000000
1.000000 0.000000 0.000000 0.000000 0.000000 1.000000 0.000000 0.000000 0.000000 0.000000 1.000000 0.000000 0.000000 0.000000 0.000000 1.000000</float_array><technique_common><accessor source="#root_jnt-Matrix-animation-output-transform-array" count="15" stride="16"><param type="float4x4"/></accessor></technique_common></source><source id="root_jnt-Interpolations"><Name_array id="root_jnt-Interpolations-array" count="15">
 LINEAR LINEAR LINEAR LINEAR LINEAR LINEAR LINEAR LINEAR LINEAR LINEAR LINEAR
LINEAR LINEAR LINEAR LINEAR</Name_array><technique_common><accessor source="#root_jnt-Interpolations-array" count="15"><param type="name"/></accessor></technique_common></source><sampler id="root_jnt-Matrix-animation-transform"><input semantic="INPUT" source="#root_jnt-Matrix-animation-input"/><input semantic="OUTPUT" source="#root_jnt-Matrix-animation-output-transform"/><input semantic="INTERPOLATION" source="#root_jnt-Interpolations"/></sampler><channel source="#root_jnt-Matrix-animation-transform" target="root_jnt/matrix"/></animation></animation>
    <animation id="jnt_spine2-anim" name="jnt_spine2"><animation><source id="jnt_spine2-Matrix-animation-input"><float_array id="jnt_spine2-Matrix-animation-input-array" count="15">

0.000000 0.033333 0.066667 0.100000 0.133333 0.166667 0.200000 0.233333 0.266667 0.300000 0.333333 0.366667 0.400000 0.433333 0.466667</float_array><technique_common><accessor source="#jnt_spine2-Matrix-animation-input-array" count="15"><param name="TIME" type="float"/></accessor></technique_common></source><source id="jnt_spine2-Matrix-animation-output-transform"><float_array id="jnt_spine2-Matrix-animation-output-transform-array" count="240">

0.998347 -0.029802 -0.049144 0.001922 -0.010686 0.743892 -0.668215 8.267676 0.056472 0.667635 0.742344 -0.000000 0.000000 0.000000 0.000000 1.000000
0.999081 -0.019788 -0.038029 0.001922 -0.010701 0.743892 -0.668214 8.241491 0.041512 0.668006 0.742997 -0.000000 0.000000 0.000000 0.000000 1.000000
0.999934 0.005255 -0.010204 0.001922 -0.010729 0.743893 -0.668212 8.176029 0.004079 0.668278 0.743901 -0.000000 0.000000 0.000000 0.000000 1.000000
0.998948 0.037778 0.025999 0.001922 -0.010741 0.743893 -0.668212 8.090929 -0.044584 0.667230 0.743516 -0.000000 0.000000 0.000000 0.000000 1.000000
0.995595 0.070192 0.062157 0.001922 -0.010729 0.743892 -0.668213 8.005828 -0.093142 0.664603 0.741369 -0.000000 0.000000 0.000000 0.000000 1.000000
0.991410 0.095005 0.089887 0.001922 -0.010701 0.743892 -0.668214 7.940366 -0.130349 0.661513 0.738519 -0.000000 0.000000 0.000000 0.000000 1.000000
0.989347 0.104891 0.100948 0.001922 -0.010686 0.743892 -0.668215 7.914181 -0.145184 0.660017 0.737088 -0.000000 0.000000 0.000000 0.000000 1.000000
0.990571 0.099159 0.094534 0.001922 -0.010695 0.743892 -0.668214 7.929370 -0.136583 0.660903 0.737938 -0.000000 0.000000 0.000000 0.000000 1.000000
0.993439 0.084010 0.077594 0.001922 -0.010715 0.743892 -0.668214 7.969415 -0.113858 0.662998 0.739912 -0.000000 0.000000 0.000000 0.000000 1.000000
0.996605 0.062512 0.053582 0.001922 -0.010734 0.743892 -0.668213 8.026029 -0.081631 0.665369 0.742038 -0.000000 0.000000 0.000000 0.000000 1.000000
0.998948 0.037778 0.025999 0.001922 -0.010741 0.743893 -0.668212 8.090929 -0.044584 0.667230 0.743516 -0.000000 0.000000 0.000000 0.000000 1.000000
0.999914 0.012981 -0.001611 0.001922 -0.010734 0.743893 -0.668212 8.155828 -0.007476 0.668172 0.743969 -0.000000 0.000000 0.000000 0.000000 1.000000
0.999632 -0.008675 -0.025687 0.001922 -0.010715 0.743893 -0.668213 8.212443 0.024905 0.668243 0.743526 -0.000000 0.000000 0.000000 0.000000 1.000000
0.998800 -0.023994 -0.042698 0.001922 -0.010695 0.743892 -0.668214 8.252487 0.047795 0.667869 0.742743 -0.000000 0.000000 0.000000 0.000000 1.000000
0.998347 -0.029802 -0.049144 0.001922 -0.010686 0.743892 -0.668215 8.267676 0.056472 0.667635 0.742344 -0.000000 0.000000 0.000000 0.000000 1.000000</float_array><technique_common><accessor source="#jnt_spine2-Matrix-animation-output-transform-array" count="15" stride="16"><param type="float4x4"/></accessor></technique_common></source><source id="jnt_spine2-Interpolations"><Name_array id="jnt_spine2-Interpolations-array" count="15">
 LINEAR LINEAR LINEAR LINEAR LINEAR LINEAR LINEAR LINEAR LINEAR LINEAR LINEAR
LINEAR LINEAR LINEAR LINEAR</Name_array><technique_common><accessor source="#jnt_spine2-Interpolations-array" count="15"><param type="name"/></accessor></technique_common></source><sampler id="jnt_spine2-Matrix-animation-transform"><input semantic="INPUT" source="#jnt_spine2-Matrix-animation-input"/><input semantic="OUTPUT" source="#jnt_spine2-Matrix-animation-output-transform"/><input semantic="INTERPOLATION" source="#jnt_spine2-Interpolations"/></sampler><channel source="#jnt_spine2-Matrix-animation-transform" target="jnt_spine2/matrix"/></animation></animation>
    <animation id="neck_jnt-anim" name="neck_jnt"><animation><source id="neck_jnt-Matrix-animation-input"><float_array id="neck_jnt-Matrix-animation-input-array" count="15">

0.000000 0.033333 0.066667 0.100000 0.133333 0.166667 0.200000 0.233333 0.266667 0.300000 0.333333 0.366667 0.400000 0.433333 0.466667</float_array><technique_common><accessor source="#neck_jnt-Matrix-animation-input-array" count="15"><param name="TIME" type="float"/></accessor></technique_common></source><source id="neck_jnt-Matrix-animation-output-transform"><float_array id="neck_jnt-Matrix-animation-output-transform-array" count="240">

1.000000 -0.000000 0.000000 0.000000 0.000000 1.000000 0.000000 2.357033 -0.000000 0.000000 1.000000 2.698746 0.000000 0.000000 0.000000 1.000000
1.000000 -0.000000 0.000000 0.000000 0.000000 1.000000 0.000000 2.357033 -0.000000 -0.000000 1.000000 2.698746 0.000000 0.000000 0.000000 1.000000
1.000000 -0.000000 0.000000 -0.000000 0.000000 1.000000 0.000000 2.357033 -0.000000 -0.000000 1.000000 2.698746 0.000000 0.000000 0.000000 1.000000
1.000000 -0.000000 0.000000 0.000000 0.000000 1.000000 0.000000 2.357033 -0.000000 -0.000000 1.000000 2.698746 0.000000 0.000000 0.000000 1.000000
1.000000 -0.000000 0.000000 0.000000 0.000000 1.000000 -0.000000 2.357033 -0.000000 -0.000000 1.000000 2.698746 0.000000 0.000000 0.000000 1.000000
1.000000 -0.000000 0.000000 -0.000000 0.000000 1.000000 0.000000 2.357033 -0.000000 -0.000000 1.000000 2.698746 0.000000 0.000000 0.000000 1.000000
1.000000 -0.000000 0.000000 -0.000000 0.000000 1.000000 0.000000 2.357033 -0.000000 -0.000000 1.000000 2.698746 0.000000 0.000000 0.000000 1.000000
1.000000 -0.000000 0.000000 -0.000000 0.000000 1.000000 0.000000 2.357033 -0.000000 -0.000000 1.000000 2.698746 0.000000 0.000000 0.000000 1.000000
1.000000 -0.000000 0.000000 -0.000000 0.000000 1.000000 0.000000 2.357033 -0.000000 -0.000000 1.000000 2.698746 0.000000 0.000000 0.000000 1.000000
1.000000 -0.000000 0.000000 0.000000 0.000000 1.000000 0.000000 2.357033 -0.000000 -0.000000 1.000000 2.698746 0.000000 0.000000 0.000000 1.000000
1.000000 -0.000000 0.000000 0.000000 0.000000 1.000000 0.000000 2.357033 -0.000000 -0.000000 1.000000 2.698746 0.000000 0.000000 0.000000 1.000000
1.000000 -0.000000 0.000000 -0.000000 0.000000 1.000000 0.000000 2.357033 -0.000000 -0.000000 1.000000 2.698746 0.000000 0.000000 0.000000 1.000000
1.000000 -0.000000 0.000000 -0.000000 0.000000 1.000000 0.000000 2.357033 -0.000000 -0.000000 1.000000 2.698746 0.000000 0.000000 0.000000 1.000000
1.000000 -0.000000 0.000000 0.000000 0.000000 1.000000 0.000000 2.357033 -0.000000 -0.000000 1.000000 2.698746 0.000000 0.000000 0.000000 1.000000
1.000000 -0.000000 0.000000 0.000000 0.000000 1.000000 0.000000 2.357033 -0.000000 0.000000 1.000000 2.698746 0.000000 0.000000 0.000000 1.000000</float_array><technique_common><accessor source="#neck_jnt-Matrix-animation-output-transform-array" count="15" stride="16"><param type="float4x4"/></accessor></technique_common></source><source id="neck_jnt-Interpolations"><Name_array id="neck_jnt-Interpolations-array" count="15">
 LINEAR LINEAR LINEAR LINEAR LINEAR LINEAR LINEAR LINEAR LINEAR LINEAR LINEAR
LINEAR LINEAR LINEAR LINEAR</Name_array><technique_common><accessor source="#neck_jnt-Interpolations-array" count="15"><param type="name"/></accessor></technique_common></source><sampler id="neck_jnt-Matrix-animation-transform"><input semantic="INPUT" source="#neck_jnt-Matrix-animation-input"/><input semantic="OUTPUT" source="#neck_jnt-Matrix-animation-output-transform"/><input semantic="INTERPOLATION" source="#neck_jnt-Interpolations"/></sampler><channel source="#neck_jnt-Matrix-animation-transform" target="neck_jnt/matrix"/></animation></animation>
    <animation id="head_jnt-anim" name="head_jnt"><animation><source id="head_jnt-Matrix-animation-input"><float_array id="head_jnt-Matrix-animation-input-array" count="15">

0.000000 0.033333 0.066667 0.100000 0.133333 0.166667 0.200000 0.233333 0.266667 0.300000 0.333333 0.366667 0.400000 0.433333 0.466667</float_array><technique_common><accessor source="#head_jnt-Matrix-animation-input-array" count="15"><param name="TIME" type="float"/></accessor></technique_common></source><source id="head_jnt-Matrix-animation-output-transform"><float_array id="head_jnt-Matrix-animation-output-transform-array" count="240">

0.999365 0.012602 -0.033320 0.593777 0.005309 0.872198 0.489124 0.457607 0.035226 -0.488991 0.871578 -0.160107 0.000000 0.000000 0.000000 1.000000
0.999365 0.012602 -0.033320 0.593777 0.005309 0.872198 0.489124 0.457607 0.035226 -0.488991 0.871578 -0.160107 0.000000 0.000000 0.000000 1.000000
0.999365 0.012602 -0.033320 0.593777 0.005309 0.872198 0.489124 0.457607 0.035226 -0.488991 0.871578 -0.160107 0.000000 0.000000 0.000000 1.000000
0.999365 0.012602 -0.033320 0.593777 0.005309 0.872198 0.489124 0.457607 0.035226 -0.488991 0.871578 -0.160107 0.000000 0.000000 0.000000 1.000000
0.999365 0.012602 -0.033320 0.593777 0.005309 0.872198 0.489124 0.457607 0.035226 -0.488991 0.871578 -0.160107 0.000000 0.000000 0.000000 1.000000
0.999365 0.012602 -0.033320 0.593777 0.005309 0.872198 0.489124 0.457607 0.035226 -0.488991 0.871578 -0.160107 0.000000 0.000000 0.000000 1.000000
0.999365 0.012602 -0.033320 0.593777 0.005309 0.872198 0.489124 0.457607 0.035226 -0.488991 0.871578 -0.160107 0.000000 0.000000 0.000000 1.000000
0.999365 0.012602 -0.033320 0.593777 0.005309 0.872198 0.489124 0.457607 0.035226 -0.488991 0.871578 -0.160107 0.000000 0.000000 0.000000 1.000000
0.999365 0.012602 -0.033320 0.593777 0.005309 0.872198 0.489124 0.457607 0.035226 -0.488991 0.871578 -0.160107 0.000000 0.000000 0.000000 1.000000
0.999365 0.012602 -0.033320 0.593777 0.005309 0.872198 0.489124 0.457607 0.035226 -0.488991 0.871578 -0.160107 0.000000 0.000000 0.000000 1.000000
0.999365 0.012602 -0.033320 0.593777 0.005309 0.872198 0.489124 0.457607 0.035226 -0.488991 0.871578 -0.160107 0.000000 0.000000 0.000000 1.000000
0.999365 0.012602 -0.033320 0.593777 0.005309 0.872198 0.489124 0.457607 0.035226 -0.488991 0.871578 -0.160107 0.000000 0.000000 0.000000 1.000000
0.999365 0.012602 -0.033320 0.593777 0.005309 0.872198 0.489124 0.457607 0.035226 -0.488991 0.871578 -0.160107 0.000000 0.000000 0.000000 1.000000
0.999365 0.012602 -0.033320 0.593777 0.005309 0.872198 0.489124 0.457607 0.035226 -0.488991 0.871578 -0.160107 0.000000 0.000000 0.000000 1.000000
0.999365 0.012602 -0.033320 0.593777 0.005309 0.872198 0.489124 0.457607 0.035226 -0.488991 0.871578 -0.160107 0.000000 0.000000 0.000000 1.000000</float_array><technique_common><accessor source="#head_jnt-Matrix-animation-output-transform-array" count="15" stride="16"><param type="float4x4"/></accessor></technique_common></source><source id="head_jnt-Interpolations"><Name_array id="head_jnt-Interpolations-array" count="15">
 LINEAR LINEAR LINEAR LINEAR LINEAR LINEAR LINEAR LINEAR LINEAR LINEAR LINEAR
LINEAR LINEAR LINEAR LINEAR</Name_array><technique_common><accessor source="#head_jnt-Interpolations-array" count="15"><param type="name"/></accessor></technique_common></source><sampler id="head_jnt-Matrix-animation-transform"><input semantic="INPUT" source="#head_jnt-Matrix-animation-input"/><input semantic="OUTPUT" source="#head_jnt-Matrix-animation-output-transform"/><input semantic="INTERPOLATION" source="#head_jnt-Interpolations"/></sampler><channel source="#head_jnt-Matrix-animation-transform" target="head_jnt/matrix"/></animation></animation>
    <animation id="r_arm01_jnt-anim" name="r_arm01_jnt"><animation><source id="r_arm01_jnt-Matrix-animation-input"><float_array id="r_arm01_jnt-Matrix-animation-input-array" count="15">

0.000000 0.033333 0.066667 0.100000 0.133333 0.166667 0.200000 0.233333 0.266667 0.300000 0.333333 0.366667 0.400000 0.433333 0.466667</float_array><technique_common><accessor source="#r_arm01_jnt-Matrix-animation-input-array" count="15"><param name="TIME" type="float"/></accessor></technique_common></source><source id="r_arm01_jnt-Matrix-animation-output-transform"><float_array id="r_arm01_jnt-Matrix-animation-output-transform-array" count="240">

-0.964823 0.262900 0.000000 -2.858765 0.262900 0.964823 -0.000000 2.350029 -0.000000 0.000000 -1.000000 -0.000000 0.000000 0.000000 0.000000 1.000000
-0.964823 0.262900 0.000000 -2.858765 0.262900 0.964823 -0.000000 2.350029 -0.000000 0.000000 -1.000000 -0.000000 0.000000 0.000000 0.000000 1.000000
-0.964823 0.262900 0.000000 -2.858765 0.262900 0.964823 0.000000 2.350029 -0.000000 0.000000 -1.000000 -0.000000 0.000000 0.000000 0.000000 1.000000
-0.964823 0.262900 0.000000 -2.858765 0.262900 0.964823 -0.000000 2.350029 -0.000000 0.000000 -1.000000 -0.000000 0.000000 0.000000 0.000000 1.000000
-0.964823 0.262900 0.000000 -2.858765 0.262900 0.964823 0.000000 2.350029 -0.000000 0.000000 -1.000000 -0.000000 0.000000 0.000000 0.000000 1.000000
-0.964823 0.262900 0.000000 -2.858765 0.262900 0.964823 0.000000 2.350029 -0.000000 0.000000 -1.000000 -0.000000 0.000000 0.000000 0.000000 1.000000
-0.964823 0.262900 0.000000 -2.858765 0.262900 0.964823 -0.000000 2.350029 -0.000000 0.000000 -1.000000 0.000000 0.000000 0.000000 0.000000 1.000000
-0.964823 0.262900 0.000000 -2.858765 0.262900 0.964823 0.000000 2.350029 -0.000000 0.000000 -1.000000 0.000000 0.000000 0.000000 0.000000 1.000000
-0.964823 0.262900 0.000000 -2.858765 0.262900 0.964823 0.000000 2.350029 -0.000000 0.000000 -1.000000 -0.000000 0.000000 0.000000 0.000000 1.000000
-0.964823 0.262900 0.000000 -2.858765 0.262900 0.964823 0.000000 2.350029 -0.000000 -0.000000 -1.000000 -0.000000 0.000000 0.000000 0.000000 1.000000
-0.964823 0.262900 0.000000 -2.858765 0.262900 0.964823 -0.000000 2.350029 -0.000000 0.000000 -1.000000 -0.000000 0.000000 0.000000 0.000000 1.000000
-0.964823 0.262900 0.000000 -2.858765 0.262900 0.964823 0.000000 2.350029 -0.000000 0.000000 -1.000000 -0.000000 0.000000 0.000000 0.000000 1.000000
-0.964823 0.262900 0.000000 -2.858765 0.262900 0.964823 -0.000000 2.350029 -0.000000 0.000000 -1.000000 -0.000000 0.000000 0.000000 0.000000 1.000000
-0.964823 0.262900 0.000000 -2.858765 0.262900 0.964823 -0.000000 2.350029 -0.000000 -0.000000 -1.000000 -0.000000 0.000000 0.000000 0.000000 1.000000
-0.964823 0.262900 0.000000 -2.858765 0.262900 0.964823 -0.000000 2.350029 -0.000000 0.000000 -1.000000 -0.000000 0.000000 0.000000 0.000000 1.000000</float_array><technique_common><accessor source="#r_arm01_jnt-Matrix-animation-output-transform-array" count="15" stride="16"><param type="float4x4"/></accessor></technique_common></source><source id="r_arm01_jnt-Interpolations"><Name_array id="r_arm01_jnt-Interpolations-array" count="15">
 LINEAR LINEAR LINEAR LINEAR LINEAR LINEAR LINEAR LINEAR LINEAR LINEAR LINEAR
LINEAR LINEAR LINEAR LINEAR</Name_array><technique_common><accessor source="#r_arm01_jnt-Interpolations-array" count="15"><param type="name"/></accessor></technique_common></source><sampler id="r_arm01_jnt-Matrix-animation-transform"><input semantic="INPUT" source="#r_arm01_jnt-Matrix-animation-input"/><input semantic="OUTPUT" source="#r_arm01_jnt-Matrix-animation-output-transform"/><input semantic="INTERPOLATION" source="#r_arm01_jnt-Interpolations"/></sampler><channel source="#r_arm01_jnt-Matrix-animation-transform" target="r_arm01_jnt/matrix"/></animation></animation>
    <animation id="r_arm02_jnt-anim" name="r_arm02_jnt"><animation><source id="r_arm02_jnt-Matrix-animation-input"><float_array id="r_arm02_jnt-Matrix-animation-input-array" count="15">

0.000000 0.033333 0.066667 0.100000 0.133333 0.166667 0.200000 0.233333 0.266667 0.300000 0.333333 0.366667 0.400000 0.433333 0.466667</float_array><technique_common><accessor source="#r_arm02_jnt-Matrix-animation-input-array" count="15"><param name="TIME" type="float"/></accessor></technique_common></source><source id="r_arm02_jnt-Matrix-animation-output-transform"><float_array id="r_arm02_jnt-Matrix-animation-output-transform-array" count="240">

0.916235 0.273169 -0.293074 1.138730 -0.369984 0.296270 -0.880532 0.000000 -0.153705 0.915206 0.372521 -0.000000 0.000000 0.000000 0.000000 1.000000
0.914350 0.260754 -0.309792 1.138730 -0.381459 0.298028 -0.875025 0.000000 -0.135839 0.918252 0.371968 -0.000000 0.000000 0.000000 0.000000 1.000000
0.907872 0.229707 -0.350719 1.138730 -0.409205 0.303508 -0.860485 0.000000 -0.091213 0.924726 0.369543 -0.000000 0.000000 0.000000 0.000000 1.000000
0.895813 0.189577 -0.401969 1.138730 -0.443167 0.312864 -0.840071 0.000000 -0.033496 0.930686 0.364282 -0.000000 0.000000 0.000000 0.000000 1.000000
0.879874 0.150063 -0.450891 1.138730 -0.474621 0.324592 -0.818153 0.000000 0.023581 0.933874 0.356823 -0.000000 0.000000 0.000000 0.000000 1.000000
0.865143 0.120310 -0.486881 1.138730 -0.497049 0.335108 -0.800403 0.000000 0.066861 0.934467 0.349716 -0.000000 0.000000 0.000000 0.000000 1.000000
0.858681 0.108603 -0.500871 1.138730 -0.505581 0.339654 -0.793110 0.000000 0.083989 0.934259 0.346562 -0.000000 0.000000 0.000000 0.000000 1.000000
0.862468 0.115380 -0.492784 1.138730 -0.500662 0.336994 -0.797353 0.000000 0.074067 0.934410 0.348413 -0.000000 0.000000 0.000000 0.000000 1.000000
0.871935 0.133432 -0.471089 1.138730 -0.487289 0.330288 -0.808368 0.000000 0.047732 0.934401 0.353010 -0.000000 0.000000 0.000000 0.000000 1.000000
0.883995 0.159367 -0.439494 1.138730 -0.467387 0.321603 -0.823481 0.000000 0.010106 0.933367 0.358782 -0.000000 0.000000 0.000000 0.000000 1.000000
0.895813 0.189577 -0.401969 1.138730 -0.443167 0.312864 -0.840071 0.000000 -0.033496 0.930686 0.364282 -0.000000 0.000000 0.000000 0.000000 1.000000
0.905374 0.220145 -0.363089 1.138730 -0.417487 0.305505 -0.855787 0.000000 -0.077472 0.926392 0.368504 -0.000000 0.000000 0.000000 0.000000 1.000000
0.911784 0.246971 -0.328109 1.138730 -0.393940 0.300270 -0.868705 0.000000 -0.116024 0.921327 0.371073 -0.000000 0.000000 0.000000 0.000000 1.000000
0.915192 0.265969 -0.302795 1.138730 -0.376666 0.297259 -0.877360 0.000000 -0.143342 0.917005 0.372230 -0.000000 0.000000 0.000000 0.000000 1.000000
0.916235 0.273169 -0.293074 1.138730 -0.369984 0.296270 -0.880532 0.000000 -0.153705 0.915206 0.372521 -0.000000 0.000000 0.000000 0.000000 1.000000</float_array><technique_common><accessor source="#r_arm02_jnt-Matrix-animation-output-transform-array" count="15" stride="16"><param type="float4x4"/></accessor></technique_common></source><source id="r_arm02_jnt-Interpolations"><Name_array id="r_arm02_jnt-Interpolations-array" count="15">
 LINEAR LINEAR LINEAR LINEAR LINEAR LINEAR LINEAR LINEAR LINEAR LINEAR LINEAR
LINEAR LINEAR LINEAR LINEAR</Name_array><technique_common><accessor source="#r_arm02_jnt-Interpolations-array" count="15"><param type="name"/></accessor></technique_common></source><sampler id="r_arm02_jnt-Matrix-animation-transform"><input semantic="INPUT" source="#r_arm02_jnt-Matrix-animation-input"/><input semantic="OUTPUT" source="#r_arm02_jnt-Matrix-animation-output-transform"/><input semantic="INTERPOLATION" source="#r_arm02_jnt-Interpolations"/></sampler><channel source="#r_arm02_jnt-Matrix-animation-transform" target="r_arm02_jnt/matrix"/></animation></animation>
    <animation id="r_arm03_jnt-anim" name="r_arm03_jnt"><animation><source id="r_arm03_jnt-Matrix-animation-input"><float_array id="r_arm03_jnt-Matrix-animation-input-array" count="15">

0.000000 0.033333 0.066667 0.100000 0.133333 0.166667 0.200000 0.233333 0.266667 0.300000 0.333333 0.366667 0.400000 0.433333 0.466667</float_array><technique_common><accessor source="#r_arm03_jnt-Matrix-animation-input-array" count="15"><param name="TIME" type="float"/></accessor></technique_common></source><source id="r_arm03_jnt-Matrix-animation-output-transform"><float_array id="r_arm03_jnt-Matrix-animation-output-transform-array" count="240">

0.235869 -0.704585 -0.669273 0.839582 0.007309 0.689972 -0.723799 -0.000000 0.971757 0.165830 0.167893 0.000000 0.000000 0.000000 0.000000 1.000000
0.235871 -0.704357 -0.669511 0.839582 0.007232 0.690204 -0.723579 0.000000 0.971757 0.165830 0.167893 0.000000 0.000000 0.000000 0.000000 1.000000
0.235879 -0.703639 -0.670263 0.839582 0.006987 0.690936 -0.722883 0.000000 0.971757 0.165830 0.167893 -0.000000 0.000000 0.000000 0.000000 1.000000
0.235891 -0.702392 -0.671566 0.839582 0.006561 0.692204 -0.721672 -0.000000 0.971757 0.165830 0.167893 0.000000 0.000000 0.000000 0.000000 1.000000
0.235905 -0.700798 -0.673224 0.839582 0.006018 0.693818 -0.720125 -0.000000 0.971757 0.165830 0.167893 0.000000 0.000000 0.000000 0.000000 1.000000
0.235918 -0.699341 -0.674733 0.839582 0.005524 0.695286 -0.718712 -0.000000 0.971757 0.165830 0.167893 0.000000 0.000000 0.000000 0.000000 1.000000
0.235923 -0.698704 -0.675391 0.839582 0.005308 0.695926 -0.718094 0.000000 0.971757 0.165830 0.167893 0.000000 0.000000 0.000000 0.000000 1.000000
0.235920 -0.699078 -0.675006 0.839582 0.005434 0.695551 -0.718456 0.000000 0.971757 0.165830 0.167893 0.000000 0.000000 0.000000 0.000000 1.000000
0.235912 -0.700012 -0.674039 0.839582 0.005751 0.694610 -0.719363 -0.000000 0.971757 0.165830 0.167893 0.000000 0.000000 0.000000 0.000000 1.000000
0.235902 -0.701207 -0.672799 0.839582 0.006158 0.693404 -0.720523 -0.000000 0.971757 0.165830 0.167893 0.000000 0.000000 0.000000 0.000000 1.000000
0.235891 -0.702392 -0.671566 0.839582 0.006561 0.692204 -0.721672 0.000000 0.971757 0.165830 0.167893 0.000000 0.000000 0.000000 0.000000 1.000000
0.235881 -0.703375 -0.670540 0.839582 0.006896 0.691205 -0.722626 -0.000000 0.971757 0.165830 0.167893 0.000000 0.000000 0.000000 0.000000 1.000000
0.235874 -0.704065 -0.669818 0.839582 0.007132 0.690502 -0.723295 0.000000 0.971757 0.165830 0.167893 0.000000 0.000000 0.000000 0.000000 1.000000
0.235870 -0.704457 -0.669407 0.839582 0.007266 0.690102 -0.723676 -0.000000 0.971757 0.165830 0.167893 0.000000 0.000000 0.000000 0.000000 1.000000
0.235869 -0.704585 -0.669273 0.839582 0.007309 0.689972 -0.723799 -0.000000 0.971757 0.165830 0.167893 0.000000 0.000000 0.000000 0.000000 1.000000</float_array><technique_common><accessor source="#r_arm03_jnt-Matrix-animation-output-transform-array" count="15" stride="16"><param type="float4x4"/></accessor></technique_common></source><source id="r_arm03_jnt-Interpolations"><Name_array id="r_arm03_jnt-Interpolations-array" count="15">
 LINEAR LINEAR LINEAR LINEAR LINEAR LINEAR LINEAR LINEAR LINEAR LINEAR LINEAR
LINEAR LINEAR LINEAR LINEAR</Name_array><technique_common><accessor source="#r_arm03_jnt-Interpolations-array" count="15"><param type="name"/></accessor></technique_common></source><sampler id="r_arm03_jnt-Matrix-animation-transform"><input semantic="INPUT" source="#r_arm03_jnt-Matrix-animation-input"/><input semantic="OUTPUT" source="#r_arm03_jnt-Matrix-animation-output-transform"/><input semantic="INTERPOLATION" source="#r_arm03_jnt-Interpolations"/></sampler><channel source="#r_arm03_jnt-Matrix-animation-transform" target="r_arm03_jnt/matrix"/></animation></animation>
    <animation id="r_arm04_jnt-anim" name="r_arm04_jnt"><animation><source id="r_arm04_jnt-Matrix-animation-input"><float_array id="r_arm04_jnt-Matrix-animation-input-array" count="15">

0.000000 0.033333 0.066667 0.100000 0.133333 0.166667 0.200000 0.233333 0.266667 0.300000 0.333333 0.366667 0.400000 0.433333 0.466667</float_array><technique_common><accessor source="#r_arm04_jnt-Matrix-animation-input-array" count="15"><param name="TIME" type="float"/></accessor></technique_common></source><source id="r_arm04_jnt-Matrix-animation-output-transform"><float_array id="r_arm04_jnt-Matrix-animation-output-transform-array" count="240">

0.420672 0.905237 -0.059846 3.327914 -0.906917 0.421303 -0.002269 0.000000 0.023159 0.055229 0.998205 -0.000000 0.000000 0.000000 0.000000 1.000000
0.421269 0.904959 -0.059840 3.327914 -0.906639 0.421900 -0.002281 0.000000 0.023182 0.055214 0.998205 0.000000 0.000000 0.000000 0.000000 1.000000
0.423152 0.904082 -0.059821 3.327914 -0.905760 0.423784 -0.002321 0.000000 0.023253 0.055166 0.998206 -0.000000 0.000000 0.000000 0.000000 1.000000
0.426414 0.902550 -0.059789 3.327914 -0.904226 0.427048 -0.002390 0.000000 0.023375 0.055082 0.998208 -0.000000 0.000000 0.000000 0.000000 1.000000
0.430567 0.900579 -0.059747 3.327914 -0.902252 0.431203 -0.002478 0.000000 0.023531 0.054974 0.998210 0.000000 0.000000 0.000000 0.000000 1.000000
0.434345 0.898766 -0.059709 3.327914 -0.900436 0.434982 -0.002558 0.000000 0.023673 0.054875 0.998213 -0.000000 0.000000 0.000000 0.000000 1.000000
0.435993 0.897968 -0.059692 3.327914 -0.899637 0.436631 -0.002593 0.000000 0.023734 0.054832 0.998213 -0.000000 0.000000 0.000000 0.000000 1.000000
0.435027 0.898436 -0.059702 3.327914 -0.900105 0.435665 -0.002573 0.000000 0.023698 0.054857 0.998213 0.000000 0.000000 0.000000 0.000000 1.000000
0.432607 0.899602 -0.059726 3.327914 -0.901273 0.433244 -0.002522 0.000000 0.023608 0.054921 0.998212 0.000000 0.000000 0.000000 0.000000 1.000000
0.429502 0.901086 -0.059758 3.327914 -0.902760 0.430137 -0.002456 0.000000 0.023491 0.055002 0.998210 -0.000000 0.000000 0.000000 0.000000 1.000000
0.426414 0.902550 -0.059789 3.327914 -0.904226 0.427048 -0.002390 0.000000 0.023375 0.055082 0.998208 -0.000000 0.000000 0.000000 0.000000 1.000000
0.423844 0.903758 -0.059814 3.327914 -0.905436 0.424476 -0.002336 0.000000 0.023279 0.055148 0.998207 -0.000000 0.000000 0.000000 0.000000 1.000000
0.422036 0.904602 -0.059832 3.327914 -0.906282 0.422668 -0.002298 0.000000 0.023211 0.055195 0.998206 0.000000 0.000000 0.000000 0.000000 1.000000
0.421008 0.905081 -0.059842 3.327914 -0.906761 0.421639 -0.002276 0.000000 0.023172 0.055221 0.998205 0.000000 0.000000 0.000000 0.000000 1.000000
0.420672 0.905237 -0.059846 3.327914 -0.906917 0.421303 -0.002269 0.000000 0.023159 0.055229 0.998205 -0.000000 0.000000 0.000000 0.000000 1.000000</float_array><technique_common><accessor source="#r_arm04_jnt-Matrix-animation-output-transform-array" count="15" stride="16"><param type="float4x4"/></accessor></technique_common></source><source id="r_arm04_jnt-Interpolations"><Name_array id="r_arm04_jnt-Interpolations-array" count="15">
 LINEAR LINEAR LINEAR LINEAR LINEAR LINEAR LINEAR LINEAR LINEAR LINEAR LINEAR
LINEAR LINEAR LINEAR LINEAR</Name_array><technique_common><accessor source="#r_arm04_jnt-Interpolations-array" count="15"><param type="name"/></accessor></technique_common></source><sampler id="r_arm04_jnt-Matrix-animation-transform"><input semantic="INPUT" source="#r_arm04_jnt-Matrix-animation-input"/><input semantic="OUTPUT" source="#r_arm04_jnt-Matrix-animation-output-transform"/><input semantic="INTERPOLATION" source="#r_arm04_jnt-Interpolations"/></sampler><channel source="#r_arm04_jnt-Matrix-animation-transform" target="r_arm04_jnt/matrix"/></animation></animation>
    <animation id="r_arm05_jnt-anim" name="r_arm05_jnt"><animation><source id="r_arm05_jnt-Matrix-animation-input"><float_array id="r_arm05_jnt-Matrix-animation-input-array" count="15">

0.000000 0.033333 0.066667 0.100000 0.133333 0.166667 0.200000 0.233333 0.266667 0.300000 0.333333 0.366667 0.400000 0.433333 0.466667</float_array><technique_common><accessor source="#r_arm05_jnt-Matrix-animation-input-array" count="15"><param name="TIME" type="float"/></accessor></technique_common></source><source id="r_arm05_jnt-Matrix-animation-output-transform"><float_array id="r_arm05_jnt-Matrix-animation-output-transform-array" count="240">

-0.112999 0.993593 0.002268 1.353106 -0.993593 -0.112993 -0.002540 -0.000000 -0.002268 -0.002540 0.999994 -0.000000 0.000000 0.000000 0.000000 1.000000
-0.112999 0.993593 0.002268 1.353106 -0.993593 -0.112993 -0.002540 -0.000000 -0.002268 -0.002540 0.999994 -0.000000 0.000000 0.000000 0.000000 1.000000
-0.112999 0.993593 0.002268 1.353106 -0.993593 -0.112993 -0.002540 -0.000000 -0.002268 -0.002540 0.999994 0.000000 0.000000 0.000000 0.000000 1.000000
-0.112999 0.993593 0.002268 1.353106 -0.993593 -0.112993 -0.002540 -0.000000 -0.002268 -0.002540 0.999994 0.000000 0.000000 0.000000 0.000000 1.000000
-0.112999 0.993593 0.002268 1.353106 -0.993593 -0.112993 -0.002540 -0.000000 -0.002268 -0.002540 0.999994 -0.000000 0.000000 0.000000 0.000000 1.000000
-0.112999 0.993593 0.002268 1.353106 -0.993593 -0.112993 -0.002540 -0.000000 -0.002268 -0.002540 0.999994 0.000000 0.000000 0.000000 0.000000 1.000000
-0.112999 0.993593 0.002268 1.353106 -0.993593 -0.112993 -0.002540 -0.000000 -0.002268 -0.002540 0.999994 0.000000 0.000000 0.000000 0.000000 1.000000
-0.112999 0.993593 0.002268 1.353106 -0.993593 -0.112993 -0.002540 -0.000000 -0.002268 -0.002540 0.999994 0.000000 0.000000 0.000000 0.000000 1.000000
-0.112999 0.993593 0.002268 1.353106 -0.993593 -0.112993 -0.002540 -0.000000 -0.002268 -0.002540 0.999994 -0.000000 0.000000 0.000000 0.000000 1.000000
-0.112999 0.993593 0.002268 1.353106 -0.993593 -0.112993 -0.002540 -0.000000 -0.002268 -0.002540 0.999994 0.000000 0.000000 0.000000 0.000000 1.000000
-0.112999 0.993593 0.002268 1.353106 -0.993593 -0.112993 -0.002540 -0.000000 -0.002268 -0.002540 0.999994 0.000000 0.000000 0.000000 0.000000 1.000000
-0.112999 0.993593 0.002268 1.353106 -0.993593 -0.112993 -0.002540 -0.000000 -0.002268 -0.002540 0.999994 -0.000000 0.000000 0.000000 0.000000 1.000000
-0.112999 0.993593 0.002268 1.353106 -0.993593 -0.112993 -0.002540 -0.000000 -0.002268 -0.002540 0.999994 0.000000 0.000000 0.000000 0.000000 1.000000
-0.112999 0.993593 0.002268 1.353106 -0.993593 -0.112993 -0.002540 -0.000000 -0.002268 -0.002540 0.999994 0.000000 0.000000 0.000000 0.000000 1.000000
-0.112999 0.993593 0.002268 1.353106 -0.993593 -0.112993 -0.002540 -0.000000 -0.002268 -0.002540 0.999994 -0.000000 0.000000 0.000000 0.000000 1.000000</float_array><technique_common><accessor source="#r_arm05_jnt-Matrix-animation-output-transform-array" count="15" stride="16"><param type="float4x4"/></accessor></technique_common></source><source id="r_arm05_jnt-Interpolations"><Name_array id="r_arm05_jnt-Interpolations-array" count="15">
 LINEAR LINEAR LINEAR LINEAR LINEAR LINEAR LINEAR LINEAR LINEAR LINEAR LINEAR
LINEAR LINEAR LINEAR LINEAR</Name_array><technique_common><accessor source="#r_arm05_jnt-Interpolations-array" count="15"><param type="name"/></accessor></technique_common></source><sampler id="r_arm05_jnt-Matrix-animation-transform"><input semantic="INPUT" source="#r_arm05_jnt-Matrix-animation-input"/><input semantic="OUTPUT" source="#r_arm05_jnt-Matrix-animation-output-transform"/><input semantic="INTERPOLATION" source="#r_arm05_jnt-Interpolations"/></sampler><channel source="#r_arm05_jnt-Matrix-animation-transform" target="r_arm05_jnt/matrix"/></animation></animation>
    <animation id="scythe01_jnt-anim" name="scythe01_jnt"><animation><source id="scythe01_jnt-Matrix-animation-input"><float_array id="scythe01_jnt-Matrix-animation-input-array" count="15">

0.000000 0.033333 0.066667 0.100000 0.133333 0.166667 0.200000 0.233333 0.266667 0.300000 0.333333 0.366667 0.400000 0.433333 0.466667</float_array><technique_common><accessor source="#scythe01_jnt-Matrix-animation-input-array" count="15"><param name="TIME" type="float"/></accessor></technique_common></source><source id="scythe01_jnt-Matrix-animation-output-transform"><float_array id="scythe01_jnt-Matrix-animation-output-transform-array" count="240">

-0.741024 -0.671421 -0.008760 4.703162 0.671333 -0.741072 0.011131 0.000000 -0.013966 0.002367 0.999900 0.000000 0.000000 0.000000 0.000000 1.000000
-0.740582 -0.671909 -0.008750 4.703162 0.671821 -0.740630 0.011122 0.000000 -0.013953 0.002358 0.999900 0.000000 0.000000 0.000000 0.000000 1.000000
-0.739184 -0.673447 -0.008716 4.703162 0.673360 -0.739232 0.011091 0.000000 -0.013913 0.002329 0.999900 0.000000 0.000000 0.000000 0.000000 1.000000
-0.736751 -0.676109 -0.008659 4.703162 0.676022 -0.736798 0.011039 0.000000 -0.013843 0.002279 0.999902 0.000000 0.000000 0.000000 0.000000 1.000000
-0.733634 -0.679490 -0.008585 4.703162 0.679405 -0.733681 0.010971 0.000000 -0.013754 0.002216 0.999903 0.000000 0.000000 0.000000 0.000000 1.000000
-0.730780 -0.682560 -0.008519 4.703162 0.682477 -0.730826 0.010909 0.000000 -0.013672 0.002158 0.999904 0.000000 0.000000 0.000000 0.000000 1.000000
-0.729528 -0.683898 -0.008490 4.703162 0.683815 -0.729574 0.010882 0.000000 -0.013636 0.002133 0.999905 0.000000 0.000000 0.000000 0.000000 1.000000
-0.730262 -0.683114 -0.008507 4.703162 0.683031 -0.730308 0.010898 0.000000 -0.013657 0.002148 0.999904 0.000000 0.000000 0.000000 0.000000 1.000000
-0.732095 -0.681149 -0.008549 4.703162 0.681065 -0.732141 0.010938 0.000000 -0.013710 0.002185 0.999904 0.000000 0.000000 0.000000 0.000000 1.000000
-0.734435 -0.678624 -0.008604 4.703162 0.678539 -0.734482 0.010988 0.000000 -0.013777 0.002232 0.999903 0.000000 0.000000 0.000000 0.000000 1.000000
-0.736751 -0.676109 -0.008659 4.703162 0.676022 -0.736798 0.011039 0.000000 -0.013843 0.002279 0.999902 0.000000 0.000000 0.000000 0.000000 1.000000
-0.738669 -0.674012 -0.008704 4.703162 0.673925 -0.738717 0.011080 0.000000 -0.013898 0.002319 0.999901 0.000000 0.000000 0.000000 0.000000 1.000000
-0.740013 -0.672536 -0.008736 4.703162 0.672448 -0.740061 0.011109 0.000000 -0.013937 0.002346 0.999900 -0.000000 0.000000 0.000000 0.000000 1.000000
-0.740776 -0.671695 -0.008754 4.703162 0.671607 -0.740824 0.011126 0.000000 -0.013959 0.002362 0.999900 0.000000 0.000000 0.000000 0.000000 1.000000
-0.741024 -0.671421 -0.008760 4.703162 0.671333 -0.741072 0.011131 0.000000 -0.013966 0.002367 0.999900 0.000000 0.000000 0.000000 0.000000 1.000000</float_array><technique_common><accessor source="#scythe01_jnt-Matrix-animation-output-transform-array" count="15" stride="16"><param type="float4x4"/></accessor></technique_common></source><source id="scythe01_jnt-Interpolations"><Name_array id="scythe01_jnt-Interpolations-array" count="15">
 LINEAR LINEAR LINEAR LINEAR LINEAR LINEAR LINEAR LINEAR LINEAR LINEAR LINEAR
LINEAR LINEAR LINEAR LINEAR</Name_array><technique_common><accessor source="#scythe01_jnt-Interpolations-array" count="15"><param type="name"/></accessor></technique_common></source><sampler id="scythe01_jnt-Matrix-animation-transform"><input semantic="INPUT" source="#scythe01_jnt-Matrix-animation-input"/><input semantic="OUTPUT" source="#scythe01_jnt-Matrix-animation-output-transform"/><input semantic="INTERPOLATION" source="#scythe01_jnt-Interpolations"/></sampler><channel source="#scythe01_jnt-Matrix-animation-transform" target="scythe01_jnt/matrix"/></animation></animation>
    <animation id="scythe02_jnt-anim" name="scythe02_jnt"><animation><source id="scythe02_jnt-Matrix-animation-input"><float_array id="scythe02_jnt-Matrix-animation-input-array" count="15">

0.000000 0.033333 0.066667 0.100000 0.133333 0.166667 0.200000 0.233333 0.266667 0.300000 0.333333 0.366667 0.400000 0.433333 0.466667</float_array><technique_common><accessor source="#scythe02_jnt-Matrix-animation-input-array" count="15"><param name="TIME" type="float"/></accessor></technique_common></source><source id="scythe02_jnt-Matrix-animation-output-transform"><float_array id="scythe02_jnt-Matrix-animation-output-transform-array" count="240">

0.923010 -0.384685 0.008339 2.551548 0.384685 0.923047 0.001668 0.000000 -0.008339 0.001668 0.999964 0.000000 0.000000 0.000000 0.000000 1.000000
0.923010 -0.384685 0.008339 2.551548 0.384685 0.923047 0.001668 0.000000 -0.008339 0.001668 0.999964 0.000000 0.000000 0.000000 0.000000 1.000000
0.923010 -0.384685 0.008339 2.551548 0.384685 0.923047 0.001668 0.000000 -0.008339 0.001668 0.999964 0.000000 0.000000 0.000000 0.000000 1.000000
0.923010 -0.384685 0.008339 2.551548 0.384685 0.923047 0.001668 0.000000 -0.008339 0.001668 0.999964 -0.000000 0.000000 0.000000 0.000000 1.000000
0.923010 -0.384685 0.008339 2.551548 0.384685 0.923047 0.001668 0.000000 -0.008339 0.001668 0.999964 0.000000 0.000000 0.000000 0.000000 1.000000
0.923010 -0.384685 0.008339 2.551548 0.384685 0.923047 0.001668 0.000000 -0.008339 0.001668 0.999964 -0.000000 0.000000 0.000000 0.000000 1.000000
