<?xml version="1.0" encoding="utf-8"?>
<COLLADA xmlns="http://www.collada.org/2005/11/COLLADASchema" version="1.4.1">
  <asset><contributor><author></author><authoring_tool>FBX COLLADA exporter</authoring_tool><comments></comments></contributor><created>2020-01-21T08:32:39Z</created><keywords></keywords><modified>2020-01-21T08:32:39Z</modified><revision></revision><subject></subject><title></title><unit meter="0.010000" name="centimeter"></unit><up_axis>Y_UP</up_axis></asset>
  <library_animations>
    <animation id="root_jnt-anim" name="root_jnt"><animation><source id="root_jnt-Matrix-animation-input"><float_array id="root_jnt-Matrix-animation-input-array" count="19">

0.000000 0.033333 0.066667 0.100000 0.133333 0.166667 0.200000 0.233333 0.266667 0.300000 0.333333 0.366667 0.400000 0.433333 0.466667 0.500000
0.533333 0.566667 0.600000</float_array><technique_common><accessor source="#root_jnt-Matrix-animation-input-array" count="19"><param name="TIME" type="float"/></accessor></technique_common></source><source id="root_jnt-Matrix-animation-output-transform"><float_array id="root_jnt-Matrix-animation-output-transform-array" count="304">

1.000000 0.000000 0.000000 0.000000 0.000000 1.000000 0.000000 0.000000 0.000000 0.000000 1.000000 0.000000 0.000000 0.000000 0.000000 1.000000
1.000000 0.000000 0.000000 0.000000 0.000000 1.000000 0.000000 0.000000 0.000000 0.000000 1.000000 0.000000 0.000000 0.000000 0.000000 1.000000
1.000000 0.000000 0.000000 0.000000 0.000000 1.000000 0.000000 0.000000 0.000000 0.000000 1.000000 0.000000 0.000000 0.000000 0.000000 1.000000
1.000000 0.000000 0.000000 0.000000 0.000000 1.000000 0.000000 0.000000 0.000000 0.000000 1.000000 0.000000 0.000000 0.000000 0.000000 1.000000
1.000000 0.000000 0.000000 0.000000 0.000000 1.000000 0.000000 0.000000 0.000000 0.000000 1.000000 0.000000 0.000000 0.000000 0.000000 1.000000
1.000000 0.000000 0.000000 0.000000 0.000000 1.000000 0.000000 0.000000 0.000000 0.000000 1.000000 0.000000 0.000000 0.000000 0.000000 1.000000
1.000000 0.000000 0.000000 0.000000 0.000000 1.000000 0.000000 0.000000 0.000000 0.000000 1.000000 0.000000 0.000000 0.000000 0.000000 1.000000
1.000000 0.000000 0.000000 0.000000 0.000000 1.000000 0.000000 0.000000 0.000000 0.000000 1.000000 0.000000 0.000000 0.000000 0.000000 1.000000
1.000000 0.000000 0.000000 0.000000 0.000000 1.000000 0.000000 0.000000 0.000000 0.000000 1.000000 0.000000 0.000000 0.000000 0.000000 1.000000
1.000000 0.000000 0.000000 0.000000 0.000000 1.000000 0.000000 0.000000 0.000000 0.000000 1.000000 0.000000 0.000000 0.000000 0.000000 1.000000
1.000000 0.000000 0.000000 0.000000 0.000000 1.000000 0.000000 0.000000 0.000000 0.000000 1.000000 0.000000 0.000000 0.000000 0.000000 1.000000
1.000000 0.000000 0.000000 0.000000 0.000000 1.000000 0.000000 0.000000 0.000000 0.000000 1.000000 0.000000 0.000000 0.000000 0.000000 1.000000
1.000000 0.000000 0.000000 0.000000 0.000000 1.000000 0.000000 0.000000 0.000000 0.000000 1.000000 0.000000 0.000000 0.000000 0.000000 1.000000
1.000000 0.000000 0.000000 0.000000 0.000000 1.000000 0.000000 0.000000 0.000000 0.000000 1.000000 0.000000 0.000000 0.000000 0.000000 1.000000
1.000000 0.000000 0.000000 0.000000 0.000000 1.000000 0.000000 0.000000 0.000000 0.000000 1.000000 0.000000 0.000000 0.000000 0.000000 1.000000
1.000000 0.000000 0.000000 0.000000 0.000000 1.000000 0.000000 0.000000 0.000000 0.000000 1.000000 0.000000 0.000000 0.000000 0.000000 1.000000
1.000000 0.000000 0.000000 0.000000 0.000000 1.000000 0.000000 0.000000 0.000000 0.000000 1.000000 0.000000 0.000000 0.000000 0.000000 1.000000
1.000000 0.000000 0.000000 0.000000 0.000000 1.000000 0.000000 0.000000 0.000000 0.000000 1.000000 0.000000 0.000000 0.000000 0.000000 1.000000
1.000000 0.000000 0.000000 0.000000 0.000000 1.000000 0.000000 0.000000 0.000000 0.000000 1.000000 0.000000 0.000000 0.000000 0.000000 1.000000</float_array><technique_common><accessor source="#root_jnt-Matrix-animation-output-transform-array" count="19" stride="16"><param type="float4x4"/></accessor></technique_common></source><source id="root_jnt-Interpolations"><Name_array id="root_jnt-Interpolations-array" count="19">
 LINEAR LINEAR LINEAR LINEAR LINEAR LINEAR LINEAR LINEAR LINEAR LINEAR LINEAR
LINEAR LINEAR LINEAR LINEAR LINEAR LINEAR LINEAR LINEAR</Name_array><technique_common><accessor source="#root_jnt-Interpolations-array" count="19"><param type="name"/></accessor></technique_common></source><sampler id="root_jnt-Matrix-animation-transform"><input semantic="INPUT" source="#root_jnt-Matrix-animation-input"/><input semantic="OUTPUT" source="#root_jnt-Matrix-animation-output-transform"/><input semantic="INTERPOLATION" source="#root_jnt-Interpolations"/></sampler><channel source="#root_jnt-Matrix-animation-transform" target="root_jnt/matrix"/></animation></animation>
    <animation id="jnt_spine2-anim" name="jnt_spine2"><animation><source id="jnt_spine2-Matrix-animation-input"><float_array id="jnt_spine2-Matrix-animation-input-array" count="19">

0.000000 0.033333 0.066667 0.100000 0.133333 0.166667 0.200000 0.233333 0.266667 0.300000 0.333333 0.366667 0.400000 0.433333 0.466667 0.500000
0.533333 0.566667 0.600000</float_array><technique_common><accessor source="#jnt_spine2-Matrix-animation-input-array" count="19"><param name="TIME" type="float"/></accessor></technique_common></source><source id="jnt_spine2-Matrix-animation-output-transform"><float_array id="jnt_spine2-Matrix-animation-output-transform-array" count="304">

1.000000 0.000000 0.000000 0.000000 0.000000 0.994763 -0.102211 7.866755 0.000000 0.102211 0.994763 -0.448770 0.000000 0.000000 0.000000 1.000000
0.999867 -0.013318 0.009395 0.000000 0.014209 0.994654 -0.102279 7.828776 -0.007982 0.102399 0.994711 -0.448770 0.000000 0.000000 0.000000 1.000000
0.999325 -0.032558 0.017018 0.000000 0.034132 0.994168 -0.102299 7.796717 -0.013589 0.102811 0.994608 -0.448770 0.000000 0.000000 0.000000 1.000000
0.998511 -0.049851 0.022138 0.000000 0.051863 0.993408 -0.102229 7.859644 -0.016896 0.103225 0.994515 -0.448770 0.000000 0.000000 0.000000 1.000000
0.998065 -0.057356 0.024010 0.000000 0.059522 0.992983 -0.102182 8.010646 -0.017981 0.103413 0.994476 -0.448770 0.000000 0.000000 0.000000 1.000000
0.998244 -0.054853 0.022367 0.000000 0.056864 0.993130 -0.102269 8.164062 -0.016604 0.103361 0.994505 -0.448770 0.000000 0.000000 0.000000 1.000000
0.998684 -0.048058 0.017907 0.000000 0.049645 0.993497 -0.102468 8.234236 -0.012866 0.103222 0.994575 -0.448770 0.000000 0.000000 0.000000 1.000000
0.999212 -0.038037 0.011331 0.000000 0.039001 0.993951 -0.102663 8.228060 -0.007358 0.103024 0.994652 -0.448770 0.000000 0.000000 0.000000 1.000000
0.999660 -0.025860 0.003345 0.000000 0.026067 0.994367 -0.102740 8.210851 -0.000669 0.102792 0.994703 -0.448770 0.000000 0.000000 0.000000 1.000000
0.999906 -0.012601 -0.005346 0.000000 0.011986 0.994647 -0.102629 8.184585 0.006610 0.102556 0.994705 -0.448770 0.000000 0.000000 0.000000 1.000000
0.999901 0.000665 -0.014031 0.000000 -0.002097 0.994749 -0.102324 8.151238 0.013889 0.102344 0.994652 -0.448770 0.000000 0.000000 0.000000 1.000000
0.999675 0.012857 -0.022004 0.000000 -0.015036 0.994682 -0.101890 8.112788 0.020577 0.102187 0.994552 -0.448770 0.000000 0.000000 0.000000 1.000000
0.999330 0.022896 -0.028564 0.000000 -0.025686 0.994509 -0.101454 8.071211 0.026085 0.102119 0.994430 -0.448770 0.000000 0.000000 0.000000 1.000000
0.999013 0.029706 -0.033012 0.000000 -0.032909 0.994329 -0.101126 8.028482 0.029821 0.102113 0.994326 -0.448770 0.000000 0.000000 0.000000 1.000000
0.998880 0.032215 -0.034651 0.000000 -0.035569 0.994250 -0.101000 7.986579 0.031198 0.102119 0.994283 -0.448770 0.000000 0.000000 0.000000 1.000000
0.999156 0.027006 -0.030956 0.000000 -0.030016 0.994403 -0.101299 7.947479 0.028047 0.102143 0.994374 -0.448770 0.000000 0.000000 0.000000 1.000000
0.999638 0.015639 -0.021905 0.000000 -0.017792 0.994643 -0.101823 7.913157 0.020195 0.102176 0.994561 -0.448770 0.000000 0.000000 0.000000 1.000000
0.999934 0.004506 -0.010561 0.000000 -0.005561 0.994753 -0.102150 7.885591 0.010045 0.102202 0.994713 -0.448770 0.000000 0.000000 0.000000 1.000000
1.000000 0.000000 0.000000 0.000000 0.000000 0.994763 -0.102211 7.866755 0.000000 0.102211 0.994763 -0.448770 0.000000 0.000000 0.000000 1.000000</float_array><technique_common><accessor source="#jnt_spine2-Matrix-animation-output-transform-array" count="19" stride="16"><param type="float4x4"/></accessor></technique_common></source><source id="jnt_spine2-Interpolations"><Name_array id="jnt_spine2-Interpolations-array" count="19">
 LINEAR LINEAR LINEAR LINEAR LINEAR LINEAR LINEAR LINEAR LINEAR LINEAR LINEAR
LINEAR LINEAR LINEAR LINEAR LINEAR LINEAR LINEAR LINEAR</Name_array><technique_common><accessor source="#jnt_spine2-Interpolations-array" count="19"><param type="name"/></accessor></technique_common></source><sampler id="jnt_spine2-Matrix-animation-transform"><input semantic="INPUT" source="#jnt_spine2-Matrix-animation-input"/><input semantic="OUTPUT" source="#jnt_spine2-Matrix-animation-output-transform"/><input semantic="INTERPOLATION" source="#jnt_spine2-Interpolations"/></sampler><channel source="#jnt_spine2-Matrix-animation-transform" target="jnt_spine2/matrix"/></animation></animation>
    <animation id="neck_jnt-anim" name="neck_jnt"><animation><source id="neck_jnt-Matrix-animation-input"><float_array id="neck_jnt-Matrix-animation-input-array" count="19">

0.000000 0.033333 0.066667 0.100000 0.133333 0.166667 0.200000 0.233333 0.266667 0.300000 0.333333 0.366667 0.400000 0.433333 0.466667 0.500000
0.533333 0.566667 0.600000</float_array><technique_common><accessor source="#neck_jnt-Matrix-animation-input-array" count="19"><param name="TIME" type="float"/></accessor></technique_common></source><source id="neck_jnt-Matrix-animation-output-transform"><float_array id="neck_jnt-Matrix-animation-output-transform-array" count="304">

1.000000 -0.000000 0.000000 -0.000000 0.000000 1.000000 0.000000 2.357033 -0.000000 -0.000000 1.000000 2.698746 0.000000 0.000000 0.000000 1.000000
1.000000 -0.000000 0.000000 0.000000 0.000000 1.000000 0.000000 2.357033 -0.000000 -0.000000 1.000000 2.698746 0.000000 0.000000 0.000000 1.000000
1.000000 -0.000000 0.000000 0.000000 0.000000 1.000000 0.000000 2.357033 -0.000000 -0.000000 1.000000 2.698746 0.000000 0.000000 0.000000 1.000000
1.000000 -0.000000 0.000000 0.000000 0.000000 1.000000 0.000000 2.357033 -0.000000 -0.000000 1.000000 2.698746 0.000000 0.000000 0.000000 1.000000
1.000000 -0.000000 0.000000 0.000000 0.000000 1.000000 0.000000 2.357033 -0.000000 -0.000000 1.000000 2.698746 0.000000 0.000000 0.000000 1.000000
1.000000 -0.000000 0.000000 0.000000 0.000000 1.000000 0.000000 2.357033 -0.000000 -0.000000 1.000000 2.698746 0.000000 0.000000 0.000000 1.000000
1.000000 -0.000000 0.000000 -0.000000 0.000000 1.000000 0.000000 2.357033 -0.000000 -0.000000 1.000000 2.698746 0.000000 0.000000 0.000000 1.000000
1.000000 -0.000000 0.000000 -0.000000 0.000000 1.000000 0.000000 2.357033 -0.000000 -0.000000 1.000000 2.698746 0.000000 0.000000 0.000000 1.000000
1.000000 -0.000000 0.000000 0.000000 0.000000 1.000000 0.000000 2.357033 -0.000000 -0.000000 1.000000 2.698746 0.000000 0.000000 0.000000 1.000000
1.000000 -0.000000 0.000000 -0.000000 0.000000 1.000000 0.000000 2.357033 -0.000000 -0.000000 1.000000 2.698746 0.000000 0.000000 0.000000 1.000000
1.000000 -0.000000 0.000000 -0.000000 0.000000 1.000000 0.000000 2.357033 -0.000000 -0.000000 1.000000 2.698746 0.000000 0.000000 0.000000 1.000000
1.000000 -0.000000 0.000000 0.000000 0.000000 1.000000 0.000000 2.357033 -0.000000 -0.000000 1.000000 2.698746 0.000000 0.000000 0.000000 1.000000
1.000000 -0.000000 0.000000 0.000000 0.000000 1.000000 0.000000 2.357033 -0.000000 -0.000000 1.000000 2.698746 0.000000 0.000000 0.000000 1.000000
1.000000 -0.000000 0.000000 0.000000 0.000000 1.000000 0.000000 2.357033 -0.000000 -0.000000 1.000000 2.698746 0.000000 0.000000 0.000000 1.000000
1.000000 -0.000000 0.000000 0.000000 0.000000 1.000000 0.000000 2.357033 -0.000000 -0.000000 1.000000 2.698746 0.000000 0.000000 0.000000 1.000000
1.000000 -0.000000 0.000000 0.000000 0.000000 1.000000 0.000000 2.357033 -0.000000 -0.000000 1.000000 2.698746 0.000000 0.000000 0.000000 1.000000
1.000000 -0.000000 0.000000 0.000000 0.000000 1.000000 0.000000 2.357033 -0.000000 -0.000000 1.000000 2.698746 0.000000 0.000000 0.000000 1.000000
1.000000 -0.000000 0.000000 0.000000 0.000000 1.000000 0.000000 2.357033 -0.000000 -0.000000 1.000000 2.698746 0.000000 0.000000 0.000000 1.000000
1.000000 -0.000000 0.000000 -0.000000 0.000000 1.000000 0.000000 2.357033 -0.000000 -0.000000 1.000000 2.698746 0.000000 0.000000 0.000000 1.000000</float_array><technique_common><accessor source="#neck_jnt-Matrix-animation-output-transform-array" count="19" stride="16"><param type="float4x4"/></accessor></technique_common></source><source id="neck_jnt-Interpolations"><Name_array id="neck_jnt-Interpolations-array" count="19">
 LINEAR LINEAR LINEAR LINEAR LINEAR LINEAR LINEAR LINEAR LINEAR LINEAR LINEAR
LINEAR LINEAR LINEAR LINEAR LINEAR LINEAR LINEAR LINEAR</Name_array><technique_common><accessor source="#neck_jnt-Interpolations-array" count="19"><param type="name"/></accessor></technique_common></source><sampler id="neck_jnt-Matrix-animation-transform"><input semantic="INPUT" source="#neck_jnt-Matrix-animation-input"/><input semantic="OUTPUT" source="#neck_jnt-Matrix-animation-output-transform"/><input semantic="INTERPOLATION" source="#neck_jnt-Interpolations"/></sampler><channel source="#neck_jnt-Matrix-animation-transform" target="neck_jnt/matrix"/></animation></animation>
    <animation id="head_jnt-anim" name="head_jnt"><animation><source id="head_jnt-Matrix-animation-input"><float_array id="head_jnt-Matrix-animation-input-array" count="19">

0.000000 0.033333 0.066667 0.100000 0.133333 0.166667 0.200000 0.233333 0.266667 0.300000 0.333333 0.366667 0.400000 0.433333 0.466667 0.500000
0.533333 0.566667 0.600000</float_array><technique_common><accessor source="#head_jnt-Matrix-animation-input-array" count="19"><param name="TIME" type="float"/></accessor></technique_common></source><source id="head_jnt-Matrix-animation-output-transform"><float_array id="head_jnt-Matrix-animation-output-transform-array" count="304">

0.986093 0.163650 -0.028984 0.722739 -0.166197 0.970981 -0.171972 -0.050900 0.000000 0.174398 0.984675 -0.103117 0.000000 0.000000 0.000000 1.000000
0.986093 0.163650 -0.028984 0.722739 -0.166197 0.970981 -0.171972 -0.050900 0.000000 0.174398 0.984675 -0.103117 0.000000 0.000000 0.000000 1.000000
0.986093 0.163650 -0.028984 0.722739 -0.166197 0.970981 -0.171972 -0.050900 0.000000 0.174398 0.984675 -0.103117 0.000000 0.000000 0.000000 1.000000
0.986093 0.163650 -0.028984 0.722739 -0.166197 0.970981 -0.171972 -0.050900 0.000000 0.174398 0.984675 -0.103117 0.000000 0.000000 0.000000 1.000000
0.986093 0.163650 -0.028984 0.722739 -0.166197 0.970981 -0.171972 -0.050900 0.000000 0.174398 0.984675 -0.103117 0.000000 0.000000 0.000000 1.000000
0.986093 0.163650 -0.028984 0.722739 -0.166197 0.970981 -0.171972 -0.050900 -0.000000 0.174398 0.984675 -0.103117 0.000000 0.000000 0.000000 1.000000
0.986093 0.163650 -0.028984 0.722739 -0.166197 0.970981 -0.171972 -0.050900 0.000000 0.174398 0.984675 -0.103117 0.000000 0.000000 0.000000 1.000000
0.986093 0.163650 -0.028984 0.722739 -0.166197 0.970981 -0.171972 -0.050900 0.000000 0.174398 0.984675 -0.103117 0.000000 0.000000 0.000000 1.000000
0.986093 0.163650 -0.028984 0.722739 -0.166197 0.970981 -0.171972 -0.050900 0.000000 0.174398 0.984675 -0.103117 0.000000 0.000000 0.000000 1.000000
0.986093 0.163650 -0.028984 0.722739 -0.166197 0.970981 -0.171972 -0.050900 0.000000 0.174398 0.984675 -0.103117 0.000000 0.000000 0.000000 1.000000
0.986093 0.163650 -0.028984 0.722739 -0.166197 0.970981 -0.171972 -0.050900 0.000000 0.174398 0.984675 -0.103117 0.000000 0.000000 0.000000 1.000000
0.986093 0.163650 -0.028984 0.722739 -0.166197 0.970981 -0.171972 -0.050900 0.000000 0.174398 0.984675 -0.103117 0.000000 0.000000 0.000000 1.000000
0.986093 0.163650 -0.028984 0.722739 -0.166197 0.970981 -0.171972 -0.050900 0.000000 0.174398 0.984675 -0.103117 0.000000 0.000000 0.000000 1.000000
0.986093 0.163650 -0.028984 0.722739 -0.166197 0.970981 -0.171972 -0.050900 0.000000 0.174398 0.984675 -0.103117 0.000000 0.000000 0.000000 1.000000
0.986093 0.163650 -0.028984 0.722739 -0.166197 0.970981 -0.171972 -0.050900 0.000000 0.174398 0.984675 -0.103117 0.000000 0.000000 0.000000 1.000000
0.986093 0.163650 -0.028984 0.722739 -0.166197 0.970981 -0.171972 -0.050900 0.000000 0.174398 0.984675 -0.103117 0.000000 0.000000 0.000000 1.000000
0.986093 0.163650 -0.028984 0.722739 -0.166197 0.970981 -0.171972 -0.050900 0.000000 0.174398 0.984675 -0.103117 0.000000 0.000000 0.000000 1.000000
0.986093 0.163650 -0.028984 0.722739 -0.166197 0.970981 -0.171972 -0.050900 0.000000 0.174398 0.984675 -0.103117 0.000000 0.000000 0.000000 1.000000
0.986093 0.163650 -0.028984 0.722739 -0.166197 0.970981 -0.171972 -0.050900 0.000000 0.174398 0.984675 -0.103117 0.000000 0.000000 0.000000 1.000000</float_array><technique_common><accessor source="#head_jnt-Matrix-animation-output-transform-array" count="19" stride="16"><param type="float4x4"/></accessor></technique_common></source><source id="head_jnt-Interpolations"><Name_array id="head_jnt-Interpolations-array" count="19">
 LINEAR LINEAR LINEAR LINEAR LINEAR LINEAR LINEAR LINEAR LINEAR LINEAR LINEAR
LINEAR LINEAR LINEAR LINEAR LINEAR LINEAR LINEAR LINEAR</Name_array><technique_common><accessor source="#head_jnt-Interpolations-array" count="19"><param type="name"/></accessor></technique_common></source><sampler id="head_jnt-Matrix-animation-transform"><input semantic="INPUT" source="#head_jnt-Matrix-animation-input"/><input semantic="OUTPUT" source="#head_jnt-Matrix-animation-output-transform"/><input semantic="INTERPOLATION" source="#head_jnt-Interpolations"/></sampler><channel source="#head_jnt-Matrix-animation-transform" target="head_jnt/matrix"/></animation></animation>
    <animation id="r_arm01_jnt-anim" name="r_arm01_jnt"><animation><source id="r_arm01_jnt-Matrix-animation-input"><float_array id="r_arm01_jnt-Matrix-animation-input-array" count="19">

0.000000 0.033333 0.066667 0.100000 0.133333 0.166667 0.200000 0.233333 0.266667 0.300000 0.333333 0.366667 0.400000 0.433333 0.466667 0.500000
0.533333 0.566667 0.600000</float_array><technique_common><accessor source="#r_arm01_jnt-Matrix-animation-input-array" count="19"><param name="TIME" type="float"/></accessor></technique_common></source><source id="r_arm01_jnt-Matrix-animation-output-transform"><float_array id="r_arm01_jnt-Matrix-animation-output-transform-array" count="304">

-0.966114 0.145537 0.213171 -2.858765 0.216779 0.905800 0.364051 2.350029 -0.140108 0.397926 -0.906656 -0.000000 0.000000 0.000000 0.000000 1.000000
-0.966114 0.145537 0.213171 -2.858765 0.216779 0.905800 0.364051 2.350029 -0.140108 0.397926 -0.906656 -0.000000 0.000000 0.000000 0.000000 1.000000
-0.966114 0.145537 0.213171 -2.858765 0.216779 0.905800 0.364051 2.350029 -0.140108 0.397926 -0.906656 -0.000000 0.000000 0.000000 0.000000 1.000000
-0.966114 0.145537 0.213171 -2.858765 0.216779 0.905800 0.364051 2.350029 -0.140108 0.397926 -0.906656 -0.000000 0.000000 0.000000 0.000000 1.000000
-0.966114 0.145537 0.213171 -2.858765 0.216779 0.905800 0.364051 2.350029 -0.140108 0.397926 -0.906656 -0.000000 0.000000 0.000000 0.000000 1.000000
-0.966114 0.145537 0.213171 -2.858765 0.216779 0.905800 0.364051 2.350029 -0.140108 0.397926 -0.906656 -0.000000 0.000000 0.000000 0.000000 1.000000
-0.966114 0.145537 0.213171 -2.858765 0.216779 0.905800 0.364051 2.350029 -0.140108 0.397926 -0.906656 -0.000000 0.000000 0.000000 0.000000 1.000000
-0.966114 0.145537 0.213171 -2.858765 0.216779 0.905800 0.364051 2.350029 -0.140108 0.397926 -0.906656 -0.000000 0.000000 0.000000 0.000000 1.000000
-0.966114 0.145537 0.213171 -2.858765 0.216779 0.905800 0.364051 2.350029 -0.140108 0.397926 -0.906656 -0.000000 0.000000 0.000000 0.000000 1.000000
-0.966114 0.145537 0.213171 -2.858765 0.216779 0.905800 0.364051 2.350029 -0.140108 0.397926 -0.906656 -0.000000 0.000000 0.000000 0.000000 1.000000
-0.966114 0.145537 0.213171 -2.858765 0.216779 0.905800 0.364051 2.350029 -0.140108 0.397926 -0.906656 -0.000000 0.000000 0.000000 0.000000 1.000000
-0.966114 0.145537 0.213171 -2.858765 0.216779 0.905800 0.364051 2.350029 -0.140108 0.397926 -0.906656 -0.000000 0.000000 0.000000 0.000000 1.000000
-0.966114 0.145537 0.213171 -2.858765 0.216779 0.905800 0.364051 2.350029 -0.140108 0.397926 -0.906656 -0.000000 0.000000 0.000000 0.000000 1.000000
-0.966114 0.145537 0.213171 -2.858765 0.216779 0.905800 0.364051 2.350029 -0.140108 0.397926 -0.906656 -0.000000 0.000000 0.000000 0.000000 1.000000
-0.966114 0.145537 0.213171 -2.858765 0.216779 0.905800 0.364051 2.350029 -0.140108 0.397926 -0.906656 -0.000000 0.000000 0.000000 0.000000 1.000000
-0.966114 0.145537 0.213171 -2.858765 0.216779 0.905800 0.364051 2.350029 -0.140108 0.397926 -0.906656 -0.000000 0.000000 0.000000 0.000000 1.000000
-0.966114 0.145537 0.213171 -2.858765 0.216779 0.905800 0.364051 2.350029 -0.140108 0.397926 -0.906656 -0.000000 0.000000 0.000000 0.000000 1.000000
-0.966114 0.145537 0.213171 -2.858765 0.216779 0.905800 0.364051 2.350029 -0.140108 0.397926 -0.906656 -0.000000 0.000000 0.000000 0.000000 1.000000
-0.966114 0.145537 0.213171 -2.858765 0.216779 0.905800 0.364051 2.350029 -0.140108 0.397926 -0.906656 -0.000000 0.000000 0.000000 0.000000 1.000000</float_array><technique_common><accessor source="#r_arm01_jnt-Matrix-animation-output-transform-array" count="19" stride="16"><param type="float4x4"/></accessor></technique_common></source><source id="r_arm01_jnt-Interpolations"><Name_array id="r_arm01_jnt-Interpolations-array" count="19">
 LINEAR LINEAR LINEAR LINEAR LINEAR LINEAR LINEAR LINEAR LINEAR LINEAR LINEAR
LINEAR LINEAR LINEAR LINEAR LINEAR LINEAR LINEAR LINEAR</Name_array><technique_common><accessor source="#r_arm01_jnt-Interpolations-array" count="19"><param type="name"/></accessor></technique_common></source><sampler id="r_arm01_jnt-Matrix-animation-transform"><input semantic="INPUT" source="#r_arm01_jnt-Matrix-animation-input"/><input semantic="OUTPUT" source="#r_arm01_jnt-Matrix-animation-output-transform"/><input semantic="INTERPOLATION" source="#r_arm01_jnt-Interpolations"/></sampler><channel source="#r_arm01_jnt-Matrix-animation-transform" target="r_arm01_jnt/matrix"/></animation></animation>
    <animation id="r_arm02_jnt-anim" name="r_arm02_jnt"><animation><source id="r_arm02_jnt-Matrix-animation-input"><float_array id="r_arm02_jnt-Matrix-animation-input-array" count="19">

0.000000 0.033333 0.066667 0.100000 0.133333 0.166667 0.200000 0.233333 0.266667 0.300000 0.333333 0.366667 0.400000 0.433333 0.466667 0.500000
0.533333 0.566667 0.600000</float_array><technique_common><accessor source="#r_arm02_jnt-Matrix-animation-input-array" count="19"><param name="TIME" type="float"/></accessor></technique_common></source><source id="r_arm02_jnt-Matrix-animation-output-transform"><float_array id="r_arm02_jnt-Matrix-animation-output-transform-array" count="304">

0.200214 0.967345 0.155427 1.138730 -0.834200 0.251510 -0.490767 0.000000 -0.513833 -0.031399 0.857316 -0.000000 0.000000 0.000000 0.000000 1.000000
0.218192 0.965150 0.144493 1.138730 -0.832147 0.261348 -0.489109 0.000000 -0.509827 -0.013520 0.860171 -0.000000 0.000000 0.000000 0.000000 1.000000
0.241789 0.960636 0.136807 1.138730 -0.827491 0.277768 -0.487958 -0.000000 -0.506751 0.004776 0.862079 -0.000000 0.000000 0.000000 0.000000 1.000000
0.257288 0.957236 0.132296 1.138730 -0.824148 0.288848 -0.487184 0.000000 -0.504563 0.016315 0.863221 -0.000000 0.000000 0.000000 0.000000 1.000000
0.256666 0.957598 0.130875 1.138730 -0.824841 0.287606 -0.486745 0.000000 -0.503746 0.016980 0.863685 -0.000000 0.000000 0.000000 0.000000 1.000000
0.244787 0.960428 0.132878 1.138730 -0.827977 0.278377 -0.486785 0.000000 -0.504513 0.009139 0.863356 0.000000 0.000000 0.000000 0.000000 1.000000
0.232758 0.962676 0.138127 1.138730 -0.830168 0.270655 -0.487409 0.000000 -0.506602 -0.001221 0.862179 -0.000000 0.000000 0.000000 0.000000 1.000000
0.221342 0.964240 0.145769 1.138730 -0.831441 0.264707 -0.488503 0.000000 -0.509621 -0.013072 0.860300 -0.000000 0.000000 0.000000 0.000000 1.000000
0.208050 0.965762 0.154981 1.138730 -0.832740 0.258006 -0.489874 -0.000000 -0.513088 -0.027141 0.857907 -0.000000 0.000000 0.000000 0.000000 1.000000
0.194036 0.967032 0.164919 1.138730 -0.833933 0.251136 -0.491413 -0.000000 -0.516629 -0.042180 0.855170 0.000000 0.000000 0.000000 0.000000 1.000000
0.180449 0.967935 0.174759 1.138730 -0.834917 0.244662 -0.493005 0.000000 -0.519954 -0.056947 0.852294 -0.000000 0.000000 0.000000 0.000000 1.000000
0.168430 0.968444 0.183704 1.138730 -0.835616 0.239135 -0.494530 0.000000 -0.522855 -0.070212 0.849525 -0.000000 0.000000 0.000000 0.000000 1.000000
0.159107 0.968614 0.190978 1.138730 -0.835975 0.235087 -0.495863 0.000000 -0.525196 -0.080757 0.847141 0.000000 0.000000 0.000000 0.000000 1.000000
0.153610 0.968527 0.195855 1.138730 -0.835972 0.233054 -0.496826 0.000000 -0.526835 -0.087412 0.845461 -0.000000 0.000000 0.000000 0.000000 1.000000
0.153069 0.968253 0.197625 1.138730 -0.835587 0.233583 -0.497225 0.000000 -0.527602 -0.089023 0.844814 -0.000000 0.000000 0.000000 0.000000 1.000000
0.161411 0.967742 0.193448 1.138730 -0.834609 0.238464 -0.496551 0.000000 -0.526664 -0.081304 0.846177 -0.000000 0.000000 0.000000 0.000000 1.000000
0.176957 0.967060 0.182981 1.138730 -0.833402 0.246129 -0.494834 -0.000000 -0.523571 -0.064932 0.849504 -0.000000 0.000000 0.000000 0.000000 1.000000
0.192372 0.966615 0.169256 1.138730 -0.832896 0.252034 -0.492710 0.000000 -0.518919 -0.046189 0.853574 -0.000000 0.000000 0.000000 0.000000 1.000000
0.200214 0.967345 0.155427 1.138730 -0.834200 0.251510 -0.490767 0.000000 -0.513833 -0.031399 0.857316 -0.000000 0.000000 0.000000 0.000000 1.000000</float_array><technique_common><accessor source="#r_arm02_jnt-Matrix-animation-output-transform-array" count="19" stride="16"><param type="float4x4"/></accessor></technique_common></source><source id="r_arm02_jnt-Interpolations"><Name_array id="r_arm02_jnt-Interpolations-array" count="19">
 LINEAR LINEAR LINEAR LINEAR LINEAR LINEAR LINEAR LINEAR LINEAR LINEAR LINEAR
LINEAR LINEAR LINEAR LINEAR LINEAR LINEAR LINEAR LINEAR</Name_array><technique_common><accessor source="#r_arm02_jnt-Interpolations-array" count="19"><param type="name"/></accessor></technique_common></source><sampler id="r_arm02_jnt-Matrix-animation-transform"><input semantic="INPUT" source="#r_arm02_jnt-Matrix-animation-input"/><input semantic="OUTPUT" source="#r_arm02_jnt-Matrix-animation-output-transform"/><input semantic="INTERPOLATION" source="#r_arm02_jnt-Interpolations"/></sampler><channel source="#r_arm02_jnt-Matrix-animation-transform" target="r_arm02_jnt/matrix"/></animation></animation>
    <animation id="r_arm03_jnt-anim" name="r_arm03_jnt"><animation><source id="r_arm03_jnt-Matrix-animation-input"><float_array id="r_arm03_jnt-Matrix-animation-input-array" count="19">

0.000000 0.033333 0.066667 0.100000 0.133333 0.166667 0.200000 0.233333 0.266667 0.300000 0.333333 0.366667 0.400000 0.433333 0.466667 0.500000
0.533333 0.566667 0.600000</float_array><technique_common><accessor source="#r_arm03_jnt-Matrix-animation-input-array" count="19"><param name="TIME" type="float"/></accessor></technique_common></source><source id="r_arm03_jnt-Matrix-animation-output-transform"><float_array id="r_arm03_jnt-Matrix-animation-output-transform-array" count="304">

0.388145 -0.758970 0.522789 1.198027 0.499918 0.649946 0.572408 -0.354776 -0.774225 0.039174 0.631697 -0.000000 0.000000 0.000000 0.000000 1.000000
0.385552 -0.762325 0.519818 1.199859 0.501921 0.646008 0.575108 -0.352915 -0.774225 0.039174 0.631697 -0.000000 0.000000 0.000000 0.000000 1.000000
0.382363 -0.766404 0.516162 1.202089 0.504355 0.641163 0.578391 -0.350624 -0.774225 0.039174 0.631697 -0.000000 0.000000 0.000000 0.000000 1.000000
0.381523 -0.767470 0.515199 1.202672 0.504991 0.639887 0.579249 -0.350020 -0.774225 0.039174 0.631697 -0.000000 0.000000 0.000000 0.000000 1.000000
0.383891 -0.764455 0.517915 1.201023 0.503193 0.643486 0.576822 -0.351723 -0.774225 0.039174 0.631697 -0.000000 0.000000 0.000000 0.000000 1.000000
0.387619 -0.759654 0.522186 1.198401 0.500327 0.649147 0.572959 -0.354398 -0.774225 0.039174 0.631697 -0.000000 0.000000 0.000000 0.000000 1.000000
0.390066 -0.756464 0.524987 1.196660 0.498421 0.652862 0.570393 -0.356152 -0.774225 0.039174 0.631697 -0.000000 0.000000 0.000000 0.000000 1.000000
0.391236 -0.754927 0.526326 1.195822 0.497503 0.654638 0.569157 -0.356990 -0.774225 0.039174 0.631697 -0.000000 0.000000 0.000000 0.000000 1.000000
0.392448 -0.753328 0.527713 1.194950 0.496548 0.656477 0.567872 -0.357858 -0.774225 0.039174 0.631697 -0.000000 0.000000 0.000000 0.000000 1.000000
0.393609 -0.751790 0.529040 1.194111 0.495628 0.658238 0.566636 -0.358689 -0.774225 0.039174 0.631697 -0.000000 0.000000 0.000000 0.000000 1.000000
0.394623 -0.750441 0.530199 1.193376 0.494821 0.659775 0.565551 -0.359414 -0.774225 0.039174 0.631697 -0.000000 0.000000 0.000000 0.000000 1.000000
0.395391 -0.749415 0.531077 1.192818 0.494208 0.660940 0.564727 -0.359963 -0.774225 0.039174 0.631697 -0.000000 0.000000 0.000000 0.000000 1.000000
0.395812 -0.748852 0.531558 1.192511 0.493870 0.661579 0.564274 -0.360264 -0.774225 0.039174 0.631697 -0.000000 0.000000 0.000000 0.000000 1.000000
0.395784 -0.748889 0.531526 1.192531 0.493893 0.661536 0.564305 -0.360244 -0.774225 0.039174 0.631697 -0.000000 0.000000 0.000000 0.000000 1.000000
0.395203 -0.749667 0.530862 1.192955 0.494358 0.660655 0.564929 -0.359828 -0.774225 0.039174 0.631697 -0.000000 0.000000 0.000000 0.000000 1.000000
0.393649 -0.751737 0.529086 1.194082 0.495596 0.658299 0.566593 -0.358717 -0.774225 0.039174 0.631697 -0.000000 0.000000 0.000000 0.000000 1.000000
0.391362 -0.754761 0.526471 1.195731 0.497404 0.654829 0.569024 -0.357081 -0.774225 0.039174 0.631697 -0.000000 0.000000 0.000000 0.000000 1.000000
0.389233 -0.757553 0.524034 1.197254 0.499072 0.651597 0.571269 -0.355555 -0.774225 0.039174 0.631697 -0.000000 0.000000 0.000000 0.000000 1.000000
0.388145 -0.758970 0.522789 1.198027 0.499918 0.649946 0.572408 -0.354776 -0.774225 0.039174 0.631697 -0.000000 0.000000 0.000000 0.000000 1.000000</float_array><technique_common><accessor source="#r_arm03_jnt-Matrix-animation-output-transform-array" count="19" stride="16"><param type="float4x4"/></accessor></technique_common></source><source id="r_arm03_jnt-Interpolations"><Name_array id="r_arm03_jnt-Interpolations-array" count="19">
 LINEAR LINEAR LINEAR LINEAR LINEAR LINEAR LINEAR LINEAR LINEAR LINEAR LINEAR
LINEAR LINEAR LINEAR LINEAR LINEAR LINEAR LINEAR LINEAR</Name_array><technique_common><accessor source="#r_arm03_jnt-Interpolations-array" count="19"><param type="name"/></accessor></technique_common></source><sampler id="r_arm03_jnt-Matrix-animation-transform"><input semantic="INPUT" source="#r_arm03_jnt-Matrix-animation-input"/><input semantic="OUTPUT" source="#r_arm03_jnt-Matrix-animation-output-transform"/><input semantic="INTERPOLATION" source="#r_arm03_jnt-Interpolations"/></sampler><channel source="#r_arm03_jnt-Matrix-animation-transform" target="r_arm03_jnt/matrix"/></animation></animation>
    <animation id="r_arm04_jnt-anim" name="r_arm04_jnt"><animation><source id="r_arm04_jnt-Matrix-animation-input"><float_array id="r_arm04_jnt-Matrix-animation-input-array" count="19">

0.000000 0.033333 0.066667 0.100000 0.133333 0.166667 0.200000 0.233333 0.266667 0.300000 0.333333 0.366667 0.400000 0.433333 0.466667 0.500000
0.533333 0.566667 0.600000</float_array><technique_common><accessor source="#r_arm04_jnt-Matrix-animation-input-array" count="19"><param name="TIME" type="float"/></accessor></technique_common></source><source id="r_arm04_jnt-Matrix-animation-output-transform"><float_array id="r_arm04_jnt-Matrix-animation-output-transform-array" count="304">

0.943307 -0.330209 -0.033675 3.327914 0.329943 0.943907 -0.013339 -0.000000 0.036191 0.001472 0.999344 0.000000 0.000000 0.000000 0.000000 1.000000
0.946668 -0.320425 -0.033882 3.327914 0.320150 0.947272 -0.013411 -0.000000 0.036393 0.001848 0.999336 0.000000 0.000000 0.000000 0.000000 1.000000
0.950643 -0.308402 -0.034137 3.327914 0.308116 0.951253 -0.013495 -0.000000 0.036634 0.002311 0.999326 -0.000000 0.000000 0.000000 0.000000 1.000000
0.951662 -0.305237 -0.034204 3.327914 0.304947 0.952273 -0.013516 -0.000000 0.036697 0.002433 0.999323 0.000000 0.000000 0.000000 0.000000 1.000000
0.948759 -0.314164 -0.034015 3.327914 0.313882 0.949367 -0.013455 -0.000000 0.036519 0.002089 0.999331 0.000000 0.000000 0.000000 0.000000 1.000000
0.943999 -0.328222 -0.033717 3.327914 0.327954 0.944599 -0.013354 -0.000000 0.036232 0.001548 0.999342 -0.000000 0.000000 0.000000 0.000000 1.000000
0.940744 -0.337456 -0.033521 3.327914 0.337196 0.941341 -0.013285 -0.000000 0.036038 0.001194 0.999350 -0.000000 0.000000 0.000000 0.000000 1.000000
0.939151 -0.341873 -0.033428 3.327914 0.341618 0.939746 -0.013251 -0.000000 0.035944 0.001025 0.999353 -0.000000 0.000000 0.000000 0.000000 1.000000
0.937476 -0.346449 -0.033331 3.327914 0.346198 0.938068 -0.013216 -0.000000 0.035845 0.000850 0.999357 0.000000 0.000000 0.000000 0.000000 1.000000
0.935849 -0.350832 -0.033238 3.327914 0.350585 0.936438 -0.013181 -0.000000 0.035750 0.000683 0.999361 -0.000000 0.000000 0.000000 0.000000 1.000000
0.934408 -0.354659 -0.033157 3.327914 0.354416 0.934995 -0.013150 -0.000000 0.035665 0.000537 0.999364 -0.000000 0.000000 0.000000 0.000000 1.000000
0.933304 -0.357560 -0.033095 3.327914 0.357319 0.933890 -0.013127 -0.000000 0.035601 0.000426 0.999366 0.000000 0.000000 0.000000 0.000000 1.000000
0.932694 -0.359150 -0.033062 3.327914 0.358911 0.933280 -0.013114 -0.000000 0.035566 0.000365 0.999367 -0.000000 0.000000 0.000000 0.000000 1.000000
0.932735 -0.359044 -0.033064 3.327914 0.358804 0.933321 -0.013115 -0.000000 0.035568 0.000369 0.999367 -0.000000 0.000000 0.000000 0.000000 1.000000
0.933575 -0.356850 -0.033110 3.327914 0.356609 0.934162 -0.013133 -0.000000 0.035617 0.000453 0.999365 0.000000 0.000000 0.000000 0.000000 1.000000
0.935792 -0.350983 -0.033235 3.327914 0.350736 0.936382 -0.013180 -0.000000 0.035746 0.000677 0.999361 -0.000000 0.000000 0.000000 0.000000 1.000000
0.938978 -0.342350 -0.033418 3.327914 0.342095 0.939572 -0.013247 0.000000 0.035933 0.001007 0.999354 -0.000000 0.000000 0.000000 0.000000 1.000000
0.941863 -0.334313 -0.033588 3.327914 0.334050 0.942461 -0.013309 -0.000000 0.036104 0.001315 0.999347 -0.000000 0.000000 0.000000 0.000000 1.000000
0.943307 -0.330209 -0.033675 3.327914 0.329943 0.943907 -0.013339 -0.000000 0.036191 0.001472 0.999344 0.000000 0.000000 0.000000 0.000000 1.000000</float_array><technique_common><accessor source="#r_arm04_jnt-Matrix-animation-output-transform-array" count="19" stride="16"><param type="float4x4"/></accessor></technique_common></source><source id="r_arm04_jnt-Interpolations"><Name_array id="r_arm04_jnt-Interpolations-array" count="19">
 LINEAR LINEAR LINEAR LINEAR LINEAR LINEAR LINEAR LINEAR LINEAR LINEAR LINEAR
LINEAR LINEAR LINEAR LINEAR LINEAR LINEAR LINEAR LINEAR</Name_array><technique_common><accessor source="#r_arm04_jnt-Interpolations-array" count="19"><param type="name"/></accessor></technique_common></source><sampler id="r_arm04_jnt-Matrix-animation-transform"><input semantic="INPUT" source="#r_arm04_jnt-Matrix-animation-input"/><input semantic="OUTPUT" source="#r_arm04_jnt-Matrix-animation-output-transform"/><input semantic="INTERPOLATION" source="#r_arm04_jnt-Interpolations"/></sampler><channel source="#r_arm04_jnt-Matrix-animation-transform" target="r_arm04_jnt/matrix"/></animation></animation>
    <animation id="r_arm05_jnt-anim" name="r_arm05_jnt"><animation><source id="r_arm05_jnt-Matrix-animation-input"><float_array id="r_arm05_jnt-Matrix-animation-input-array" count="19">

0.000000 0.033333 0.066667 0.100000 0.133333 0.166667 0.200000 0.233333 0.266667 0.300000 0.333333 0.366667 0.400000 0.433333 0.466667 0.500000
0.533333 0.566667 0.600000</float_array><technique_common><accessor source="#r_arm05_jnt-Matrix-animation-input-array" count="19"><param name="TIME" type="float"/></accessor></technique_common></source><source id="r_arm05_jnt-Matrix-animation-output-transform"><float_array id="r_arm05_jnt-Matrix-animation-output-transform-array" count="304">

-0.112999 0.993593 0.002268 1.353106 -0.993593 -0.112993 -0.002540 -0.000000 -0.002268 -0.002540 0.999994 0.000000 0.000000 0.000000 0.000000 1.000000
-0.112999 0.993593 0.002268 1.353106 -0.993593 -0.112993 -0.002540 -0.000000 -0.002268 -0.002540 0.999994 -0.000000 0.000000 0.000000 0.000000 1.000000
-0.112999 0.993593 0.002268 1.353106 -0.993593 -0.112993 -0.002540 -0.000000 -0.002268 -0.002540 0.999994 0.000000 0.000000 0.000000 0.000000 1.000000
-0.112999 0.993593 0.002268 1.353106 -0.993593 -0.112993 -0.002540 -0.000000 -0.002268 -0.002540 0.999994 -0.000000 0.000000 0.000000 0.000000 1.000000
-0.112999 0.993593 0.002268 1.353106 -0.993593 -0.112993 -0.002540 -0.000000 -0.002268 -0.002540 0.999994 0.000000 0.000000 0.000000 0.000000 1.000000
-0.112999 0.993593 0.002268 1.353106 -0.993593 -0.112993 -0.002540 -0.000000 -0.002268 -0.002540 0.999994 -0.000000 0.000000 0.000000 0.000000 1.000000
-0.112999 0.993593 0.002268 1.353106 -0.993593 -0.112993 -0.002540 -0.000000 -0.002268 -0.002540 0.999994 0.000000 0.000000 0.000000 0.000000 1.000000
-0.112999 0.993593 0.002268 1.353106 -0.993593 -0.112993 -0.002540 -0.000000 -0.002268 -0.002540 0.999994 0.000000 0.000000 0.000000 0.000000 1.000000
-0.112999 0.993593 0.002268 1.353106 -0.993593 -0.112993 -0.002540 -0.000000 -0.002268 -0.002540 0.999994 0.000000 0.000000 0.000000 0.000000 1.000000
-0.112999 0.993593 0.002268 1.353106 -0.993593 -0.112993 -0.002540 -0.000000 -0.002268 -0.002540 0.999994 -0.000000 0.000000 0.000000 0.000000 1.000000
-0.112999 0.993593 0.002268 1.353106 -0.993593 -0.112993 -0.002540 -0.000000 -0.002268 -0.002540 0.999994 0.000000 0.000000 0.000000 0.000000 1.000000
-0.112999 0.993593 0.002268 1.353106 -0.993593 -0.112993 -0.002540 -0.000000 -0.002268 -0.002540 0.999994 -0.000000 0.000000 0.000000 0.000000 1.000000
-0.112999 0.993593 0.002268 1.353106 -0.993593 -0.112993 -0.002540 -0.000000 -0.002268 -0.002540 0.999994 -0.000000 0.000000 0.000000 0.000000 1.000000
-0.112999 0.993593 0.002268 1.353106 -0.993593 -0.112993 -0.002540 -0.000000 -0.002268 -0.002540 0.999994 0.000000 0.000000 0.000000 0.000000 1.000000
-0.112999 0.993593 0.002268 1.353106 -0.993593 -0.112993 -0.002540 -0.000000 -0.002268 -0.002540 0.999994 -0.000000 0.000000 0.000000 0.000000 1.000000
-0.112999 0.993593 0.002268 1.353106 -0.993593 -0.112993 -0.002540 -0.000000 -0.002268 -0.002540 0.999994 0.000000 0.000000 0.000000 0.000000 1.000000
-0.112999 0.993593 0.002268 1.353106 -0.993593 -0.112993 -0.002540 -0.000000 -0.002268 -0.002540 0.999994 -0.000000 0.000000 0.000000 0.000000 1.000000
-0.112999 0.993593 0.002268 1.353106 -0.993593 -0.112993 -0.002540 -0.000000 -0.002268 -0.002540 0.999994 0.000000 0.000000 0.000000 0.000000 1.000000
-0.112999 0.993593 0.002268 1.353106 -0.993593 -0.112993 -0.002540 -0.000000 -0.002268 -0.002540 0.999994 0.000000 0.000000 0.000000 0.000000 1.000000</float_array><technique_common><accessor source="#r_arm05_jnt-Matrix-animation-output-transform-array" count="19" stride="16"><param type="float4x4"/></accessor></technique_common></source><source id="r_arm05_jnt-Interpolations"><Name_array id="r_arm05_jnt-Interpolations-array" count="19">
 LINEAR LINEAR LINEAR LINEAR LINEAR LINEAR LINEAR LINEAR LINEAR LINEAR LINEAR
