<?xml version="1.0" encoding="utf-8"?>
<COLLADA xmlns="http://www.collada.org/2005/11/COLLADASchema" version="1.4.1">
  <asset><contributor><author></author><authoring_tool>FBX COLLADA exporter</authoring_tool><comments></comments></contributor><created>2020-03-30T19:58:06Z</created><keywords></keywords><modified>2020-03-30T19:58:06Z</modified><revision></revision><subject></subject><title></title><unit meter="0.010000" name="centimeter"></unit><up_axis>Y_UP</up_axis></asset>
  <library_animations>
    <animation id="root_jnt-anim" name="root_jnt"><animation><source id="root_jnt-Matrix-animation-input"><float_array id="root_jnt-Matrix-animation-input-array" count="61">

0.000000 0.033333 0.066667 0.100000 0.133333 0.166667 0.200000 0.233333 0.266667 0.300000 0.333333 0.366667 0.400000 0.433333 0.466667 0.500000
0.533333 0.566667 0.600000 0.633333 0.666667 0.700000 0.733333 0.766667 0.800000 0.833333 0.866667 0.900000 0.933333 0.966667 1.000000 1.033333
1.066667 1.100000 1.133333 1.166667 1.200000 1.233333 1.266667 1.300000 1.333333 1.366667 1.400000 1.433333 1.466667 1.500000 1.533333 1.566667
1.600000 1.633333 1.666667 1.700000 1.733333 1.766667 1.800000 1.833333 1.866667 1.900000 1.933333 1.966667 2.000000</float_array><technique_common><accessor source="#root_jnt-Matrix-animation-input-array" count="61"><param name="TIME" type="float"/></accessor></technique_common></source><source id="root_jnt-Matrix-animation-output-transform"><float_array id="root_jnt-Matrix-animation-output-transform-array" count="976">

1.000000 0.000000 0.000000 0.000000 0.000000 1.000000 0.000000 0.000000 0.000000 0.000000 1.000000 0.000000 0.000000 0.000000 0.000000 1.000000
1.000000 0.000000 0.000000 0.000000 0.000000 1.000000 0.000000 0.000000 0.000000 0.000000 1.000000 0.000000 0.000000 0.000000 0.000000 1.000000
1.000000 0.000000 0.000000 0.000000 0.000000 1.000000 0.000000 0.000000 0.000000 0.000000 1.000000 0.000000 0.000000 0.000000 0.000000 1.000000
1.000000 0.000000 0.000000 0.000000 0.000000 1.000000 0.000000 0.000000 0.000000 0.000000 1.000000 0.000000 0.000000 0.000000 0.000000 1.000000
1.000000 0.000000 0.000000 0.000000 0.000000 1.000000 0.000000 0.000000 0.000000 0.000000 1.000000 0.000000 0.000000 0.000000 0.000000 1.000000
1.000000 0.000000 0.000000 0.000000 0.000000 1.000000 0.000000 0.000000 0.000000 0.000000 1.000000 0.000000 0.000000 0.000000 0.000000 1.000000
1.000000 0.000000 0.000000 0.000000 0.000000 1.000000 0.000000 0.000000 0.000000 0.000000 1.000000 0.000000 0.000000 0.000000 0.000000 1.000000
1.000000 0.000000 0.000000 0.000000 0.000000 1.000000 0.000000 0.000000 0.000000 0.000000 1.000000 0.000000 0.000000 0.000000 0.000000 1.000000
1.000000 0.000000 0.000000 0.000000 0.000000 1.000000 0.000000 0.000000 0.000000 0.000000 1.000000 0.000000 0.000000 0.000000 0.000000 1.000000
1.000000 0.000000 0.000000 0.000000 0.000000 1.000000 0.000000 0.000000 0.000000 0.000000 1.000000 0.000000 0.000000 0.000000 0.000000 1.000000
1.000000 0.000000 0.000000 0.000000 0.000000 1.000000 0.000000 0.000000 0.000000 0.000000 1.000000 0.000000 0.000000 0.000000 0.000000 1.000000
1.000000 0.000000 0.000000 0.000000 0.000000 1.000000 0.000000 0.000000 0.000000 0.000000 1.000000 0.000000 0.000000 0.000000 0.000000 1.000000
1.000000 0.000000 0.000000 0.000000 0.000000 1.000000 0.000000 0.000000 0.000000 0.000000 1.000000 0.000000 0.000000 0.000000 0.000000 1.000000
1.000000 0.000000 0.000000 0.000000 0.000000 1.000000 0.000000 0.000000 0.000000 0.000000 1.000000 0.000000 0.000000 0.000000 0.000000 1.000000
1.000000 0.000000 0.000000 0.000000 0.000000 1.000000 0.000000 0.000000 0.000000 0.000000 1.000000 0.000000 0.000000 0.000000 0.000000 1.000000
1.000000 0.000000 0.000000 0.000000 0.000000 1.000000 0.000000 0.000000 0.000000 0.000000 1.000000 0.000000 0.000000 0.000000 0.000000 1.000000
1.000000 0.000000 0.000000 0.000000 0.000000 1.000000 0.000000 0.000000 0.000000 0.000000 1.000000 0.000000 0.000000 0.000000 0.000000 1.000000
1.000000 0.000000 0.000000 0.000000 0.000000 1.000000 0.000000 0.000000 0.000000 0.000000 1.000000 0.000000 0.000000 0.000000 0.000000 1.000000
1.000000 0.000000 0.000000 0.000000 0.000000 1.000000 0.000000 0.000000 0.000000 0.000000 1.000000 0.000000 0.000000 0.000000 0.000000 1.000000
1.000000 0.000000 0.000000 0.000000 0.000000 1.000000 0.000000 0.000000 0.000000 0.000000 1.000000 0.000000 0.000000 0.000000 0.000000 1.000000
1.000000 0.000000 0.000000 0.000000 0.000000 1.000000 0.000000 0.000000 0.000000 0.000000 1.000000 0.000000 0.000000 0.000000 0.000000 1.000000
1.000000 0.000000 0.000000 0.000000 0.000000 1.000000 0.000000 0.000000 0.000000 0.000000 1.000000 0.000000 0.000000 0.000000 0.000000 1.000000
1.000000 0.000000 0.000000 0.000000 0.000000 1.000000 0.000000 0.000000 0.000000 0.000000 1.000000 0.000000 0.000000 0.000000 0.000000 1.000000
1.000000 0.000000 0.000000 0.000000 0.000000 1.000000 0.000000 0.000000 0.000000 0.000000 1.000000 0.000000 0.000000 0.000000 0.000000 1.000000
1.000000 0.000000 0.000000 0.000000 0.000000 1.000000 0.000000 0.000000 0.000000 0.000000 1.000000 0.000000 0.000000 0.000000 0.000000 1.000000
1.000000 0.000000 0.000000 0.000000 0.000000 1.000000 0.000000 0.000000 0.000000 0.000000 1.000000 0.000000 0.000000 0.000000 0.000000 1.000000
1.000000 0.000000 0.000000 0.000000 0.000000 1.000000 0.000000 0.000000 0.000000 0.000000 1.000000 0.000000 0.000000 0.000000 0.000000 1.000000
1.000000 0.000000 0.000000 0.000000 0.000000 1.000000 0.000000 0.000000 0.000000 0.000000 1.000000 0.000000 0.000000 0.000000 0.000000 1.000000
1.000000 0.000000 0.000000 0.000000 0.000000 1.000000 0.000000 0.000000 0.000000 0.000000 1.000000 0.000000 0.000000 0.000000 0.000000 1.000000
1.000000 0.000000 0.000000 0.000000 0.000000 1.000000 0.000000 0.000000 0.000000 0.000000 1.000000 0.000000 0.000000 0.000000 0.000000 1.000000
1.000000 0.000000 0.000000 0.000000 0.000000 1.000000 0.000000 0.000000 0.000000 0.000000 1.000000 0.000000 0.000000 0.000000 0.000000 1.000000
1.000000 0.000000 0.000000 0.000000 0.000000 1.000000 0.000000 0.000000 0.000000 0.000000 1.000000 0.000000 0.000000 0.000000 0.000000 1.000000
1.000000 0.000000 0.000000 0.000000 0.000000 1.000000 0.000000 0.000000 0.000000 0.000000 1.000000 0.000000 0.000000 0.000000 0.000000 1.000000
1.000000 0.000000 0.000000 0.000000 0.000000 1.000000 0.000000 0.000000 0.000000 0.000000 1.000000 0.000000 0.000000 0.000000 0.000000 1.000000
1.000000 0.000000 0.000000 0.000000 0.000000 1.000000 0.000000 0.000000 0.000000 0.000000 1.000000 0.000000 0.000000 0.000000 0.000000 1.000000
1.000000 0.000000 0.000000 0.000000 0.000000 1.000000 0.000000 0.000000 0.000000 0.000000 1.000000 0.000000 0.000000 0.000000 0.000000 1.000000
1.000000 0.000000 0.000000 0.000000 0.000000 1.000000 0.000000 0.000000 0.000000 0.000000 1.000000 0.000000 0.000000 0.000000 0.000000 1.000000
1.000000 0.000000 0.000000 0.000000 0.000000 1.000000 0.000000 0.000000 0.000000 0.000000 1.000000 0.000000 0.000000 0.000000 0.000000 1.000000
1.000000 0.000000 0.000000 0.000000 0.000000 1.000000 0.000000 0.000000 0.000000 0.000000 1.000000 0.000000 0.000000 0.000000 0.000000 1.000000
1.000000 0.000000 0.000000 0.000000 0.000000 1.000000 0.000000 0.000000 0.000000 0.000000 1.000000 0.000000 0.000000 0.000000 0.000000 1.000000
1.000000 0.000000 0.000000 0.000000 0.000000 1.000000 0.000000 0.000000 0.000000 0.000000 1.000000 0.000000 0.000000 0.000000 0.000000 1.000000
1.000000 0.000000 0.000000 0.000000 0.000000 1.000000 0.000000 0.000000 0.000000 0.000000 1.000000 0.000000 0.000000 0.000000 0.000000 1.000000
1.000000 0.000000 0.000000 0.000000 0.000000 1.000000 0.000000 0.000000 0.000000 0.000000 1.000000 0.000000 0.000000 0.000000 0.000000 1.000000
1.000000 0.000000 0.000000 0.000000 0.000000 1.000000 0.000000 0.000000 0.000000 0.000000 1.000000 0.000000 0.000000 0.000000 0.000000 1.000000
1.000000 0.000000 0.000000 0.000000 0.000000 1.000000 0.000000 0.000000 0.000000 0.000000 1.000000 0.000000 0.000000 0.000000 0.000000 1.000000
1.000000 0.000000 0.000000 0.000000 0.000000 1.000000 0.000000 0.000000 0.000000 0.000000 1.000000 0.000000 0.000000 0.000000 0.000000 1.000000
1.000000 0.000000 0.000000 0.000000 0.000000 1.000000 0.000000 0.000000 0.000000 0.000000 1.000000 0.000000 0.000000 0.000000 0.000000 1.000000
1.000000 0.000000 0.000000 0.000000 0.000000 1.000000 0.000000 0.000000 0.000000 0.000000 1.000000 0.000000 0.000000 0.000000 0.000000 1.000000
1.000000 0.000000 0.000000 0.000000 0.000000 1.000000 0.000000 0.000000 0.000000 0.000000 1.000000 0.000000 0.000000 0.000000 0.000000 1.000000
1.000000 0.000000 0.000000 0.000000 0.000000 1.000000 0.000000 0.000000 0.000000 0.000000 1.000000 0.000000 0.000000 0.000000 0.000000 1.000000
1.000000 0.000000 0.000000 0.000000 0.000000 1.000000 0.000000 0.000000 0.000000 0.000000 1.000000 0.000000 0.000000 0.000000 0.000000 1.000000
1.000000 0.000000 0.000000 0.000000 0.000000 1.000000 0.000000 0.000000 0.000000 0.000000 1.000000 0.000000 0.000000 0.000000 0.000000 1.000000
1.000000 0.000000 0.000000 0.000000 0.000000 1.000000 0.000000 0.000000 0.000000 0.000000 1.000000 0.000000 0.000000 0.000000 0.000000 1.000000
1.000000 0.000000 0.000000 0.000000 0.000000 1.000000 0.000000 0.000000 0.000000 0.000000 1.000000 0.000000 0.000000 0.000000 0.000000 1.000000
1.000000 0.000000 0.000000 0.000000 0.000000 1.000000 0.000000 0.000000 0.000000 0.000000 1.000000 0.000000 0.000000 0.000000 0.000000 1.000000
1.000000 0.000000 0.000000 0.000000 0.000000 1.000000 0.000000 0.000000 0.000000 0.000000 1.000000 0.000000 0.000000 0.000000 0.000000 1.000000
1.000000 0.000000 0.000000 0.000000 0.000000 1.000000 0.000000 0.000000 0.000000 0.000000 1.000000 0.000000 0.000000 0.000000 0.000000 1.000000
1.000000 0.000000 0.000000 0.000000 0.000000 1.000000 0.000000 0.000000 0.000000 0.000000 1.000000 0.000000 0.000000 0.000000 0.000000 1.000000
1.000000 0.000000 0.000000 0.000000 0.000000 1.000000 0.000000 0.000000 0.000000 0.000000 1.000000 0.000000 0.000000 0.000000 0.000000 1.000000
1.000000 0.000000 0.000000 0.000000 0.000000 1.000000 0.000000 0.000000 0.000000 0.000000 1.000000 0.000000 0.000000 0.000000 0.000000 1.000000
1.000000 0.000000 0.000000 0.000000 0.000000 1.000000 0.000000 0.000000 0.000000 0.000000 1.000000 0.000000 0.000000 0.000000 0.000000 1.000000</float_array><technique_common><accessor source="#root_jnt-Matrix-animation-output-transform-array" count="61" stride="16"><param type="float4x4"/></accessor></technique_common></source><source id="root_jnt-Interpolations"><Name_array id="root_jnt-Interpolations-array" count="61">
 LINEAR LINEAR LINEAR LINEAR LINEAR LINEAR LINEAR LINEAR LINEAR LINEAR LINEAR
LINEAR LINEAR LINEAR LINEAR LINEAR LINEAR LINEAR LINEAR LINEAR LINEAR LINEAR LINEAR
LINEAR LINEAR LINEAR LINEAR LINEAR LINEAR LINEAR LINEAR LINEAR LINEAR LINEAR LINEAR
LINEAR LINEAR LINEAR LINEAR LINEAR LINEAR LINEAR LINEAR LINEAR LINEAR LINEAR LINEAR
LINEAR LINEAR LINEAR LINEAR LINEAR LINEAR LINEAR LINEAR LINEAR LINEAR LINEAR LINEAR
LINEAR LINEAR</Name_array><technique_common><accessor source="#root_jnt-Interpolations-array" count="61"><param type="name"/></accessor></technique_common></source><sampler id="root_jnt-Matrix-animation-transform"><input semantic="INPUT" source="#root_jnt-Matrix-animation-input"/><input semantic="OUTPUT" source="#root_jnt-Matrix-animation-output-transform"/><input semantic="INTERPOLATION" source="#root_jnt-Interpolations"/></sampler><channel source="#root_jnt-Matrix-animation-transform" target="root_jnt/matrix"/></animation></animation>
    <animation id="jnt_spine2-anim" name="jnt_spine2"><animation><source id="jnt_spine2-Matrix-animation-input"><float_array id="jnt_spine2-Matrix-animation-input-array" count="61">

0.000000 0.033333 0.066667 0.100000 0.133333 0.166667 0.200000 0.233333 0.266667 0.300000 0.333333 0.366667 0.400000 0.433333 0.466667 0.500000
0.533333 0.566667 0.600000 0.633333 0.666667 0.700000 0.733333 0.766667 0.800000 0.833333 0.866667 0.900000 0.933333 0.966667 1.000000 1.033333
1.066667 1.100000 1.133333 1.166667 1.200000 1.233333 1.266667 1.300000 1.333333 1.366667 1.400000 1.433333 1.466667 1.500000 1.533333 1.566667
1.600000 1.633333 1.666667 1.700000 1.733333 1.766667 1.800000 1.833333 1.866667 1.900000 1.933333 1.966667 2.000000</float_array><technique_common><accessor source="#jnt_spine2-Matrix-animation-input-array" count="61"><param name="TIME" type="float"/></accessor></technique_common></source><source id="jnt_spine2-Matrix-animation-output-transform"><float_array id="jnt_spine2-Matrix-animation-output-transform-array" count="976">

0.629449 0.053826 -0.775175 -0.467351 -0.090945 0.995845 -0.004699 7.870280 0.771701 0.073456 0.631729 -3.582971 0.000000 0.000000 0.000000 1.000000
0.629430 0.053823 -0.775191 -0.467249 -0.091014 0.995838 -0.004758 7.872214 0.771709 0.073548 0.631709 -3.581728 0.000000 0.000000 0.000000 1.000000
0.629372 0.053812 -0.775238 -0.466948 -0.091217 0.995819 -0.004930 7.877882 0.771732 0.073818 0.631650 -3.578085 0.000000 0.000000 0.000000 1.000000
0.629279 0.053795 -0.775315 -0.466461 -0.091548 0.995787 -0.005212 7.887082 0.771769 0.074258 0.631553 -3.572172 0.000000 0.000000 0.000000 1.000000
0.629151 0.053772 -0.775421 -0.465797 -0.092000 0.995743 -0.005596 7.899612 0.771819 0.074859 0.631420 -3.564118 0.000000 0.000000 0.000000 1.000000
0.628991 0.053742 -0.775553 -0.464967 -0.092567 0.995688 -0.006078 7.915270 0.771882 0.075613 0.631253 -3.554054 0.000000 0.000000 0.000000 1.000000
0.628967 0.053708 -0.775574 -0.463982 -0.093245 0.995621 -0.006673 7.933855 0.771820 0.076515 0.631221 -3.542109 0.000000 0.000000 0.000000 1.000000
0.629490 0.053677 -0.775152 -0.462853 -0.094044 0.995540 -0.007434 7.955163 0.771296 0.077578 0.631731 -3.528413 0.000000 0.000000 0.000000 1.000000
0.631364 0.053668 -0.773627 -0.461590 -0.095002 0.995441 -0.008477 7.978995 0.769645 0.078848 0.633584 -3.513095 0.000000 0.000000 0.000000 1.000000
0.634242 0.053681 -0.771269 -0.460205 -0.096098 0.995324 -0.009750 8.005148 0.767139 0.080302 0.636435 -3.496285 0.000000 0.000000 0.000000 1.000000
0.635636 0.053664 -0.770122 -0.458706 -0.097200 0.995205 -0.010878 8.033421 0.765845 0.081771 0.637804 -3.478114 0.000000 0.000000 0.000000 1.000000
0.634616 0.053586 -0.770967 -0.457107 -0.098248 0.995093 -0.011708 8.063609 0.766557 0.083176 0.636767 -3.458710 0.000000 0.000000 0.000000 1.000000
0.633848 0.053508 -0.771604 -0.455416 -0.099372 0.994970 -0.012634 8.095514 0.767047 0.084684 0.635977 -3.438203 0.000000 0.000000 0.000000 1.000000
0.638580 0.053586 -0.767688 -0.453645 -0.100873 0.994794 -0.014469 8.128933 0.762916 0.086678 0.640661 -3.416724 0.000000 0.000000 0.000000 1.000000
0.648288 0.053846 -0.759489 -0.451805 -0.102713 0.994563 -0.017162 8.163663 0.754435 0.089136 0.650294 -3.394401 0.000000 0.000000 0.000000 1.000000
0.656684 0.054109 -0.752223 -0.449906 -0.104534 0.994326 -0.019734 8.199504 0.746886 0.091592 0.658613 -3.371365 0.000000 0.000000 0.000000 1.000000
0.655639 0.054056 -0.753137 -0.447959 -0.105903 0.994158 -0.020838 8.236252 0.747611 0.093422 0.657534 -3.347745 0.000000 0.000000 0.000000 1.000000
0.647664 0.053719 -0.760030 -0.445974 -0.106896 0.994052 -0.020832 8.273707 0.754390 0.094736 0.649554 -3.323671 0.000000 0.000000 0.000000 1.000000
0.642827 0.053478 -0.764143 -0.443962 -0.108068 0.993914 -0.021353 8.311666 0.758350 0.096306 0.644694 -3.299273 0.000000 0.000000 0.000000 1.000000
0.652145 0.053850 -0.756179 -0.441935 -0.110176 0.993616 -0.024260 8.349929 0.750045 0.099134 0.653915 -3.274681 0.000000 0.000000 0.000000 1.000000
0.669923 0.054700 -0.740413 -0.439902 -0.112814 0.993202 -0.028699 8.388291 0.733809 0.102755 0.671540 -3.250023 0.000000 0.000000 0.000000 1.000000
0.682020 0.055374 -0.729234 -0.437874 -0.115106 0.992829 -0.032263 8.426554 0.722218 0.105943 0.683503 -3.225430 0.000000 0.000000 0.000000 1.000000
0.675921 0.055094 -0.734912 -0.435863 -0.116394 0.992667 -0.032635 8.464514 0.727724 0.107598 0.677377 -3.201032 0.000000 0.000000 0.000000 1.000000
0.659446 0.054182 -0.749796 -0.433878 -0.116952 0.992650 -0.031128 8.501968 0.742599 0.108218 0.660936 -3.176958 0.000000 0.000000 0.000000 1.000000
0.649986 0.053621 -0.758053 -0.431931 -0.117849 0.992553 -0.030841 8.538717 0.750753 0.109382 0.651464 -3.153338 0.000000 0.000000 0.000000 1.000000
0.662556 0.054383 -0.747035 -0.430032 -0.120346 0.992132 -0.034511 8.574557 0.739281 0.112768 0.663888 -3.130302 0.000000 0.000000 0.000000 1.000000
0.686349 0.056006 -0.725112 -0.428192 -0.123545 0.991518 -0.040358 8.609287 0.716702 0.117284 0.687447 -3.107980 0.000000 0.000000 0.000000 1.000000
0.701408 0.057189 -0.710462 -0.426421 -0.126059 0.991016 -0.044680 8.642706 0.701525 0.120899 0.702315 -3.086500 0.000000 0.000000 0.000000 1.000000
0.692078 0.056591 -0.719600 -0.424730 -0.127057 0.990907 -0.044269 8.674611 0.710552 0.122068 0.692976 -3.065994 0.000000 0.000000 0.000000 1.000000
0.669569 0.054946 -0.740715 -0.423130 -0.126951 0.991051 -0.041241 8.704801 0.731821 0.121648 0.670552 -3.046590 0.000000 0.000000 0.000000 1.000000
0.656697 0.053985 -0.752220 -0.421632 -0.127317 0.991054 -0.040024 8.733072 0.743330 0.122054 0.657695 -3.028418 0.000000 0.000000 0.000000 1.000000
0.672767 0.055259 -0.737788 -0.420246 -0.130014 0.990519 -0.044368 8.759225 0.728341 0.125772 0.673573 -3.011609 0.000000 0.000000 0.000000 1.000000
0.702246 0.057827 -0.709582 -0.418984 -0.133542 0.989704 -0.051505 8.783057 0.699298 0.130928 0.702738 -2.996291 0.000000 0.000000 0.000000 1.000000
0.719223 0.059506 -0.692226 -0.417854 -0.135953 0.989118 -0.056228 8.804366 0.681348 0.134551 0.719487 -2.982594 0.000000 0.000000 0.000000 1.000000
0.705673 0.058353 -0.706131 -0.416870 -0.136336 0.989162 -0.054506 8.822950 0.695297 0.134735 0.705980 -2.970649 0.000000 0.000000 0.000000 1.000000
0.676841 0.055763 -0.734014 -0.416040 -0.135264 0.989570 -0.049550 8.838609 0.723595 0.132823 0.677324 -2.960585 0.000000 0.000000 0.000000 1.000000
0.660375 0.054310 -0.748969 -0.415376 -0.134824 0.989749 -0.047106 8.851138 0.738734 0.132087 0.660928 -2.952532 0.000000 0.000000 0.000000 1.000000
0.677047 0.055864 -0.733816 -0.414889 -0.137281 0.989200 -0.051356 8.860338 0.723022 0.135509 0.677404 -2.946619 0.000000 0.000000 0.000000 1.000000
0.705986 0.058768 -0.705783 -0.414588 -0.140518 0.988362 -0.058261 8.866006 0.694145 0.140307 0.706028 -2.942976 0.000000 0.000000 0.000000 1.000000
0.717787 0.060098 -0.693664 -0.414486 -0.142203 0.987922 -0.061556 8.867940 0.681586 0.142825 0.717664 -2.941733 0.000000 0.000000 0.000000 1.000000
0.697627 0.058082 -0.714103 -0.433392 -0.141436 0.988259 -0.057793 8.498557 0.702362 0.141318 0.697651 -2.989527 0.000000 0.000000 0.000000 1.000000
0.665797 0.054957 -0.744106 -0.463748 -0.139224 0.988919 -0.051534 7.934734 0.733028 0.137909 0.666071 -3.276112 0.000000 0.000000 0.000000 1.000000
0.648021 0.053297 -0.759755 -0.498306 -0.137909 0.989270 -0.048230 7.295627 0.749032 0.136031 0.648418 -3.720202 0.000000 0.000000 0.000000 1.000000
0.655023 0.053998 -0.753677 -0.526666 -0.138996 0.989033 -0.049941 6.772154 0.742715 0.137471 0.655345 -4.128447 0.000000 0.000000 0.000000 1.000000
0.666431 0.055153 -0.743524 -0.538430 -0.140369 0.988708 -0.052475 6.555236 0.732233 0.139339 0.666648 -4.307496 0.000000 0.000000 0.000000 1.000000
0.665211 0.055054 -0.744623 -0.537233 -0.139575 0.988867 -0.051577 6.577384 0.733494 0.138241 0.665490 -4.295294 0.000000 0.000000 0.000000 1.000000
0.649288 0.053578 -0.758653 -0.533901 -0.135857 0.989642 -0.046382 6.639035 0.748310 0.133184 0.649841 -4.261326 0.000000 0.000000 0.000000 1.000000
0.633381 0.052310 -0.772070 -0.528822 -0.130966 0.990566 -0.040326 6.733010 0.762677 0.126657 0.634257 -4.209551 0.000000 0.000000 0.000000 1.000000
0.626482 0.051972 -0.777701 -0.522383 -0.126161 0.991379 -0.035378 6.852124 0.769158 0.120279 0.627638 -4.143925 0.000000 0.000000 0.000000 1.000000
0.626696 0.052235 -0.777511 -0.514975 -0.121462 0.992104 -0.031251 6.989195 0.769739 0.114023 0.628093 -4.068406 0.000000 0.000000 0.000000 1.000000
0.626487 0.052486 -0.777663 -0.506983 -0.116332 0.992851 -0.026707 7.137040 0.770702 0.107199 0.628114 -3.986950 0.000000 0.000000 0.000000 1.000000
0.624940 0.052682 -0.778893 -0.498798 -0.110957 0.993586 -0.021822 7.288476 0.772748 0.100061 0.626776 -3.903516 0.000000 0.000000 0.000000 1.000000
0.625066 0.052960 -0.778773 -0.490807 -0.105827 0.994234 -0.017327 7.436322 0.773364 0.093245 0.627067 -3.822061 0.000000 0.000000 0.000000 1.000000
0.626489 0.053256 -0.777608 -0.483398 -0.101143 0.994782 -0.013357 7.573393 0.772840 0.087018 0.628607 -3.746541 0.000000 0.000000 0.000000 1.000000
0.627697 0.053496 -0.776617 -0.476960 -0.097060 0.995229 -0.009893 7.692507 0.772383 0.081588 0.629895 -3.680915 0.000000 0.000000 0.000000 1.000000
0.628631 0.053675 -0.775850 -0.471881 -0.093830 0.995563 -0.007151 7.786481 0.772023 0.077294 0.630877 -3.629140 0.000000 0.000000 0.000000 1.000000
0.629234 0.053787 -0.775352 -0.468548 -0.091708 0.995772 -0.005348 7.848134 0.771786 0.074471 0.631506 -3.595173 0.000000 0.000000 0.000000 1.000000
0.629449 0.053826 -0.775175 -0.467351 -0.090945 0.995845 -0.004699 7.870280 0.771701 0.073456 0.631729 -3.582971 0.000000 0.000000 0.000000 1.000000
0.629449 0.053826 -0.775175 -0.467351 -0.090945 0.995845 -0.004699 7.870280 0.771701 0.073456 0.631729 -3.582971 0.000000 0.000000 0.000000 1.000000
0.629449 0.053826 -0.775175 -0.467351 -0.090945 0.995845 -0.004699 7.870280 0.771701 0.073456 0.631729 -3.582971 0.000000 0.000000 0.000000 1.000000
0.629449 0.053826 -0.775175 -0.467351 -0.090945 0.995845 -0.004699 7.870280 0.771701 0.073456 0.631729 -3.582971 0.000000 0.000000 0.000000 1.000000</float_array><technique_common><accessor source="#jnt_spine2-Matrix-animation-output-transform-array" count="61" stride="16"><param type="float4x4"/></accessor></technique_common></source><source id="jnt_spine2-Interpolations"><Name_array id="jnt_spine2-Interpolations-array" count="61">
 LINEAR LINEAR LINEAR LINEAR LINEAR LINEAR LINEAR LINEAR LINEAR LINEAR LINEAR
LINEAR LINEAR LINEAR LINEAR LINEAR LINEAR LINEAR LINEAR LINEAR LINEAR LINEAR LINEAR
LINEAR LINEAR LINEAR LINEAR LINEAR LINEAR LINEAR LINEAR LINEAR LINEAR LINEAR LINEAR
LINEAR LINEAR LINEAR LINEAR LINEAR LINEAR LINEAR LINEAR LINEAR LINEAR LINEAR LINEAR
LINEAR LINEAR LINEAR LINEAR LINEAR LINEAR LINEAR LINEAR LINEAR LINEAR LINEAR LINEAR
LINEAR LINEAR</Name_array><technique_common><accessor source="#jnt_spine2-Interpolations-array" count="61"><param type="name"/></accessor></technique_common></source><sampler id="jnt_spine2-Matrix-animation-transform"><input semantic="INPUT" source="#jnt_spine2-Matrix-animation-input"/><input semantic="OUTPUT" source="#jnt_spine2-Matrix-animation-output-transform"/><input semantic="INTERPOLATION" source="#jnt_spine2-Interpolations"/></sampler><channel source="#jnt_spine2-Matrix-animation-transform" target="jnt_spine2/matrix"/></animation></animation>
    <animation id="neck_jnt-anim" name="neck_jnt"><animation><source id="neck_jnt-Matrix-animation-input"><float_array id="neck_jnt-Matrix-animation-input-array" count="61">

0.000000 0.033333 0.066667 0.100000 0.133333 0.166667 0.200000 0.233333 0.266667 0.300000 0.333333 0.366667 0.400000 0.433333 0.466667 0.500000
0.533333 0.566667 0.600000 0.633333 0.666667 0.700000 0.733333 0.766667 0.800000 0.833333 0.866667 0.900000 0.933333 0.966667 1.000000 1.033333
1.066667 1.100000 1.133333 1.166667 1.200000 1.233333 1.266667 1.300000 1.333333 1.366667 1.400000 1.433333 1.466667 1.500000 1.533333 1.566667
1.600000 1.633333 1.666667 1.700000 1.733333 1.766667 1.800000 1.833333 1.866667 1.900000 1.933333 1.966667 2.000000</float_array><technique_common><accessor source="#neck_jnt-Matrix-animation-input-array" count="61"><param name="TIME" type="float"/></accessor></technique_common></source><source id="neck_jnt-Matrix-animation-output-transform"><float_array id="neck_jnt-Matrix-animation-output-transform-array" count="976">

1.000000 -0.000000 0.000000 1.220000 0.000000 1.000000 0.000000 2.357033 -0.000000 -0.000000 1.000000 2.698746 0.000000 0.000000 0.000000 1.000000
1.000000 -0.000000 0.000000 1.220000 0.000000 1.000000 0.000000 2.357033 -0.000000 -0.000000 1.000000 2.698746 0.000000 0.000000 0.000000 1.000000
1.000000 -0.000000 0.000000 1.220000 0.000000 1.000000 0.000000 2.357033 -0.000000 -0.000000 1.000000 2.698746 0.000000 0.000000 0.000000 1.000000
1.000000 -0.000000 0.000000 1.220000 0.000000 1.000000 0.000000 2.357033 -0.000000 -0.000000 1.000000 2.698746 0.000000 0.000000 0.000000 1.000000
1.000000 -0.000000 0.000000 1.220000 0.000000 1.000000 0.000000 2.357033 -0.000000 -0.000000 1.000000 2.698746 0.000000 0.000000 0.000000 1.000000
1.000000 -0.000000 0.000000 1.220000 0.000000 1.000000 0.000000 2.357033 -0.000000 -0.000000 1.000000 2.698746 0.000000 0.000000 0.000000 1.000000
1.000000 -0.000000 0.000000 1.220000 0.000000 1.000000 0.000000 2.357033 -0.000000 -0.000000 1.000000 2.698746 0.000000 0.000000 0.000000 1.000000
1.000000 -0.000000 0.000000 1.220000 0.000000 1.000000 0.000000 2.357033 -0.000000 -0.000000 1.000000 2.698746 0.000000 0.000000 0.000000 1.000000
1.000000 -0.000000 0.000000 1.220000 0.000000 1.000000 0.000000 2.357033 -0.000000 -0.000000 1.000000 2.698746 0.000000 0.000000 0.000000 1.000000
1.000000 -0.000000 0.000000 1.220000 0.000000 1.000000 0.000000 2.357033 -0.000000 -0.000000 1.000000 2.698746 0.000000 0.000000 0.000000 1.000000
1.000000 -0.000000 0.000000 1.220000 0.000000 1.000000 0.000000 2.357033 -0.000000 -0.000000 1.000000 2.698746 0.000000 0.000000 0.000000 1.000000
1.000000 -0.000000 0.000000 1.220000 0.000000 1.000000 0.000000 2.357033 -0.000000 -0.000000 1.000000 2.698746 0.000000 0.000000 0.000000 1.000000
1.000000 -0.000000 0.000000 1.220000 0.000000 1.000000 0.000000 2.357033 -0.000000 -0.000000 1.000000 2.698746 0.000000 0.000000 0.000000 1.000000
1.000000 -0.000000 0.000000 1.220000 0.000000 1.000000 0.000000 2.357033 -0.000000 -0.000000 1.000000 2.698746 0.000000 0.000000 0.000000 1.000000
1.000000 -0.000000 0.000000 1.220000 0.000000 1.000000 0.000000 2.357033 -0.000000 -0.000000 1.000000 2.698746 0.000000 0.000000 0.000000 1.000000
1.000000 -0.000000 0.000000 1.220000 0.000000 1.000000 0.000000 2.357033 -0.000000 -0.000000 1.000000 2.698746 0.000000 0.000000 0.000000 1.000000
1.000000 -0.000000 0.000000 1.220000 0.000000 1.000000 0.000000 2.357033 -0.000000 -0.000000 1.000000 2.698746 0.000000 0.000000 0.000000 1.000000
1.000000 -0.000000 0.000000 1.220000 0.000000 1.000000 0.000000 2.357033 -0.000000 -0.000000 1.000000 2.698746 0.000000 0.000000 0.000000 1.000000
1.000000 -0.000000 0.000000 1.220000 0.000000 1.000000 0.000000 2.357033 -0.000000 -0.000000 1.000000 2.698746 0.000000 0.000000 0.000000 1.000000
1.000000 -0.000000 0.000000 1.220000 0.000000 1.000000 0.000000 2.357033 -0.000000 -0.000000 1.000000 2.698746 0.000000 0.000000 0.000000 1.000000
1.000000 -0.000000 0.000000 1.220000 0.000000 1.000000 0.000000 2.357033 -0.000000 -0.000000 1.000000 2.698746 0.000000 0.000000 0.000000 1.000000
1.000000 -0.000000 0.000000 1.220000 0.000000 1.000000 0.000000 2.357033 -0.000000 -0.000000 1.000000 2.698746 0.000000 0.000000 0.000000 1.000000
1.000000 -0.000000 0.000000 1.220000 0.000000 1.000000 0.000000 2.357033 -0.000000 -0.000000 1.000000 2.698746 0.000000 0.000000 0.000000 1.000000
1.000000 -0.000000 0.000000 1.220000 0.000000 1.000000 0.000000 2.357033 -0.000000 -0.000000 1.000000 2.698746 0.000000 0.000000 0.000000 1.000000
1.000000 -0.000000 0.000000 1.220000 0.000000 1.000000 0.000000 2.357033 -0.000000 -0.000000 1.000000 2.698746 0.000000 0.000000 0.000000 1.000000
1.000000 -0.000000 0.000000 1.220000 0.000000 1.000000 0.000000 2.357033 -0.000000 -0.000000 1.000000 2.698746 0.000000 0.000000 0.000000 1.000000
1.000000 -0.000000 0.000000 1.220000 0.000000 1.000000 0.000000 2.357033 -0.000000 -0.000000 1.000000 2.698746 0.000000 0.000000 0.000000 1.000000
1.000000 -0.000000 0.000000 1.220000 0.000000 1.000000 0.000000 2.357033 -0.000000 -0.000000 1.000000 2.698746 0.000000 0.000000 0.000000 1.000000
1.000000 -0.000000 0.000000 1.220000 0.000000 1.000000 0.000000 2.357033 -0.000000 -0.000000 1.000000 2.698746 0.000000 0.000000 0.000000 1.000000
1.000000 -0.000000 0.000000 1.220000 0.000000 1.000000 0.000000 2.357033 -0.000000 -0.000000 1.000000 2.698746 0.000000 0.000000 0.000000 1.000000
1.000000 -0.000000 0.000000 1.220000 0.000000 1.000000 0.000000 2.357033 -0.000000 -0.000000 1.000000 2.698746 0.000000 0.000000 0.000000 1.000000
1.000000 -0.000000 0.000000 1.220000 0.000000 1.000000 0.000000 2.357033 -0.000000 -0.000000 1.000000 2.698746 0.000000 0.000000 0.000000 1.000000
1.000000 -0.000000 0.000000 1.220000 0.000000 1.000000 0.000000 2.357033 -0.000000 -0.000000 1.000000 2.698746 0.000000 0.000000 0.000000 1.000000
1.000000 -0.000000 0.000000 1.220000 0.000000 1.000000 0.000000 2.357033 -0.000000 -0.000000 1.000000 2.698746 0.000000 0.000000 0.000000 1.000000
1.000000 -0.000000 0.000000 1.220000 0.000000 1.000000 0.000000 2.357033 -0.000000 -0.000000 1.000000 2.698746 0.000000 0.000000 0.000000 1.000000
1.000000 -0.000000 0.000000 1.220000 0.000000 1.000000 0.000000 2.357033 -0.000000 -0.000000 1.000000 2.698746 0.000000 0.000000 0.000000 1.000000
1.000000 -0.000000 0.000000 1.220000 0.000000 1.000000 0.000000 2.357033 -0.000000 -0.000000 1.000000 2.698746 0.000000 0.000000 0.000000 1.000000
1.000000 -0.000000 0.000000 1.220000 0.000000 1.000000 0.000000 2.357033 -0.000000 -0.000000 1.000000 2.698746 0.000000 0.000000 0.000000 1.000000
1.000000 -0.000000 0.000000 1.220000 0.000000 1.000000 0.000000 2.357033 -0.000000 -0.000000 1.000000 2.698746 0.000000 0.000000 0.000000 1.000000
1.000000 -0.000000 0.000000 1.220000 0.000000 1.000000 0.000000 2.357033 -0.000000 -0.000000 1.000000 2.698746 0.000000 0.000000 0.000000 1.000000
1.000000 -0.000000 0.000000 1.220000 0.000000 1.000000 0.000000 2.357033 -0.000000 -0.000000 1.000000 2.698746 0.000000 0.000000 0.000000 1.000000
1.000000 -0.000000 0.000000 1.220000 0.000000 1.000000 0.000000 2.357033 -0.000000 -0.000000 1.000000 2.698746 0.000000 0.000000 0.000000 1.000000
1.000000 -0.000000 0.000000 1.220000 0.000000 1.000000 0.000000 2.357033 -0.000000 -0.000000 1.000000 2.698746 0.000000 0.000000 0.000000 1.000000
1.000000 -0.000000 0.000000 1.220000 0.000000 1.000000 0.000000 2.357033 -0.000000 -0.000000 1.000000 2.698746 0.000000 0.000000 0.000000 1.000000
1.000000 -0.000000 0.000000 1.220000 0.000000 1.000000 0.000000 2.357033 -0.000000 -0.000000 1.000000 2.698746 0.000000 0.000000 0.000000 1.000000
1.000000 -0.000000 0.000000 1.220000 0.000000 1.000000 0.000000 2.357033 -0.000000 -0.000000 1.000000 2.698746 0.000000 0.000000 0.000000 1.000000
1.000000 -0.000000 0.000000 1.220000 0.000000 1.000000 0.000000 2.357033 -0.000000 -0.000000 1.000000 2.698746 0.000000 0.000000 0.000000 1.000000
1.000000 -0.000000 0.000000 1.220000 0.000000 1.000000 0.000000 2.357033 -0.000000 -0.000000 1.000000 2.698746 0.000000 0.000000 0.000000 1.000000
1.000000 -0.000000 0.000000 1.220000 0.000000 1.000000 0.000000 2.357033 -0.000000 -0.000000 1.000000 2.698746 0.000000 0.000000 0.000000 1.000000
1.000000 -0.000000 0.000000 1.220000 0.000000 1.000000 0.000000 2.357033 -0.000000 -0.000000 1.000000 2.698746 0.000000 0.000000 0.000000 1.000000
1.000000 -0.000000 0.000000 1.220000 0.000000 1.000000 0.000000 2.357033 -0.000000 -0.000000 1.000000 2.698746 0.000000 0.000000 0.000000 1.000000
1.000000 -0.000000 0.000000 1.220000 0.000000 1.000000 0.000000 2.357033 -0.000000 -0.000000 1.000000 2.698746 0.000000 0.000000 0.000000 1.000000
1.000000 -0.000000 0.000000 1.220000 0.000000 1.000000 0.000000 2.357033 -0.000000 -0.000000 1.000000 2.698746 0.000000 0.000000 0.000000 1.000000
1.000000 -0.000000 0.000000 1.220000 0.000000 1.000000 0.000000 2.357033 -0.000000 -0.000000 1.000000 2.698746 0.000000 0.000000 0.000000 1.000000
1.000000 -0.000000 0.000000 1.220000 0.000000 1.000000 0.000000 2.357033 -0.000000 -0.000000 1.000000 2.698746 0.000000 0.000000 0.000000 1.000000
1.000000 -0.000000 0.000000 1.220000 0.000000 1.000000 0.000000 2.357033 -0.000000 -0.000000 1.000000 2.698746 0.000000 0.000000 0.000000 1.000000
1.000000 -0.000000 0.000000 1.220000 0.000000 1.000000 0.000000 2.357033 -0.000000 -0.000000 1.000000 2.698746 0.000000 0.000000 0.000000 1.000000
1.000000 -0.000000 0.000000 1.220000 0.000000 1.000000 0.000000 2.357033 -0.000000 -0.000000 1.000000 2.698746 0.000000 0.000000 0.000000 1.000000
1.000000 -0.000000 0.000000 1.220000 0.000000 1.000000 0.000000 2.357033 -0.000000 -0.000000 1.000000 2.698746 0.000000 0.000000 0.000000 1.000000
1.000000 -0.000000 0.000000 1.220000 0.000000 1.000000 0.000000 2.357033 -0.000000 -0.000000 1.000000 2.698746 0.000000 0.000000 0.000000 1.000000
1.000000 -0.000000 0.000000 1.220000 0.000000 1.000000 0.000000 2.357033 -0.000000 -0.000000 1.000000 2.698746 0.000000 0.000000 0.000000 1.000000</float_array><technique_common><accessor source="#neck_jnt-Matrix-animation-output-transform-array" count="61" stride="16"><param type="float4x4"/></accessor></technique_common></source><source id="neck_jnt-Interpolations"><Name_array id="neck_jnt-Interpolations-array" count="61">
 LINEAR LINEAR LINEAR LINEAR LINEAR LINEAR LINEAR LINEAR LINEAR LINEAR LINEAR
LINEAR LINEAR LINEAR LINEAR LINEAR LINEAR LINEAR LINEAR LINEAR LINEAR LINEAR LINEAR
LINEAR LINEAR LINEAR LINEAR LINEAR LINEAR LINEAR LINEAR LINEAR LINEAR LINEAR LINEAR
LINEAR LINEAR LINEAR LINEAR LINEAR LINEAR LINEAR LINEAR LINEAR LINEAR LINEAR LINEAR
LINEAR LINEAR LINEAR LINEAR LINEAR LINEAR LINEAR LINEAR LINEAR LINEAR LINEAR LINEAR
LINEAR LINEAR</Name_array><technique_common><accessor source="#neck_jnt-Interpolations-array" count="61"><param type="name"/></accessor></technique_common></source><sampler id="neck_jnt-Matrix-animation-transform"><input semantic="INPUT" source="#neck_jnt-Matrix-animation-input"/><input semantic="OUTPUT" source="#neck_jnt-Matrix-animation-output-transform"/><input semantic="INTERPOLATION" source="#neck_jnt-Interpolations"/></sampler><channel source="#neck_jnt-Matrix-animation-transform" target="neck_jnt/matrix"/></animation></animation>
    <animation id="head_jnt-anim" name="head_jnt"><animation><source id="head_jnt-Matrix-animation-input"><float_array id="head_jnt-Matrix-animation-input-array" count="61">

0.000000 0.033333 0.066667 0.100000 0.133333 0.166667 0.200000 0.233333 0.266667 0.300000 0.333333 0.366667 0.400000 0.433333 0.466667 0.500000
0.533333 0.566667 0.600000 0.633333 0.666667 0.700000 0.733333 0.766667 0.800000 0.833333 0.866667 0.900000 0.933333 0.966667 1.000000 1.033333
1.066667 1.100000 1.133333 1.166667 1.200000 1.233333 1.266667 1.300000 1.333333 1.366667 1.400000 1.433333 1.466667 1.500000 1.533333 1.566667
1.600000 1.633333 1.666667 1.700000 1.733333 1.766667 1.800000 1.833333 1.866667 1.900000 1.933333 1.966667 2.000000</float_array><technique_common><accessor source="#head_jnt-Matrix-animation-input-array" count="61"><param name="TIME" type="float"/></accessor></technique_common></source><source id="head_jnt-Matrix-animation-output-transform"><float_array id="head_jnt-Matrix-animation-output-transform-array" count="976">

0.620313 -0.122434 0.774740 -0.068576 0.039683 0.991376 0.124896 0.393787 -0.783350 -0.046730 0.619822 0.070697 0.000000 0.000000 0.000000 1.000000
0.620293 -0.124181 0.774478 -0.068576 0.039994 0.991111 0.126884 0.393787 -0.783350 -0.047731 0.619746 0.070697 0.000000 0.000000 0.000000 1.000000
0.620235 -0.129189 0.773705 -0.068576 0.040885 0.990328 0.132584 0.393787 -0.783350 -0.050601 0.619518 0.070697 0.000000 0.000000 0.000000 1.000000
0.620141 -0.137107 0.772417 -0.068576 0.042295 0.989020 0.141598 0.393787 -0.783350 -0.055141 0.619131 0.070697 0.000000 0.000000 0.000000 1.000000
0.620010 -0.147577 0.770590 -0.068576 0.044163 0.987158 0.153519 0.393787 -0.783350 -0.061152 0.618566 0.070697 0.000000 0.000000 0.000000 1.000000
0.619845 -0.160240 0.768190 -0.068576 0.046427 0.984703 0.167941 0.393787 -0.783350 -0.068433 0.617803 0.070697 0.000000 0.000000 0.000000 1.000000
0.619645 -0.174733 0.765186 -0.068576 0.049026 0.981618 0.184454 0.393787 -0.783350 -0.076782 0.616821 0.070697 0.000000 0.000000 0.000000 1.000000
0.619411 -0.190692 0.761556 -0.068576 0.051899 0.977876 0.202645 0.393787 -0.783350 -0.085996 0.615604 0.070697 0.000000 0.000000 0.000000 1.000000
0.619144 -0.207753 0.757297 -0.068576 0.054985 0.973471 0.222104 0.393787 -0.783350 -0.095875 0.614143 0.070697 0.000000 0.000000 0.000000 1.000000
0.618848 -0.225557 0.752430 -0.068576 0.058221 0.968423 0.242421 0.393787 -0.783350 -0.106214 0.612439 0.070697 0.000000 0.000000 0.000000 1.000000
0.618850 -0.243697 0.746751 -0.068576 0.061579 0.962783 0.263166 0.393787 -0.783092 -0.116876 0.610825 0.070697 0.000000 0.000000 0.000000 1.000000
0.619400 -0.261771 0.740148 -0.068576 0.065030 0.956641 0.283919 0.393787 -0.782378 -0.127728 0.609566 0.070697 0.000000 0.000000 0.000000 1.000000
0.620388 -0.279436 0.732826 -0.068576 0.068507 0.950112 0.304293 0.393787 -0.781297 -0.138576 0.608582 0.070697 0.000000 0.000000 0.000000 1.000000
0.621706 -0.296364 0.725017 -0.068576 0.071945 0.943346 0.323917 0.393787 -0.779939 -0.149220 0.607806 0.070697 0.000000 0.000000 0.000000 1.000000
0.623247 -0.312253 0.716980 -0.068576 0.075272 0.936522 0.342434 0.393787 -0.778394 -0.159453 0.607188 0.070697 0.000000 0.000000 0.000000 1.000000
0.624907 -0.326817 0.709001 -0.068576 0.078414 0.929844 0.359502 0.393787 -0.776751 -0.169060 0.606693 0.070697 0.000000 0.000000 0.000000 1.000000
0.626582 -0.339792 0.701382 -0.068576 0.081295 0.923538 0.374792 0.393787 -0.775104 -0.177819 0.606296 0.070697 0.000000 0.000000 0.000000 1.000000
0.628173 -0.350930 0.694439 -0.068576 0.083836 0.917843 0.387990 0.393787 -0.773544 -0.185506 0.605985 0.070697 0.000000 0.000000 0.000000 1.000000
0.629582 -0.359998 0.688497 -0.068576 0.085955 0.913006 0.398789 0.393787 -0.772165 -0.191891 0.605755 0.070697 0.000000 0.000000 0.000000 1.000000
0.630709 -0.366767 0.683877 -0.068576 0.087570 0.909272 0.406886 0.393787 -0.771062 -0.196740 0.605604 0.070697 0.000000 0.000000 0.000000 1.000000
0.631459 -0.371006 0.680892 -0.068576 0.088598 0.906877 0.411975 0.393787 -0.770331 -0.199820 0.605526 0.070697 0.000000 0.000000 0.000000 1.000000
0.631731 -0.372476 0.679837 -0.068576 0.088959 0.906036 0.413745 0.393787 -0.770067 -0.200898 0.605506 0.070697 0.000000 0.000000 0.000000 1.000000
0.631208 -0.359593 0.687219 -0.068576 0.086177 0.913061 0.398614 0.393787 -0.770811 -0.192386 0.607320 0.070697 0.000000 0.000000 0.000000 1.000000
0.629799 -0.325745 0.705155 -0.068576 0.079028 0.929978 0.359019 0.393787 -0.772727 -0.170383 0.611442 0.070697 0.000000 0.000000 0.000000 1.000000
0.627733 -0.278120 0.727049 -0.068576 0.069318 0.950257 0.303655 0.393787 -0.775336 -0.140217 0.615787 0.070697 0.000000 0.000000 0.000000 1.000000
0.625301 -0.224675 0.747342 -0.068576 0.058828 0.968506 0.241942 0.393787 -0.778163 -0.107322 0.618825 0.070697 0.000000 0.000000 0.000000 1.000000
0.622905 -0.174412 0.762608 -0.068576 0.049284 0.981643 0.184250 0.393787 -0.780744 -0.077186 0.620066 0.070697 0.000000 0.000000 0.000000 1.000000
0.621053 -0.137042 0.771694 -0.068576 0.042357 0.989025 0.141548 0.393787 -0.782623 -0.055222 0.620042 0.070697 0.000000 0.000000 0.000000 1.000000
0.620313 -0.122434 0.774740 -0.068576 0.039683 0.991376 0.124896 0.393787 -0.783350 -0.046730 0.619822 0.070697 0.000000 0.000000 0.000000 1.000000
0.620313 -0.122434 0.774740 -0.070490 0.039683 0.991376 0.124896 0.409284 -0.783350 -0.046730 0.619822 0.069967 0.000000 0.000000 0.000000 1.000000
0.620313 -0.122434 0.774740 -0.075619 0.039683 0.991376 0.124896 0.450816 -0.783350 -0.046730 0.619822 0.068009 0.000000 0.000000 0.000000 1.000000
0.620313 -0.122434 0.774740 -0.083045 0.039683 0.991376 0.124896 0.510944 -0.783350 -0.046730 0.619822 0.065175 0.000000 0.000000 0.000000 1.000000
