<?xml version="1.0" encoding="utf-8"?>
<COLLADA xmlns="http://www.collada.org/2005/11/COLLADASchema" version="1.4.1">
  <asset><contributor><author></author><authoring_tool>FBX COLLADA exporter</authoring_tool><comments></comments></contributor><created>2020-01-21T13:20:01Z</created><keywords></keywords><modified>2020-01-21T13:20:01Z</modified><revision></revision><subject></subject><title></title><unit meter="0.010000" name="centimeter"></unit><up_axis>Y_UP</up_axis></asset>
  <library_animations>
    <animation id="root_jnt-anim" name="root_jnt"><animation><source id="root_jnt-Matrix-animation-input"><float_array id="root_jnt-Matrix-animation-input-array" count="15">

0.000000 0.033333 0.066667 0.100000 0.133333 0.166667 0.200000 0.233333 0.266667 0.300000 0.333333 0.366667 0.400000 0.433333 0.466667</float_array><technique_common><accessor source="#root_jnt-Matrix-animation-input-array" count="15"><param name="TIME" type="float"/></accessor></technique_common></source><source id="root_jnt-Matrix-animation-output-transform"><float_array id="root_jnt-Matrix-animation-output-transform-array" count="240">

1.000000 0.000000 0.000000 0.000000 0.000000 1.000000 0.000000 0.000000 0.000000 0.000000 1.000000 0.000000 0.000000 0.000000 0.000000 1.000000
1.000000 0.000000 0.000000 0.000000 0.000000 1.000000 0.000000 0.000000 0.000000 0.000000 1.000000 0.000000 0.000000 0.000000 0.000000 1.000000
1.000000 0.000000 0.000000 0.000000 0.000000 1.000000 0.000000 0.000000 0.000000 0.000000 1.000000 0.000000 0.000000 0.000000 0.000000 1.000000
1.000000 0.000000 0.000000 0.000000 0.000000 1.000000 0.000000 0.000000 0.000000 0.000000 1.000000 0.000000 0.000000 0.000000 0.000000 1.000000
1.000000 0.000000 0.000000 0.000000 0.000000 1.000000 0.000000 0.000000 0.000000 0.000000 1.000000 0.000000 0.000000 0.000000 0.000000 1.000000
1.000000 0.000000 0.000000 0.000000 0.000000 1.000000 0.000000 0.000000 0.000000 0.000000 1.000000 0.000000 0.000000 0.000000 0.000000 1.000000
1.000000 0.000000 0.000000 0.000000 0.000000 1.000000 0.000000 0.000000 0.000000 0.000000 1.000000 0.000000 0.000000 0.000000 0.000000 1.000000
1.000000 0.000000 0.000000 0.000000 0.000000 1.000000 0.000000 0.000000 0.000000 0.000000 1.000000 0.000000 0.000000 0.000000 0.000000 1.000000
1.000000 0.000000 0.000000 0.000000 0.000000 1.000000 0.000000 0.000000 0.000000 0.000000 1.000000 0.000000 0.000000 0.000000 0.000000 1.000000
1.000000 0.000000 0.000000 0.000000 0.000000 1.000000 0.000000 0.000000 0.000000 0.000000 1.000000 0.000000 0.000000 0.000000 0.000000 1.000000
1.000000 0.000000 0.000000 0.000000 0.000000 1.000000 0.000000 0.000000 0.000000 0.000000 1.000000 0.000000 0.000000 0.000000 0.000000 1.000000
1.000000 0.000000 0.000000 0.000000 0.000000 1.000000 0.000000 0.000000 0.000000 0.000000 1.000000 0.000000 0.000000 0.000000 0.000000 1.000000
1.000000 0.000000 0.000000 0.000000 0.000000 1.000000 0.000000 0.000000 0.000000 0.000000 1.000000 0.000000 0.000000 0.000000 0.000000 1.000000
1.000000 0.000000 0.000000 0.000000 0.000000 1.000000 0.000000 0.000000 0.000000 0.000000 1.000000 0.000000 0.000000 0.000000 0.000000 1.000000
1.000000 0.000000 0.000000 0.000000 0.000000 1.000000 0.000000 0.000000 0.000000 0.000000 1.000000 0.000000 0.000000 0.000000 0.000000 1.000000</float_array><technique_common><accessor source="#root_jnt-Matrix-animation-output-transform-array" count="15" stride="16"><param type="float4x4"/></accessor></technique_common></source><source id="root_jnt-Interpolations"><Name_array id="root_jnt-Interpolations-array" count="15">
 LINEAR LINEAR LINEAR LINEAR LINEAR LINEAR LINEAR LINEAR LINEAR LINEAR LINEAR
LINEAR LINEAR LINEAR LINEAR</Name_array><technique_common><accessor source="#root_jnt-Interpolations-array" count="15"><param type="name"/></accessor></technique_common></source><sampler id="root_jnt-Matrix-animation-transform"><input semantic="INPUT" source="#root_jnt-Matrix-animation-input"/><input semantic="OUTPUT" source="#root_jnt-Matrix-animation-output-transform"/><input semantic="INTERPOLATION" source="#root_jnt-Interpolations"/></sampler><channel source="#root_jnt-Matrix-animation-transform" target="root_jnt/matrix"/></animation></animation>
    <animation id="jnt_spine2-anim" name="jnt_spine2"><animation><source id="jnt_spine2-Matrix-animation-input"><float_array id="jnt_spine2-Matrix-animation-input-array" count="15">

0.000000 0.033333 0.066667 0.100000 0.133333 0.166667 0.200000 0.233333 0.266667 0.300000 0.333333 0.366667 0.400000 0.433333 0.466667</float_array><technique_common><accessor source="#jnt_spine2-Matrix-animation-input-array" count="15"><param name="TIME" type="float"/></accessor></technique_common></source><source id="jnt_spine2-Matrix-animation-output-transform"><float_array id="jnt_spine2-Matrix-animation-output-transform-array" count="240">

0.785825 -0.046960 0.616663 -0.275847 -0.112371 0.969674 0.217039 5.367810 -0.608154 -0.239850 0.756717 0.477488 0.000000 0.000000 0.000000 1.000000
0.794690 0.054380 0.604575 -0.215891 -0.104180 0.993419 0.047585 5.614193 -0.598009 -0.100800 0.795125 0.075572 0.000000 0.000000 0.000000 1.000000
0.815830 0.224339 0.533005 -0.065343 -0.088994 0.959413 -0.267596 6.218771 -0.571404 0.170879 0.802682 -0.670843 0.000000 0.000000 0.000000 1.000000
0.841490 0.291900 0.454630 0.131810 -0.081856 0.900652 -0.426763 6.979680 -0.534036 0.321902 0.781783 -1.072758 0.000000 0.000000 0.000000 1.000000
0.866193 0.200011 0.457935 0.331586 -0.086864 0.962719 -0.256178 7.740230 -0.492101 0.182121 0.851274 -0.709480 0.000000 0.000000 0.000000 1.000000
0.886318 0.123812 0.446218 0.490000 -0.098050 0.991922 -0.080474 8.410117 -0.452577 0.027574 0.891299 -0.167000 0.000000 0.000000 0.000000 1.000000
0.898489 0.169648 0.404892 0.568596 -0.117099 0.981512 -0.151398 8.887056 -0.423091 0.088617 0.901744 0.186529 0.000000 0.000000 0.000000 1.000000
0.899732 0.224028 0.374558 0.585656 -0.145338 0.963018 -0.226875 9.068766 -0.411533 0.149690 0.899018 0.360857 0.000000 0.000000 0.000000 1.000000
0.882876 0.276529 0.379555 0.557613 -0.203776 0.953775 -0.220884 9.062854 -0.423091 0.117669 0.898414 0.227005 0.000000 0.000000 0.000000 1.000000
0.848630 0.334725 0.409618 0.482091 -0.273865 0.940496 -0.201159 9.021469 -0.452577 0.058530 0.889802 -0.024148 0.000000 0.000000 0.000000 1.000000
0.816457 0.361074 0.450581 0.372000 -0.302049 0.932149 -0.199663 8.909138 -0.492101 0.026919 0.870122 -0.167000 0.000000 0.000000 0.000000 1.000000
0.802232 0.331190 0.496726 0.201546 -0.266888 0.943202 -0.197841 8.690389 -0.534036 0.026144 0.845058 -0.174875 0.000000 0.000000 0.000000 1.000000
0.795524 0.262656 0.546035 -0.013460 -0.201594 0.964556 -0.170271 8.329749 -0.571404 0.025377 0.820277 -0.176000 0.000000 0.000000 0.000000 1.000000
0.789219 0.091646 0.607235 -0.197697 -0.139709 0.989668 0.032215 6.737926 -0.598009 -0.110261 0.793869 0.150744 0.000000 0.000000 0.000000 1.000000
0.785825 -0.046960 0.616663 -0.275847 -0.112371 0.969674 0.217039 5.367810 -0.608154 -0.239850 0.756717 0.477488 0.000000 0.000000 0.000000 1.000000</float_array><technique_common><accessor source="#jnt_spine2-Matrix-animation-output-transform-array" count="15" stride="16"><param type="float4x4"/></accessor></technique_common></source><source id="jnt_spine2-Interpolations"><Name_array id="jnt_spine2-Interpolations-array" count="15">
 LINEAR LINEAR LINEAR LINEAR LINEAR LINEAR LINEAR LINEAR LINEAR LINEAR LINEAR
LINEAR LINEAR LINEAR LINEAR</Name_array><technique_common><accessor source="#jnt_spine2-Interpolations-array" count="15"><param type="name"/></accessor></technique_common></source><sampler id="jnt_spine2-Matrix-animation-transform"><input semantic="INPUT" source="#jnt_spine2-Matrix-animation-input"/><input semantic="OUTPUT" source="#jnt_spine2-Matrix-animation-output-transform"/><input semantic="INTERPOLATION" source="#jnt_spine2-Interpolations"/></sampler><channel source="#jnt_spine2-Matrix-animation-transform" target="jnt_spine2/matrix"/></animation></animation>
    <animation id="neck_jnt-anim" name="neck_jnt"><animation><source id="neck_jnt-Matrix-animation-input"><float_array id="neck_jnt-Matrix-animation-input-array" count="15">

0.000000 0.033333 0.066667 0.100000 0.133333 0.166667 0.200000 0.233333 0.266667 0.300000 0.333333 0.366667 0.400000 0.433333 0.466667</float_array><technique_common><accessor source="#neck_jnt-Matrix-animation-input-array" count="15"><param name="TIME" type="float"/></accessor></technique_common></source><source id="neck_jnt-Matrix-animation-output-transform"><float_array id="neck_jnt-Matrix-animation-output-transform-array" count="240">

1.000000 -0.000000 0.000000 -1.220000 0.000000 1.000000 0.000000 2.357033 -0.000000 -0.000000 1.000000 2.698746 0.000000 0.000000 0.000000 1.000000
1.000000 -0.000000 0.000000 -1.220000 0.000000 1.000000 0.000000 2.357033 -0.000000 -0.000000 1.000000 2.698746 0.000000 0.000000 0.000000 1.000000
1.000000 -0.000000 0.000000 -1.220000 0.000000 1.000000 0.000000 2.357033 -0.000000 -0.000000 1.000000 2.698746 0.000000 0.000000 0.000000 1.000000
1.000000 -0.000000 0.000000 -1.220000 0.000000 1.000000 0.000000 2.357033 -0.000000 0.000000 1.000000 2.698746 0.000000 0.000000 0.000000 1.000000
1.000000 -0.000000 0.000000 -1.220000 0.000000 1.000000 0.000000 2.357033 -0.000000 -0.000000 1.000000 2.698746 0.000000 0.000000 0.000000 1.000000
1.000000 -0.000000 0.000000 -1.220000 0.000000 1.000000 0.000000 2.357033 -0.000000 -0.000000 1.000000 2.698746 0.000000 0.000000 0.000000 1.000000
1.000000 -0.000000 0.000000 -1.220000 0.000000 1.000000 0.000000 2.357033 -0.000000 -0.000000 1.000000 2.698746 0.000000 0.000000 0.000000 1.000000
1.000000 -0.000000 0.000000 -1.220000 0.000000 1.000000 0.000000 2.357033 -0.000000 -0.000000 1.000000 2.698746 0.000000 0.000000 0.000000 1.000000
1.000000 -0.000000 0.000000 -1.220000 0.000000 1.000000 0.000000 2.357033 -0.000000 -0.000000 1.000000 2.698746 0.000000 0.000000 0.000000 1.000000
1.000000 -0.000000 0.000000 -1.220000 0.000000 1.000000 0.000000 2.357033 -0.000000 -0.000000 1.000000 2.698746 0.000000 0.000000 0.000000 1.000000
1.000000 -0.000000 0.000000 -1.220000 0.000000 1.000000 0.000000 2.357033 -0.000000 -0.000000 1.000000 2.698746 0.000000 0.000000 0.000000 1.000000
1.000000 -0.000000 0.000000 -1.220000 0.000000 1.000000 0.000000 2.357033 -0.000000 -0.000000 1.000000 2.698746 0.000000 0.000000 0.000000 1.000000
1.000000 -0.000000 0.000000 -1.220000 0.000000 1.000000 0.000000 2.357033 -0.000000 -0.000000 1.000000 2.698746 0.000000 0.000000 0.000000 1.000000
1.000000 -0.000000 0.000000 -1.220000 0.000000 1.000000 0.000000 2.357033 -0.000000 -0.000000 1.000000 2.698746 0.000000 0.000000 0.000000 1.000000
1.000000 -0.000000 0.000000 -1.220000 0.000000 1.000000 0.000000 2.357033 -0.000000 -0.000000 1.000000 2.698746 0.000000 0.000000 0.000000 1.000000</float_array><technique_common><accessor source="#neck_jnt-Matrix-animation-output-transform-array" count="15" stride="16"><param type="float4x4"/></accessor></technique_common></source><source id="neck_jnt-Interpolations"><Name_array id="neck_jnt-Interpolations-array" count="15">
 LINEAR LINEAR LINEAR LINEAR LINEAR LINEAR LINEAR LINEAR LINEAR LINEAR LINEAR
LINEAR LINEAR LINEAR LINEAR</Name_array><technique_common><accessor source="#neck_jnt-Interpolations-array" count="15"><param type="name"/></accessor></technique_common></source><sampler id="neck_jnt-Matrix-animation-transform"><input semantic="INPUT" source="#neck_jnt-Matrix-animation-input"/><input semantic="OUTPUT" source="#neck_jnt-Matrix-animation-output-transform"/><input semantic="INTERPOLATION" source="#neck_jnt-Interpolations"/></sampler><channel source="#neck_jnt-Matrix-animation-transform" target="neck_jnt/matrix"/></animation></animation>
    <animation id="head_jnt-anim" name="head_jnt"><animation><source id="head_jnt-Matrix-animation-input"><float_array id="head_jnt-Matrix-animation-input-array" count="15">

0.000000 0.033333 0.066667 0.100000 0.133333 0.166667 0.200000 0.233333 0.266667 0.300000 0.333333 0.366667 0.400000 0.433333 0.466667</float_array><technique_common><accessor source="#head_jnt-Matrix-animation-input-array" count="15"><param name="TIME" type="float"/></accessor></technique_common></source><source id="head_jnt-Matrix-animation-output-transform"><float_array id="head_jnt-Matrix-animation-output-transform-array" count="240">

0.813265 -0.207734 -0.543550 0.595216 0.031995 0.948656 -0.314687 0.585912 0.581013 0.238533 0.778156 -0.006286 0.000000 0.000000 0.000000 1.000000
0.799959 -0.174630 -0.574082 0.595216 0.047737 0.972204 -0.229216 0.585912 0.598153 0.155958 0.786060 -0.006286 0.000000 0.000000 0.000000 1.000000
0.773518 -0.101630 -0.625573 0.595216 0.075478 0.994806 -0.068287 0.585912 0.629264 0.005604 0.777172 -0.006286 0.000000 0.000000 0.000000 1.000000
0.758393 -0.056343 -0.649357 0.595216 0.089564 0.995815 0.018198 0.585912 0.645614 -0.071960 0.760266 -0.006286 0.000000 0.000000 0.000000 1.000000
0.759777 -0.060575 -0.647356 0.595216 0.088324 0.996037 0.010460 0.585912 0.644157 -0.065124 0.762116 -0.006286 0.000000 0.000000 0.000000 1.000000
0.763545 -0.072015 -0.641727 0.595216 0.084898 0.996331 -0.010796 0.585912 0.640150 -0.046238 0.766857 -0.006286 0.000000 0.000000 0.000000 1.000000
0.769107 -0.088656 -0.632941 0.595216 0.079709 0.995906 -0.042640 0.585912 0.634130 -0.017657 0.773025 -0.006286 0.000000 0.000000 0.000000 1.000000
0.775869 -0.108462 -0.621500 0.595216 0.073180 0.993934 -0.082101 0.585912 0.626635 0.018219 0.779100 -0.006286 0.000000 0.000000 0.000000 1.000000
0.783256 -0.129519 -0.608058 0.595216 0.065756 0.989831 -0.126136 0.585912 0.618212 0.058814 0.783808 -0.006286 0.000000 0.000000 0.000000 1.000000
0.790726 -0.150145 -0.593472 0.595216 0.057919 0.983456 -0.171640 0.585912 0.609424 0.101347 0.786340 -0.006286 0.000000 0.000000 0.000000 1.000000
0.797780 -0.168957 -0.578793 0.595216 0.050192 0.975214 -0.215495 0.585912 0.600856 0.142867 0.786486 -0.006286 0.000000 0.000000 0.000000 1.000000
0.803965 -0.184878 -0.565209 0.595216 0.043137 0.966073 -0.254641 0.585912 0.593111 0.180341 0.784664 -0.006286 0.000000 0.000000 0.000000 1.000000
0.808867 -0.197094 -0.553975 0.595216 0.037347 0.957466 -0.286119 0.585912 0.586804 0.210743 0.781824 -0.006286 0.000000 0.000000 0.000000 1.000000
0.812097 -0.204939 -0.546350 0.595216 0.033431 0.951099 -0.307071 0.585912 0.582563 0.231107 0.779236 -0.006286 0.000000 0.000000 0.000000 1.000000
0.813265 -0.207734 -0.543550 0.595216 0.031995 0.948656 -0.314687 0.585912 0.581013 0.238533 0.778156 -0.006286 0.000000 0.000000 0.000000 1.000000</float_array><technique_common><accessor source="#head_jnt-Matrix-animation-output-transform-array" count="15" stride="16"><param type="float4x4"/></accessor></technique_common></source><source id="head_jnt-Interpolations"><Name_array id="head_jnt-Interpolations-array" count="15">
 LINEAR LINEAR LINEAR LINEAR LINEAR LINEAR LINEAR LINEAR LINEAR LINEAR LINEAR
LINEAR LINEAR LINEAR LINEAR</Name_array><technique_common><accessor source="#head_jnt-Interpolations-array" count="15"><param type="name"/></accessor></technique_common></source><sampler id="head_jnt-Matrix-animation-transform"><input semantic="INPUT" source="#head_jnt-Matrix-animation-input"/><input semantic="OUTPUT" source="#head_jnt-Matrix-animation-output-transform"/><input semantic="INTERPOLATION" source="#head_jnt-Interpolations"/></sampler><channel source="#head_jnt-Matrix-animation-transform" target="head_jnt/matrix"/></animation></animation>
    <animation id="r_arm01_jnt-anim" name="r_arm01_jnt"><animation><source id="r_arm01_jnt-Matrix-animation-input"><float_array id="r_arm01_jnt-Matrix-animation-input-array" count="15">

0.000000 0.033333 0.066667 0.100000 0.133333 0.166667 0.200000 0.233333 0.266667 0.300000 0.333333 0.366667 0.400000 0.433333 0.466667</float_array><technique_common><accessor source="#r_arm01_jnt-Matrix-animation-input-array" count="15"><param name="TIME" type="float"/></accessor></technique_common></source><source id="r_arm01_jnt-Matrix-animation-output-transform"><float_array id="r_arm01_jnt-Matrix-animation-output-transform-array" count="240">

-0.998300 0.000000 0.058291 -2.858765 0.000000 1.000000 0.000000 2.350029 -0.058291 0.000000 -0.998300 -0.000000 0.000000 0.000000 0.000000 1.000000
-0.998300 0.000000 0.058291 -2.858765 -0.000000 1.000000 0.000000 2.350029 -0.058291 0.000000 -0.998300 -0.000000 0.000000 0.000000 0.000000 1.000000
-0.998300 -0.000000 0.058291 -2.858765 0.000000 1.000000 0.000000 2.350029 -0.058291 0.000000 -0.998300 -0.000000 0.000000 0.000000 0.000000 1.000000
-0.998300 0.000000 0.058291 -2.858765 0.000000 1.000000 -0.000000 2.350029 -0.058291 0.000000 -0.998300 -0.000000 0.000000 0.000000 0.000000 1.000000
-0.998300 0.000000 0.058291 -2.858765 0.000000 1.000000 -0.000000 2.350029 -0.058291 0.000000 -0.998300 -0.000000 0.000000 0.000000 0.000000 1.000000
-0.998300 0.000000 0.058291 -2.858765 0.000000 1.000000 -0.000000 2.350029 -0.058291 0.000000 -0.998300 -0.000000 0.000000 0.000000 0.000000 1.000000
-0.998300 0.000000 0.058291 -2.858765 -0.000000 1.000000 -0.000000 2.350029 -0.058291 -0.000000 -0.998300 -0.000000 0.000000 0.000000 0.000000 1.000000
-0.998300 -0.000000 0.058291 -2.858765 0.000000 1.000000 0.000000 2.350029 -0.058291 -0.000000 -0.998300 -0.000000 0.000000 0.000000 0.000000 1.000000
-0.998300 0.000000 0.058291 -2.858765 0.000000 1.000000 0.000000 2.350029 -0.058291 0.000000 -0.998300 -0.000000 0.000000 0.000000 0.000000 1.000000
-0.998300 0.000000 0.058291 -2.858765 -0.000000 1.000000 -0.000000 2.350029 -0.058291 -0.000000 -0.998300 -0.000000 0.000000 0.000000 0.000000 1.000000
-0.998300 0.000000 0.058291 -2.858765 0.000000 1.000000 0.000000 2.350029 -0.058291 -0.000000 -0.998300 -0.000000 0.000000 0.000000 0.000000 1.000000
-0.998300 -0.000000 0.058291 -2.858765 -0.000000 1.000000 0.000000 2.350029 -0.058291 -0.000000 -0.998300 -0.000000 0.000000 0.000000 0.000000 1.000000
-0.998300 0.000000 0.058291 -2.858765 0.000000 1.000000 -0.000000 2.350029 -0.058291 0.000000 -0.998300 -0.000000 0.000000 0.000000 0.000000 1.000000
-0.998300 0.000000 0.058291 -2.858765 0.000000 1.000000 0.000000 2.350029 -0.058291 -0.000000 -0.998300 -0.000000 0.000000 0.000000 0.000000 1.000000
-0.998300 0.000000 0.058291 -2.858765 0.000000 1.000000 0.000000 2.350029 -0.058291 0.000000 -0.998300 -0.000000 0.000000 0.000000 0.000000 1.000000</float_array><technique_common><accessor source="#r_arm01_jnt-Matrix-animation-output-transform-array" count="15" stride="16"><param type="float4x4"/></accessor></technique_common></source><source id="r_arm01_jnt-Interpolations"><Name_array id="r_arm01_jnt-Interpolations-array" count="15">
 LINEAR LINEAR LINEAR LINEAR LINEAR LINEAR LINEAR LINEAR LINEAR LINEAR LINEAR
LINEAR LINEAR LINEAR LINEAR</Name_array><technique_common><accessor source="#r_arm01_jnt-Interpolations-array" count="15"><param type="name"/></accessor></technique_common></source><sampler id="r_arm01_jnt-Matrix-animation-transform"><input semantic="INPUT" source="#r_arm01_jnt-Matrix-animation-input"/><input semantic="OUTPUT" source="#r_arm01_jnt-Matrix-animation-output-transform"/><input semantic="INTERPOLATION" source="#r_arm01_jnt-Interpolations"/></sampler><channel source="#r_arm01_jnt-Matrix-animation-transform" target="r_arm01_jnt/matrix"/></animation></animation>
    <animation id="r_arm02_jnt-anim" name="r_arm02_jnt"><animation><source id="r_arm02_jnt-Matrix-animation-input"><float_array id="r_arm02_jnt-Matrix-animation-input-array" count="15">

0.000000 0.033333 0.066667 0.100000 0.133333 0.166667 0.200000 0.233333 0.266667 0.300000 0.333333 0.366667 0.400000 0.433333 0.466667</float_array><technique_common><accessor source="#r_arm02_jnt-Matrix-animation-input-array" count="15"><param name="TIME" type="float"/></accessor></technique_common></source><source id="r_arm02_jnt-Matrix-animation-output-transform"><float_array id="r_arm02_jnt-Matrix-animation-output-transform-array" count="240">

0.905307 0.142256 -0.400227 1.138730 0.335785 -0.816738 0.469241 0.000000 -0.260129 -0.559197 -0.787167 0.000000 0.000000 0.000000 0.000000 1.000000
0.905307 0.142256 -0.400227 1.138730 0.335785 -0.816738 0.469241 0.000000 -0.260129 -0.559197 -0.787167 0.000000 0.000000 0.000000 0.000000 1.000000
0.905307 0.142256 -0.400227 1.138730 0.335785 -0.816738 0.469241 0.000000 -0.260129 -0.559197 -0.787167 0.000000 0.000000 0.000000 0.000000 1.000000
0.905307 0.142256 -0.400227 1.138730 0.335785 -0.816738 0.469241 0.000000 -0.260129 -0.559197 -0.787167 0.000000 0.000000 0.000000 0.000000 1.000000
0.905307 0.142256 -0.400227 1.138730 0.335785 -0.816738 0.469241 0.000000 -0.260129 -0.559197 -0.787167 0.000000 0.000000 0.000000 0.000000 1.000000
0.905307 0.142256 -0.400227 1.138730 0.335785 -0.816738 0.469241 0.000000 -0.260129 -0.559197 -0.787167 0.000000 0.000000 0.000000 0.000000 1.000000
0.905307 0.142256 -0.400227 1.138730 0.335785 -0.816738 0.469241 0.000000 -0.260129 -0.559197 -0.787167 0.000000 0.000000 0.000000 0.000000 1.000000
0.905307 0.142256 -0.400227 1.138730 0.335785 -0.816738 0.469241 0.000000 -0.260129 -0.559197 -0.787167 0.000000 0.000000 0.000000 0.000000 1.000000
0.905307 0.142256 -0.400227 1.138730 0.335785 -0.816738 0.469241 0.000000 -0.260129 -0.559197 -0.787167 0.000000 0.000000 0.000000 0.000000 1.000000
0.905307 0.142256 -0.400227 1.138730 0.335785 -0.816738 0.469241 0.000000 -0.260129 -0.559197 -0.787167 0.000000 0.000000 0.000000 0.000000 1.000000
0.905307 0.142256 -0.400227 1.138730 0.335785 -0.816738 0.469241 0.000000 -0.260129 -0.559197 -0.787167 0.000000 0.000000 0.000000 0.000000 1.000000
0.905307 0.142256 -0.400227 1.138730 0.335785 -0.816738 0.469241 0.000000 -0.260129 -0.559197 -0.787167 0.000000 0.000000 0.000000 0.000000 1.000000
0.905307 0.142256 -0.400227 1.138730 0.335785 -0.816738 0.469241 0.000000 -0.260129 -0.559197 -0.787167 0.000000 0.000000 0.000000 0.000000 1.000000
0.905307 0.142256 -0.400227 1.138730 0.335785 -0.816738 0.469241 0.000000 -0.260129 -0.559197 -0.787167 0.000000 0.000000 0.000000 0.000000 1.000000
0.905307 0.142256 -0.400227 1.138730 0.335785 -0.816738 0.469241 0.000000 -0.260129 -0.559197 -0.787167 0.000000 0.000000 0.000000 0.000000 1.000000</float_array><technique_common><accessor source="#r_arm02_jnt-Matrix-animation-output-transform-array" count="15" stride="16"><param type="float4x4"/></accessor></technique_common></source><source id="r_arm02_jnt-Interpolations"><Name_array id="r_arm02_jnt-Interpolations-array" count="15">
 LINEAR LINEAR LINEAR LINEAR LINEAR LINEAR LINEAR LINEAR LINEAR LINEAR LINEAR
LINEAR LINEAR LINEAR LINEAR</Name_array><technique_common><accessor source="#r_arm02_jnt-Interpolations-array" count="15"><param type="name"/></accessor></technique_common></source><sampler id="r_arm02_jnt-Matrix-animation-transform"><input semantic="INPUT" source="#r_arm02_jnt-Matrix-animation-input"/><input semantic="OUTPUT" source="#r_arm02_jnt-Matrix-animation-output-transform"/><input semantic="INTERPOLATION" source="#r_arm02_jnt-Interpolations"/></sampler><channel source="#r_arm02_jnt-Matrix-animation-transform" target="r_arm02_jnt/matrix"/></animation></animation>
    <animation id="r_arm03_jnt-anim" name="r_arm03_jnt"><animation><source id="r_arm03_jnt-Matrix-animation-input"><float_array id="r_arm03_jnt-Matrix-animation-input-array" count="15">

0.000000 0.033333 0.066667 0.100000 0.133333 0.166667 0.200000 0.233333 0.266667 0.300000 0.333333 0.366667 0.400000 0.433333 0.466667</float_array><technique_common><accessor source="#r_arm03_jnt-Matrix-animation-input-array" count="15"><param name="TIME" type="float"/></accessor></technique_common></source><source id="r_arm03_jnt-Matrix-animation-output-transform"><float_array id="r_arm03_jnt-Matrix-animation-output-transform-array" count="240">

0.581299 -0.798782 0.155046 0.839582 0.678613 0.581057 0.449285 0.000000 -0.448971 -0.155953 0.879832 0.000000 0.000000 0.000000 0.000000 1.000000
0.589810 -0.791391 0.160699 0.839582 0.671229 0.591083 0.447294 0.000000 -0.448971 -0.155953 0.879832 -0.000000 0.000000 0.000000 0.000000 1.000000
0.606436 -0.776340 0.171851 0.839582 0.656248 0.610717 0.443129 0.000000 -0.448971 -0.155953 0.879832 -0.000000 0.000000 0.000000 0.000000 1.000000
0.614586 -0.768650 0.177373 0.839582 0.648621 0.620367 0.440948 0.000000 -0.448971 -0.155953 0.879832 -0.000000 0.000000 0.000000 0.000000 1.000000
0.606826 -0.775976 0.172115 0.839582 0.655886 0.611179 0.443027 0.000000 -0.448971 -0.155953 0.879832 0.000000 0.000000 0.000000 0.000000 1.000000
0.599624 -0.782607 0.167264 0.839582 0.662478 0.602664 0.444881 0.000000 -0.448971 -0.155953 0.879832 0.000000 0.000000 0.000000 0.000000 1.000000
0.596060 -0.785830 0.164874 0.839582 0.665686 0.598456 0.445772 0.000000 -0.448971 -0.155953 0.879832 -0.000000 0.000000 0.000000 0.000000 1.000000
0.596047 -0.785842 0.164865 0.839582 0.665697 0.598441 0.445775 0.000000 -0.448971 -0.155953 0.879832 -0.000000 0.000000 0.000000 0.000000 1.000000
0.605878 -0.776858 0.171475 0.839582 0.656762 0.610058 0.443275 0.000000 -0.448971 -0.155953 0.879832 -0.000000 0.000000 0.000000 0.000000 1.000000
0.619000 -0.764397 0.180379 0.839582 0.644410 0.625600 0.439727 0.000000 -0.448971 -0.155953 0.879832 -0.000000 0.000000 0.000000 0.000000 1.000000
0.622809 -0.760674 0.182983 0.839582 0.640729 0.630121 0.438650 0.000000 -0.448971 -0.155953 0.879832 -0.000000 0.000000 0.000000 0.000000 1.000000
0.611997 -0.771116 0.175615 0.839582 0.651064 0.617300 0.441651 -0.000000 -0.448971 -0.155953 0.879832 -0.000000 0.000000 0.000000 0.000000 1.000000
0.595240 -0.786566 0.164325 0.839582 0.666419 0.597489 0.445975 0.000000 -0.448971 -0.155953 0.879832 -0.000000 0.000000 0.000000 0.000000 1.000000
0.578834 -0.800884 0.153416 0.839582 0.680717 0.578156 0.449844 0.000000 -0.448971 -0.155953 0.879832 -0.000000 0.000000 0.000000 0.000000 1.000000
0.581299 -0.798782 0.155046 0.839582 0.678613 0.581057 0.449285 0.000000 -0.448971 -0.155953 0.879832 0.000000 0.000000 0.000000 0.000000 1.000000</float_array><technique_common><accessor source="#r_arm03_jnt-Matrix-animation-output-transform-array" count="15" stride="16"><param type="float4x4"/></accessor></technique_common></source><source id="r_arm03_jnt-Interpolations"><Name_array id="r_arm03_jnt-Interpolations-array" count="15">
 LINEAR LINEAR LINEAR LINEAR LINEAR LINEAR LINEAR LINEAR LINEAR LINEAR LINEAR
LINEAR LINEAR LINEAR LINEAR</Name_array><technique_common><accessor source="#r_arm03_jnt-Interpolations-array" count="15"><param type="name"/></accessor></technique_common></source><sampler id="r_arm03_jnt-Matrix-animation-transform"><input semantic="INPUT" source="#r_arm03_jnt-Matrix-animation-input"/><input semantic="OUTPUT" source="#r_arm03_jnt-Matrix-animation-output-transform"/><input semantic="INTERPOLATION" source="#r_arm03_jnt-Interpolations"/></sampler><channel source="#r_arm03_jnt-Matrix-animation-transform" target="r_arm03_jnt/matrix"/></animation></animation>
    <animation id="r_arm04_jnt-anim" name="r_arm04_jnt"><animation><source id="r_arm04_jnt-Matrix-animation-input"><float_array id="r_arm04_jnt-Matrix-animation-input-array" count="15">

0.000000 0.033333 0.066667 0.100000 0.133333 0.166667 0.200000 0.233333 0.266667 0.300000 0.333333 0.366667 0.400000 0.433333 0.466667</float_array><technique_common><accessor source="#r_arm04_jnt-Matrix-animation-input-array" count="15"><param name="TIME" type="float"/></accessor></technique_common></source><source id="r_arm04_jnt-Matrix-animation-output-transform"><float_array id="r_arm04_jnt-Matrix-animation-output-transform-array" count="240">

0.999126 -0.010599 -0.040445 3.327914 0.010019 0.999844 -0.014524 -0.000000 0.040593 0.014106 0.999076 0.000000 0.000000 0.000000 0.000000 1.000000
0.998562 -0.035786 -0.039912 3.327914 0.035231 0.999274 -0.014512 -0.000000 0.040402 0.013085 0.999098 0.000000 0.000000 0.000000 0.000000 1.000000
0.995560 -0.085732 -0.038854 3.327914 0.085228 0.996257 -0.014448 -0.000000 0.039947 0.011073 0.999140 0.000000 0.000000 0.000000 0.000000 1.000000
0.993129 -0.110570 -0.038327 3.327914 0.110091 0.993817 -0.014396 -0.000000 0.039682 0.010078 0.999162 0.000000 0.000000 0.000000 0.000000 1.000000
0.995459 -0.086917 -0.038829 3.327914 0.086414 0.996155 -0.014446 -0.000000 0.039935 0.011025 0.999141 -0.000000 0.000000 0.000000 0.000000 1.000000
0.997102 -0.065149 -0.039290 3.327914 0.064625 0.997805 -0.014481 -0.000000 0.040147 0.011900 0.999123 -0.000000 0.000000 0.000000 0.000000 1.000000
0.997734 -0.054446 -0.039516 3.327914 0.053911 0.998441 -0.014494 -0.000000 0.040244 0.012331 0.999114 0.000000 0.000000 0.000000 0.000000 1.000000
0.997737 -0.054408 -0.039517 3.327914 0.053872 0.998443 -0.014494 -0.000000 0.040244 0.012333 0.999114 -0.000000 0.000000 0.000000 0.000000 1.000000
0.995703 -0.084042 -0.038889 3.327914 0.083536 0.996400 -0.014451 -0.000000 0.039964 0.011140 0.999139 0.000000 0.000000 0.000000 0.000000 1.000000
0.991538 -0.124117 -0.038040 3.327914 0.123651 0.992222 -0.014363 -0.000000 0.039527 0.009537 0.999173 0.000000 0.000000 0.000000 0.000000 1.000000
0.990007 -0.135863 -0.037792 3.327914 0.135409 0.990686 -0.014330 -0.000000 0.039387 0.009070 0.999183 0.000000 0.000000 0.000000 0.000000 1.000000
0.993972 -0.102655 -0.038495 3.327914 0.102168 0.994663 -0.014414 -0.000000 0.039769 0.010395 0.999155 -0.000000 0.000000 0.000000 0.000000 1.000000
0.997863 -0.051992 -0.039568 3.327914 0.051453 0.998570 -0.014497 -0.000000 0.040266 0.012430 0.999112 -0.000000 0.000000 0.000000 0.000000 1.000000
0.999170 -0.003354 -0.040599 3.327914 0.002766 0.999891 -0.014525 -0.000000 0.040643 0.014401 0.999070 -0.000000 0.000000 0.000000 0.000000 1.000000
0.999126 -0.010599 -0.040445 3.327914 0.010019 0.999844 -0.014524 -0.000000 0.040593 0.014106 0.999076 0.000000 0.000000 0.000000 0.000000 1.000000</float_array><technique_common><accessor source="#r_arm04_jnt-Matrix-animation-output-transform-array" count="15" stride="16"><param type="float4x4"/></accessor></technique_common></source><source id="r_arm04_jnt-Interpolations"><Name_array id="r_arm04_jnt-Interpolations-array" count="15">
 LINEAR LINEAR LINEAR LINEAR LINEAR LINEAR LINEAR LINEAR LINEAR LINEAR LINEAR
LINEAR LINEAR LINEAR LINEAR</Name_array><technique_common><accessor source="#r_arm04_jnt-Interpolations-array" count="15"><param type="name"/></accessor></technique_common></source><sampler id="r_arm04_jnt-Matrix-animation-transform"><input semantic="INPUT" source="#r_arm04_jnt-Matrix-animation-input"/><input semantic="OUTPUT" source="#r_arm04_jnt-Matrix-animation-output-transform"/><input semantic="INTERPOLATION" source="#r_arm04_jnt-Interpolations"/></sampler><channel source="#r_arm04_jnt-Matrix-animation-transform" target="r_arm04_jnt/matrix"/></animation></animation>
    <animation id="r_arm05_jnt-anim" name="r_arm05_jnt"><animation><source id="r_arm05_jnt-Matrix-animation-input"><float_array id="r_arm05_jnt-Matrix-animation-input-array" count="15">

0.000000 0.033333 0.066667 0.100000 0.133333 0.166667 0.200000 0.233333 0.266667 0.300000 0.333333 0.366667 0.400000 0.433333 0.466667</float_array><technique_common><accessor source="#r_arm05_jnt-Matrix-animation-input-array" count="15"><param name="TIME" type="float"/></accessor></technique_common></source><source id="r_arm05_jnt-Matrix-animation-output-transform"><float_array id="r_arm05_jnt-Matrix-animation-output-transform-array" count="240">

-0.112999 0.993593 0.002268 1.353106 -0.993593 -0.112993 -0.002540 -0.000000 -0.002268 -0.002540 0.999994 -0.000000 0.000000 0.000000 0.000000 1.000000
-0.112999 0.993593 0.002268 1.353106 -0.993593 -0.112993 -0.002540 -0.000000 -0.002268 -0.002540 0.999994 -0.000000 0.000000 0.000000 0.000000 1.000000
-0.112999 0.993593 0.002268 1.353106 -0.993593 -0.112993 -0.002540 -0.000000 -0.002268 -0.002540 0.999994 -0.000000 0.000000 0.000000 0.000000 1.000000
-0.112999 0.993593 0.002268 1.353106 -0.993593 -0.112993 -0.002540 0.000000 -0.002268 -0.002540 0.999994 -0.000000 0.000000 0.000000 0.000000 1.000000
-0.112999 0.993593 0.002268 1.353106 -0.993593 -0.112993 -0.002540 -0.000000 -0.002268 -0.002540 0.999994 -0.000000 0.000000 0.000000 0.000000 1.000000
-0.112999 0.993593 0.002268 1.353106 -0.993593 -0.112993 -0.002540 -0.000000 -0.002268 -0.002540 0.999994 0.000000 0.000000 0.000000 0.000000 1.000000
-0.112999 0.993593 0.002268 1.353106 -0.993593 -0.112993 -0.002540 -0.000000 -0.002268 -0.002540 0.999994 -0.000000 0.000000 0.000000 0.000000 1.000000
-0.112999 0.993593 0.002268 1.353106 -0.993593 -0.112993 -0.002540 -0.000000 -0.002268 -0.002540 0.999994 0.000000 0.000000 0.000000 0.000000 1.000000
-0.112999 0.993593 0.002268 1.353106 -0.993593 -0.112993 -0.002540 -0.000000 -0.002268 -0.002540 0.999994 -0.000000 0.000000 0.000000 0.000000 1.000000
-0.112999 0.993593 0.002268 1.353106 -0.993593 -0.112993 -0.002540 0.000000 -0.002268 -0.002540 0.999994 -0.000000 0.000000 0.000000 0.000000 1.000000
-0.112999 0.993593 0.002268 1.353106 -0.993593 -0.112993 -0.002540 0.000000 -0.002268 -0.002540 0.999994 -0.000000 0.000000 0.000000 0.000000 1.000000
-0.112999 0.993593 0.002268 1.353106 -0.993593 -0.112993 -0.002540 -0.000000 -0.002268 -0.002540 0.999994 0.000000 0.000000 0.000000 0.000000 1.000000
-0.112999 0.993593 0.002268 1.353106 -0.993593 -0.112993 -0.002540 -0.000000 -0.002268 -0.002540 0.999994 0.000000 0.000000 0.000000 0.000000 1.000000
-0.112999 0.993593 0.002268 1.353106 -0.993593 -0.112993 -0.002540 -0.000000 -0.002268 -0.002540 0.999994 0.000000 0.000000 0.000000 0.000000 1.000000
-0.112999 0.993593 0.002268 1.353106 -0.993593 -0.112993 -0.002540 -0.000000 -0.002268 -0.002540 0.999994 -0.000000 0.000000 0.000000 0.000000 1.000000</float_array><technique_common><accessor source="#r_arm05_jnt-Matrix-animation-output-transform-array" count="15" stride="16"><param type="float4x4"/></accessor></technique_common></source><source id="r_arm05_jnt-Interpolations"><Name_array id="r_arm05_jnt-Interpolations-array" count="15">
 LINEAR LINEAR LINEAR LINEAR LINEAR LINEAR LINEAR LINEAR LINEAR LINEAR LINEAR
LINEAR LINEAR LINEAR LINEAR</Name_array><technique_common><accessor source="#r_arm05_jnt-Interpolations-array" count="15"><param type="name"/></accessor></technique_common></source><sampler id="r_arm05_jnt-Matrix-animation-transform"><input semantic="INPUT" source="#r_arm05_jnt-Matrix-animation-input"/><input semantic="OUTPUT" source="#r_arm05_jnt-Matrix-animation-output-transform"/><input semantic="INTERPOLATION" source="#r_arm05_jnt-Interpolations"/></sampler><channel source="#r_arm05_jnt-Matrix-animation-transform" target="r_arm05_jnt/matrix"/></animation></animation>
    <animation id="scythe01_jnt-anim" name="scythe01_jnt"><animation><source id="scythe01_jnt-Matrix-animation-input"><float_array id="scythe01_jnt-Matrix-animation-input-array" count="15">

0.000000 0.033333 0.066667 0.100000 0.133333 0.166667 0.200000 0.233333 0.266667 0.300000 0.333333 0.366667 0.400000 0.433333 0.466667</float_array><technique_common><accessor source="#scythe01_jnt-Matrix-animation-input-array" count="15"><param name="TIME" type="float"/></accessor></technique_common></source><source id="scythe01_jnt-Matrix-animation-output-transform"><float_array id="scythe01_jnt-Matrix-animation-output-transform-array" count="240">

-0.268549 -0.963263 -0.002434 4.703162 0.963265 -0.268552 0.000888 0.000000 -0.001509 -0.002106 0.999997 0.000000 0.000000 0.000000 0.000000 1.000000
-0.244180 -0.969727 -0.002294 4.703162 0.969730 -0.244181 0.000360 0.000000 -0.000909 -0.002136 0.999997 0.000000 0.000000 0.000000 0.000000 1.000000
-0.195330 -0.980735 -0.002055 4.703162 0.980738 -0.195329 -0.000699 0.000000 0.000284 -0.002152 0.999998 0.000000 0.000000 0.000000 0.000000 1.000000
-0.170776 -0.985308 -0.001956 4.703162 0.985310 -0.170774 -0.001232 0.000000 0.000880 -0.002138 0.999997 0.000000 0.000000 0.000000 0.000000 1.000000
-0.194162 -0.980967 -0.002050 4.703162 0.980969 -0.194161 -0.000725 0.000000 0.000313 -0.002152 0.999998 0.000000 0.000000 0.000000 0.000000 1.000000
-0.215545 -0.976491 -0.002147 4.703162 0.976494 -0.215545 -0.000261 0.000000 -0.000208 -0.002153 0.999998 0.000000 0.000000 0.000000 0.000000 1.000000
-0.226011 -0.974122 -0.002198 4.703162 0.974125 -0.226011 -0.000034 0.000000 -0.000464 -0.002149 0.999998 0.000000 0.000000 0.000000 0.000000 1.000000
-0.226048 -0.974114 -0.002199 4.703162 0.974116 -0.226048 -0.000033 0.000000 -0.000464 -0.002149 0.999998 0.000000 0.000000 0.000000 0.000000 1.000000
-0.196994 -0.980402 -0.002062 4.703162 0.980405 -0.196994 -0.000663 0.000000 0.000244 -0.002152 0.999998 0.000000 0.000000 0.000000 0.000000 1.000000
-0.157311 -0.987547 -0.001907 4.703162 0.987548 -0.157308 -0.001524 0.000000 0.001205 -0.002123 0.999997 0.000000 0.000000 0.000000 0.000000 1.000000
-0.145593 -0.989343 -0.001868 4.703162 0.989343 -0.145590 -0.001778 0.000000 0.001487 -0.002107 0.999997 0.000000 0.000000 0.000000 0.000000 1.000000
-0.178619 -0.983916 -0.001986 4.703162 0.983918 -0.178618 -0.001062 0.000000 0.000690 -0.002144 0.999997 0.000000 0.000000 0.000000 0.000000 1.000000
-0.228406 -0.973563 -0.002211 4.703162 0.973566 -0.228407 0.000018 0.000000 -0.000522 -0.002148 0.999998 0.000000 0.000000 0.000000 0.000000 1.000000
-0.275526 -0.961290 -0.002477 4.703162 0.961292 -0.275529 0.001039 0.000000 -0.001681 -0.002094 0.999996 0.000000 0.000000 0.000000 0.000000 1.000000
-0.268549 -0.963263 -0.002434 4.703162 0.963265 -0.268552 0.000888 0.000000 -0.001509 -0.002106 0.999997 0.000000 0.000000 0.000000 0.000000 1.000000</float_array><technique_common><accessor source="#scythe01_jnt-Matrix-animation-output-transform-array" count="15" stride="16"><param type="float4x4"/></accessor></technique_common></source><source id="scythe01_jnt-Interpolations"><Name_array id="scythe01_jnt-Interpolations-array" count="15">
 LINEAR LINEAR LINEAR LINEAR LINEAR LINEAR LINEAR LINEAR LINEAR LINEAR LINEAR
LINEAR LINEAR LINEAR LINEAR</Name_array><technique_common><accessor source="#scythe01_jnt-Interpolations-array" count="15"><param type="name"/></accessor></technique_common></source><sampler id="scythe01_jnt-Matrix-animation-transform"><input semantic="INPUT" source="#scythe01_jnt-Matrix-animation-input"/><input semantic="OUTPUT" source="#scythe01_jnt-Matrix-animation-output-transform"/><input semantic="INTERPOLATION" source="#scythe01_jnt-Interpolations"/></sampler><channel source="#scythe01_jnt-Matrix-animation-transform" target="scythe01_jnt/matrix"/></animation></animation>
    <animation id="scythe02_jnt-anim" name="scythe02_jnt"><animation><source id="scythe02_jnt-Matrix-animation-input"><float_array id="scythe02_jnt-Matrix-animation-input-array" count="15">

0.000000 0.033333 0.066667 0.100000 0.133333 0.166667 0.200000 0.233333 0.266667 0.300000 0.333333 0.366667 0.400000 0.433333 0.466667</float_array><technique_common><accessor source="#scythe02_jnt-Matrix-animation-input-array" count="15"><param name="TIME" type="float"/></accessor></technique_common></source><source id="scythe02_jnt-Matrix-animation-output-transform"><float_array id="scythe02_jnt-Matrix-animation-output-transform-array" count="240">

0.923010 -0.384685 0.008339 2.551548 0.384685 0.923047 0.001668 0.000000 -0.008339 0.001668 0.999964 -0.000000 0.000000 0.000000 0.000000 1.000000
0.923010 -0.384685 0.008339 2.551548 0.384685 0.923047 0.001668 0.000000 -0.008339 0.001668 0.999964 0.000000 0.000000 0.000000 0.000000 1.000000
0.923010 -0.384685 0.008339 2.551548 0.384685 0.923047 0.001668 0.000000 -0.008339 0.001668 0.999964 0.000000 0.000000 0.000000 0.000000 1.000000
0.923010 -0.384685 0.008339 2.551548 0.384685 0.923047 0.001668 0.000000 -0.008339 0.001668 0.999964 0.000000 0.000000 0.000000 0.000000 1.000000
0.923010 -0.384685 0.008339 2.551548 0.384685 0.923047 0.001668 0.000000 -0.008339 0.001668 0.999964 -0.000000 0.000000 0.000000 0.000000 1.000000
