<?xml version="1.0" encoding="utf-8"?>
<COLLADA xmlns="http://www.collada.org/2005/11/COLLADASchema" version="1.4.1">
  <asset><contributor><author></author><authoring_tool>FBX COLLADA exporter</authoring_tool><comments></comments></contributor><created>2020-04-01T10:38:16Z</created><keywords></keywords><modified>2020-04-01T10:38:16Z</modified><revision></revision><subject></subject><title></title><unit meter="0.010000" name="centimeter"></unit><up_axis>Y_UP</up_axis></asset>
  <library_animations>
    <animation id="root_jnt-anim" name="root_jnt"><animation><source id="root_jnt-Matrix-animation-input"><float_array id="root_jnt-Matrix-animation-input-array" count="29">

0.000000 0.033333 0.066667 0.100000 0.133333 0.166667 0.200000 0.233333 0.266667 0.300000 0.333333 0.366667 0.400000 0.433333 0.466667 0.500000
0.533333 0.566667 0.600000 0.633333 0.666667 0.700000 0.733333 0.766667 0.800000 0.833333 0.866667 0.900000 0.933333</float_array><technique_common><accessor source="#root_jnt-Matrix-animation-input-array" count="29"><param name="TIME" type="float"/></accessor></technique_common></source><source id="root_jnt-Matrix-animation-output-transform"><float_array id="root_jnt-Matrix-animation-output-transform-array" count="464">

1.000000 0.000000 0.000000 0.000000 0.000000 1.000000 0.000000 0.000000 0.000000 0.000000 1.000000 0.000000 0.000000 0.000000 0.000000 1.000000
1.000000 0.000000 0.000000 0.000000 0.000000 1.000000 0.000000 0.000000 0.000000 0.000000 1.000000 0.000000 0.000000 0.000000 0.000000 1.000000
1.000000 0.000000 0.000000 0.000000 0.000000 1.000000 0.000000 0.000000 0.000000 0.000000 1.000000 0.000000 0.000000 0.000000 0.000000 1.000000
1.000000 0.000000 0.000000 0.000000 0.000000 1.000000 0.000000 0.000000 0.000000 0.000000 1.000000 0.000000 0.000000 0.000000 0.000000 1.000000
1.000000 0.000000 0.000000 0.000000 0.000000 1.000000 0.000000 0.000000 0.000000 0.000000 1.000000 0.000000 0.000000 0.000000 0.000000 1.000000
1.000000 0.000000 0.000000 0.000000 0.000000 1.000000 0.000000 0.000000 0.000000 0.000000 1.000000 0.000000 0.000000 0.000000 0.000000 1.000000
1.000000 0.000000 0.000000 0.000000 0.000000 1.000000 0.000000 0.000000 0.000000 0.000000 1.000000 0.000000 0.000000 0.000000 0.000000 1.000000
1.000000 0.000000 0.000000 0.000000 0.000000 1.000000 0.000000 0.000000 0.000000 0.000000 1.000000 0.000000 0.000000 0.000000 0.000000 1.000000
1.000000 0.000000 0.000000 0.000000 0.000000 1.000000 0.000000 0.000000 0.000000 0.000000 1.000000 0.000000 0.000000 0.000000 0.000000 1.000000
1.000000 0.000000 0.000000 0.000000 0.000000 1.000000 0.000000 0.000000 0.000000 0.000000 1.000000 0.000000 0.000000 0.000000 0.000000 1.000000
1.000000 0.000000 0.000000 0.000000 0.000000 1.000000 0.000000 0.000000 0.000000 0.000000 1.000000 0.000000 0.000000 0.000000 0.000000 1.000000
1.000000 0.000000 0.000000 0.000000 0.000000 1.000000 0.000000 0.000000 0.000000 0.000000 1.000000 0.000000 0.000000 0.000000 0.000000 1.000000
1.000000 0.000000 0.000000 0.000000 0.000000 1.000000 0.000000 0.000000 0.000000 0.000000 1.000000 0.000000 0.000000 0.000000 0.000000 1.000000
1.000000 0.000000 0.000000 0.000000 0.000000 1.000000 0.000000 0.000000 0.000000 0.000000 1.000000 0.000000 0.000000 0.000000 0.000000 1.000000
1.000000 0.000000 0.000000 0.000000 0.000000 1.000000 0.000000 0.000000 0.000000 0.000000 1.000000 0.000000 0.000000 0.000000 0.000000 1.000000
1.000000 0.000000 0.000000 0.000000 0.000000 1.000000 0.000000 0.000000 0.000000 0.000000 1.000000 0.000000 0.000000 0.000000 0.000000 1.000000
1.000000 0.000000 0.000000 0.000000 0.000000 1.000000 0.000000 0.000000 0.000000 0.000000 1.000000 0.000000 0.000000 0.000000 0.000000 1.000000
1.000000 0.000000 0.000000 0.000000 0.000000 1.000000 0.000000 0.000000 0.000000 0.000000 1.000000 0.000000 0.000000 0.000000 0.000000 1.000000
1.000000 0.000000 0.000000 0.000000 0.000000 1.000000 0.000000 0.000000 0.000000 0.000000 1.000000 0.000000 0.000000 0.000000 0.000000 1.000000
1.000000 0.000000 0.000000 0.000000 0.000000 1.000000 0.000000 0.000000 0.000000 0.000000 1.000000 0.000000 0.000000 0.000000 0.000000 1.000000
1.000000 0.000000 0.000000 0.000000 0.000000 1.000000 0.000000 0.000000 0.000000 0.000000 1.000000 0.000000 0.000000 0.000000 0.000000 1.000000
1.000000 0.000000 0.000000 0.000000 0.000000 1.000000 0.000000 0.000000 0.000000 0.000000 1.000000 0.000000 0.000000 0.000000 0.000000 1.000000
1.000000 0.000000 0.000000 0.000000 0.000000 1.000000 0.000000 0.000000 0.000000 0.000000 1.000000 0.000000 0.000000 0.000000 0.000000 1.000000
1.000000 0.000000 0.000000 0.000000 0.000000 1.000000 0.000000 0.000000 0.000000 0.000000 1.000000 0.000000 0.000000 0.000000 0.000000 1.000000
1.000000 0.000000 0.000000 0.000000 0.000000 1.000000 0.000000 0.000000 0.000000 0.000000 1.000000 0.000000 0.000000 0.000000 0.000000 1.000000
1.000000 0.000000 0.000000 0.000000 0.000000 1.000000 0.000000 0.000000 0.000000 0.000000 1.000000 0.000000 0.000000 0.000000 0.000000 1.000000
1.000000 0.000000 0.000000 0.000000 0.000000 1.000000 0.000000 0.000000 0.000000 0.000000 1.000000 0.000000 0.000000 0.000000 0.000000 1.000000
1.000000 0.000000 0.000000 0.000000 0.000000 1.000000 0.000000 0.000000 0.000000 0.000000 1.000000 0.000000 0.000000 0.000000 0.000000 1.000000
1.000000 0.000000 0.000000 0.000000 0.000000 1.000000 0.000000 0.000000 0.000000 0.000000 1.000000 0.000000 0.000000 0.000000 0.000000 1.000000</float_array><technique_common><accessor source="#root_jnt-Matrix-animation-output-transform-array" count="29" stride="16"><param type="float4x4"/></accessor></technique_common></source><source id="root_jnt-Interpolations"><Name_array id="root_jnt-Interpolations-array" count="29">
 LINEAR LINEAR LINEAR LINEAR LINEAR LINEAR LINEAR LINEAR LINEAR LINEAR LINEAR
LINEAR LINEAR LINEAR LINEAR LINEAR LINEAR LINEAR LINEAR LINEAR LINEAR LINEAR LINEAR
LINEAR LINEAR LINEAR LINEAR LINEAR LINEAR</Name_array><technique_common><accessor source="#root_jnt-Interpolations-array" count="29"><param type="name"/></accessor></technique_common></source><sampler id="root_jnt-Matrix-animation-transform"><input semantic="INPUT" source="#root_jnt-Matrix-animation-input"/><input semantic="OUTPUT" source="#root_jnt-Matrix-animation-output-transform"/><input semantic="INTERPOLATION" source="#root_jnt-Interpolations"/></sampler><channel source="#root_jnt-Matrix-animation-transform" target="root_jnt/matrix"/></animation></animation>
    <animation id="jnt_spine2-anim" name="jnt_spine2"><animation><source id="jnt_spine2-Matrix-animation-input"><float_array id="jnt_spine2-Matrix-animation-input-array" count="29">

0.000000 0.033333 0.066667 0.100000 0.133333 0.166667 0.200000 0.233333 0.266667 0.300000 0.333333 0.366667 0.400000 0.433333 0.466667 0.500000
0.533333 0.566667 0.600000 0.633333 0.666667 0.700000 0.733333 0.766667 0.800000 0.833333 0.866667 0.900000 0.933333</float_array><technique_common><accessor source="#jnt_spine2-Matrix-animation-input-array" count="29"><param name="TIME" type="float"/></accessor></technique_common></source><source id="jnt_spine2-Matrix-animation-output-transform"><float_array id="jnt_spine2-Matrix-animation-output-transform-array" count="464">

0.972531 0.189280 -0.135487 -0.467351 -0.195311 0.980200 -0.032577 8.363968 0.126638 0.058145 0.990243 -0.277140 0.000000 0.000000 0.000000 1.000000
0.978947 0.191886 -0.069589 -0.520383 -0.195649 0.979296 -0.051975 8.173482 0.058175 0.064496 0.996221 0.697716 0.000000 0.000000 0.000000 1.000000
0.981102 0.193301 -0.008604 -0.652961 -0.193363 0.977853 -0.080086 7.697267 -0.007067 0.080236 0.996751 1.259261 0.000000 0.000000 0.000000 1.000000
0.979865 0.194758 0.043976 -0.825314 -0.188859 0.975555 -0.112357 7.078188 -0.064783 0.101789 0.992694 1.516357 0.000000 0.000000 0.000000 1.000000
0.976900 0.196140 0.084832 -0.997666 -0.182712 0.972497 -0.144449 6.459109 -0.110832 0.125613 0.985869 1.577864 0.000000 0.000000 0.000000 1.000000
0.974281 0.196169 0.110875 -1.130245 -0.175552 0.969274 -0.172306 5.982895 -0.141270 0.148410 0.978784 1.155630 0.000000 0.000000 0.000000 1.000000
0.973967 0.192844 0.119157 -1.183276 -0.167932 0.966887 -0.192166 5.792409 -0.152270 0.167153 0.974102 0.147712 0.000000 0.000000 0.000000 1.000000
0.986258 0.163933 0.020529 -1.133309 -0.157260 0.969595 -0.187498 5.880474 -0.050642 0.181693 0.982050 -1.057719 0.000000 0.000000 0.000000 1.000000
0.980502 0.112455 -0.161150 -1.008650 -0.139216 0.976290 -0.165762 6.094740 0.138688 0.184964 0.972910 -2.072489 0.000000 0.000000 0.000000 1.000000
0.963207 0.094304 -0.251672 -0.847161 -0.122924 0.987314 -0.100503 6.360316 0.239001 0.127741 0.962580 -2.508427 0.000000 0.000000 0.000000 1.000000
0.973852 0.112163 -0.197564 -0.686705 -0.118345 0.992777 -0.019729 6.602308 0.193924 0.042594 0.980091 -2.548141 0.000000 0.000000 0.000000 1.000000
0.984226 0.121250 -0.128832 -0.565145 -0.118687 0.992553 0.027416 6.993012 0.131196 -0.011693 0.991287 -2.579290 0.000000 0.000000 0.000000 1.000000
0.985739 0.139568 -0.094017 -0.500018 -0.139203 0.990209 0.010457 7.585755 0.094556 0.002780 0.995516 -2.253058 0.000000 0.000000 0.000000 1.000000
0.982726 0.175107 -0.059893 -0.472818 -0.176723 0.983997 -0.022788 8.127190 0.054945 0.032978 0.997945 -1.415237 0.000000 0.000000 0.000000 1.000000
0.980324 0.195735 -0.025557 -0.467351 -0.196876 0.978904 -0.054654 8.363968 0.014320 0.058610 0.998178 -0.277140 0.000000 0.000000 0.000000 1.000000
0.983475 0.180551 0.013350 -0.520383 -0.179262 0.981465 -0.067767 8.150822 -0.025338 0.064254 0.997612 0.697716 0.000000 0.000000 0.000000 1.000000
0.988917 0.139156 0.051754 -0.652961 -0.134879 0.987742 -0.078571 7.617957 -0.062053 0.070719 0.995564 1.259261 0.000000 0.000000 0.000000 1.000000
0.992604 0.087622 0.084026 -0.825314 -0.076972 0.989474 -0.122540 6.925233 -0.093879 0.115166 0.988900 1.516357 0.000000 0.000000 0.000000 1.000000
0.992721 0.042090 0.112842 -0.997666 -0.019090 0.980091 -0.197629 6.232509 -0.118914 0.194036 0.973760 1.577864 0.000000 0.000000 0.000000 1.000000
0.990483 0.013804 0.136941 -1.130245 0.025277 0.959791 -0.279576 5.699644 -0.135294 0.280376 0.950308 1.155630 0.000000 0.000000 0.000000 1.000000
0.989053 0.009111 0.147279 -1.183276 0.042962 0.937073 -0.346481 5.486498 -0.141168 0.349016 0.926423 0.147712 0.000000 0.000000 0.000000 1.000000
0.997587 0.036153 0.059264 -1.136815 -0.010840 0.924345 -0.381404 5.511949 -0.068570 0.379841 0.922507 -1.057719 0.000000 0.000000 0.000000 1.000000
0.990375 0.081050 -0.112194 -1.020517 -0.111052 0.949136 -0.294633 5.604620 0.082607 0.304257 0.949002 -2.072489 0.000000 0.000000 0.000000 1.000000
0.964443 0.125675 -0.232498 -0.869006 -0.161526 0.976576 -0.142157 5.788996 0.209187 0.174657 0.962152 -2.508427 0.000000 0.000000 0.000000 1.000000
0.956258 0.126422 -0.263797 -0.716911 -0.136825 0.990365 -0.021365 6.089555 0.258555 0.056524 0.964341 -2.457554 0.000000 0.000000 0.000000 1.000000
0.956758 0.121250 -0.264411 -0.598858 -0.113723 0.992553 0.043650 6.530780 0.267734 -0.011693 0.963422 -2.246002 0.000000 0.000000 0.000000 1.000000
0.959729 0.137060 -0.245224 -0.524990 -0.134296 0.990544 0.028039 7.237037 0.246748 0.006023 0.969061 -1.836756 0.000000 0.000000 0.000000 1.000000
0.965523 0.168706 -0.198253 -0.481559 -0.173189 0.984874 -0.005369 8.004189 0.194348 0.039519 0.980136 -1.192806 0.000000 0.000000 0.000000 1.000000
0.972531 0.189280 -0.135487 -0.467351 -0.195311 0.980200 -0.032577 8.363968 0.126638 0.058145 0.990243 -0.277140 0.000000 0.000000 0.000000 1.000000</float_array><technique_common><accessor source="#jnt_spine2-Matrix-animation-output-transform-array" count="29" stride="16"><param type="float4x4"/></accessor></technique_common></source><source id="jnt_spine2-Interpolations"><Name_array id="jnt_spine2-Interpolations-array" count="29">
 LINEAR LINEAR LINEAR LINEAR LINEAR LINEAR LINEAR LINEAR LINEAR LINEAR LINEAR
LINEAR LINEAR LINEAR LINEAR LINEAR LINEAR LINEAR LINEAR LINEAR LINEAR LINEAR LINEAR
LINEAR LINEAR LINEAR LINEAR LINEAR LINEAR</Name_array><technique_common><accessor source="#jnt_spine2-Interpolations-array" count="29"><param type="name"/></accessor></technique_common></source><sampler id="jnt_spine2-Matrix-animation-transform"><input semantic="INPUT" source="#jnt_spine2-Matrix-animation-input"/><input semantic="OUTPUT" source="#jnt_spine2-Matrix-animation-output-transform"/><input semantic="INTERPOLATION" source="#jnt_spine2-Interpolations"/></sampler><channel source="#jnt_spine2-Matrix-animation-transform" target="jnt_spine2/matrix"/></animation></animation>
    <animation id="neck_jnt-anim" name="neck_jnt"><animation><source id="neck_jnt-Matrix-animation-input"><float_array id="neck_jnt-Matrix-animation-input-array" count="29">

0.000000 0.033333 0.066667 0.100000 0.133333 0.166667 0.200000 0.233333 0.266667 0.300000 0.333333 0.366667 0.400000 0.433333 0.466667 0.500000
0.533333 0.566667 0.600000 0.633333 0.666667 0.700000 0.733333 0.766667 0.800000 0.833333 0.866667 0.900000 0.933333</float_array><technique_common><accessor source="#neck_jnt-Matrix-animation-input-array" count="29"><param name="TIME" type="float"/></accessor></technique_common></source><source id="neck_jnt-Matrix-animation-output-transform"><float_array id="neck_jnt-Matrix-animation-output-transform-array" count="464">

1.000000 -0.000000 0.000000 1.220000 0.000000 1.000000 0.000000 2.357033 -0.000000 -0.000000 1.000000 2.698746 0.000000 0.000000 0.000000 1.000000
1.000000 -0.000000 0.000000 1.220000 0.000000 1.000000 0.000000 2.357033 -0.000000 -0.000000 1.000000 2.698746 0.000000 0.000000 0.000000 1.000000
1.000000 -0.000000 0.000000 1.220000 0.000000 1.000000 0.000000 2.357033 -0.000000 -0.000000 1.000000 2.698746 0.000000 0.000000 0.000000 1.000000
1.000000 -0.000000 0.000000 1.220000 0.000000 1.000000 0.000000 2.357033 -0.000000 -0.000000 1.000000 2.698746 0.000000 0.000000 0.000000 1.000000
1.000000 -0.000000 0.000000 1.220000 0.000000 1.000000 0.000000 2.357033 -0.000000 -0.000000 1.000000 2.698746 0.000000 0.000000 0.000000 1.000000
1.000000 -0.000000 0.000000 1.220000 0.000000 1.000000 0.000000 2.357033 -0.000000 -0.000000 1.000000 2.698746 0.000000 0.000000 0.000000 1.000000
1.000000 -0.000000 0.000000 1.220000 0.000000 1.000000 0.000000 2.357033 -0.000000 -0.000000 1.000000 2.698746 0.000000 0.000000 0.000000 1.000000
1.000000 -0.000000 0.000000 1.220000 0.000000 1.000000 0.000000 2.357033 -0.000000 -0.000000 1.000000 2.698746 0.000000 0.000000 0.000000 1.000000
1.000000 -0.000000 0.000000 1.220000 0.000000 1.000000 0.000000 2.357033 -0.000000 -0.000000 1.000000 2.698746 0.000000 0.000000 0.000000 1.000000
1.000000 -0.000000 0.000000 1.220000 0.000000 1.000000 0.000000 2.357033 -0.000000 -0.000000 1.000000 2.698746 0.000000 0.000000 0.000000 1.000000
1.000000 -0.000000 0.000000 1.220000 0.000000 1.000000 0.000000 2.357033 -0.000000 -0.000000 1.000000 2.698746 0.000000 0.000000 0.000000 1.000000
1.000000 -0.000000 0.000000 1.220000 0.000000 1.000000 0.000000 2.357033 -0.000000 -0.000000 1.000000 2.698746 0.000000 0.000000 0.000000 1.000000
1.000000 -0.000000 0.000000 1.220000 0.000000 1.000000 0.000000 2.357033 -0.000000 -0.000000 1.000000 2.698746 0.000000 0.000000 0.000000 1.000000
1.000000 -0.000000 0.000000 1.220000 0.000000 1.000000 0.000000 2.357033 -0.000000 -0.000000 1.000000 2.698746 0.000000 0.000000 0.000000 1.000000
1.000000 -0.000000 0.000000 1.220000 0.000000 1.000000 0.000000 2.357033 -0.000000 -0.000000 1.000000 2.698746 0.000000 0.000000 0.000000 1.000000
1.000000 -0.000000 0.000000 1.220000 0.000000 1.000000 0.000000 2.357033 -0.000000 -0.000000 1.000000 2.698746 0.000000 0.000000 0.000000 1.000000
1.000000 -0.000000 0.000000 1.220000 0.000000 1.000000 0.000000 2.357033 -0.000000 -0.000000 1.000000 2.698746 0.000000 0.000000 0.000000 1.000000
1.000000 -0.000000 0.000000 1.220000 0.000000 1.000000 0.000000 2.357033 -0.000000 -0.000000 1.000000 2.698746 0.000000 0.000000 0.000000 1.000000
1.000000 -0.000000 0.000000 1.220000 0.000000 1.000000 0.000000 2.357033 -0.000000 -0.000000 1.000000 2.698746 0.000000 0.000000 0.000000 1.000000
1.000000 -0.000000 0.000000 1.220000 0.000000 1.000000 0.000000 2.357033 -0.000000 -0.000000 1.000000 2.698746 0.000000 0.000000 0.000000 1.000000
1.000000 -0.000000 0.000000 1.220000 0.000000 1.000000 0.000000 2.357033 -0.000000 -0.000000 1.000000 2.698746 0.000000 0.000000 0.000000 1.000000
1.000000 -0.000000 0.000000 1.220000 0.000000 1.000000 0.000000 2.357033 -0.000000 -0.000000 1.000000 2.698746 0.000000 0.000000 0.000000 1.000000
1.000000 -0.000000 0.000000 1.220000 0.000000 1.000000 0.000000 2.357033 -0.000000 -0.000000 1.000000 2.698746 0.000000 0.000000 0.000000 1.000000
1.000000 -0.000000 0.000000 1.220000 0.000000 1.000000 0.000000 2.357033 -0.000000 -0.000000 1.000000 2.698746 0.000000 0.000000 0.000000 1.000000
1.000000 -0.000000 0.000000 1.220000 0.000000 1.000000 0.000000 2.357033 -0.000000 -0.000000 1.000000 2.698746 0.000000 0.000000 0.000000 1.000000
1.000000 -0.000000 0.000000 1.220000 0.000000 1.000000 0.000000 2.357033 -0.000000 -0.000000 1.000000 2.698746 0.000000 0.000000 0.000000 1.000000
1.000000 -0.000000 0.000000 1.220000 0.000000 1.000000 0.000000 2.357033 -0.000000 -0.000000 1.000000 2.698746 0.000000 0.000000 0.000000 1.000000
1.000000 -0.000000 0.000000 1.220000 0.000000 1.000000 0.000000 2.357033 -0.000000 -0.000000 1.000000 2.698746 0.000000 0.000000 0.000000 1.000000
1.000000 -0.000000 0.000000 1.220000 0.000000 1.000000 0.000000 2.357033 -0.000000 -0.000000 1.000000 2.698746 0.000000 0.000000 0.000000 1.000000</float_array><technique_common><accessor source="#neck_jnt-Matrix-animation-output-transform-array" count="29" stride="16"><param type="float4x4"/></accessor></technique_common></source><source id="neck_jnt-Interpolations"><Name_array id="neck_jnt-Interpolations-array" count="29">
 LINEAR LINEAR LINEAR LINEAR LINEAR LINEAR LINEAR LINEAR LINEAR LINEAR LINEAR
LINEAR LINEAR LINEAR LINEAR LINEAR LINEAR LINEAR LINEAR LINEAR LINEAR LINEAR LINEAR
LINEAR LINEAR LINEAR LINEAR LINEAR LINEAR</Name_array><technique_common><accessor source="#neck_jnt-Interpolations-array" count="29"><param type="name"/></accessor></technique_common></source><sampler id="neck_jnt-Matrix-animation-transform"><input semantic="INPUT" source="#neck_jnt-Matrix-animation-input"/><input semantic="OUTPUT" source="#neck_jnt-Matrix-animation-output-transform"/><input semantic="INTERPOLATION" source="#neck_jnt-Interpolations"/></sampler><channel source="#neck_jnt-Matrix-animation-transform" target="neck_jnt/matrix"/></animation></animation>
    <animation id="head_jnt-anim" name="head_jnt"><animation><source id="head_jnt-Matrix-animation-input"><float_array id="head_jnt-Matrix-animation-input-array" count="29">

0.000000 0.033333 0.066667 0.100000 0.133333 0.166667 0.200000 0.233333 0.266667 0.300000 0.333333 0.366667 0.400000 0.433333 0.466667 0.500000
0.533333 0.566667 0.600000 0.633333 0.666667 0.700000 0.733333 0.766667 0.800000 0.833333 0.866667 0.900000 0.933333</float_array><technique_common><accessor source="#head_jnt-Matrix-animation-input-array" count="29"><param name="TIME" type="float"/></accessor></technique_common></source><source id="head_jnt-Matrix-animation-output-transform"><float_array id="head_jnt-Matrix-animation-output-transform-array" count="464">

0.967853 -0.159024 0.194866 -0.068576 0.165175 0.986140 -0.015625 0.393787 -0.189680 0.047310 0.980705 0.070697 0.000000 0.000000 0.000000 1.000000
0.970299 -0.159994 0.181446 -0.068576 0.164969 0.986219 -0.012565 0.393787 -0.176935 0.042125 0.983321 0.070697 0.000000 0.000000 0.000000 1.000000
0.975954 -0.161843 0.146016 -0.068576 0.164434 0.986371 -0.005777 0.393787 -0.143091 0.029648 0.989265 0.070697 0.000000 0.000000 0.000000 1.000000
0.981958 -0.163006 0.095847 -0.068576 0.163651 0.986518 0.001152 0.393787 -0.094742 0.014554 0.995395 0.070697 0.000000 0.000000 0.000000 1.000000
0.985901 -0.162853 0.038447 -0.068576 0.162798 0.986649 0.004558 0.393787 -0.038676 0.001766 0.999250 0.070697 0.000000 0.000000 0.000000 1.000000
0.986579 -0.162238 -0.018450 -0.068576 0.162277 0.986745 0.000637 0.393787 0.018103 -0.003622 0.999830 0.070697 0.000000 0.000000 0.000000 1.000000
0.973272 -0.193635 -0.123482 -0.049917 0.184016 0.979227 -0.085158 0.286357 0.137406 0.060159 0.988686 0.092049 0.000000 0.000000 0.000000 1.000000
0.975745 -0.218845 -0.005309 -0.050719 0.218585 0.975335 -0.030698 0.290973 0.011896 0.028793 0.999515 0.091131 0.000000 0.000000 0.000000 1.000000
0.959582 -0.239065 0.148495 -0.052833 0.235757 0.970999 0.039752 0.303143 -0.153692 -0.003137 0.988114 0.088712 0.000000 0.000000 0.000000 1.000000
0.954226 -0.202423 0.220178 -0.055821 0.205861 0.978553 0.007467 0.320348 -0.216968 0.038201 0.975431 0.085293 0.000000 0.000000 0.000000 1.000000
0.955610 -0.128754 0.265011 -0.059247 0.153891 0.985138 -0.076296 0.340072 -0.251249 0.113693 0.961222 0.081373 0.000000 0.000000 0.000000 1.000000
0.956872 -0.087849 0.276911 -0.062672 0.126299 0.984187 -0.124200 0.359796 -0.261621 0.153817 0.952835 0.077453 0.000000 0.000000 0.000000 1.000000
0.960373 -0.107909 0.256982 -0.065661 0.136349 0.986047 -0.095503 0.377001 -0.243091 0.126758 0.961686 0.074033 0.000000 0.000000 0.000000 1.000000
0.965661 -0.142216 0.217426 -0.067774 0.155078 0.986957 -0.043195 0.389171 -0.208447 0.075430 0.975121 0.071615 0.000000 0.000000 0.000000 1.000000
0.967853 -0.159024 0.194866 -0.068576 0.165175 0.986140 -0.015625 0.393787 -0.189680 0.047310 0.980705 0.070697 0.000000 0.000000 0.000000 1.000000
0.970299 -0.159994 0.181446 -0.068576 0.164969 0.986219 -0.012565 0.393787 -0.176935 0.042125 0.983321 0.070697 0.000000 0.000000 0.000000 1.000000
0.975954 -0.161843 0.146016 -0.068576 0.164434 0.986371 -0.005777 0.393787 -0.143091 0.029648 0.989265 0.070697 0.000000 0.000000 0.000000 1.000000
0.981958 -0.163006 0.095847 -0.068576 0.163651 0.986518 0.001152 0.393787 -0.094742 0.014554 0.995395 0.070697 0.000000 0.000000 0.000000 1.000000
0.985901 -0.162853 0.038447 -0.068576 0.162798 0.986649 0.004558 0.393787 -0.038676 0.001766 0.999250 0.070697 0.000000 0.000000 0.000000 1.000000
0.986579 -0.162238 -0.018450 -0.068576 0.162277 0.986745 0.000637 0.393787 0.018103 -0.003622 0.999830 0.070697 0.000000 0.000000 0.000000 1.000000
0.973272 -0.193635 -0.123482 -0.049917 0.184016 0.979227 -0.085158 0.286357 0.137406 0.060159 0.988686 0.092049 0.000000 0.000000 0.000000 1.000000
0.975745 -0.218845 -0.005309 -0.050719 0.218585 0.975335 -0.030698 0.290973 0.011896 0.028793 0.999515 0.091131 0.000000 0.000000 0.000000 1.000000
0.959582 -0.239065 0.148495 -0.052833 0.235757 0.970999 0.039752 0.303143 -0.153692 -0.003137 0.988114 0.088712 0.000000 0.000000 0.000000 1.000000
0.954226 -0.202423 0.220178 -0.055821 0.205861 0.978553 0.007467 0.320348 -0.216968 0.038201 0.975431 0.085293 0.000000 0.000000 0.000000 1.000000
0.955610 -0.128754 0.265011 -0.059247 0.153891 0.985138 -0.076296 0.340072 -0.251249 0.113693 0.961222 0.081373 0.000000 0.000000 0.000000 1.000000
0.956872 -0.087849 0.276911 -0.062672 0.126299 0.984187 -0.124200 0.359796 -0.261621 0.153817 0.952835 0.077453 0.000000 0.000000 0.000000 1.000000
0.960373 -0.107909 0.256982 -0.065661 0.136349 0.986047 -0.095503 0.377001 -0.243091 0.126758 0.961686 0.074033 0.000000 0.000000 0.000000 1.000000
0.965661 -0.142216 0.217426 -0.067774 0.155078 0.986957 -0.043195 0.389171 -0.208447 0.075430 0.975121 0.071615 0.000000 0.000000 0.000000 1.000000
0.967853 -0.159024 0.194866 -0.068576 0.165175 0.986140 -0.015625 0.393787 -0.189680 0.047310 0.980705 0.070697 0.000000 0.000000 0.000000 1.000000</float_array><technique_common><accessor source="#head_jnt-Matrix-animation-output-transform-array" count="29" stride="16"><param type="float4x4"/></accessor></technique_common></source><source id="head_jnt-Interpolations"><Name_array id="head_jnt-Interpolations-array" count="29">
 LINEAR LINEAR LINEAR LINEAR LINEAR LINEAR LINEAR LINEAR LINEAR LINEAR LINEAR
LINEAR LINEAR LINEAR LINEAR LINEAR LINEAR LINEAR LINEAR LINEAR LINEAR LINEAR LINEAR
LINEAR LINEAR LINEAR LINEAR LINEAR LINEAR</Name_array><technique_common><accessor source="#head_jnt-Interpolations-array" count="29"><param type="name"/></accessor></technique_common></source><sampler id="head_jnt-Matrix-animation-transform"><input semantic="INPUT" source="#head_jnt-Matrix-animation-input"/><input semantic="OUTPUT" source="#head_jnt-Matrix-animation-output-transform"/><input semantic="INTERPOLATION" source="#head_jnt-Interpolations"/></sampler><channel source="#head_jnt-Matrix-animation-transform" target="head_jnt/matrix"/></animation></animation>
    <animation id="r_arm01_jnt-anim" name="r_arm01_jnt"><animation><source id="r_arm01_jnt-Matrix-animation-input"><float_array id="r_arm01_jnt-Matrix-animation-input-array" count="29">

0.000000 0.033333 0.066667 0.100000 0.133333 0.166667 0.200000 0.233333 0.266667 0.300000 0.333333 0.366667 0.400000 0.433333 0.466667 0.500000
0.533333 0.566667 0.600000 0.633333 0.666667 0.700000 0.733333 0.766667 0.800000 0.833333 0.866667 0.900000 0.933333</float_array><technique_common><accessor source="#r_arm01_jnt-Matrix-animation-input-array" count="29"><param name="TIME" type="float"/></accessor></technique_common></source><source id="r_arm01_jnt-Matrix-animation-output-transform"><float_array id="r_arm01_jnt-Matrix-animation-output-transform-array" count="464">

-0.896089 0.091295 -0.434385 -2.858765 0.278249 0.878005 -0.389468 2.350029 0.345835 -0.469865 -0.812173 -0.000000 0.000000 0.000000 0.000000 1.000000
-0.896089 0.091295 -0.434385 -2.858765 0.278249 0.878005 -0.389468 2.350029 0.345835 -0.469865 -0.812173 -0.000000 0.000000 0.000000 0.000000 1.000000
-0.896089 0.091295 -0.434385 -2.858765 0.278249 0.878005 -0.389468 2.350029 0.345835 -0.469865 -0.812173 -0.000000 0.000000 0.000000 0.000000 1.000000
-0.896089 0.091295 -0.434385 -2.858765 0.278249 0.878005 -0.389468 2.350029 0.345835 -0.469865 -0.812173 -0.000000 0.000000 0.000000 0.000000 1.000000
-0.896089 0.091295 -0.434385 -2.858765 0.278249 0.878005 -0.389468 2.350029 0.345835 -0.469865 -0.812173 -0.000000 0.000000 0.000000 0.000000 1.000000
-0.896089 0.091295 -0.434385 -2.858765 0.278249 0.878005 -0.389468 2.350029 0.345835 -0.469865 -0.812173 -0.000000 0.000000 0.000000 0.000000 1.000000
-0.896089 0.091295 -0.434385 -2.858765 0.278249 0.878005 -0.389468 2.350029 0.345835 -0.469865 -0.812173 -0.000000 0.000000 0.000000 0.000000 1.000000
-0.896089 0.091295 -0.434385 -2.858765 0.278249 0.878005 -0.389468 2.350029 0.345835 -0.469865 -0.812173 -0.000000 0.000000 0.000000 0.000000 1.000000
-0.896089 0.091295 -0.434385 -2.858765 0.278249 0.878005 -0.389468 2.350029 0.345835 -0.469865 -0.812173 -0.000000 0.000000 0.000000 0.000000 1.000000
-0.896089 0.091295 -0.434385 -2.858765 0.278249 0.878005 -0.389468 2.350029 0.345835 -0.469865 -0.812173 -0.000000 0.000000 0.000000 0.000000 1.000000
-0.896089 0.091295 -0.434385 -2.858765 0.278249 0.878005 -0.389468 2.350029 0.345835 -0.469865 -0.812173 -0.000000 0.000000 0.000000 0.000000 1.000000
-0.896089 0.091295 -0.434385 -2.858765 0.278249 0.878005 -0.389468 2.350029 0.345835 -0.469865 -0.812173 -0.000000 0.000000 0.000000 0.000000 1.000000
-0.896089 0.091295 -0.434385 -2.858765 0.278249 0.878005 -0.389468 2.350029 0.345835 -0.469865 -0.812173 -0.000000 0.000000 0.000000 0.000000 1.000000
-0.896089 0.091295 -0.434385 -2.858765 0.278249 0.878005 -0.389468 2.350029 0.345835 -0.469865 -0.812173 -0.000000 0.000000 0.000000 0.000000 1.000000
-0.896089 0.091295 -0.434385 -2.858765 0.278249 0.878005 -0.389468 2.350029 0.345835 -0.469865 -0.812173 -0.000000 0.000000 0.000000 0.000000 1.000000
-0.896089 0.091295 -0.434385 -2.858765 0.278249 0.878005 -0.389468 2.350029 0.345835 -0.469865 -0.812173 -0.000000 0.000000 0.000000 0.000000 1.000000
-0.896089 0.091295 -0.434385 -2.858765 0.278249 0.878005 -0.389468 2.350029 0.345835 -0.469865 -0.812173 -0.000000 0.000000 0.000000 0.000000 1.000000
-0.896089 0.091295 -0.434385 -2.858765 0.278249 0.878005 -0.389468 2.350029 0.345835 -0.469865 -0.812173 -0.000000 0.000000 0.000000 0.000000 1.000000
-0.896089 0.091295 -0.434385 -2.858765 0.278249 0.878005 -0.389468 2.350029 0.345835 -0.469865 -0.812173 -0.000000 0.000000 0.000000 0.000000 1.000000
-0.896089 0.091295 -0.434385 -2.858765 0.278249 0.878005 -0.389468 2.350029 0.345835 -0.469865 -0.812173 -0.000000 0.000000 0.000000 0.000000 1.000000
-0.896089 0.091295 -0.434385 -2.858765 0.278249 0.878005 -0.389468 2.350029 0.345835 -0.469865 -0.812173 -0.000000 0.000000 0.000000 0.000000 1.000000
-0.896089 0.091295 -0.434385 -2.858765 0.278249 0.878005 -0.389468 2.350029 0.345835 -0.469865 -0.812173 -0.000000 0.000000 0.000000 0.000000 1.000000
-0.896089 0.091295 -0.434385 -2.858765 0.278249 0.878005 -0.389468 2.350029 0.345835 -0.469865 -0.812173 -0.000000 0.000000 0.000000 0.000000 1.000000
-0.896089 0.091295 -0.434385 -2.858765 0.278249 0.878005 -0.389468 2.350029 0.345835 -0.469865 -0.812173 -0.000000 0.000000 0.000000 0.000000 1.000000
-0.896089 0.091295 -0.434385 -2.858765 0.278249 0.878005 -0.389468 2.350029 0.345835 -0.469865 -0.812173 -0.000000 0.000000 0.000000 0.000000 1.000000
-0.896089 0.091295 -0.434385 -2.858765 0.278249 0.878005 -0.389468 2.350029 0.345835 -0.469865 -0.812173 -0.000000 0.000000 0.000000 0.000000 1.000000
-0.896089 0.091295 -0.434385 -2.858765 0.278249 0.878005 -0.389468 2.350029 0.345835 -0.469865 -0.812173 -0.000000 0.000000 0.000000 0.000000 1.000000
-0.896089 0.091295 -0.434385 -2.858765 0.278249 0.878005 -0.389468 2.350029 0.345835 -0.469865 -0.812173 -0.000000 0.000000 0.000000 0.000000 1.000000
-0.896089 0.091295 -0.434385 -2.858765 0.278249 0.878005 -0.389468 2.350029 0.345835 -0.469865 -0.812173 -0.000000 0.000000 0.000000 0.000000 1.000000</float_array><technique_common><accessor source="#r_arm01_jnt-Matrix-animation-output-transform-array" count="29" stride="16"><param type="float4x4"/></accessor></technique_common></source><source id="r_arm01_jnt-Interpolations"><Name_array id="r_arm01_jnt-Interpolations-array" count="29">
 LINEAR LINEAR LINEAR LINEAR LINEAR LINEAR LINEAR LINEAR LINEAR LINEAR LINEAR
LINEAR LINEAR LINEAR LINEAR LINEAR LINEAR LINEAR LINEAR LINEAR LINEAR LINEAR LINEAR
LINEAR LINEAR LINEAR LINEAR LINEAR LINEAR</Name_array><technique_common><accessor source="#r_arm01_jnt-Interpolations-array" count="29"><param type="name"/></accessor></technique_common></source><sampler id="r_arm01_jnt-Matrix-animation-transform"><input semantic="INPUT" source="#r_arm01_jnt-Matrix-animation-input"/><input semantic="OUTPUT" source="#r_arm01_jnt-Matrix-animation-output-transform"/><input semantic="INTERPOLATION" source="#r_arm01_jnt-Interpolations"/></sampler><channel source="#r_arm01_jnt-Matrix-animation-transform" target="r_arm01_jnt/matrix"/></animation></animation>
    <animation id="r_arm02_jnt-anim" name="r_arm02_jnt"><animation><source id="r_arm02_jnt-Matrix-animation-input"><float_array id="r_arm02_jnt-Matrix-animation-input-array" count="29">

0.000000 0.033333 0.066667 0.100000 0.133333 0.166667 0.200000 0.233333 0.266667 0.300000 0.333333 0.366667 0.400000 0.433333 0.466667 0.500000
0.533333 0.566667 0.600000 0.633333 0.666667 0.700000 0.733333 0.766667 0.800000 0.833333 0.866667 0.900000 0.933333</float_array><technique_common><accessor source="#r_arm02_jnt-Matrix-animation-input-array" count="29"><param name="TIME" type="float"/></accessor></technique_common></source><source id="r_arm02_jnt-Matrix-animation-output-transform"><float_array id="r_arm02_jnt-Matrix-animation-output-transform-array" count="464">

0.580327 0.442157 0.683899 1.138730 0.808733 -0.214136 -0.547811 0.000000 -0.095770 0.871001 -0.481856 -0.000000 0.000000 0.000000 0.000000 1.000000
0.592154 0.436015 0.677676 1.138730 0.799094 -0.209260 -0.563613 0.000000 -0.103933 0.875272 -0.472331 -0.000000 0.000000 0.000000 0.000000 1.000000
0.621591 0.421147 0.660500 1.138730 0.773467 -0.196513 -0.602604 0.000000 -0.123988 0.885448 -0.447894 -0.000000 0.000000 0.000000 0.000000 1.000000
0.659384 0.402993 0.634673 1.138730 0.736833 -0.178766 -0.652012 0.000000 -0.149298 0.897574 -0.414814 -0.000000 0.000000 0.000000 0.000000 1.000000
0.696833 0.386637 0.604098 1.138730 0.695774 -0.159914 -0.700233 0.000000 -0.174133 0.908262 -0.380445 -0.000000 0.000000 0.000000 0.000000 1.000000
0.726542 0.376342 0.574894 1.138730 0.659109 -0.145248 -0.737888 0.000000 -0.194196 0.915025 -0.353579 -0.000000 0.000000 0.000000 0.000000 1.000000
0.742555 0.375471 0.554647 1.138730 0.637239 -0.141041 -0.757650 0.000000 -0.206247 0.916040 -0.343996 -0.000000 0.000000 0.000000 0.000000 1.000000
0.748268 0.381531 0.542705 1.138730 0.628526 -0.145988 -0.763965 0.000000 -0.212248 0.912755 -0.349040 -0.000000 0.000000 0.000000 0.000000 1.000000
0.750575 0.389852 0.533529 1.138730 0.624454 -0.154436 -0.765642 0.000000 -0.216091 0.907836 -0.359360 -0.000000 0.000000 0.000000 0.000000 1.000000
0.749441 0.400133 0.527477 1.138730 0.625374 -0.166270 -0.762405 0.000000 -0.217360 0.901248 -0.374842 -0.000000 0.000000 0.000000 0.000000 1.000000
0.744780 0.412132 0.524833 1.138730 0.631539 -0.181277 -0.753855 0.000000 -0.215547 0.892909 -0.395289 -0.000000 0.000000 0.000000 0.000000 1.000000
0.736427 0.425681 0.525805 1.138730 0.643077 -0.199141 -0.739455 0.000000 -0.210063 0.882688 -0.420398 -0.000000 0.000000 0.000000 0.000000 1.000000
0.724114 0.440701 0.530511 1.138730 0.659969 -0.219425 -0.718536 0.000000 -0.200252 0.870423 -0.449738 -0.000000 0.000000 0.000000 0.000000 1.000000
0.707444 0.457213 0.538962 1.138730 0.682016 -0.241567 -0.690290 0.000000 -0.185414 0.855922 -0.482721 -0.000000 0.000000 0.000000 0.000000 1.000000
0.685875 0.475342 0.551022 1.138730 0.708806 -0.264858 -0.653793 0.000000 -0.164833 0.838987 -0.518585 -0.000000 0.000000 0.000000 0.000000 1.000000
0.593729 0.536098 0.600071 1.138730 0.801432 -0.327196 -0.500649 0.000000 -0.072056 0.778166 -0.623912 -0.000000 0.000000 0.000000 0.000000 1.000000
0.509139 0.590216 0.626436 1.138730 0.860458 -0.365735 -0.354753 0.000000 0.019729 0.719641 -0.694066 -0.000000 0.000000 0.000000 0.000000 1.000000
0.506398 0.590134 0.628731 1.138730 0.862047 -0.364118 -0.352552 0.000000 0.020880 0.720528 -0.693112 -0.000000 0.000000 0.000000 0.000000 1.000000
0.498785 0.589876 0.635028 1.138730 0.866392 -0.359671 -0.346413 0.000000 0.024060 0.722968 -0.690462 -0.000000 0.000000 0.000000 0.000000 1.000000
0.487184 0.589404 0.644403 1.138730 0.872822 -0.353017 -0.336987 0.000000 0.028864 0.726623 -0.686429 -0.000000 0.000000 0.000000 0.000000 1.000000
0.472478 0.588674 0.655917 1.138730 0.880652 -0.344791 -0.324918 0.000000 0.034883 0.731151 -0.681323 -0.000000 0.000000 0.000000 0.000000 1.000000
0.455573 0.587666 0.668657 1.138730 0.889221 -0.335611 -0.310888 0.000000 0.041711 0.736216 -0.675460 -0.000000 0.000000 0.000000 0.000000 1.000000
0.437420 0.586396 0.681765 1.138730 0.897925 -0.326073 -0.295647 0.000000 0.048939 0.741496 -0.669170 -0.000000 0.000000 0.000000 0.000000 1.000000
0.419026 0.584927 0.694463 1.138730 0.906236 -0.316732 -0.280031 0.000000 0.056162 0.746687 -0.662800 -0.000000 0.000000 0.000000 0.000000 1.000000
0.401449 0.583364 0.706063 1.138730 0.913714 -0.308100 -0.264955 0.000000 0.062973 0.751505 -0.656715 -0.000000 0.000000 0.000000 0.000000 1.000000
0.385795 0.581853 0.715967 1.138730 0.920003 -0.300646 -0.251409 0.000000 0.068969 0.755685 -0.651294 -0.000000 0.000000 0.000000 0.000000 1.000000
0.373200 0.580560 0.723652 1.138730 0.924815 -0.294803 -0.240433 0.000000 0.073749 0.758974 -0.646931 -0.000000 0.000000 0.000000 0.000000 1.000000
0.364811 0.579663 0.728631 1.138730 0.927900 -0.290986 -0.233086 0.000000 0.076911 0.761129 -0.644024 -0.000000 0.000000 0.000000 0.000000 1.000000
0.361767 0.579331 0.730411 1.138730 0.928995 -0.289616 -0.230413 0.000000 0.078054 0.761904 -0.642969 -0.000000 0.000000 0.000000 0.000000 1.000000</float_array><technique_common><accessor source="#r_arm02_jnt-Matrix-animation-output-transform-array" count="29" stride="16"><param type="float4x4"/></accessor></technique_common></source><source id="r_arm02_jnt-Interpolations"><Name_array id="r_arm02_jnt-Interpolations-array" count="29">
 LINEAR LINEAR LINEAR LINEAR LINEAR LINEAR LINEAR LINEAR LINEAR LINEAR LINEAR
LINEAR LINEAR LINEAR LINEAR LINEAR LINEAR LINEAR LINEAR LINEAR LINEAR LINEAR LINEAR
LINEAR LINEAR LINEAR LINEAR LINEAR LINEAR</Name_array><technique_common><accessor source="#r_arm02_jnt-Interpolations-array" count="29"><param type="name"/></accessor></technique_common></source><sampler id="r_arm02_jnt-Matrix-animation-transform"><input semantic="INPUT" source="#r_arm02_jnt-Matrix-animation-input"/><input semantic="OUTPUT" source="#r_arm02_jnt-Matrix-animation-output-transform"/><input semantic="INTERPOLATION" source="#r_arm02_jnt-Interpolations"/></sampler><channel source="#r_arm02_jnt-Matrix-animation-transform" target="r_arm02_jnt/matrix"/></animation></animation>
    <animation id="r_arm03_jnt-anim" name="r_arm03_jnt"><animation><source id="r_arm03_jnt-Matrix-animation-input"><float_array id="r_arm03_jnt-Matrix-animation-input-array" count="29">

0.000000 0.033333 0.066667 0.100000 0.133333 0.166667 0.200000 0.233333 0.266667 0.300000 0.333333 0.366667 0.400000 0.433333 0.466667 0.500000
0.533333 0.566667 0.600000 0.633333 0.666667 0.700000 0.733333 0.766667 0.800000 0.833333 0.866667 0.900000 0.933333</float_array><technique_common><accessor source="#r_arm03_jnt-Matrix-animation-input-array" count="29"><param name="TIME" type="float"/></accessor></technique_common></source><source id="r_arm03_jnt-Matrix-animation-output-transform"><float_array id="r_arm03_jnt-Matrix-animation-output-transform-array" count="464">

0.792044 -0.431738 -0.431588 0.839582 -0.256749 0.405824 -0.877147 -0.000000 0.553847 0.805549 0.210582 -0.000000 0.000000 0.000000 0.000000 1.000000
0.761270 -0.475356 -0.441026 0.839582 -0.228640 0.439678 -0.868566 -0.000000 0.606788 0.762050 0.226028 -0.000000 0.000000 0.000000 0.000000 1.000000
0.675444 -0.570990 -0.466632 0.839582 -0.154007 0.509614 -0.846508 -0.000000 0.721150 0.643634 0.256279 -0.000000 0.000000 0.000000 0.000000 1.000000
0.551980 -0.666248 -0.501430 0.839582 -0.054069 0.571475 -0.818836 0.000000 0.832102 0.479093 0.279420 0.000000 0.000000 0.000000 0.000000 1.000000
0.432894 -0.727150 -0.532780 0.839582 0.034535 0.603974 -0.796256 -0.000000 0.900783 0.326295 0.286569 0.000000 0.000000 0.000000 0.000000 1.000000
0.377202 -0.747114 -0.547301 0.839582 0.069196 0.612038 -0.787795 -0.000000 0.923542 0.259287 0.282559 0.000000 0.000000 0.000000 0.000000 1.000000
0.378444 -0.740935 -0.554793 0.839582 0.058914 0.617437 -0.784411 -0.000000 0.923747 0.264171 0.277317 0.000000 0.000000 0.000000 0.000000 1.000000
0.394883 -0.725210 -0.564037 0.839582 0.036792 0.625921 -0.779018 -0.000000 0.917994 0.286869 0.273848 0.000000 0.000000 0.000000 0.000000 1.000000
0.432924 -0.704075 -0.562898 0.839582 -0.001395 0.623926 -0.781482 -0.000000 0.901429 0.339107 0.269131 0.000000 0.000000 0.000000 0.000000 1.000000
0.499004 -0.672708 -0.546314 0.839582 -0.056412 0.603858 -0.795093 -0.000000 0.864762 0.427573 0.263379 0.000000 0.000000 0.000000 0.000000 1.000000
0.582248 -0.624778 -0.520231 0.839582 -0.118710 0.567691 -0.814638 -0.000000 0.804298 0.536078 0.256369 0.000000 0.000000 0.000000 0.000000 1.000000
0.664560 -0.564271 -0.489856 0.839582 -0.176320 0.518630 -0.836621 -0.000000 0.726134 0.642356 0.245168 0.000000 0.000000 0.000000 0.000000 1.000000
0.732016 -0.501547 -0.461089 0.839582 -0.220571 0.465869 -0.856921 -0.000000 0.644593 0.728983 0.230397 -0.000000 0.000000 0.000000 0.000000 1.000000
0.776153 -0.451795 -0.439849 0.839582 -0.247578 0.423191 -0.871559 -0.000000 0.579906 0.785360 0.216607 -0.000000 0.000000 0.000000 0.000000 1.000000
0.792044 -0.431738 -0.431588 0.839582 -0.256749 0.405824 -0.877147 -0.000000 0.553847 0.805549 0.210582 -0.000000 0.000000 0.000000 0.000000 1.000000
