<?xml version="1.0" encoding="utf-8"?>
<COLLADA xmlns="http://www.collada.org/2005/11/COLLADASchema" version="1.4.1">
  <asset><contributor><author></author><authoring_tool>FBX COLLADA exporter</authoring_tool><comments></comments></contributor><created>2020-03-27T18:20:11Z</created><keywords></keywords><modified>2020-03-27T18:20:11Z</modified><revision></revision><subject></subject><title></title><unit meter="0.010000" name="centimeter"></unit><up_axis>Y_UP</up_axis></asset>
  <library_animations>
    <animation id="root_jnt-anim" name="root_jnt"><animation><source id="root_jnt-Matrix-animation-input"><float_array id="root_jnt-Matrix-animation-input-array" count="111">

0.000000 0.033333 0.066667 0.100000 0.133333 0.166667 0.200000 0.233333 0.266667 0.300000 0.333333 0.366667 0.400000 0.433333 0.466667 0.500000
0.533333 0.566667 0.600000 0.633333 0.666667 0.700000 0.733333 0.766667 0.800000 0.833333 0.866667 0.900000 0.933333 0.966667 1.000000 1.033333
1.066667 1.100000 1.133333 1.166667 1.200000 1.233333 1.266667 1.300000 1.333333 1.366667 1.400000 1.433333 1.466667 1.500000 1.533333 1.566667
1.600000 1.633333 1.666667 1.700000 1.733333 1.766667 1.800000 1.833333 1.866667 1.900000 1.933333 1.966667 2.000000 2.033333 2.066667 2.100000
2.133333 2.166667 2.200000 2.233333 2.266667 2.300000 2.333333 2.366667 2.400000 2.433333 2.466667 2.500000 2.533333 2.566667 2.600000 2.633333
2.666667 2.700000 2.733333 2.766667 2.800000 2.833333 2.866667 2.900000 2.933333 2.966667 3.000000 3.033333 3.066667 3.100000 3.133333 3.166667
3.200000 3.233333 3.266667 3.300000 3.333333 3.366667 3.400000 3.433333 3.466667 3.500000 3.533333 3.566667 3.600000 3.633333 3.666667</float_array><technique_common><accessor source="#root_jnt-Matrix-animation-input-array" count="111"><param name="TIME" type="float"/></accessor></technique_common></source><source id="root_jnt-Matrix-animation-output-transform"><float_array id="root_jnt-Matrix-animation-output-transform-array" count="1776">

1.000000 0.000000 0.000000 0.000000 0.000000 1.000000 0.000000 0.000000 0.000000 0.000000 1.000000 0.000000 0.000000 0.000000 0.000000 1.000000
1.000000 0.000000 0.000000 0.000000 0.000000 1.000000 0.000000 0.000000 0.000000 0.000000 1.000000 0.000000 0.000000 0.000000 0.000000 1.000000
1.000000 0.000000 0.000000 0.000000 0.000000 1.000000 0.000000 0.000000 0.000000 0.000000 1.000000 0.000000 0.000000 0.000000 0.000000 1.000000
1.000000 0.000000 0.000000 0.000000 0.000000 1.000000 0.000000 0.000000 0.000000 0.000000 1.000000 0.000000 0.000000 0.000000 0.000000 1.000000
1.000000 0.000000 0.000000 0.000000 0.000000 1.000000 0.000000 0.000000 0.000000 0.000000 1.000000 0.000000 0.000000 0.000000 0.000000 1.000000
1.000000 0.000000 0.000000 0.000000 0.000000 1.000000 0.000000 0.000000 0.000000 0.000000 1.000000 0.000000 0.000000 0.000000 0.000000 1.000000
1.000000 0.000000 0.000000 0.000000 0.000000 1.000000 0.000000 0.000000 0.000000 0.000000 1.000000 0.000000 0.000000 0.000000 0.000000 1.000000
1.000000 0.000000 0.000000 0.000000 0.000000 1.000000 0.000000 0.000000 0.000000 0.000000 1.000000 0.000000 0.000000 0.000000 0.000000 1.000000
1.000000 0.000000 0.000000 0.000000 0.000000 1.000000 0.000000 0.000000 0.000000 0.000000 1.000000 0.000000 0.000000 0.000000 0.000000 1.000000
1.000000 0.000000 0.000000 0.000000 0.000000 1.000000 0.000000 0.000000 0.000000 0.000000 1.000000 0.000000 0.000000 0.000000 0.000000 1.000000
1.000000 0.000000 0.000000 0.000000 0.000000 1.000000 0.000000 0.000000 0.000000 0.000000 1.000000 0.000000 0.000000 0.000000 0.000000 1.000000
1.000000 0.000000 0.000000 0.000000 0.000000 1.000000 0.000000 0.000000 0.000000 0.000000 1.000000 0.000000 0.000000 0.000000 0.000000 1.000000
1.000000 0.000000 0.000000 0.000000 0.000000 1.000000 0.000000 0.000000 0.000000 0.000000 1.000000 0.000000 0.000000 0.000000 0.000000 1.000000
1.000000 0.000000 0.000000 0.000000 0.000000 1.000000 0.000000 0.000000 0.000000 0.000000 1.000000 0.000000 0.000000 0.000000 0.000000 1.000000
1.000000 0.000000 0.000000 0.000000 0.000000 1.000000 0.000000 0.000000 0.000000 0.000000 1.000000 0.000000 0.000000 0.000000 0.000000 1.000000
1.000000 0.000000 0.000000 0.000000 0.000000 1.000000 0.000000 0.000000 0.000000 0.000000 1.000000 0.000000 0.000000 0.000000 0.000000 1.000000
1.000000 0.000000 0.000000 0.000000 0.000000 1.000000 0.000000 0.000000 0.000000 0.000000 1.000000 0.000000 0.000000 0.000000 0.000000 1.000000
1.000000 0.000000 0.000000 0.000000 0.000000 1.000000 0.000000 0.000000 0.000000 0.000000 1.000000 0.000000 0.000000 0.000000 0.000000 1.000000
1.000000 0.000000 0.000000 0.000000 0.000000 1.000000 0.000000 0.000000 0.000000 0.000000 1.000000 0.000000 0.000000 0.000000 0.000000 1.000000
1.000000 0.000000 0.000000 0.000000 0.000000 1.000000 0.000000 0.000000 0.000000 0.000000 1.000000 0.000000 0.000000 0.000000 0.000000 1.000000
1.000000 0.000000 0.000000 0.000000 0.000000 1.000000 0.000000 0.000000 0.000000 0.000000 1.000000 0.000000 0.000000 0.000000 0.000000 1.000000
1.000000 0.000000 0.000000 0.000000 0.000000 1.000000 0.000000 0.000000 0.000000 0.000000 1.000000 0.000000 0.000000 0.000000 0.000000 1.000000
1.000000 0.000000 0.000000 0.000000 0.000000 1.000000 0.000000 0.000000 0.000000 0.000000 1.000000 0.000000 0.000000 0.000000 0.000000 1.000000
1.000000 0.000000 0.000000 0.000000 0.000000 1.000000 0.000000 0.000000 0.000000 0.000000 1.000000 0.000000 0.000000 0.000000 0.000000 1.000000
1.000000 0.000000 0.000000 0.000000 0.000000 1.000000 0.000000 0.000000 0.000000 0.000000 1.000000 0.000000 0.000000 0.000000 0.000000 1.000000
1.000000 0.000000 0.000000 0.000000 0.000000 1.000000 0.000000 0.000000 0.000000 0.000000 1.000000 0.000000 0.000000 0.000000 0.000000 1.000000
1.000000 0.000000 0.000000 0.000000 0.000000 1.000000 0.000000 0.000000 0.000000 0.000000 1.000000 0.000000 0.000000 0.000000 0.000000 1.000000
1.000000 0.000000 0.000000 0.000000 0.000000 1.000000 0.000000 0.000000 0.000000 0.000000 1.000000 0.000000 0.000000 0.000000 0.000000 1.000000
1.000000 0.000000 0.000000 0.000000 0.000000 1.000000 0.000000 0.000000 0.000000 0.000000 1.000000 0.000000 0.000000 0.000000 0.000000 1.000000
1.000000 0.000000 0.000000 0.000000 0.000000 1.000000 0.000000 0.000000 0.000000 0.000000 1.000000 0.000000 0.000000 0.000000 0.000000 1.000000
1.000000 0.000000 0.000000 0.000000 0.000000 1.000000 0.000000 0.000000 0.000000 0.000000 1.000000 0.000000 0.000000 0.000000 0.000000 1.000000
1.000000 0.000000 0.000000 0.000000 0.000000 1.000000 0.000000 0.000000 0.000000 0.000000 1.000000 0.000000 0.000000 0.000000 0.000000 1.000000
1.000000 0.000000 0.000000 0.000000 0.000000 1.000000 0.000000 0.000000 0.000000 0.000000 1.000000 0.000000 0.000000 0.000000 0.000000 1.000000
1.000000 0.000000 0.000000 0.000000 0.000000 1.000000 0.000000 0.000000 0.000000 0.000000 1.000000 0.000000 0.000000 0.000000 0.000000 1.000000
1.000000 0.000000 0.000000 0.000000 0.000000 1.000000 0.000000 0.000000 0.000000 0.000000 1.000000 0.000000 0.000000 0.000000 0.000000 1.000000
1.000000 0.000000 0.000000 0.000000 0.000000 1.000000 0.000000 0.000000 0.000000 0.000000 1.000000 0.000000 0.000000 0.000000 0.000000 1.000000
1.000000 0.000000 0.000000 0.000000 0.000000 1.000000 0.000000 0.000000 0.000000 0.000000 1.000000 0.000000 0.000000 0.000000 0.000000 1.000000
1.000000 0.000000 0.000000 0.000000 0.000000 1.000000 0.000000 0.000000 0.000000 0.000000 1.000000 0.000000 0.000000 0.000000 0.000000 1.000000
1.000000 0.000000 0.000000 0.000000 0.000000 1.000000 0.000000 0.000000 0.000000 0.000000 1.000000 0.000000 0.000000 0.000000 0.000000 1.000000
1.000000 0.000000 0.000000 0.000000 0.000000 1.000000 0.000000 0.000000 0.000000 0.000000 1.000000 0.000000 0.000000 0.000000 0.000000 1.000000
1.000000 0.000000 0.000000 0.000000 0.000000 1.000000 0.000000 0.000000 0.000000 0.000000 1.000000 0.000000 0.000000 0.000000 0.000000 1.000000
1.000000 0.000000 0.000000 0.000000 0.000000 1.000000 0.000000 0.000000 0.000000 0.000000 1.000000 0.000000 0.000000 0.000000 0.000000 1.000000
1.000000 0.000000 0.000000 0.000000 0.000000 1.000000 0.000000 0.000000 0.000000 0.000000 1.000000 0.000000 0.000000 0.000000 0.000000 1.000000
1.000000 0.000000 0.000000 0.000000 0.000000 1.000000 0.000000 0.000000 0.000000 0.000000 1.000000 0.000000 0.000000 0.000000 0.000000 1.000000
1.000000 0.000000 0.000000 0.000000 0.000000 1.000000 0.000000 0.000000 0.000000 0.000000 1.000000 0.000000 0.000000 0.000000 0.000000 1.000000
1.000000 0.000000 0.000000 0.000000 0.000000 1.000000 0.000000 0.000000 0.000000 0.000000 1.000000 0.000000 0.000000 0.000000 0.000000 1.000000
1.000000 0.000000 0.000000 0.000000 0.000000 1.000000 0.000000 0.000000 0.000000 0.000000 1.000000 0.000000 0.000000 0.000000 0.000000 1.000000
1.000000 0.000000 0.000000 0.000000 0.000000 1.000000 0.000000 0.000000 0.000000 0.000000 1.000000 0.000000 0.000000 0.000000 0.000000 1.000000
1.000000 0.000000 0.000000 0.000000 0.000000 1.000000 0.000000 0.000000 0.000000 0.000000 1.000000 0.000000 0.000000 0.000000 0.000000 1.000000
1.000000 0.000000 0.000000 0.000000 0.000000 1.000000 0.000000 0.000000 0.000000 0.000000 1.000000 0.000000 0.000000 0.000000 0.000000 1.000000
1.000000 0.000000 0.000000 0.000000 0.000000 1.000000 0.000000 0.000000 0.000000 0.000000 1.000000 0.000000 0.000000 0.000000 0.000000 1.000000
1.000000 0.000000 0.000000 0.000000 0.000000 1.000000 0.000000 0.000000 0.000000 0.000000 1.000000 0.000000 0.000000 0.000000 0.000000 1.000000
1.000000 0.000000 0.000000 0.000000 0.000000 1.000000 0.000000 0.000000 0.000000 0.000000 1.000000 0.000000 0.000000 0.000000 0.000000 1.000000
1.000000 0.000000 0.000000 0.000000 0.000000 1.000000 0.000000 0.000000 0.000000 0.000000 1.000000 0.000000 0.000000 0.000000 0.000000 1.000000
1.000000 0.000000 0.000000 0.000000 0.000000 1.000000 0.000000 0.000000 0.000000 0.000000 1.000000 0.000000 0.000000 0.000000 0.000000 1.000000
1.000000 0.000000 0.000000 0.000000 0.000000 1.000000 0.000000 0.000000 0.000000 0.000000 1.000000 0.000000 0.000000 0.000000 0.000000 1.000000
1.000000 0.000000 0.000000 0.000000 0.000000 1.000000 0.000000 0.000000 0.000000 0.000000 1.000000 0.000000 0.000000 0.000000 0.000000 1.000000
1.000000 0.000000 0.000000 0.000000 0.000000 1.000000 0.000000 0.000000 0.000000 0.000000 1.000000 0.000000 0.000000 0.000000 0.000000 1.000000
1.000000 0.000000 0.000000 0.000000 0.000000 1.000000 0.000000 0.000000 0.000000 0.000000 1.000000 0.000000 0.000000 0.000000 0.000000 1.000000
1.000000 0.000000 0.000000 0.000000 0.000000 1.000000 0.000000 0.000000 0.000000 0.000000 1.000000 0.000000 0.000000 0.000000 0.000000 1.000000
1.000000 0.000000 0.000000 0.000000 0.000000 1.000000 0.000000 0.000000 0.000000 0.000000 1.000000 0.000000 0.000000 0.000000 0.000000 1.000000
1.000000 0.000000 0.000000 0.000000 0.000000 1.000000 0.000000 0.000000 0.000000 0.000000 1.000000 0.000000 0.000000 0.000000 0.000000 1.000000
1.000000 0.000000 0.000000 0.000000 0.000000 1.000000 0.000000 0.000000 0.000000 0.000000 1.000000 0.000000 0.000000 0.000000 0.000000 1.000000
1.000000 0.000000 0.000000 0.000000 0.000000 1.000000 0.000000 0.000000 0.000000 0.000000 1.000000 0.000000 0.000000 0.000000 0.000000 1.000000
1.000000 0.000000 0.000000 0.000000 0.000000 1.000000 0.000000 0.000000 0.000000 0.000000 1.000000 0.000000 0.000000 0.000000 0.000000 1.000000
1.000000 0.000000 0.000000 0.000000 0.000000 1.000000 0.000000 0.000000 0.000000 0.000000 1.000000 0.000000 0.000000 0.000000 0.000000 1.000000
1.000000 0.000000 0.000000 0.000000 0.000000 1.000000 0.000000 0.000000 0.000000 0.000000 1.000000 0.000000 0.000000 0.000000 0.000000 1.000000
1.000000 0.000000 0.000000 0.000000 0.000000 1.000000 0.000000 0.000000 0.000000 0.000000 1.000000 0.000000 0.000000 0.000000 0.000000 1.000000
1.000000 0.000000 0.000000 0.000000 0.000000 1.000000 0.000000 0.000000 0.000000 0.000000 1.000000 0.000000 0.000000 0.000000 0.000000 1.000000
1.000000 0.000000 0.000000 0.000000 0.000000 1.000000 0.000000 0.000000 0.000000 0.000000 1.000000 0.000000 0.000000 0.000000 0.000000 1.000000
1.000000 0.000000 0.000000 0.000000 0.000000 1.000000 0.000000 0.000000 0.000000 0.000000 1.000000 0.000000 0.000000 0.000000 0.000000 1.000000
1.000000 0.000000 0.000000 0.000000 0.000000 1.000000 0.000000 0.000000 0.000000 0.000000 1.000000 0.000000 0.000000 0.000000 0.000000 1.000000
1.000000 0.000000 0.000000 0.000000 0.000000 1.000000 0.000000 0.000000 0.000000 0.000000 1.000000 0.000000 0.000000 0.000000 0.000000 1.000000
1.000000 0.000000 0.000000 0.000000 0.000000 1.000000 0.000000 0.000000 0.000000 0.000000 1.000000 0.000000 0.000000 0.000000 0.000000 1.000000
1.000000 0.000000 0.000000 0.000000 0.000000 1.000000 0.000000 0.000000 0.000000 0.000000 1.000000 0.000000 0.000000 0.000000 0.000000 1.000000
1.000000 0.000000 0.000000 0.000000 0.000000 1.000000 0.000000 0.000000 0.000000 0.000000 1.000000 0.000000 0.000000 0.000000 0.000000 1.000000
1.000000 0.000000 0.000000 0.000000 0.000000 1.000000 0.000000 0.000000 0.000000 0.000000 1.000000 0.000000 0.000000 0.000000 0.000000 1.000000
1.000000 0.000000 0.000000 0.000000 0.000000 1.000000 0.000000 0.000000 0.000000 0.000000 1.000000 0.000000 0.000000 0.000000 0.000000 1.000000
1.000000 0.000000 0.000000 0.000000 0.000000 1.000000 0.000000 0.000000 0.000000 0.000000 1.000000 0.000000 0.000000 0.000000 0.000000 1.000000
1.000000 0.000000 0.000000 0.000000 0.000000 1.000000 0.000000 0.000000 0.000000 0.000000 1.000000 0.000000 0.000000 0.000000 0.000000 1.000000
1.000000 0.000000 0.000000 0.000000 0.000000 1.000000 0.000000 0.000000 0.000000 0.000000 1.000000 0.000000 0.000000 0.000000 0.000000 1.000000
1.000000 0.000000 0.000000 0.000000 0.000000 1.000000 0.000000 0.000000 0.000000 0.000000 1.000000 0.000000 0.000000 0.000000 0.000000 1.000000
1.000000 0.000000 0.000000 0.000000 0.000000 1.000000 0.000000 0.000000 0.000000 0.000000 1.000000 0.000000 0.000000 0.000000 0.000000 1.000000
1.000000 0.000000 0.000000 0.000000 0.000000 1.000000 0.000000 0.000000 0.000000 0.000000 1.000000 0.000000 0.000000 0.000000 0.000000 1.000000
1.000000 0.000000 0.000000 0.000000 0.000000 1.000000 0.000000 0.000000 0.000000 0.000000 1.000000 0.000000 0.000000 0.000000 0.000000 1.000000
1.000000 0.000000 0.000000 0.000000 0.000000 1.000000 0.000000 0.000000 0.000000 0.000000 1.000000 0.000000 0.000000 0.000000 0.000000 1.000000
1.000000 0.000000 0.000000 0.000000 0.000000 1.000000 0.000000 0.000000 0.000000 0.000000 1.000000 0.000000 0.000000 0.000000 0.000000 1.000000
1.000000 0.000000 0.000000 0.000000 0.000000 1.000000 0.000000 0.000000 0.000000 0.000000 1.000000 0.000000 0.000000 0.000000 0.000000 1.000000
1.000000 0.000000 0.000000 0.000000 0.000000 1.000000 0.000000 0.000000 0.000000 0.000000 1.000000 0.000000 0.000000 0.000000 0.000000 1.000000
1.000000 0.000000 0.000000 0.000000 0.000000 1.000000 0.000000 0.000000 0.000000 0.000000 1.000000 0.000000 0.000000 0.000000 0.000000 1.000000
1.000000 0.000000 0.000000 0.000000 0.000000 1.000000 0.000000 0.000000 0.000000 0.000000 1.000000 0.000000 0.000000 0.000000 0.000000 1.000000
1.000000 0.000000 0.000000 0.000000 0.000000 1.000000 0.000000 0.000000 0.000000 0.000000 1.000000 0.000000 0.000000 0.000000 0.000000 1.000000
1.000000 0.000000 0.000000 0.000000 0.000000 1.000000 0.000000 0.000000 0.000000 0.000000 1.000000 0.000000 0.000000 0.000000 0.000000 1.000000
1.000000 0.000000 0.000000 0.000000 0.000000 1.000000 0.000000 0.000000 0.000000 0.000000 1.000000 0.000000 0.000000 0.000000 0.000000 1.000000
1.000000 0.000000 0.000000 0.000000 0.000000 1.000000 0.000000 0.000000 0.000000 0.000000 1.000000 0.000000 0.000000 0.000000 0.000000 1.000000
1.000000 0.000000 0.000000 0.000000 0.000000 1.000000 0.000000 0.000000 0.000000 0.000000 1.000000 0.000000 0.000000 0.000000 0.000000 1.000000
1.000000 0.000000 0.000000 0.000000 0.000000 1.000000 0.000000 0.000000 0.000000 0.000000 1.000000 0.000000 0.000000 0.000000 0.000000 1.000000
1.000000 0.000000 0.000000 0.000000 0.000000 1.000000 0.000000 0.000000 0.000000 0.000000 1.000000 0.000000 0.000000 0.000000 0.000000 1.000000
1.000000 0.000000 0.000000 0.000000 0.000000 1.000000 0.000000 0.000000 0.000000 0.000000 1.000000 0.000000 0.000000 0.000000 0.000000 1.000000
1.000000 0.000000 0.000000 0.000000 0.000000 1.000000 0.000000 0.000000 0.000000 0.000000 1.000000 0.000000 0.000000 0.000000 0.000000 1.000000
1.000000 0.000000 0.000000 0.000000 0.000000 1.000000 0.000000 0.000000 0.000000 0.000000 1.000000 0.000000 0.000000 0.000000 0.000000 1.000000
1.000000 0.000000 0.000000 0.000000 0.000000 1.000000 0.000000 0.000000 0.000000 0.000000 1.000000 0.000000 0.000000 0.000000 0.000000 1.000000
1.000000 0.000000 0.000000 0.000000 0.000000 1.000000 0.000000 0.000000 0.000000 0.000000 1.000000 0.000000 0.000000 0.000000 0.000000 1.000000
1.000000 0.000000 0.000000 0.000000 0.000000 1.000000 0.000000 0.000000 0.000000 0.000000 1.000000 0.000000 0.000000 0.000000 0.000000 1.000000
1.000000 0.000000 0.000000 0.000000 0.000000 1.000000 0.000000 0.000000 0.000000 0.000000 1.000000 0.000000 0.000000 0.000000 0.000000 1.000000
1.000000 0.000000 0.000000 0.000000 0.000000 1.000000 0.000000 0.000000 0.000000 0.000000 1.000000 0.000000 0.000000 0.000000 0.000000 1.000000
1.000000 0.000000 0.000000 0.000000 0.000000 1.000000 0.000000 0.000000 0.000000 0.000000 1.000000 0.000000 0.000000 0.000000 0.000000 1.000000
1.000000 0.000000 0.000000 0.000000 0.000000 1.000000 0.000000 0.000000 0.000000 0.000000 1.000000 0.000000 0.000000 0.000000 0.000000 1.000000
1.000000 0.000000 0.000000 0.000000 0.000000 1.000000 0.000000 0.000000 0.000000 0.000000 1.000000 0.000000 0.000000 0.000000 0.000000 1.000000
1.000000 0.000000 0.000000 0.000000 0.000000 1.000000 0.000000 0.000000 0.000000 0.000000 1.000000 0.000000 0.000000 0.000000 0.000000 1.000000
1.000000 0.000000 0.000000 0.000000 0.000000 1.000000 0.000000 0.000000 0.000000 0.000000 1.000000 0.000000 0.000000 0.000000 0.000000 1.000000</float_array><technique_common><accessor source="#root_jnt-Matrix-animation-output-transform-array" count="111" stride="16"><param type="float4x4"/></accessor></technique_common></source><source id="root_jnt-Interpolations"><Name_array id="root_jnt-Interpolations-array" count="111">
 LINEAR LINEAR LINEAR LINEAR LINEAR LINEAR LINEAR LINEAR LINEAR LINEAR LINEAR
LINEAR LINEAR LINEAR LINEAR LINEAR LINEAR LINEAR LINEAR LINEAR LINEAR LINEAR LINEAR
LINEAR LINEAR LINEAR LINEAR LINEAR LINEAR LINEAR LINEAR LINEAR LINEAR LINEAR LINEAR
LINEAR LINEAR LINEAR LINEAR LINEAR LINEAR LINEAR LINEAR LINEAR LINEAR LINEAR LINEAR
LINEAR LINEAR LINEAR LINEAR LINEAR LINEAR LINEAR LINEAR LINEAR LINEAR LINEAR LINEAR
LINEAR LINEAR LINEAR LINEAR LINEAR LINEAR LINEAR LINEAR LINEAR LINEAR LINEAR LINEAR
LINEAR LINEAR LINEAR LINEAR LINEAR LINEAR LINEAR LINEAR LINEAR LINEAR LINEAR LINEAR
LINEAR LINEAR LINEAR LINEAR LINEAR LINEAR LINEAR LINEAR LINEAR LINEAR LINEAR LINEAR
LINEAR LINEAR LINEAR LINEAR LINEAR LINEAR LINEAR LINEAR LINEAR LINEAR LINEAR LINEAR
LINEAR LINEAR LINEAR LINEAR</Name_array><technique_common><accessor source="#root_jnt-Interpolations-array" count="111"><param type="name"/></accessor></technique_common></source><sampler id="root_jnt-Matrix-animation-transform"><input semantic="INPUT" source="#root_jnt-Matrix-animation-input"/><input semantic="OUTPUT" source="#root_jnt-Matrix-animation-output-transform"/><input semantic="INTERPOLATION" source="#root_jnt-Interpolations"/></sampler><channel source="#root_jnt-Matrix-animation-transform" target="root_jnt/matrix"/></animation></animation>
    <animation id="jnt_spine2-anim" name="jnt_spine2"><animation><source id="jnt_spine2-Matrix-animation-input"><float_array id="jnt_spine2-Matrix-animation-input-array" count="111">

0.000000 0.033333 0.066667 0.100000 0.133333 0.166667 0.200000 0.233333 0.266667 0.300000 0.333333 0.366667 0.400000 0.433333 0.466667 0.500000
0.533333 0.566667 0.600000 0.633333 0.666667 0.700000 0.733333 0.766667 0.800000 0.833333 0.866667 0.900000 0.933333 0.966667 1.000000 1.033333
1.066667 1.100000 1.133333 1.166667 1.200000 1.233333 1.266667 1.300000 1.333333 1.366667 1.400000 1.433333 1.466667 1.500000 1.533333 1.566667
1.600000 1.633333 1.666667 1.700000 1.733333 1.766667 1.800000 1.833333 1.866667 1.900000 1.933333 1.966667 2.000000 2.033333 2.066667 2.100000
2.133333 2.166667 2.200000 2.233333 2.266667 2.300000 2.333333 2.366667 2.400000 2.433333 2.466667 2.500000 2.533333 2.566667 2.600000 2.633333
2.666667 2.700000 2.733333 2.766667 2.800000 2.833333 2.866667 2.900000 2.933333 2.966667 3.000000 3.033333 3.066667 3.100000 3.133333 3.166667
3.200000 3.233333 3.266667 3.300000 3.333333 3.366667 3.400000 3.433333 3.466667 3.500000 3.533333 3.566667 3.600000 3.633333 3.666667</float_array><technique_common><accessor source="#jnt_spine2-Matrix-animation-input-array" count="111"><param name="TIME" type="float"/></accessor></technique_common></source><source id="jnt_spine2-Matrix-animation-output-transform"><float_array id="jnt_spine2-Matrix-animation-output-transform-array" count="1776">

0.993347 0.098515 -0.059644 -0.467351 -0.103505 0.990787 -0.087332 7.870280 0.050491 0.092925 0.994392 -0.307933 0.000000 0.000000 0.000000 1.000000
0.993484 0.097105 -0.059666 -0.476772 -0.102187 0.990772 -0.089039 7.766293 0.050469 0.094556 0.994239 -0.234789 0.000000 0.000000 0.000000 1.000000
0.993843 0.093397 -0.059606 -0.501610 -0.098713 0.990709 -0.093546 7.492144 0.050315 0.098854 0.993829 -0.041953 0.000000 0.000000 0.000000 1.000000
0.994340 0.088178 -0.059268 -0.536726 -0.093799 0.990563 -0.099936 7.104554 0.049896 0.104930 0.993227 0.230676 0.000000 0.000000 0.000000 1.000000
0.994896 0.082240 -0.058470 -0.576980 -0.088166 0.990312 -0.107284 6.660244 0.049081 0.111892 0.992508 0.543203 0.000000 0.000000 0.000000 1.000000
0.995445 0.076377 -0.057066 -0.617234 -0.082531 0.989970 -0.114664 6.215934 0.047736 0.118851 0.991764 0.855729 0.000000 0.000000 0.000000 1.000000
0.995934 0.071385 -0.054950 -0.652349 -0.077615 0.989595 -0.121151 5.828344 0.045729 0.124923 0.991112 1.128359 0.000000 0.000000 0.000000 1.000000
0.996323 0.068049 -0.052050 -0.677187 -0.074141 0.989278 -0.125827 5.554195 0.042929 0.129224 0.990686 1.321194 0.000000 0.000000 0.000000 1.000000
0.996574 0.067138 -0.048307 -0.686608 -0.072830 0.989124 -0.127788 5.450208 0.039202 0.130868 0.990624 1.394339 0.000000 0.000000 0.000000 1.000000
0.996760 0.067976 -0.043008 -0.683460 -0.072981 0.989064 -0.128163 5.450236 0.033826 0.130887 0.990820 1.394293 0.000000 0.000000 0.000000 1.000000
0.996956 0.069338 -0.035639 -0.674423 -0.073382 0.988972 -0.128642 5.450435 0.026326 0.130866 0.991050 1.393975 0.000000 0.000000 0.000000 1.000000
0.997115 0.071160 -0.026426 -0.660109 -0.073994 0.988858 -0.129173 5.450974 0.016940 0.130756 0.991270 1.393113 0.000000 0.000000 0.000000 1.000000
0.997183 0.073372 -0.015600 -0.641127 -0.074779 0.988729 -0.129704 5.452023 0.005907 0.130505 0.991430 1.391433 0.000000 0.000000 0.000000 1.000000
0.997110 0.075902 -0.003388 -0.618089 -0.075696 0.988596 -0.130185 5.453753 -0.006532 0.130065 0.991484 1.388663 0.000000 0.000000 0.000000 1.000000
0.996850 0.078674 0.009979 -0.591607 -0.076706 0.988468 -0.130562 5.456335 -0.020136 0.129386 0.991390 1.384531 0.000000 0.000000 0.000000 1.000000
0.996369 0.081612 0.024271 -0.562290 -0.077769 0.988356 -0.130782 5.459938 -0.034662 0.128419 0.991114 1.378764 0.000000 0.000000 0.000000 1.000000
0.995639 0.084632 0.039260 -0.530750 -0.078848 0.988270 -0.130786 5.464732 -0.049868 0.127120 0.990633 1.371090 0.000000 0.000000 0.000000 1.000000
0.994648 0.087650 0.054714 -0.497598 -0.079904 0.988221 -0.130514 5.470888 -0.065509 0.125443 0.989936 1.361237 0.000000 0.000000 0.000000 1.000000
0.993397 0.090580 0.070405 -0.463444 -0.080902 0.988221 -0.129902 5.478575 -0.081342 0.123349 0.989024 1.348931 0.000000 0.000000 0.000000 1.000000
0.991905 0.093335 0.086104 -0.428900 -0.081806 0.988280 -0.128884 5.487965 -0.097124 0.120797 0.987915 1.333902 0.000000 0.000000 0.000000 1.000000
0.990201 0.095824 0.101583 -0.394577 -0.082582 0.988409 -0.127389 5.499227 -0.112612 0.117752 0.986637 1.315875 0.000000 0.000000 0.000000 1.000000
0.988334 0.097962 0.116616 -0.361085 -0.083200 0.988619 -0.125344 5.512531 -0.127568 0.114179 0.985236 1.294579 0.000000 0.000000 0.000000 1.000000
0.986363 0.099662 0.130979 -0.329036 -0.083630 0.988917 -0.122673 5.528049 -0.141753 0.110046 0.983766 1.269742 0.000000 0.000000 0.000000 1.000000
0.984361 0.100841 0.144446 -0.299040 -0.083843 0.989312 -0.119298 5.545949 -0.154933 0.105322 0.982295 1.241090 0.000000 0.000000 0.000000 1.000000
0.982410 0.101424 0.156794 -0.271709 -0.083812 0.989807 -0.115141 5.566401 -0.166874 0.099974 0.980897 1.208351 0.000000 0.000000 0.000000 1.000000
0.980971 0.095672 0.168949 -0.244007 -0.078890 0.991505 -0.103408 5.638259 -0.177407 0.088112 0.980185 1.142082 0.000000 0.000000 0.000000 1.000000
0.980185 0.081007 0.180763 -0.213262 -0.067408 0.994500 -0.080157 5.792529 -0.186262 0.066384 0.980255 1.021526 0.000000 0.000000 0.000000 1.000000
0.979712 0.062338 0.190466 -0.180630 -0.053776 0.997310 -0.049805 6.002618 -0.193059 0.038552 0.980430 0.859443 0.000000 0.000000 0.000000 1.000000
0.979403 0.044917 0.196856 -0.147263 -0.042384 0.998956 -0.017062 6.241932 -0.197416 0.008367 0.980284 0.668594 0.000000 0.000000 0.000000 1.000000
0.979287 0.034228 0.199565 -0.114318 -0.037613 0.999205 0.013196 6.483878 -0.198954 -0.020429 0.979796 0.461737 0.000000 0.000000 0.000000 1.000000
0.986803 0.052634 0.153133 -0.082947 -0.059966 0.997245 0.043663 6.769682 -0.150413 -0.052270 0.987241 0.251633 0.000000 0.000000 0.000000 1.000000
0.992835 0.113436 0.037563 -0.054306 -0.116332 0.989399 0.086927 7.122832 -0.027304 -0.090674 0.995506 0.051042 0.000000 0.000000 0.000000 1.000000
0.973190 0.204068 -0.106098 -0.029549 -0.186946 0.970545 0.151964 7.490120 0.133984 -0.128055 0.982675 -0.127277 0.000000 0.000000 0.000000 1.000000
0.922959 0.303395 -0.236851 -0.009830 -0.249167 0.939983 0.233126 7.818343 0.293365 -0.156150 0.943162 -0.270564 0.000000 0.000000 0.000000 1.000000
0.863698 0.384507 -0.325853 0.003696 -0.288024 0.907097 0.306947 8.054294 0.413604 -0.171256 0.894206 -0.366058 0.000000 0.000000 0.000000 1.000000
0.832090 0.421067 -0.361011 0.009875 -0.301798 0.889825 0.342241 8.144768 0.465343 -0.175823 0.867492 -0.401001 0.000000 0.000000 0.000000 1.000000
0.826836 0.426838 -0.366267 0.011808 -0.303746 0.886951 0.347932 7.727238 0.473371 -0.176430 0.863013 -0.401378 0.000000 0.000000 0.000000 1.000000
0.822483 0.431562 -0.370508 0.013391 -0.305294 0.884567 0.352615 7.309708 0.479914 -0.176906 0.859294 -0.401687 0.000000 0.000000 0.000000 1.000000
0.818963 0.435345 -0.373864 0.014659 -0.306502 0.882638 0.356381 8.011047 0.485135 -0.177272 0.856282 -0.401934 0.000000 0.000000 0.000000 1.000000
0.816201 0.438291 -0.376453 0.015646 -0.307424 0.881123 0.359323 8.126081 0.489189 -0.177549 0.853915 -0.402127 0.000000 0.000000 0.000000 1.000000
0.814114 0.440504 -0.378383 0.016388 -0.308106 0.879978 0.361539 8.150458 0.492228 -0.177752 0.852124 -0.402271 0.000000 0.000000 0.000000 1.000000
0.812613 0.442090 -0.379759 0.016920 -0.308588 0.879153 0.363129 8.175920 0.494402 -0.177894 0.850835 -0.402375 0.000000 0.000000 0.000000 1.000000
0.811603 0.443153 -0.380678 0.017276 -0.308909 0.878599 0.364197 8.196704 0.495858 -0.177989 0.849968 -0.402445 0.000000 0.000000 0.000000 1.000000
0.810990 0.443797 -0.381234 0.017492 -0.309102 0.878262 0.364845 8.212832 0.496740 -0.178045 0.849440 -0.402487 0.000000 0.000000 0.000000 1.000000
0.810675 0.444128 -0.381519 0.017603 -0.309201 0.878089 0.365178 8.224327 0.497193 -0.178074 0.849169 -0.402508 0.000000 0.000000 0.000000 1.000000
0.810559 0.444250 -0.381624 0.017644 -0.309238 0.878025 0.365300 8.231209 0.497360 -0.178085 0.849069 -0.402516 0.000000 0.000000 0.000000 1.000000
0.810542 0.444268 -0.381639 0.017650 -0.309243 0.878016 0.365318 8.233498 0.497384 -0.178086 0.849055 -0.402518 0.000000 0.000000 0.000000 1.000000
0.873842 0.340724 -0.346853 0.017650 -0.263271 0.931334 0.251605 8.060990 0.408764 -0.128547 0.903542 -0.338778 0.000000 0.000000 0.000000 1.000000
0.981023 0.100665 -0.165713 0.017650 -0.104016 0.994508 -0.011643 7.616105 0.163631 0.028659 0.986105 -0.172939 0.000000 0.000000 0.000000 1.000000
0.970978 -0.099499 0.217490 0.017650 0.150413 0.961053 -0.231847 7.007791 -0.185951 0.257832 0.948127 0.056932 0.000000 0.000000 0.000000 1.000000
0.760536 -0.123225 0.637495 0.017650 0.360377 0.896825 -0.256581 6.345002 -0.540105 0.424878 0.726475 0.312768 0.000000 0.000000 0.000000 1.000000
0.454083 -0.044023 0.889871 0.017650 0.396656 0.904326 -0.157667 5.736688 -0.797793 0.424566 0.428101 0.556501 0.000000 0.000000 0.000000 1.000000
0.223478 0.009002 0.974668 0.017650 0.304288 0.949337 -0.078537 5.291802 -0.925995 0.314130 0.209416 0.750062 0.000000 0.000000 0.000000 1.000000
0.136927 0.019966 0.990380 0.017650 0.243021 0.968565 -0.053126 5.119296 -0.960308 0.247957 0.127770 0.855386 0.000000 0.000000 0.000000 1.000000
0.122089 0.019922 0.992319 0.017650 0.245202 0.968202 -0.049606 5.119304 -0.961754 0.249375 0.113322 0.902126 0.000000 0.000000 0.000000 1.000000
0.110305 0.019921 0.993698 0.017650 0.246316 0.968061 -0.046749 5.119367 -0.962892 0.249920 0.101875 0.945405 0.000000 0.000000 0.000000 1.000000
0.101205 0.019931 0.994666 0.017650 0.246800 0.968044 -0.044509 5.119538 -0.963767 0.249989 0.093052 0.985357 0.000000 0.000000 0.000000 1.000000
0.094420 0.019942 0.995333 0.017650 0.246947 0.968082 -0.042822 5.119870 -0.964418 0.249838 0.086481 1.022115 0.000000 0.000000 0.000000 1.000000
0.089589 0.019949 0.995779 0.017650 0.246940 0.968137 -0.041612 5.120418 -0.964881 0.249625 0.081808 1.055812 0.000000 0.000000 0.000000 1.000000
0.086366 0.019953 0.996064 0.017650 0.246882 0.968186 -0.040801 5.121235 -0.965189 0.249434 0.078692 1.086580 0.000000 0.000000 0.000000 1.000000
0.084418 0.019956 0.996231 0.017650 0.246827 0.968221 -0.040310 5.122375 -0.965376 0.249299 0.076809 1.114553 0.000000 0.000000 0.000000 1.000000
0.083419 0.019957 0.996315 0.017650 0.246792 0.968240 -0.040058 5.123893 -0.965471 0.249225 0.075844 1.139864 0.000000 0.000000 0.000000 1.000000
0.083051 0.019957 0.996345 0.017650 0.246779 0.968247 -0.039965 5.125842 -0.965506 0.249196 0.075489 1.162646 0.000000 0.000000 0.000000 1.000000
0.082999 0.019957 0.996350 0.017650 0.246777 0.968248 -0.039952 5.128275 -0.965511 0.249192 0.075439 1.183033 0.000000 0.000000 0.000000 1.000000
0.084615 0.019970 0.996214 0.017650 0.246730 0.968243 -0.040365 5.131247 -0.965383 0.249211 0.077001 1.201156 0.000000 0.000000 0.000000 1.000000
0.089338 0.020007 0.995800 0.017650 0.246717 0.968195 -0.041587 5.134812 -0.964961 0.249396 0.081561 1.217150 0.000000 0.000000 0.000000 1.000000
0.097010 0.020068 0.995081 0.017650 0.246853 0.968072 -0.043589 5.139024 -0.964185 0.249867 0.088959 1.231148 0.000000 0.000000 0.000000 1.000000
0.107522 0.020143 0.993999 0.017650 0.247167 0.967864 -0.046350 5.143936 -0.962989 0.250667 0.099088 1.243282 0.000000 0.000000 0.000000 1.000000
0.120815 0.020216 0.992469 0.017650 0.247616 0.967575 -0.049851 5.149601 -0.961296 0.251774 0.111892 1.253686 0.000000 0.000000 0.000000 1.000000
0.136871 0.020266 0.990382 0.017650 0.248098 0.967224 -0.054079 5.156076 -0.959017 0.253113 0.127357 1.262493 0.000000 0.000000 0.000000 1.000000
0.155703 0.020273 0.987596 0.017650 0.248458 0.966843 -0.059018 5.163412 -0.956047 0.254566 0.145503 1.269836 0.000000 0.000000 0.000000 1.000000
0.177339 0.020216 0.983942 0.017650 0.248504 0.966471 -0.064646 5.171664 -0.952259 0.255978 0.166370 1.275847 0.000000 0.000000 0.000000 1.000000
0.201810 0.020083 0.979219 0.017650 0.248016 0.966156 -0.070930 5.180886 -0.947502 0.257176 0.189998 1.280661 0.000000 0.000000 0.000000 1.000000
0.229123 0.019873 0.973195 0.017650 0.246766 0.965945 -0.077822 5.191132 -0.941599 0.257982 0.216416 1.284410 0.000000 0.000000 0.000000 1.000000
0.259257 0.019594 0.965610 0.017650 0.244540 0.965884 -0.085257 5.202456 -0.934337 0.258234 0.245621 1.287227 0.000000 0.000000 0.000000 1.000000
0.292146 0.019267 0.956180 0.017650 0.241172 0.966002 -0.093151 5.214910 -0.925466 0.257817 0.277566 1.289246 0.000000 0.000000 0.000000 1.000000
0.327671 0.018912 0.944603 0.017650 0.236571 0.966308 -0.101410 5.228550 -0.914695 0.256695 0.312157 1.290599 0.000000 0.000000 0.000000 1.000000
0.365663 0.018539 0.930563 0.017650 0.230768 0.966778 -0.109941 5.243429 -0.901686 0.254946 0.349236 1.291420 0.000000 0.000000 0.000000 1.000000
0.405902 0.018124 0.913737 0.017650 0.223952 0.967348 -0.118672 5.259602 -0.886053 0.252802 0.388589 1.291842 0.000000 0.000000 0.000000 1.000000
0.448122 0.017576 0.893799 0.017650 0.216507 0.967909 -0.127582 5.277121 -0.867359 0.250686 0.429936 1.291997 0.000000 0.000000 0.000000 1.000000
0.492016 0.016696 0.870426 0.017650 0.209055 0.968296 -0.136743 5.296041 -0.845113 0.249247 0.472927 1.292019 0.000000 0.000000 0.000000 1.000000
0.545123 0.014592 0.838229 0.009482 0.202029 0.968096 -0.148237 5.356127 -0.813650 0.250154 0.524783 1.265074 0.000000 0.000000 0.000000 1.000000
0.611693 0.011124 0.791017 -0.013256 0.192653 0.967704 -0.162588 5.488201 -0.767279 0.251845 0.589794 1.190065 0.000000 0.000000 0.000000 1.000000
0.685801 0.007395 0.727752 -0.047915 0.177701 0.967982 -0.177293 5.678899 -0.705762 0.250910 0.662529 1.075731 0.000000 0.000000 0.000000 1.000000
0.761060 0.004874 0.648663 -0.091845 0.155345 0.969505 -0.189548 5.914857 -0.629805 0.245025 0.737094 0.930810 0.000000 0.000000 0.000000 1.000000
0.831324 0.005178 0.555765 -0.142398 0.125401 0.972424 -0.196637 6.182713 -0.541457 0.233162 0.807750 0.764042 0.000000 0.000000 0.000000 1.000000
0.891477 0.009657 0.452964 -0.196925 0.089263 0.976433 -0.196495 6.469103 -0.444187 0.215604 0.869605 0.584166 0.000000 0.000000 0.000000 1.000000
0.938148 0.018969 0.345716 -0.252776 0.049540 0.980870 -0.188253 6.760665 -0.342673 0.193736 0.919261 0.399920 0.000000 0.000000 0.000000 1.000000
0.970134 0.032777 0.240343 -0.307303 0.009471 0.984954 -0.172555 7.044034 -0.242383 0.169678 0.955228 0.220044 0.000000 0.000000 0.000000 1.000000
0.988440 0.049690 0.143237 -0.357856 -0.027708 0.988060 -0.151560 7.305847 -0.149058 0.145839 0.978015 0.053276 0.000000 0.000000 0.000000 1.000000
0.995906 0.067446 0.060190 -0.401787 -0.059267 0.989922 -0.128616 7.532742 -0.068258 0.124522 0.989866 -0.091645 0.000000 0.000000 0.000000 1.000000
0.996518 0.083286 -0.003931 -0.436445 -0.083225 0.990692 -0.107714 7.711354 -0.005076 0.107666 0.994174 -0.205979 0.000000 0.000000 0.000000 1.000000
0.994510 0.094422 -0.045093 -0.459183 -0.098281 0.990819 -0.092840 7.828321 0.035913 0.096762 0.994659 -0.280988 0.000000 0.000000 0.000000 1.000000
0.993347 0.098515 -0.059644 -0.467351 -0.103505 0.990787 -0.087332 7.870280 0.050491 0.092925 0.994392 -0.307933 0.000000 0.000000 0.000000 1.000000
0.993347 0.098515 -0.059644 -0.467351 -0.103505 0.990787 -0.087332 7.870280 0.050491 0.092925 0.994392 -0.307933 0.000000 0.000000 0.000000 1.000000
0.993347 0.098515 -0.059644 -0.467351 -0.103505 0.990787 -0.087332 7.870280 0.050491 0.092925 0.994392 -0.307933 0.000000 0.000000 0.000000 1.000000
0.993347 0.098515 -0.059644 -0.467351 -0.103505 0.990787 -0.087332 7.870280 0.050491 0.092925 0.994392 -0.307933 0.000000 0.000000 0.000000 1.000000
0.993347 0.098515 -0.059644 -0.467351 -0.103505 0.990787 -0.087332 7.870280 0.050491 0.092925 0.994392 -0.307933 0.000000 0.000000 0.000000 1.000000
0.993347 0.098515 -0.059644 -0.467351 -0.103505 0.990787 -0.087332 7.870280 0.050491 0.092925 0.994392 -0.307933 0.000000 0.000000 0.000000 1.000000
0.993347 0.098515 -0.059644 -0.467351 -0.103505 0.990787 -0.087332 7.870280 0.050491 0.092925 0.994392 -0.307933 0.000000 0.000000 0.000000 1.000000
0.993347 0.098515 -0.059644 -0.467351 -0.103505 0.990787 -0.087332 7.870280 0.050491 0.092925 0.994392 -0.307933 0.000000 0.000000 0.000000 1.000000
0.993347 0.098515 -0.059644 -0.467351 -0.103505 0.990787 -0.087332 7.870280 0.050491 0.092925 0.994392 -0.307933 0.000000 0.000000 0.000000 1.000000
0.993347 0.098515 -0.059644 -0.467351 -0.103505 0.990787 -0.087332 7.870280 0.050491 0.092925 0.994392 -0.307933 0.000000 0.000000 0.000000 1.000000
0.993347 0.098515 -0.059644 -0.467351 -0.103505 0.990787 -0.087332 7.870280 0.050491 0.092925 0.994392 -0.307933 0.000000 0.000000 0.000000 1.000000
0.993347 0.098515 -0.059644 -0.467351 -0.103505 0.990787 -0.087332 7.870280 0.050491 0.092925 0.994392 -0.307933 0.000000 0.000000 0.000000 1.000000
0.993347 0.098515 -0.059644 -0.467351 -0.103505 0.990787 -0.087332 7.870280 0.050491 0.092925 0.994392 -0.307933 0.000000 0.000000 0.000000 1.000000
0.993347 0.098515 -0.059644 -0.467351 -0.103505 0.990787 -0.087332 7.870280 0.050491 0.092925 0.994392 -0.307933 0.000000 0.000000 0.000000 1.000000
0.993347 0.098515 -0.059644 -0.467351 -0.103505 0.990787 -0.087332 7.870280 0.050491 0.092925 0.994392 -0.307933 0.000000 0.000000 0.000000 1.000000
0.993347 0.098515 -0.059644 -0.467351 -0.103505 0.990787 -0.087332 7.870280 0.050491 0.092925 0.994392 -0.307933 0.000000 0.000000 0.000000 1.000000
0.993347 0.098515 -0.059644 -0.467351 -0.103505 0.990787 -0.087332 7.870280 0.050491 0.092925 0.994392 -0.307933 0.000000 0.000000 0.000000 1.000000
0.993347 0.098515 -0.059644 -0.467351 -0.103505 0.990787 -0.087332 7.870280 0.050491 0.092925 0.994392 -0.307933 0.000000 0.000000 0.000000 1.000000</float_array><technique_common><accessor source="#jnt_spine2-Matrix-animation-output-transform-array" count="111" stride="16"><param type="float4x4"/></accessor></technique_common></source><source id="jnt_spine2-Interpolations"><Name_array id="jnt_spine2-Interpolations-array" count="111">
 LINEAR LINEAR LINEAR LINEAR LINEAR LINEAR LINEAR LINEAR LINEAR LINEAR LINEAR
LINEAR LINEAR LINEAR LINEAR LINEAR LINEAR LINEAR LINEAR LINEAR LINEAR LINEAR LINEAR
LINEAR LINEAR LINEAR LINEAR LINEAR LINEAR LINEAR LINEAR LINEAR LINEAR LINEAR LINEAR
LINEAR LINEAR LINEAR LINEAR LINEAR LINEAR LINEAR LINEAR LINEAR LINEAR LINEAR LINEAR
LINEAR LINEAR LINEAR LINEAR LINEAR LINEAR LINEAR LINEAR LINEAR LINEAR LINEAR LINEAR
LINEAR LINEAR LINEAR LINEAR LINEAR LINEAR LINEAR LINEAR LINEAR LINEAR LINEAR LINEAR
LINEAR LINEAR LINEAR LINEAR LINEAR LINEAR LINEAR LINEAR LINEAR LINEAR LINEAR LINEAR
LINEAR LINEAR LINEAR LINEAR LINEAR LINEAR LINEAR LINEAR LINEAR LINEAR LINEAR LINEAR
LINEAR LINEAR LINEAR LINEAR LINEAR LINEAR LINEAR LINEAR LINEAR LINEAR LINEAR LINEAR
LINEAR LINEAR LINEAR LINEAR</Name_array><technique_common><accessor source="#jnt_spine2-Interpolations-array" count="111"><param type="name"/></accessor></technique_common></source><sampler id="jnt_spine2-Matrix-animation-transform"><input semantic="INPUT" source="#jnt_spine2-Matrix-animation-input"/><input semantic="OUTPUT" source="#jnt_spine2-Matrix-animation-output-transform"/><input semantic="INTERPOLATION" source="#jnt_spine2-Interpolations"/></sampler><channel source="#jnt_spine2-Matrix-animation-transform" target="jnt_spine2/matrix"/></animation></animation>
    <animation id="neck_jnt-anim" name="neck_jnt"><animation><source id="neck_jnt-Matrix-animation-input"><float_array id="neck_jnt-Matrix-animation-input-array" count="111">

0.000000 0.033333 0.066667 0.100000 0.133333 0.166667 0.200000 0.233333 0.266667 0.300000 0.333333 0.366667 0.400000 0.433333 0.466667 0.500000
0.533333 0.566667 0.600000 0.633333 0.666667 0.700000 0.733333 0.766667 0.800000 0.833333 0.866667 0.900000 0.933333 0.966667 1.000000 1.033333
1.066667 1.100000 1.133333 1.166667 1.200000 1.233333 1.266667 1.300000 1.333333 1.366667 1.400000 1.433333 1.466667 1.500000 1.533333 1.566667
1.600000 1.633333 1.666667 1.700000 1.733333 1.766667 1.800000 1.833333 1.866667 1.900000 1.933333 1.966667 2.000000 2.033333 2.066667 2.100000
2.133333 2.166667 2.200000 2.233333 2.266667 2.300000 2.333333 2.366667 2.400000 2.433333 2.466667 2.500000 2.533333 2.566667 2.600000 2.633333
